10 21
111111111111000000000
111111101101011111000
111001111111111111111
111001111101010001001
111111111101010001001
111111111101010001001
111101111101010001001
111111111111111111111
111111111111000000000
000111111100000000000
244
1 6 3 9
1 6 3 10
1 6 3 12
1 7 3 9
1 7 3 10
1 7 3 12
1 9 3 12
1 10 3 12
1 6 4 9
1 6 4 10
1 7 4 9
1 7 4 10
1 1 5 6
1 1 5 7
1 1 5 9
1 1 5 10
1 2 5 6
1 2 5 7
1 2 5 9
1 2 5 10
1 3 5 6
1 3 5 7
1 3 5 9
1 3 5 10
1 6 5 9
1 6 5 10
1 7 5 9
1 7 5 10
1 1 6 6
1 1 6 7
1 1 6 9
1 1 6 10
1 2 6 6
1 2 6 7
1 2 6 9
1 2 6 10
1 3 6 6
1 3 6 7
1 3 6 9
1 3 6 10
1 6 6 9
1 6 6 10
1 7 6 9
1 7 6 10
1 6 7 9
1 6 7 10
1 7 7 9
1 7 7 10
1 1 8 6
1 1 8 7
1 1 8 9
1 1 8 10
1 1 8 12
1 2 8 6
1 2 8 7
1 2 8 9
1 2 8 10
1 2 8 12
1 3 8 6
1 3 8 7
1 3 8 9
1 3 8 10
1 3 8 12
1 6 8 9
1 6 8 10
1 6 8 12
1 7 8 9
1 7 8 10
1 7 8 12
1 9 8 12
1 10 8 12
1 1 9 6
1 1 9 7
1 1 9 9
1 1 9 10
1 1 9 12
1 2 9 6
1 2 9 7
1 2 9 9
1 2 9 10
1 2 9 12
1 3 9 6
1 3 9 7
1 3 9 9
1 3 9 10
1 3 9 12
1 6 9 9
1 6 9 10
1 6 9 12
1 7 9 9
1 7 9 10
1 7 9 12
1 9 9 12
1 10 9 12
1 6 10 9
1 6 10 10
1 7 10 9
1 7 10 10
2 1 5 6
2 1 5 7
2 2 5 6
2 2 5 7
2 3 5 6
2 3 5 7
2 1 6 6
2 1 6 7
2 2 6 6
2 2 6 7
2 3 6 6
2 3 6 7
2 1 8 6
2 1 8 7
2 2 8 6
2 2 8 7
2 3 8 6
2 3 8 7
2 14 8 18
2 1 9 6
2 1 9 7
2 2 9 6
2 2 9 7
2 3 9 6
2 3 9 7
3 6 8 12
3 6 8 14
3 6 8 18
3 6 8 21
3 7 8 12
3 7 8 14
3 7 8 18
3 7 8 21
3 8 8 12
3 8 8 14
3 8 8 18
3 8 8 21
3 9 8 12
3 9 8 14
3 9 8 18
3 9 8 21
3 10 8 12
3 10 8 14
3 10 8 18
3 10 8 21
3 12 8 14
3 12 8 18
3 12 8 21
3 14 8 18
3 14 8 21
3 18 8 21
3 6 9 12
3 7 9 12
3 8 9 12
3 9 9 12
3 10 9 12
5 1 8 6
5 1 8 7
5 1 8 8
5 1 8 9
5 1 8 10
5 2 8 6
5 2 8 7
5 2 8 8
5 2 8 9
5 2 8 10
5 3 8 6
5 3 8 7
5 3 8 8
5 3 8 9
5 3 8 10
5 4 8 6
5 4 8 7
5 4 8 8
5 4 8 9
5 4 8 10
5 1 9 6
5 1 9 7
5 1 9 8
5 1 9 9
5 1 9 10
5 2 9 6
5 2 9 7
5 2 9 8
5 2 9 9
5 2 9 10
5 3 9 6
5 3 9 7
5 3 9 8
5 3 9 9
5 3 9 10
5 4 9 6
5 4 9 7
5 4 9 8
5 4 9 9
5 4 9 10
5 4 10 6
5 4 10 7
5 4 10 8
5 4 10 9
5 4 10 10
6 1 8 6
6 1 8 7
6 1 8 8
6 1 8 9
6 1 8 10
6 2 8 6
6 2 8 7
6 2 8 8
6 2 8 9
6 2 8 10
6 3 8 6
6 3 8 7
6 3 8 8
6 3 8 9
6 3 8 10
6 4 8 6
6 4 8 7
6 4 8 8
6 4 8 9
6 4 8 10
6 1 9 6
6 1 9 7
6 1 9 8
6 1 9 9
6 1 9 10
6 2 9 6
6 2 9 7
6 2 9 8
6 2 9 9
6 2 9 10
6 3 9 6
6 3 9 7
6 3 9 8
6 3 9 9
6 3 9 10
6 4 9 6
6 4 9 7
6 4 9 8
6 4 9 9
6 4 9 10
6 4 10 6
6 4 10 7
6 4 10 8
6 4 10 9
6 4 10 10
