12 17
01111111111111111
01001111111110001
11111111111111001
11001111111111001
11111111111111111
10001001001001000
10001111111001000
11111111111111000
00000001001000000
00000001001000000
00000001111000000
00000000000000000
102
1 2 3 5
1 2 3 6
1 2 3 7
1 2 3 8
1 2 3 9
1 2 3 10
1 2 3 11
1 2 3 12
1 2 3 13
1 2 5 5
1 2 5 6
1 2 5 7
1 2 5 8
1 2 5 9
1 2 5 10
1 2 5 11
1 2 5 12
1 2 5 13
1 2 5 17
1 5 5 17
1 6 5 17
1 7 5 17
1 8 5 17
1 9 5 17
1 10 5 17
1 11 5 17
1 12 5 17
1 13 5 17
1 5 7 8
1 5 7 11
1 8 7 11
1 5 8 8
1 5 8 11
1 8 8 11
1 8 11 11
2 5 7 8
2 5 7 11
2 8 7 11
2 5 8 8
2 5 8 11
2 8 8 11
2 8 11 11
3 1 5 5
3 1 5 6
3 1 5 7
3 1 5 8
3 1 5 9
3 1 5 10
3 1 5 11
3 1 5 12
3 1 5 13
3 1 5 14
3 2 5 5
3 2 5 6
3 2 5 7
3 2 5 8
3 2 5 9
3 2 5 10
3 2 5 11
3 2 5 12
3 2 5 13
3 2 5 14
3 5 7 8
3 5 7 11
3 8 7 11
3 1 8 5
3 1 8 8
3 1 8 11
3 1 8 14
3 5 8 8
3 5 8 11
3 5 8 14
3 8 8 11
3 8 8 14
3 11 8 14
3 8 11 11
4 5 7 8
4 5 7 11
4 8 7 11
4 5 8 8
4 5 8 11
4 5 8 14
4 8 8 11
4 8 8 14
4 11 8 14
4 8 11 11
5 5 7 8
5 5 7 11
5 8 7 11
5 1 8 5
5 1 8 8
5 1 8 11
5 1 8 14
5 5 8 8
5 5 8 11
5 5 8 14
5 8 8 11
5 8 8 14
5 11 8 14
5 8 11 11
7 8 11 11
8 8 11 11
