25 20
00000000000000000000
00000111111111111100
00000100000000000100
00000100000000000100
00000100000000000100
00001111111111111100
00001100000100001100
00001100000111111100
00001100000110001100
00001111111111111100
00001100000110001000
01111111111110001000
01001100001110001000
01001100001111111000
01001111111111111000
01000111111100000000
01000000001000000000
01000000001000000000
01000000001000000000
01000000001000000000
01000000001000000000
01111111111000000000
00000000000000000000
00000000000000000000
00000000000000000000
53
2 6 6 18
2 6 10 18
6 12 8 17
6 12 8 18
6 5 10 12
6 5 10 17
6 5 10 18
6 6 10 12
6 6 10 17
6 6 10 18
6 12 10 17
6 12 10 18
6 5 12 12
6 6 12 12
6 12 14 17
6 5 15 12
6 5 15 17
6 6 15 12
6 6 15 17
6 12 15 17
6 6 16 12
8 12 10 17
8 12 10 18
8 13 10 17
8 13 10 18
8 12 14 17
8 13 14 17
8 12 15 17
8 13 15 17
10 5 12 12
10 5 12 13
10 6 12 12
10 6 12 13
10 12 14 17
10 13 14 17
10 5 15 12
10 5 15 13
10 5 15 17
10 6 15 12
10 6 15 13
10 6 15 17
10 12 15 17
10 13 15 17
10 6 16 12
12 5 15 11
12 5 15 12
12 5 15 13
12 6 15 11
12 6 15 12
12 6 15 13
12 6 16 11
12 6 16 12
12 2 22 11
