20 24
000000000000000000000000
000000000000000000000000
000000000000011111111110
000000000000010000000010
000000000000010000000010
000000000000010111110010
000000000000010100010010
000000000000010100010010
000000000000111111111010
000000011111111111111110
000000010001111111111010
000000010001111001101010
000000010001111001101010
000000010001111001101010
000000010001111001101010
000000010001111111111110
000000010001101001101010
000000010001111111101010
000000011111111111111110
000000000000001111100000
171
3 14 10 23
3 14 16 23
6 16 9 20
6 16 10 20
6 16 11 20
9 13 16 18
9 13 16 19
9 13 16 21
9 14 16 18
9 14 16 19
9 14 16 21
9 15 16 18
9 15 16 19
9 15 16 21
9 18 16 21
9 19 16 21
9 13 18 15
9 13 18 18
9 13 18 19
9 15 18 18
9 15 18 19
9 13 19 15
9 13 19 18
9 13 19 19
9 13 19 21
9 15 19 18
9 15 19 19
9 15 19 21
9 18 19 21
9 19 19 21
9 15 20 18
9 15 20 19
10 12 16 18
10 12 16 19
10 12 16 21
10 12 16 23
10 13 16 18
10 13 16 19
10 13 16 21
10 13 16 23
10 14 16 18
10 14 16 19
10 14 16 21
10 14 16 23
10 15 16 18
10 15 16 19
10 15 16 21
10 15 16 23
10 18 16 21
10 18 16 23
10 19 16 21
10 19 16 23
10 21 16 23
10 12 18 15
10 12 18 18
10 12 18 19
10 13 18 15
10 13 18 18
10 13 18 19
10 15 18 18
10 15 18 19
10 8 19 12
10 8 19 13
10 8 19 15
10 8 19 18
10 8 19 19
10 8 19 21
10 8 19 23
10 12 19 15
10 12 19 18
10 12 19 19
10 12 19 21
10 12 19 23
10 13 19 15
10 13 19 18
10 13 19 19
10 13 19 21
10 13 19 23
10 15 19 18
10 15 19 19
10 15 19 21
10 15 19 23
10 18 19 21
10 18 19 23
10 19 19 21
10 19 19 23
10 21 19 23
10 15 20 18
10 15 20 19
11 12 16 18
11 12 16 19
11 12 16 21
11 13 16 18
11 13 16 19
11 13 16 21
11 14 16 18
11 14 16 19
11 14 16 21
11 15 16 18
11 15 16 19
11 15 16 21
11 18 16 21
11 19 16 21
11 12 18 15
11 12 18 18
11 12 18 19
11 13 18 15
11 13 18 18
11 13 18 19
11 15 18 18
11 15 18 19
11 12 19 15
11 12 19 18
11 12 19 19
11 12 19 21
11 13 19 15
11 13 19 18
11 13 19 19
11 13 19 21
11 15 19 18
11 15 19 19
11 15 19 21
11 18 19 21
11 19 19 21
11 15 20 18
11 15 20 19
12 12 18 15
12 13 18 15
12 12 19 15
12 13 19 15
13 12 18 15
13 13 18 15
13 12 19 15
13 13 19 15
14 12 18 15
14 13 18 15
14 12 19 15
14 13 19 15
15 12 18 15
15 13 18 15
15 12 19 15
15 13 19 15
16 12 18 15
16 12 18 18
16 12 18 19
16 13 18 15
16 13 18 18
16 13 18 19
16 15 18 18
16 15 18 19
16 12 19 15
16 12 19 18
16 12 19 19
16 12 19 21
16 12 19 23
16 13 19 15
16 13 19 18
16 13 19 19
16 13 19 21
16 13 19 23
16 15 19 18
16 15 19 19
16 15 19 21
16 15 19 23
16 18 19 21
16 18 19 23
16 19 19 21
16 19 19 23
16 21 19 23
16 15 20 18
16 15 20 19
