13 24
111111111111110000000000
100000001111111111100000
100000001011010000100000
100000001011010000100000
100000001011010000100000
100000001011010000100000
100000001011010000100000
100000001011111110100000
111111111111110010100000
000000001011000010100000
000000001011000010100000
000000001011000010100000
000000001111111111100000
29
1 11 8 14
1 12 8 14
1 1 9 9
1 1 9 11
1 1 9 12
1 1 9 14
1 9 9 11
1 9 9 12
1 9 9 14
1 11 9 14
1 12 9 14
1 9 13 11
1 9 13 12
2 11 8 14
2 12 8 14
2 9 9 11
2 9 9 12
2 9 9 14
2 11 9 14
2 12 9 14
2 9 13 11
2 9 13 12
2 9 13 19
2 11 13 19
2 12 13 19
8 11 13 17
8 12 13 17
9 9 13 11
9 9 13 12
