23 15
000000000000000
000000000000000
000000000000000
000000000000000
000000000000000
000000001111110
000000001000010
000000001000010
000000001000010
000000001111110
000000000111110
000000000100010
000000000100010
000000000100111
000000000100111
000000000100111
000000000100111
000000000100111
000000000100111
000000000111111
000001111110101
000001000010101
000001111110111
11
6 9 10 14
10 10 20 14
11 10 20 14
14 13 23 15
15 13 23 15
16 13 23 15
17 13 23 15
18 13 23 15
19 13 23 15
20 13 23 15
21 6 23 11
