24 13
0000000000000
0000000000000
0000000000000
0000000000000
0011111111100
1111111111111
1010011111101
1010011101101
1111111111111
0010011101100
0010011101100
0010011111100
0010010101100
0010011111100
0010010000000
0010010000000
0010010000000
0010010000000
0010010000000
0010010000000
0010010000000
0010010000000
0011110000000
0000000000000
96
5 3 9 6
5 3 9 7
5 3 9 8
5 3 9 10
5 3 9 11
5 6 9 10
5 6 9 11
5 7 9 10
5 7 9 11
5 8 9 10
5 8 9 11
5 6 12 10
5 6 12 11
5 7 12 10
5 7 12 11
5 8 12 10
5 8 12 11
5 6 14 8
5 6 14 10
5 6 14 11
5 8 14 10
5 8 14 11
5 3 23 6
6 1 9 3
6 1 9 6
6 1 9 7
6 1 9 8
6 1 9 10
6 1 9 11
6 1 9 13
6 3 9 6
6 3 9 7
6 3 9 8
6 3 9 10
6 3 9 11
6 3 9 13
6 6 9 10
6 6 9 11
6 6 9 13
6 7 9 10
6 7 9 11
6 7 9 13
6 8 9 10
6 8 9 11
6 8 9 13
6 10 9 13
6 11 9 13
6 6 12 10
6 6 12 11
6 7 12 10
6 7 12 11
6 8 12 10
6 8 12 11
6 6 14 8
6 6 14 10
6 6 14 11
6 8 14 10
6 8 14 11
6 3 23 6
7 6 9 10
7 6 9 11
7 7 9 10
7 7 9 11
7 8 9 10
7 8 9 11
7 6 12 10
7 6 12 11
7 7 12 10
7 7 12 11
7 8 12 10
7 8 12 11
7 6 14 8
7 6 14 10
7 6 14 11
7 8 14 10
7 8 14 11
8 6 14 8
9 6 12 10
9 6 12 11
9 7 12 10
9 7 12 11
9 8 12 10
9 8 12 11
9 6 14 8
9 6 14 10
9 6 14 11
9 8 14 10
9 8 14 11
9 3 23 6
10 6 14 8
11 6 14 8
12 6 14 8
12 6 14 10
12 6 14 11
12 8 14 10
12 8 14 11
