22 17
11111111110000000
10000000010000000
11111111111111000
10000000010001000
10000000011111000
10011111111111100
11111111111111100
11011111111011100
11010000011011100
11010000011011100
11011111111111100
11111111111111100
10011000011001100
11111111111111110
10111010011001110
11111111111001110
10111111111111110
10111010001001110
11111111111111110
00010000001111100
00011111111111100
00000000000000000
406
1 1 3 10
1 1 7 10
1 1 12 10
1 1 14 10
1 1 16 10
3 10 5 14
3 10 6 14
3 1 7 10
3 1 7 14
3 10 7 14
3 10 11 14
3 1 12 10
3 1 12 14
3 10 12 14
3 1 14 10
3 1 14 14
3 10 14 14
3 1 16 10
3 10 17 14
3 1 19 14
5 10 11 13
5 10 11 14
5 11 11 13
5 11 11 14
5 10 12 13
5 10 12 14
5 11 12 13
5 11 12 14
5 10 14 14
5 11 14 14
5 10 17 14
5 11 17 14
5 11 19 14
5 11 20 14
5 11 21 14
6 4 11 10
6 4 11 11
6 4 11 13
6 4 11 14
6 4 11 15
6 10 11 13
6 10 11 14
6 10 11 15
6 11 11 13
6 11 11 14
6 11 11 15
6 4 12 10
6 4 12 11
6 4 12 13
6 4 12 14
6 4 12 15
6 10 12 13
6 10 12 14
6 10 12 15
6 11 12 13
6 11 12 14
6 11 12 15
6 4 14 10
6 4 14 11
6 4 14 14
6 4 14 15
6 10 14 14
6 10 14 15
6 11 14 14
6 11 14 15
6 4 16 10
6 4 16 11
6 4 17 10
6 4 17 11
6 4 17 14
6 4 17 15
6 10 17 14
6 10 17 15
6 11 17 14
6 11 17 15
6 4 19 11
6 4 19 14
6 4 19 15
6 11 19 14
6 11 19 15
6 11 20 14
6 11 20 15
6 4 21 11
6 4 21 14
6 4 21 15
6 11 21 14
6 11 21 15
7 4 11 10
7 4 11 11
7 4 11 13
7 4 11 14
7 4 11 15
7 10 11 13
7 10 11 14
7 10 11 15
7 11 11 13
7 11 11 14
7 11 11 15
7 1 12 4
7 1 12 10
7 1 12 11
7 1 12 13
7 1 12 14
7 1 12 15
7 2 12 4
7 2 12 10
7 2 12 11
7 2 12 13
7 2 12 14
7 2 12 15
7 4 12 10
7 4 12 11
7 4 12 13
7 4 12 14
7 4 12 15
7 10 12 13
7 10 12 14
7 10 12 15
7 11 12 13
7 11 12 14
7 11 12 15
7 1 14 4
7 1 14 10
7 1 14 11
7 1 14 14
7 1 14 15
7 4 14 10
7 4 14 11
7 4 14 14
7 4 14 15
7 10 14 14
7 10 14 15
7 11 14 14
7 11 14 15
7 1 16 4
7 1 16 10
7 1 16 11
7 4 16 10
7 4 16 11
7 4 17 10
7 4 17 11
7 4 17 14
7 4 17 15
7 10 17 14
7 10 17 15
7 11 17 14
7 11 17 15
7 1 19 4
7 1 19 11
7 1 19 14
7 1 19 15
7 4 19 11
7 4 19 14
7 4 19 15
7 11 19 14
7 11 19 15
7 11 20 14
7 11 20 15
7 4 21 11
7 4 21 14
7 4 21 15
7 11 21 14
7 11 21 15
8 4 11 10
8 4 11 11
8 4 12 10
8 4 12 11
8 4 14 10
8 4 14 11
8 4 16 10
8 4 16 11
8 4 17 10
8 4 17 11
8 4 19 11
8 4 21 11
11 4 14 10
11 4 14 11
11 4 14 14
11 4 14 15
11 5 14 10
11 5 14 11
11 5 14 14
11 5 14 15
11 10 14 14
11 10 14 15
11 11 14 14
11 11 14 15
11 4 16 10
11 4 16 11
11 5 16 10
11 5 16 11
11 4 17 10
11 4 17 11
11 4 17 14
11 4 17 15
11 5 17 10
11 5 17 11
11 5 17 14
11 5 17 15
11 10 17 14
11 10 17 15
11 11 17 14
11 11 17 15
11 4 19 11
11 4 19 14
11 4 19 15
11 5 19 11
11 5 19 14
11 5 19 15
11 11 19 14
11 11 19 15
11 11 20 14
11 11 20 15
11 4 21 11
11 4 21 14
11 4 21 15
11 11 21 14
11 11 21 15
12 1 14 4
12 1 14 5
12 1 14 10
12 1 14 11
12 1 14 14
12 1 14 15
12 4 14 10
12 4 14 11
12 4 14 14
12 4 14 15
12 5 14 10
12 5 14 11
12 5 14 14
12 5 14 15
12 10 14 14
12 10 14 15
12 11 14 14
12 11 14 15
12 1 16 4
12 1 16 5
12 1 16 10
12 1 16 11
12 4 16 10
12 4 16 11
12 5 16 10
12 5 16 11
12 4 17 10
12 4 17 11
12 4 17 14
12 4 17 15
12 5 17 10
12 5 17 11
12 5 17 14
12 5 17 15
12 10 17 14
12 10 17 15
12 11 17 14
12 11 17 15
12 1 19 4
12 1 19 5
12 1 19 11
12 1 19 14
12 1 19 15
12 4 19 11
12 4 19 14
12 4 19 15
12 5 19 11
12 5 19 14
12 5 19 15
12 11 19 14
12 11 19 15
12 11 20 14
12 11 20 15
12 4 21 11
12 4 21 14
12 4 21 15
12 11 21 14
12 11 21 15
14 1 16 3
14 1 16 4
14 1 16 5
14 1 16 7
14 1 16 10
14 1 16 11
14 3 16 7
14 3 16 10
14 3 16 11
14 4 16 7
14 4 16 10
14 4 16 11
14 5 16 7
14 5 16 10
14 5 16 11
14 7 16 10
14 7 16 11
14 3 17 7
14 3 17 10
14 3 17 11
14 3 17 14
14 3 17 15
14 3 17 16
14 4 17 7
14 4 17 10
14 4 17 11
14 4 17 14
14 4 17 15
14 4 17 16
14 5 17 7
14 5 17 10
14 5 17 11
14 5 17 14
14 5 17 15
14 5 17 16
14 7 17 10
14 7 17 11
14 7 17 14
14 7 17 15
14 7 17 16
14 10 17 14
14 10 17 15
14 10 17 16
14 11 17 14
14 11 17 15
14 11 17 16
14 1 19 3
14 1 19 4
14 1 19 5
14 1 19 7
14 1 19 11
14 1 19 14
14 1 19 15
14 1 19 16
14 3 19 7
14 3 19 11
14 3 19 14
14 3 19 15
14 3 19 16
14 4 19 7
14 4 19 11
14 4 19 14
14 4 19 15
14 4 19 16
14 5 19 7
14 5 19 11
14 5 19 14
14 5 19 15
14 5 19 16
14 7 19 11
14 7 19 14
14 7 19 15
14 7 19 16
14 11 19 14
14 11 19 15
14 11 19 16
14 11 20 14
14 11 20 15
14 4 21 11
14 4 21 14
14 4 21 15
14 11 21 14
14 11 21 15
16 1 19 3
16 1 19 4
16 1 19 5
16 1 19 7
16 1 19 11
16 3 19 7
16 3 19 11
16 4 19 7
16 4 19 11
16 5 19 7
16 5 19 11
16 7 19 11
16 4 21 11
17 3 19 7
17 3 19 11
17 3 19 14
17 3 19 15
17 3 19 16
17 4 19 7
17 4 19 11
17 4 19 14
17 4 19 15
17 4 19 16
17 5 19 7
17 5 19 11
17 5 19 14
17 5 19 15
17 5 19 16
17 7 19 11
17 7 19 14
17 7 19 15
17 7 19 16
17 11 19 14
17 11 19 15
17 11 19 16
17 11 20 14
17 11 20 15
17 4 21 11
17 4 21 14
17 4 21 15
17 11 21 14
17 11 21 15
19 4 21 11
19 4 21 12
19 4 21 13
19 4 21 14
19 4 21 15
