10 10
1111000000
1111111110
1111100110
1111111111
1111111101
1111111111
1101100100
1111111100
1001000000
1111000000
73
1 1 8 4
1 2 8 4
1 1 10 4
2 1 4 8
2 1 4 9
2 2 4 8
2 2 4 9
2 3 4 8
2 3 4 9
2 4 4 8
2 4 4 9
2 5 4 8
2 5 4 9
2 1 5 8
2 2 5 8
2 3 5 8
2 4 5 8
2 5 5 8
2 1 6 8
2 2 6 8
2 3 6 8
2 4 6 8
2 5 6 8
2 1 8 4
2 1 8 5
2 1 8 8
2 2 8 4
2 2 8 5
2 2 8 8
2 4 8 8
2 5 8 8
2 1 10 4
3 1 8 4
3 1 8 5
3 2 8 4
3 2 8 5
3 1 10 4
4 1 6 10
4 2 6 10
4 3 6 10
4 4 6 10
4 5 6 10
4 6 6 10
4 7 6 10
4 8 6 10
4 1 8 4
4 1 8 5
4 1 8 8
4 2 8 4
4 2 8 5
4 2 8 8
4 4 8 8
4 5 8 8
4 1 10 4
5 1 8 4
5 1 8 5
5 1 8 8
5 2 8 4
5 2 8 5
5 2 8 8
5 4 8 8
5 5 8 8
5 1 10 4
6 1 8 4
6 1 8 5
6 1 8 8
6 2 8 4
6 2 8 5
6 2 8 8
6 4 8 8
6 5 8 8
6 1 10 4
8 1 10 4
