20 17
11111111111111111
10000000000000001
10011111000000001
10010001011100001
11110001011111001
11010001010101001
11010001010101001
11010001010101001
11010001111111001
11010001010111111
11010001010100011
11010111111111111
11110101010110111
11111111111111111
00000100000000100
00000100011100100
00000100010100100
00000100010100100
00000100011100100
00000111111111100
53
1 1 14 17
3 4 14 8
4 10 9 12
4 10 12 12
4 10 14 12
5 10 9 12
5 10 9 14
5 12 9 14
5 12 10 14
5 10 12 12
5 1 13 4
5 2 13 4
5 1 14 4
5 2 14 4
5 10 14 12
9 8 12 10
9 8 12 12
9 10 12 12
9 8 14 10
9 8 14 12
9 10 14 12
10 12 12 16
10 12 12 17
10 12 14 16
10 12 14 17
12 6 14 8
12 6 14 10
12 6 14 12
12 6 14 13
12 6 14 15
12 6 14 16
12 6 14 17
12 8 14 10
12 8 14 12
12 8 14 13
12 8 14 15
12 8 14 16
12 8 14 17
12 10 14 12
12 10 14 13
12 10 14 15
12 10 14 16
12 10 14 17
12 12 14 15
12 12 14 16
12 12 14 17
12 13 14 15
12 13 14 16
12 13 14 17
12 6 20 15
14 6 20 15
16 10 19 12
16 10 20 12
