22 25
0000011111111111000000000
0000010100010001000000000
0000010100010011110000000
0000010100011111111111111
0000010100010011010000001
0000010100010011010000001
0000010101111111010000001
0000010101010011010000001
0000010101010011010000001
0000010111111111010000001
0000010001010011010000001
0000010001010011010000001
0000011111110011010000001
0000000001111111111111101
0000000001110001000000101
0000000001111111000000101
0000000000110000000000101
0000000000110000000000101
0000000000111111111111111
0000000000111111111111100
0000000000000000000000000
0000000000000000000000000
53
1 12 4 16
1 12 7 16
1 8 10 12
1 8 10 16
1 12 10 16
1 6 13 12
1 12 14 16
1 12 16 16
3 15 14 18
3 16 14 18
4 12 7 15
4 12 7 16
4 12 10 15
4 12 10 16
4 12 14 15
4 12 14 16
4 12 14 18
4 15 14 18
4 16 14 18
4 12 16 16
4 12 19 25
7 10 10 12
7 10 10 15
7 10 10 16
7 12 10 15
7 12 10 16
7 10 13 12
7 10 14 12
7 10 14 15
7 10 14 16
7 12 14 15
7 12 14 16
7 10 15 12
7 10 16 12
7 10 16 16
7 12 16 16
10 10 13 12
10 10 14 12
10 10 14 15
10 10 14 16
10 12 14 15
10 12 14 16
10 10 15 12
10 10 16 12
10 10 16 16
10 12 16 16
14 10 16 16
14 11 16 16
14 12 16 16
14 11 19 23
14 12 19 23
14 11 20 23
14 12 20 23
