25 12
000000000000
111111111111
111111111111
111111100011
111110100011
111111111111
111111111111
111010100110
111010100110
111110100110
011111111110
010000100010
010000100010
010000100010
010000100010
010000100010
010000100010
010000100010
010000100010
011111100010
010000000010
010000000010
010000000010
011111111110
000000000000
158
2 1 6 7
2 1 6 11
2 1 6 12
2 2 6 7
2 2 6 11
2 2 6 12
2 3 6 7
2 3 6 11
2 3 6 12
2 4 6 7
2 4 6 11
2 4 6 12
2 5 6 7
2 5 6 11
2 5 6 12
2 7 6 11
2 7 6 12
2 1 7 7
2 1 7 11
2 1 7 12
2 2 7 7
2 2 7 11
2 2 7 12
2 3 7 7
2 3 7 11
2 3 7 12
2 4 7 7
2 4 7 11
2 4 7 12
2 5 7 7
2 5 7 11
2 5 7 12
2 7 7 11
2 7 7 12
2 1 10 5
2 2 10 5
2 3 10 5
2 2 11 5
2 2 11 7
2 2 11 11
2 3 11 5
2 3 11 7
2 3 11 11
2 5 11 7
2 5 11 11
2 7 11 11
2 2 20 7
2 2 24 11
3 1 6 7
3 1 6 11
3 1 6 12
3 2 6 7
3 2 6 11
3 2 6 12
3 3 6 7
3 3 6 11
3 3 6 12
3 4 6 7
3 4 6 11
3 4 6 12
3 5 6 7
3 5 6 11
3 5 6 12
3 7 6 11
3 7 6 12
3 1 7 7
3 1 7 11
3 1 7 12
3 2 7 7
3 2 7 11
3 2 7 12
3 3 7 7
3 3 7 11
3 3 7 12
3 4 7 7
3 4 7 11
3 4 7 12
3 5 7 7
3 5 7 11
3 5 7 12
3 7 7 11
3 7 7 12
3 1 10 5
3 2 10 5
3 3 10 5
3 2 11 5
3 2 11 7
3 2 11 11
3 3 11 5
3 3 11 7
3 3 11 11
3 5 11 7
3 5 11 11
3 7 11 11
3 2 20 7
3 2 24 11
4 1 6 7
4 2 6 7
4 3 6 7
4 4 6 7
4 5 6 7
4 1 7 7
4 2 7 7
4 3 7 7
4 4 7 7
4 5 7 7
4 1 10 5
4 2 10 5
4 3 10 5
4 2 11 5
4 2 11 7
4 3 11 5
4 3 11 7
4 5 11 7
4 2 20 7
5 1 10 5
5 2 10 5
5 3 10 5
5 2 11 5
5 3 11 5
6 1 10 5
6 2 10 5
6 3 10 5
6 2 11 5
6 2 11 7
6 2 11 10
6 2 11 11
6 3 11 5
6 3 11 7
6 3 11 10
6 3 11 11
6 5 11 7
6 5 11 10
6 5 11 11
6 7 11 10
6 7 11 11
6 2 20 7
6 2 24 11
7 1 10 5
7 2 10 5
7 3 10 5
7 2 11 5
7 2 11 7
7 2 11 10
7 2 11 11
7 3 11 5
7 3 11 7
7 3 11 10
7 3 11 11
7 5 11 7
7 5 11 10
7 5 11 11
7 7 11 10
7 7 11 11
7 2 20 7
7 2 24 11
11 2 20 7
11 2 24 11
