21 17
00000000000000000
11110000000000000
10010000000000000
11111111100000000
11010000100000000
11111111111100000
11111111100100000
11010000100100000
11010000100100000
11011111111100000
11011000100100000
11011110100100000
11111111100100000
11011111111100000
11110010100100000
01010010100100000
01010010100100000
01010010100100000
01011110100100000
01111111111100000
01111111100000000
108
2 1 4 4
2 1 6 4
2 1 7 4
2 1 13 4
2 1 15 4
4 1 6 4
4 1 6 9
4 2 6 4
4 2 6 9
4 4 6 9
4 1 7 4
4 1 7 9
4 2 7 4
4 2 7 9
4 4 7 9
4 4 10 9
4 1 13 4
4 1 13 9
4 2 13 4
4 2 13 9
4 4 13 9
4 4 14 9
4 1 15 4
4 2 15 4
4 2 20 4
4 2 20 9
4 4 20 9
4 2 21 4
4 2 21 9
4 4 21 9
6 4 10 9
6 4 10 12
6 9 10 12
6 1 13 4
6 1 13 9
6 2 13 4
6 2 13 9
6 4 13 9
6 4 14 9
6 4 14 12
6 9 14 12
6 1 15 4
6 2 15 4
6 2 20 4
6 2 20 9
6 2 20 12
6 4 20 9
6 4 20 12
6 9 20 12
6 2 21 4
6 2 21 9
6 4 21 9
7 4 10 9
7 1 13 4
7 1 13 9
7 2 13 4
7 2 13 9
7 4 13 9
7 4 14 9
7 1 15 4
7 2 15 4
7 2 20 4
7 2 20 9
7 4 20 9
7 2 21 4
7 2 21 9
7 4 21 9
10 4 13 9
10 5 13 9
10 4 14 9
10 4 14 12
10 5 14 9
10 5 14 12
10 9 14 12
10 4 20 9
10 4 20 12
10 9 20 12
10 4 21 9
12 4 19 7
12 4 20 7
12 4 21 7
13 1 15 4
13 2 15 4
13 4 19 7
13 2 20 4
13 2 20 7
13 2 20 9
13 4 20 7
13 4 20 9
13 7 20 9
13 2 21 4
13 2 21 7
13 2 21 9
13 4 21 7
13 4 21 9
13 7 21 9
14 4 19 7
14 4 20 7
14 4 20 9
14 4 20 12
14 7 20 9
14 7 20 12
14 9 20 12
14 4 21 7
14 4 21 9
14 7 21 9
15 2 20 4
15 2 21 4
