12 22
0011111111111111111110
0111111111100100100010
0111111111111111111110
0101010001101100100000
0101010001111100100000
0101010001111111111100
1111111111111111110100
1101010001110100110100
1111111111110100110100
1001011111011111111111
1111111111111111110001
0000000000000111111111
251
1 3 3 14
1 3 3 17
1 3 3 21
1 4 3 14
1 4 3 17
1 4 3 21
1 5 3 14
1 5 3 17
1 5 3 21
1 6 3 14
1 6 3 17
1 6 3 21
1 7 3 14
1 7 3 17
1 7 3 21
1 8 3 14
1 8 3 17
1 8 3 21
1 9 3 14
1 9 3 17
1 9 3 21
1 10 3 14
1 10 3 17
1 10 3 21
1 11 3 14
1 11 3 17
1 11 3 21
1 14 3 17
1 14 3 21
1 17 3 21
1 10 5 14
1 11 5 14
1 10 6 14
1 10 6 17
1 11 6 14
1 11 6 17
1 14 6 17
1 4 7 6
1 4 7 10
1 4 7 11
1 4 7 14
1 4 7 17
1 6 7 10
1 6 7 11
1 6 7 14
1 6 7 17
1 10 7 14
1 10 7 17
1 11 7 14
1 11 7 17
1 14 7 17
1 4 9 6
1 4 9 10
1 4 9 11
1 6 9 10
1 6 9 11
1 6 10 10
1 14 10 17
1 4 11 6
1 4 11 10
1 4 11 14
1 4 11 17
1 6 11 10
1 6 11 14
1 6 11 17
1 10 11 14
1 10 11 17
1 14 11 17
1 14 12 17
2 2 7 4
2 2 7 6
2 2 7 10
2 2 7 11
2 4 7 6
2 4 7 10
2 4 7 11
2 6 7 10
2 6 7 11
2 2 9 4
2 2 9 6
2 2 9 10
2 2 9 11
2 4 9 6
2 4 9 10
2 4 9 11
2 6 9 10
2 6 9 11
2 6 10 10
2 4 11 6
2 4 11 10
2 6 11 10
3 10 5 13
3 10 5 14
3 11 5 13
3 11 5 14
3 10 6 13
3 10 6 14
3 10 6 17
3 11 6 13
3 11 6 14
3 11 6 17
3 13 6 17
3 14 6 17
3 2 7 4
3 2 7 6
3 2 7 10
3 2 7 11
3 2 7 13
3 2 7 14
3 2 7 17
3 4 7 6
3 4 7 10
3 4 7 11
3 4 7 13
3 4 7 14
3 4 7 17
3 6 7 10
3 6 7 11
3 6 7 13
3 6 7 14
3 6 7 17
3 10 7 13
3 10 7 14
3 10 7 17
3 11 7 13
3 11 7 14
3 11 7 17
3 13 7 17
3 14 7 17
3 2 9 4
3 2 9 6
3 2 9 10
3 2 9 11
3 4 9 6
3 4 9 10
3 4 9 11
3 6 9 10
3 6 9 11
3 6 10 10
3 14 10 17
3 4 11 6
3 4 11 10
3 4 11 14
3 4 11 17
3 6 11 10
3 6 11 14
3 6 11 17
3 10 11 14
3 10 11 17
3 14 11 17
3 14 12 17
5 12 10 14
5 10 11 12
5 10 11 14
5 12 11 14
6 12 10 14
6 12 10 17
6 12 10 18
6 12 10 20
6 14 10 17
6 14 10 18
6 14 10 20
6 17 10 20
6 18 10 20
6 10 11 12
6 10 11 14
6 10 11 17
6 10 11 18
6 12 11 14
6 12 11 17
6 12 11 18
6 14 11 17
6 14 11 18
6 14 12 17
6 14 12 18
7 1 9 4
7 1 9 6
7 1 9 10
7 1 9 11
7 1 9 12
7 2 9 4
7 2 9 6
7 2 9 10
7 2 9 11
7 2 9 12
7 4 9 6
7 4 9 10
7 4 9 11
7 4 9 12
7 6 9 10
7 6 9 11
7 6 9 12
7 6 10 10
7 12 10 14
7 12 10 17
7 12 10 18
7 14 10 17
7 14 10 18
7 1 11 4
7 1 11 6
7 1 11 10
7 1 11 12
7 1 11 14
7 1 11 17
7 1 11 18
7 4 11 6
7 4 11 10
7 4 11 12
7 4 11 14
7 4 11 17
7 4 11 18
7 6 11 10
7 6 11 12
7 6 11 14
7 6 11 17
7 6 11 18
7 10 11 12
7 10 11 14
7 10 11 17
7 10 11 18
7 12 11 14
7 12 11 17
7 12 11 18
7 14 11 17
7 14 11 18
7 14 12 17
7 14 12 18
8 10 11 12
9 1 11 4
9 1 11 6
9 1 11 7
9 1 11 8
9 1 11 9
9 1 11 10
9 1 11 12
9 4 11 6
9 4 11 7
9 4 11 8
9 4 11 9
9 4 11 10
9 4 11 12
9 6 11 12
9 7 11 12
9 8 11 12
9 9 11 12
9 10 11 12
10 14 12 22
10 15 12 22
10 16 12 22
10 17 12 22
10 18 12 22
