24 25
0000000000000000000000000
0000000000000000000000000
0000000000000000000000000
0000000001111111110000000
0000000001000000010000000
0000000001000000010000000
0001111111111100010000000
0001000001000100010000000
0001000001000100010000000
0001000011111111010000000
0001000011000101010000000
0001000011111111110000000
0001000000000100000000000
0001000000000100000000000
0001000000000100000000000
0001111111111100000000000
0000000000000000000000000
0000000000000000000000000
0000000000000000000000000
0000000000000000000000000
0000000000000000000000000
0000000000000000000000000
0000000000000000000000000
0000000000000000000000000
9
4 10 12 18
7 10 10 14
7 10 12 14
7 4 16 14
10 9 12 14
10 9 12 16
10 10 12 14
10 10 12 16
10 14 12 16
