23 15
000000000000000
000000000000111
000000011100101
000000010100101
000000010100101
000000010100101
000000010100101
001111111111111
001000010100111
001000010100111
001111111100111
001100010100111
001111111100111
001000010100111
001000011100111
001111111111111
000011111100111
000010000100000
000010000100000
000011111100000
000000000000000
000000000000000
000000000000000
53
2 13 8 15
2 13 9 15
2 13 10 15
2 13 11 15
2 13 12 15
2 13 13 15
2 13 14 15
2 13 15 15
2 13 16 15
2 13 17 15
3 8 8 10
3 8 11 10
3 8 13 10
3 8 15 10
3 8 16 10
3 8 17 10
8 3 11 8
8 3 11 10
8 8 11 10
8 3 13 8
8 3 13 10
8 8 13 10
8 8 15 10
8 3 16 8
8 3 16 10
8 3 16 13
8 3 16 14
8 3 16 15
8 8 16 10
8 8 16 13
8 8 16 14
8 8 16 15
8 10 16 13
8 10 16 14
8 10 16 15
8 8 17 10
11 3 13 8
11 3 13 10
11 4 13 8
11 4 13 10
11 8 13 10
11 8 15 10
11 3 16 8
11 3 16 10
11 8 16 10
11 8 17 10
13 8 15 10
13 3 16 8
13 3 16 10
13 8 16 10
13 8 17 10
16 5 20 10
17 5 20 10
