20 19
1110000000000000000
1010001111111000000
1111111110001000000
1010001010001000000
1010001111111000000
1010000010000000000
1010000010000000000
1010000111110000000
1010000110010000000
1010000110010000000
1010000111110000000
1010000010000000000
1010000010000000000
1010000010000000000
1111111110000000000
1010000000000000000
1010000000000000000
1010000000000000000
1010000000000000000
1110000000000000000
14
1 1 3 3
1 1 15 3
1 1 20 3
2 7 5 9
2 7 5 13
2 9 5 13
3 7 5 9
3 1 15 3
3 1 15 9
3 3 15 9
3 1 20 3
8 8 11 12
8 9 11 12
15 1 20 3
