18 24
111111111111111111111111
110000010000000000010001
110000010000000000010001
111111111111111111010001
110000010000000001010001
110000010000000001010001
110000010000000001010001
110000010000000001010001
110000010000000001010001
110000010000000001010001
110000010000000001010001
111111110000000001010001
111111111111111111111111
100000000000000000010000
111111111111111111110000
000000000000000000000000
000000000000000000000000
000000000000000000000000
22
1 1 4 8
1 2 4 8
1 1 12 8
1 2 12 8
1 1 13 8
1 1 13 20
1 1 13 24
1 2 13 8
1 2 13 20
1 2 13 24
1 8 13 20
1 8 13 24
1 20 13 24
1 1 15 20
4 1 12 8
4 2 12 8
4 1 13 8
4 1 13 18
4 2 13 8
4 2 13 18
4 8 13 18
13 1 15 20
