13 13
0001110000000
1111111111111
1011011010101
1111111111101
1011111010101
1111111111111
1111111111100
0010011110100
0011111110100
0000010110100
1111111111100
1000000100000
1111111100000
153
1 4 4 6
1 4 5 6
1 4 6 6
1 4 7 6
2 1 4 3
2 1 4 4
2 1 4 6
2 1 4 7
2 1 4 9
2 1 4 11
2 3 4 6
2 3 4 7
2 3 4 9
2 3 4 11
2 4 4 6
2 4 4 7
2 4 4 9
2 4 4 11
2 6 4 9
2 6 4 11
2 7 4 9
2 7 4 11
2 9 4 11
2 3 5 6
2 3 5 7
2 4 5 6
2 4 5 7
2 1 6 3
2 1 6 4
2 1 6 6
2 1 6 7
2 1 6 9
2 1 6 11
2 1 6 13
2 3 6 6
2 3 6 7
2 3 6 9
2 3 6 11
2 3 6 13
2 4 6 6
2 4 6 7
2 4 6 9
2 4 6 11
2 4 6 13
2 6 6 9
2 6 6 11
2 6 6 13
2 7 6 9
2 7 6 11
2 7 6 13
2 9 6 11
2 9 6 13
2 11 6 13
2 1 7 3
2 1 7 4
2 1 7 6
2 1 7 7
2 1 7 9
2 1 7 11
2 3 7 6
2 3 7 7
2 3 7 9
2 3 7 11
2 4 7 6
2 4 7 7
2 4 7 9
2 4 7 11
2 6 7 9
2 6 7 11
2 7 7 9
2 7 7 11
2 9 7 11
2 6 8 9
2 7 8 9
2 3 9 6
2 3 9 7
2 3 9 9
2 6 9 9
2 7 9 9
2 6 11 9
2 6 11 11
2 9 11 11
4 1 6 3
4 1 6 4
4 1 6 5
4 1 6 6
4 1 6 7
4 1 6 9
4 1 6 11
4 3 6 9
4 3 6 11
4 4 6 9
4 4 6 11
4 5 6 9
4 5 6 11
4 6 6 9
4 6 6 11
4 7 6 9
4 7 6 11
4 9 6 11
4 1 7 3
4 1 7 4
4 1 7 5
4 1 7 6
4 1 7 7
4 1 7 9
4 1 7 11
4 3 7 9
4 3 7 11
4 4 7 9
4 4 7 11
4 5 7 9
4 5 7 11
4 6 7 9
4 6 7 11
4 7 7 9
4 7 7 11
4 9 7 11
4 6 8 9
4 7 8 9
4 3 9 6
4 3 9 7
4 3 9 9
4 6 9 9
4 7 9 9
4 6 11 9
4 6 11 11
4 9 11 11
5 3 9 6
5 3 9 7
6 3 9 6
6 3 9 7
6 3 9 8
6 3 9 9
6 6 11 8
6 6 11 9
6 6 11 11
6 8 11 11
6 9 11 11
7 3 9 6
7 3 9 7
7 3 9 8
7 3 9 9
7 6 11 8
7 6 11 9
7 6 11 11
7 8 11 11
7 9 11 11
8 6 11 8
8 6 11 9
9 6 11 8
9 6 11 9
11 1 13 8
