11 10
0000000111
0111111101
0111111111
0111111111
0111111101
0111111111
0111001011
1111001011
1101001011
1111001111
0111111111
58
1 8 3 10
1 8 4 10
1 8 6 10
2 2 10 4
2 2 11 4
2 2 11 7
2 4 11 7
3 2 6 10
3 3 6 10
3 4 6 10
3 5 6 10
3 6 6 10
3 7 6 10
3 8 6 10
3 2 10 4
3 7 10 10
3 2 11 4
3 2 11 7
3 2 11 10
3 4 11 7
3 4 11 10
3 7 11 10
4 2 6 10
4 3 6 10
4 4 6 10
4 5 6 10
4 6 6 10
4 7 6 10
4 8 6 10
4 2 10 4
4 7 10 10
4 2 11 4
4 2 11 7
4 2 11 10
4 4 11 7
4 4 11 10
4 7 11 10
5 2 10 4
5 2 11 4
5 2 11 7
5 4 11 7
6 2 10 4
6 7 10 9
6 7 10 10
6 2 11 4
6 2 11 7
6 2 11 9
6 2 11 10
6 4 11 7
6 4 11 9
6 4 11 10
6 7 11 9
6 7 11 10
7 2 10 4
7 2 11 4
8 1 10 4
8 2 10 4
8 2 11 4
