19 16
0000000000000000
0000000111111110
0000011111111010
1111111110001010
1000010111111010
1000010110011010
1000010110011010
1000010110011010
1000010111111010
1111111111111110
1000111110001110
1111111111111110
1000110111001110
1000110111001110
1111111111111110
0000110100001110
0000111111111110
0000100111111110
0000111111111110
251
2 8 5 13
2 9 5 13
2 8 9 13
2 9 9 13
2 8 10 13
2 8 10 15
2 9 10 13
2 9 10 15
2 13 10 15
2 13 11 15
2 8 12 13
2 8 12 15
2 9 12 13
2 9 12 15
2 13 12 15
2 13 13 15
2 13 14 15
2 8 15 13
2 8 15 15
2 9 15 13
2 9 15 15
2 13 15 15
2 13 16 15
2 8 17 13
2 8 17 15
2 13 17 15
2 8 18 13
2 8 18 15
2 13 18 15
2 8 19 13
2 8 19 15
2 13 19 15
3 8 5 13
3 9 5 13
3 8 9 13
3 9 9 13
3 6 10 8
3 6 10 9
3 6 10 13
3 8 10 13
3 9 10 13
3 6 11 8
3 6 11 9
3 6 12 8
3 6 12 9
3 6 12 13
3 8 12 13
3 9 12 13
3 6 15 8
3 6 15 9
3 6 15 13
3 8 15 13
3 9 15 13
3 6 17 8
3 6 17 13
3 8 17 13
3 8 18 13
3 8 19 13
4 1 10 6
4 1 10 8
4 1 10 9
4 6 10 8
4 6 10 9
4 6 11 8
4 6 11 9
4 1 12 6
4 1 12 8
4 1 12 9
4 6 12 8
4 6 12 9
4 1 15 6
4 1 15 8
4 1 15 9
4 6 15 8
4 6 15 9
4 6 17 8
5 8 9 12
5 8 9 13
5 9 9 12
5 9 9 13
5 8 10 12
5 8 10 13
5 9 10 12
5 9 10 13
5 8 12 13
5 9 12 13
5 8 15 13
5 9 15 13
5 8 17 13
5 8 18 13
5 8 19 13
9 8 12 13
9 9 12 13
9 8 15 13
9 9 15 13
9 8 17 13
9 8 18 13
9 8 19 13
10 1 12 5
10 1 12 6
10 1 12 7
10 1 12 8
10 1 12 9
10 1 12 13
10 1 12 14
10 1 12 15
10 5 12 13
10 5 12 14
10 5 12 15
10 6 12 13
10 6 12 14
10 6 12 15
10 7 12 13
10 7 12 14
10 7 12 15
10 8 12 13
10 8 12 14
10 8 12 15
10 9 12 13
10 9 12 14
10 9 12 15
10 1 15 5
10 1 15 6
10 1 15 8
10 1 15 9
10 1 15 13
10 1 15 14
10 1 15 15
10 5 15 8
10 5 15 9
10 5 15 13
10 5 15 14
10 5 15 15
10 6 15 8
10 6 15 9
10 6 15 13
10 6 15 14
10 6 15 15
10 8 15 13
10 8 15 14
10 8 15 15
10 9 15 13
10 9 15 14
10 9 15 15
10 5 17 8
10 5 17 13
10 5 17 14
10 5 17 15
10 6 17 8
10 6 17 13
10 6 17 14
10 6 17 15
10 8 17 13
10 8 17 14
10 8 17 15
10 8 18 13
10 8 18 14
10 8 18 15
10 5 19 8
10 5 19 13
10 5 19 14
10 5 19 15
10 8 19 13
10 8 19 14
10 8 19 15
11 5 15 8
11 5 15 9
11 6 15 8
11 6 15 9
11 5 17 8
11 6 17 8
11 5 19 8
12 1 15 5
12 1 15 6
12 1 15 8
12 1 15 9
12 1 15 10
12 1 15 13
12 1 15 14
12 1 15 15
12 5 15 8
12 5 15 9
12 5 15 10
12 5 15 13
12 5 15 14
12 5 15 15
12 6 15 8
12 6 15 9
12 6 15 10
12 6 15 13
12 6 15 14
12 6 15 15
12 8 15 13
12 8 15 14
12 8 15 15
12 9 15 13
12 9 15 14
12 9 15 15
12 10 15 13
12 10 15 14
12 10 15 15
12 5 17 8
12 5 17 13
12 5 17 14
12 5 17 15
12 6 17 8
12 6 17 13
12 6 17 14
12 6 17 15
12 8 17 13
12 8 17 14
12 8 17 15
12 8 18 13
12 8 18 14
12 8 18 15
12 5 19 8
12 5 19 13
12 5 19 14
12 5 19 15
12 8 19 13
12 8 19 14
12 8 19 15
15 5 17 8
15 5 17 13
15 5 17 14
15 5 17 15
15 6 17 8
15 6 17 13
15 6 17 14
15 6 17 15
15 8 17 13
15 8 17 14
15 8 17 15
15 8 18 13
15 8 18 14
15 8 18 15
15 5 19 8
15 5 19 13
15 5 19 14
15 5 19 15
15 8 19 13
15 8 19 14
15 8 19 15
17 5 19 8
17 5 19 9
17 5 19 10
17 5 19 11
17 5 19 12
17 5 19 13
17 5 19 14
17 5 19 15
