15 12
000000111111
000011111111
000010100011
000010100011
000010100011
000010100011
001111111111
001001111111
001001110111
001001110111
001001110111
001001110111
001001110111
001111110111
001111111111
42
1 7 7 11
1 7 7 12
1 7 8 11
1 7 8 12
1 7 15 11
1 7 15 12
2 5 7 7
2 5 7 11
2 5 7 12
2 7 7 11
2 7 7 12
2 7 8 11
2 7 8 12
2 7 15 11
2 7 15 12
7 3 14 6
7 3 14 7
7 3 14 8
7 3 15 6
7 3 15 7
7 3 15 8
7 3 15 10
7 3 15 11
7 3 15 12
7 6 15 10
7 6 15 11
7 6 15 12
7 7 15 10
7 7 15 11
7 7 15 12
7 8 15 10
7 8 15 11
7 8 15 12
8 6 15 10
8 6 15 11
8 6 15 12
8 7 15 10
8 7 15 11
8 7 15 12
8 8 15 10
8 8 15 11
8 8 15 12
