25 23
00000000000000000000000
00000111111111100000000
00000100000000100000000
00000100000000111110000
00000100000000100010000
00000111111000100010000
00000110001000100010000
00000110001000100010000
00000110001000100010000
00000110001000100010000
00000110001000100010000
00000110001000100010000
11110111111000100010000
10010100000000100010000
10010100000000100010000
11110100000000100010000
00000100000000100010000
00000100000000100010000
00000100000000111110000
00000100000000100000000
00000111111111100000000
00000000000000000000000
00000000000000000000000
00000000000000000000000
00000000000000000000000
5
2 6 21 15
4 15 19 19
6 6 13 11
6 7 13 11
13 1 16 4
