14 25
0111111111111110000000000
0100111111111111111000000
0100100101000010101000000
0100100101000010101000000
0101111111111111111000000
0101100101111111111000000
0101111111111111111110000
0100101111111111111010000
0100101101101111111111111
0111111111111111111010001
0000111111111111111111111
0000000101101000110000000
0000000101111111110000000
0000000111111111100000000
537
1 5 5 8
1 5 5 10
1 5 5 15
1 8 5 10
1 8 5 15
1 10 5 15
1 10 6 15
1 5 7 8
1 5 7 10
1 5 7 15
1 8 7 10
1 8 7 15
1 10 7 15
1 8 8 10
1 8 8 15
1 10 8 15
1 2 10 5
1 2 10 8
1 2 10 10
1 2 10 15
1 5 10 8
1 5 10 10
1 5 10 15
1 8 10 10
1 8 10 15
1 10 10 15
1 5 11 8
1 5 11 10
1 5 11 15
1 8 11 10
1 8 11 15
1 10 11 15
1 8 14 10
2 5 5 8
2 5 5 10
2 5 5 15
2 5 5 17
2 5 5 19
2 8 5 10
2 8 5 15
2 8 5 17
2 8 5 19
2 10 5 15
2 10 5 17
2 10 5 19
2 15 5 17
2 15 5 19
2 17 5 19
2 10 6 15
2 10 6 17
2 10 6 19
2 15 6 17
2 15 6 19
2 17 6 19
2 5 7 8
2 5 7 10
2 5 7 15
2 5 7 17
2 5 7 19
2 8 7 10
2 8 7 15
2 8 7 17
2 8 7 19
2 10 7 15
2 10 7 17
2 10 7 19
2 15 7 17
2 15 7 19
2 17 7 19
2 8 8 10
2 8 8 15
2 8 8 17
2 8 8 19
2 10 8 15
2 10 8 17
2 10 8 19
2 15 8 17
2 15 8 19
2 17 8 19
2 15 9 17
2 15 9 19
2 17 9 19
2 5 10 8
2 5 10 10
2 5 10 15
2 5 10 17
2 5 10 19
2 8 10 10
2 8 10 15
2 8 10 17
2 8 10 19
2 10 10 15
2 10 10 17
2 10 10 19
2 15 10 17
2 15 10 19
2 17 10 19
2 5 11 8
2 5 11 10
2 5 11 15
2 5 11 17
2 5 11 19
2 8 11 10
2 8 11 15
2 8 11 17
2 8 11 19
2 10 11 15
2 10 11 17
2 10 11 19
2 15 11 17
2 15 11 19
2 17 11 19
2 10 13 17
2 8 14 10
2 8 14 17
2 10 14 17
5 4 7 8
5 4 7 10
5 4 7 11
5 4 7 12
5 4 7 13
5 4 7 14
5 4 7 15
5 4 7 16
5 4 7 17
5 4 7 18
5 4 7 19
5 5 7 8
5 5 7 10
5 5 7 11
5 5 7 12
5 5 7 13
5 5 7 14
5 5 7 15
5 5 7 16
5 5 7 17
5 5 7 18
5 5 7 19
5 8 7 10
5 8 7 11
5 8 7 12
5 8 7 13
5 8 7 14
5 8 7 15
5 8 7 16
5 8 7 17
5 8 7 18
5 8 7 19
5 8 8 10
5 8 8 11
5 8 8 12
5 8 8 13
5 8 8 14
5 8 8 15
5 8 8 16
5 8 8 17
5 8 8 18
5 8 8 19
5 5 10 8
5 5 10 10
5 5 10 11
5 5 10 13
5 5 10 14
5 5 10 15
5 5 10 16
5 5 10 17
5 5 10 18
5 5 10 19
5 8 10 10
5 8 10 11
5 8 10 13
5 8 10 14
5 8 10 15
5 8 10 16
5 8 10 17
5 8 10 18
5 8 10 19
5 10 10 13
5 10 10 14
5 10 10 15
5 10 10 16
5 10 10 17
5 10 10 18
5 10 10 19
5 11 10 13
5 11 10 14
5 11 10 15
5 11 10 16
5 11 10 17
5 11 10 18
5 11 10 19
5 5 11 8
5 5 11 10
5 5 11 11
5 5 11 13
5 5 11 14
5 5 11 15
5 5 11 16
5 5 11 17
5 5 11 18
5 5 11 19
5 8 11 10
5 8 11 11
5 8 11 13
5 8 11 14
5 8 11 15
5 8 11 16
5 8 11 17
5 8 11 18
5 8 11 19
5 10 11 13
5 10 11 14
5 10 11 15
5 10 11 16
5 10 11 17
5 10 11 18
5 10 11 19
5 11 11 13
5 11 11 14
5 11 11 15
5 11 11 16
5 11 11 17
5 11 11 18
5 11 11 19
5 10 13 13
5 10 13 17
5 10 13 18
5 11 13 13
5 11 13 17
5 11 13 18
5 13 13 17
5 13 13 18
5 8 14 10
5 8 14 11
5 8 14 13
5 8 14 17
5 10 14 13
5 10 14 17
5 11 14 13
5 11 14 17
5 13 14 17
6 10 10 13
6 10 10 14
6 10 10 15
6 10 10 16
6 10 10 17
6 10 10 18
6 10 10 19
6 11 10 13
6 11 10 14
6 11 10 15
6 11 10 16
6 11 10 17
6 11 10 18
6 11 10 19
6 10 11 13
6 10 11 14
6 10 11 15
6 10 11 16
6 10 11 17
6 10 11 18
6 10 11 19
6 11 11 13
6 11 11 14
6 11 11 15
6 11 11 16
6 11 11 17
6 11 11 18
6 11 11 19
6 10 13 13
6 10 13 17
6 10 13 18
6 11 13 13
6 11 13 17
6 11 13 18
6 13 13 17
6 13 13 18
6 10 14 13
6 10 14 17
6 11 14 13
6 11 14 17
6 13 14 17
7 13 9 21
7 14 9 21
7 15 9 21
7 16 9 21
7 17 9 21
7 18 9 21
7 19 9 21
7 5 10 7
7 5 10 8
7 5 10 10
7 5 10 11
7 5 10 13
7 5 10 14
7 5 10 15
7 5 10 16
7 5 10 17
7 5 10 18
7 5 10 19
7 7 10 10
7 7 10 11
7 7 10 13
7 7 10 14
7 7 10 15
7 7 10 16
7 7 10 17
7 7 10 18
7 7 10 19
7 8 10 10
7 8 10 11
7 8 10 13
7 8 10 14
7 8 10 15
7 8 10 16
7 8 10 17
7 8 10 18
7 8 10 19
7 10 10 13
7 10 10 14
7 10 10 15
7 10 10 16
7 10 10 17
7 10 10 18
7 10 10 19
7 11 10 13
7 11 10 14
7 11 10 15
7 11 10 16
7 11 10 17
7 11 10 18
7 11 10 19
7 5 11 7
7 5 11 8
7 5 11 10
7 5 11 11
7 5 11 13
7 5 11 14
7 5 11 15
7 5 11 16
7 5 11 17
7 5 11 18
7 5 11 19
7 5 11 21
7 7 11 10
7 7 11 11
7 7 11 13
7 7 11 14
7 7 11 15
7 7 11 16
7 7 11 17
7 7 11 18
7 7 11 19
7 7 11 21
7 8 11 10
7 8 11 11
7 8 11 13
7 8 11 14
7 8 11 15
7 8 11 16
7 8 11 17
7 8 11 18
7 8 11 19
7 8 11 21
7 10 11 13
7 10 11 14
7 10 11 15
7 10 11 16
7 10 11 17
7 10 11 18
7 10 11 19
7 10 11 21
7 11 11 13
7 11 11 14
7 11 11 15
7 11 11 16
7 11 11 17
7 11 11 18
7 11 11 19
7 11 11 21
7 13 11 21
7 14 11 21
7 15 11 21
7 16 11 21
7 17 11 21
7 18 11 21
7 19 11 21
7 10 13 13
7 10 13 17
7 10 13 18
7 11 13 13
7 11 13 17
7 11 13 18
7 13 13 17
7 13 13 18
7 8 14 10
7 8 14 11
7 8 14 13
7 8 14 17
7 10 14 13
7 10 14 17
7 11 14 13
7 11 14 17
7 13 14 17
8 7 10 10
8 7 10 11
8 7 10 13
8 7 10 14
8 7 10 15
8 7 10 16
8 7 10 17
8 7 10 18
8 7 10 19
8 8 10 10
8 8 10 11
8 8 10 13
8 8 10 14
8 8 10 15
8 8 10 16
8 8 10 17
8 8 10 18
8 8 10 19
8 10 10 13
8 10 10 14
8 10 10 15
8 10 10 16
8 10 10 17
8 10 10 18
8 10 10 19
8 11 10 13
8 11 10 14
8 11 10 15
8 11 10 16
8 11 10 17
8 11 10 18
8 11 10 19
8 7 11 10
8 7 11 11
8 7 11 13
8 7 11 14
8 7 11 15
8 7 11 16
8 7 11 17
8 7 11 18
8 7 11 19
8 8 11 10
8 8 11 11
8 8 11 13
8 8 11 14
8 8 11 15
8 8 11 16
8 8 11 17
8 8 11 18
8 8 11 19
8 10 11 13
8 10 11 14
8 10 11 15
8 10 11 16
8 10 11 17
8 10 11 18
8 10 11 19
8 11 11 13
8 11 11 14
8 11 11 15
8 11 11 16
8 11 11 17
8 11 11 18
8 11 11 19
8 10 13 13
8 10 13 17
8 10 13 18
8 11 13 13
8 11 13 17
8 11 13 18
8 13 13 17
8 13 13 18
8 8 14 10
8 8 14 11
8 8 14 13
8 8 14 17
8 10 14 13
8 10 14 17
8 11 14 13
8 11 14 17
8 13 14 17
9 13 11 21
9 13 11 25
9 14 11 21
9 14 11 25
9 15 11 21
9 15 11 25
9 16 11 21
9 16 11 25
9 17 11 21
9 17 11 25
9 18 11 21
9 18 11 25
9 19 11 21
9 19 11 25
9 21 11 25
9 13 13 17
9 13 13 18
9 13 14 17
10 10 13 13
10 10 13 17
10 10 13 18
10 11 13 13
10 11 13 17
10 11 13 18
10 13 13 17
10 13 13 18
10 8 14 10
10 8 14 11
10 8 14 13
10 8 14 17
10 10 14 13
10 10 14 17
10 11 14 13
10 11 14 17
10 13 14 17
11 10 13 13
11 10 13 17
11 10 13 18
11 11 13 13
11 11 13 17
11 11 13 18
11 13 13 17
11 13 13 18
11 8 14 10
11 8 14 11
11 8 14 13
11 8 14 17
11 10 14 13
11 10 14 17
11 11 14 13
11 11 14 17
11 13 14 17
