18 18
000000000001110000
000011111111010000
000010011111111110
000010010001110010
000010010001111110
000010010001110010
000010011111111110
000010011111111110
000010011101100110
000010011111111110
000010010101111110
000010010111100100
000011111111100100
000000010000100100
000000010000100100
000000011111100100
000000011111111100
000000000000000000
127
1 12 3 14
1 12 4 14
1 12 5 14
1 12 6 14
1 12 7 14
1 12 8 14
2 8 7 12
2 8 8 12
2 8 10 12
2 5 13 8
2 5 13 12
2 8 13 12
3 12 5 17
3 13 5 17
3 14 5 17
3 8 7 12
3 8 7 13
3 8 7 14
3 8 7 17
3 12 7 17
3 13 7 17
3 14 7 17
3 8 8 12
3 8 8 13
3 8 8 14
3 8 8 17
3 12 8 17
3 13 8 17
3 14 8 17
3 8 10 12
3 8 10 13
3 8 10 17
3 12 10 17
3 13 10 17
3 12 11 17
3 13 11 17
3 8 13 12
3 8 13 13
3 8 16 13
3 8 17 13
5 12 7 17
5 13 7 17
5 14 7 17
5 12 8 17
5 13 8 17
5 14 8 17
5 12 10 17
5 13 10 17
5 12 11 17
5 13 11 17
7 8 10 12
7 8 10 13
7 8 10 16
7 8 10 17
7 9 10 12
7 9 10 13
7 9 10 16
7 9 10 17
7 10 10 12
7 10 10 13
7 10 10 16
7 10 10 17
7 12 10 16
7 12 10 17
7 13 10 16
7 13 10 17
7 12 11 16
7 12 11 17
7 13 11 16
7 13 11 17
7 10 12 12
7 10 12 13
7 8 13 10
7 8 13 12
7 8 13 13
7 10 13 12
7 10 13 13
7 8 16 13
7 8 17 13
7 8 17 16
7 13 17 16
8 8 10 12
8 8 10 13
8 8 10 16
8 8 10 17
8 9 10 12
8 9 10 13
8 9 10 16
8 9 10 17
8 10 10 12
8 10 10 13
8 10 10 16
8 10 10 17
8 12 10 16
8 12 10 17
8 13 10 16
8 13 10 17
8 12 11 16
8 12 11 17
8 13 11 16
8 13 11 17
8 10 12 12
8 10 12 13
8 8 13 10
8 8 13 12
8 8 13 13
8 10 13 12
8 10 13 13
8 8 16 13
8 8 17 13
8 8 17 16
8 13 17 16
9 8 13 10
10 10 12 12
10 10 12 13
10 8 13 10
10 8 13 12
10 8 13 13
10 10 13 12
10 10 13 13
10 8 16 13
10 8 17 13
10 8 17 16
10 13 17 16
11 13 17 16
13 8 16 13
13 8 17 13
