16 16
0000000000000000
0011111000000000
0010001000000000
0111111111000000
0111111111111110
0111010001000010
0111011111111110
0111000001000000
0111000001000000
0111000001000000
0111111111101111
0111000001101001
0111000001101001
0111111111101001
0111111111101001
0000000000001111
37
2 3 4 7
2 3 5 7
4 6 7 10
4 2 11 10
4 3 11 10
4 4 11 10
4 2 14 10
4 3 14 10
4 4 14 10
4 2 15 10
4 3 15 10
4 4 15 10
5 6 7 10
5 6 7 15
5 10 7 15
5 2 11 10
5 3 11 10
5 4 11 10
5 2 14 10
5 3 14 10
5 4 14 10
5 2 15 10
5 3 15 10
5 4 15 10
11 2 14 10
11 2 14 11
11 3 14 10
11 3 14 11
11 4 14 10
11 4 14 11
11 2 15 10
11 2 15 11
11 3 15 10
11 3 15 11
11 4 15 10
11 4 15 11
11 13 16 16
