20 21
000011111111100011111
111011111111111111111
101011011111100010111
101011011001111110111
101011011111100010111
111111111111110010111
111011111111111111111
111111111111111111111
101111111111111111111
101011110110111010111
111111110111111111111
111011111111101010101
111011110010101010101
111111111111111111111
111011111111111111101
111111111111111111001
111011111111100011111
111111111111111111111
111001100010000010000
111111111111111110000
1568
1 8 5 12
1 8 5 13
1 9 5 12
1 9 5 13
1 5 6 8
1 5 6 9
1 5 6 12
1 5 6 13
1 6 6 8
1 6 6 9
1 6 6 12
1 6 6 13
1 8 6 12
1 8 6 13
1 9 6 12
1 9 6 13
1 5 7 8
1 5 7 9
1 5 7 12
1 5 7 13
1 6 7 8
1 6 7 9
1 6 7 12
1 6 7 13
1 8 7 12
1 8 7 13
1 9 7 12
1 9 7 13
1 17 7 19
1 17 7 20
1 17 7 21
1 5 8 8
1 5 8 9
1 5 8 12
1 5 8 13
1 6 8 8
1 6 8 9
1 6 8 12
1 6 8 13
1 8 8 12
1 8 8 13
1 9 8 12
1 9 8 13
1 17 8 19
1 17 8 20
1 17 8 21
1 5 9 8
1 5 9 9
1 5 9 12
1 5 9 13
1 6 9 8
1 6 9 9
1 6 9 12
1 6 9 13
1 8 9 12
1 8 9 13
1 9 9 12
1 9 9 13
1 17 9 19
1 17 9 20
1 17 9 21
1 5 10 8
1 6 10 8
1 5 11 8
1 6 11 8
1 17 11 19
1 17 11 20
1 17 11 21
1 5 12 8
1 5 12 13
1 6 12 8
1 6 12 13
1 8 12 13
1 5 13 8
1 6 13 8
1 5 14 8
1 5 14 13
1 6 14 8
1 6 14 13
1 8 14 13
1 17 14 19
1 17 14 21
1 19 14 21
1 5 15 8
1 5 15 13
1 6 15 8
1 6 15 13
1 8 15 13
1 17 15 19
1 5 16 8
1 5 16 13
1 6 16 8
1 6 16 13
1 8 16 13
1 5 17 8
1 5 17 13
1 6 17 8
1 6 17 13
1 8 17 13
1 17 17 21
1 5 18 8
1 5 18 13
1 6 18 8
1 6 18 13
1 8 18 13
1 17 18 21
2 12 4 17
2 13 4 17
2 8 5 12
2 8 5 13
2 9 5 12
2 9 5 13
2 1 6 3
2 5 6 8
2 5 6 9
2 5 6 12
2 5 6 13
2 6 6 8
2 6 6 9
2 6 6 12
2 6 6 13
2 8 6 12
2 8 6 13
2 9 6 12
2 9 6 13
2 1 7 3
2 5 7 8
2 5 7 9
2 5 7 12
2 5 7 13
2 5 7 17
2 5 7 19
2 5 7 20
2 5 7 21
2 6 7 8
2 6 7 9
2 6 7 12
2 6 7 13
2 6 7 17
2 6 7 19
2 6 7 20
2 6 7 21
2 8 7 12
2 8 7 13
2 8 7 17
2 8 7 19
2 8 7 20
2 8 7 21
2 9 7 12
2 9 7 13
2 9 7 17
2 9 7 19
2 9 7 20
2 9 7 21
2 12 7 17
2 12 7 19
2 12 7 20
2 12 7 21
2 13 7 17
2 13 7 19
2 13 7 20
2 13 7 21
2 17 7 19
2 17 7 20
2 17 7 21
2 1 8 3
2 5 8 8
2 5 8 9
2 5 8 12
2 5 8 13
2 5 8 17
2 5 8 19
2 5 8 20
2 5 8 21
2 6 8 8
2 6 8 9
2 6 8 12
2 6 8 13
2 6 8 17
2 6 8 19
2 6 8 20
2 6 8 21
2 8 8 12
2 8 8 13
2 8 8 17
2 8 8 19
2 8 8 20
2 8 8 21
2 9 8 12
2 9 8 13
2 9 8 17
2 9 8 19
2 9 8 20
2 9 8 21
2 12 8 17
2 12 8 19
2 12 8 20
2 12 8 21
2 13 8 17
2 13 8 19
2 13 8 20
2 13 8 21
2 17 8 19
2 17 8 20
2 17 8 21
2 5 9 8
2 5 9 9
2 5 9 12
2 5 9 13
2 5 9 17
2 5 9 19
2 5 9 20
2 5 9 21
2 6 9 8
2 6 9 9
2 6 9 12
2 6 9 13
2 6 9 17
2 6 9 19
2 6 9 20
2 6 9 21
2 8 9 12
2 8 9 13
2 8 9 17
2 8 9 19
2 8 9 20
2 8 9 21
2 9 9 12
2 9 9 13
2 9 9 17
2 9 9 19
2 9 9 20
2 9 9 21
2 12 9 17
2 12 9 19
2 12 9 20
2 12 9 21
2 13 9 17
2 13 9 19
2 13 9 20
2 13 9 21
2 17 9 19
2 17 9 20
2 17 9 21
2 5 10 8
2 6 10 8
2 1 11 3
2 5 11 8
2 6 11 8
2 13 11 17
2 13 11 19
2 13 11 20
2 13 11 21
2 17 11 19
2 17 11 20
2 17 11 21
2 1 12 3
2 5 12 8
2 5 12 13
2 6 12 8
2 6 12 13
2 8 12 13
2 1 13 3
2 5 13 8
2 6 13 8
2 1 14 3
2 5 14 8
2 5 14 13
2 5 14 17
2 5 14 19
2 5 14 21
2 6 14 8
2 6 14 13
2 6 14 17
2 6 14 19
2 6 14 21
2 8 14 13
2 8 14 17
2 8 14 19
2 8 14 21
2 13 14 17
2 13 14 19
2 13 14 21
2 17 14 19
2 17 14 21
2 19 14 21
2 1 15 3
2 5 15 8
2 5 15 13
2 5 15 17
2 5 15 19
2 6 15 8
2 6 15 13
2 6 15 17
2 6 15 19
2 8 15 13
2 8 15 17
2 8 15 19
2 13 15 17
2 13 15 19
2 17 15 19
2 1 16 3
2 5 16 8
2 5 16 13
2 5 16 17
2 6 16 8
2 6 16 13
2 6 16 17
2 8 16 13
2 8 16 17
2 13 16 17
2 1 17 3
2 5 17 8
2 5 17 13
2 6 17 8
2 6 17 13
2 8 17 13
2 17 17 21
2 1 18 3
2 5 18 8
2 5 18 13
2 5 18 17
2 5 18 21
2 6 18 8
2 6 18 13
2 6 18 17
2 6 18 21
2 8 18 13
2 8 18 17
2 8 18 21
2 13 18 17
2 13 18 21
2 17 18 21
2 1 19 3
2 1 20 3
2 6 20 17
3 8 5 12
3 8 5 13
3 9 5 12
3 9 5 13
3 8 6 12
3 8 6 13
3 9 6 12
3 9 6 13
3 8 7 12
3 8 7 13
3 9 7 12
3 9 7 13
3 8 8 12
3 8 8 13
3 9 8 12
3 9 8 13
3 8 9 12
3 8 9 13
3 9 9 12
3 9 9 13
3 8 12 13
3 8 14 13
3 19 14 21
3 8 15 13
3 8 16 13
3 8 17 13
3 8 18 13
4 12 7 17
4 13 7 17
4 12 8 17
4 13 8 17
4 12 9 17
4 13 9 17
4 13 11 17
4 13 14 17
4 19 14 21
4 13 15 17
4 13 16 17
4 13 18 17
5 10 11 13
5 11 11 13
5 8 12 10
5 8 12 11
5 8 12 13
5 10 12 13
5 11 12 13
5 8 14 11
5 8 14 13
5 11 14 13
5 19 14 21
5 8 15 11
5 8 15 13
5 11 15 13
5 8 16 11
5 8 16 13
5 11 16 13
5 8 17 11
5 8 17 13
5 11 17 13
5 8 18 11
5 8 18 13
5 11 18 13
6 1 8 5
6 1 8 6
6 1 8 7
6 1 8 8
6 1 8 9
6 1 8 10
6 1 8 11
6 1 8 12
6 1 8 13
6 1 8 14
6 2 8 5
6 2 8 6
6 2 8 7
6 2 8 8
6 2 8 9
6 2 8 10
6 2 8 11
6 2 8 12
6 2 8 13
6 2 8 14
6 3 8 5
6 3 8 6
6 3 8 7
6 3 8 8
6 3 8 9
6 3 8 10
6 3 8 11
6 3 8 12
6 3 8 13
6 3 8 14
6 3 9 5
6 3 9 6
6 3 9 7
6 3 9 8
6 3 9 9
6 3 9 10
6 3 9 11
6 3 9 12
6 3 9 13
6 3 9 14
6 1 11 3
6 1 11 5
6 1 11 6
6 1 11 7
6 1 11 8
6 3 11 5
6 3 11 6
6 3 11 7
6 3 11 8
6 10 11 13
6 10 11 14
6 11 11 13
6 11 11 14
6 1 12 3
6 5 12 10
6 5 12 11
6 5 12 13
6 6 12 10
6 6 12 11
6 6 12 13
6 7 12 10
6 7 12 11
6 7 12 13
6 8 12 10
6 8 12 11
6 8 12 13
6 10 12 13
6 11 12 13
6 1 13 3
6 1 14 3
6 1 14 5
6 1 14 6
6 1 14 7
6 1 14 8
6 1 14 11
6 1 14 13
6 3 14 5
6 3 14 6
6 3 14 7
6 3 14 8
6 3 14 11
6 3 14 13
6 5 14 11
6 5 14 13
6 6 14 11
6 6 14 13
6 7 14 11
6 7 14 13
6 8 14 11
6 8 14 13
6 11 14 13
6 19 14 21
6 1 15 3
6 5 15 11
6 5 15 13
6 6 15 11
6 6 15 13
6 7 15 11
6 7 15 13
6 8 15 11
6 8 15 13
6 11 15 13
6 1 16 3
6 1 16 5
6 1 16 6
6 1 16 7
6 1 16 8
6 1 16 11
6 1 16 13
6 3 16 5
6 3 16 6
6 3 16 7
6 3 16 8
6 3 16 11
6 3 16 13
6 5 16 11
6 5 16 13
6 6 16 11
6 6 16 13
6 7 16 11
6 7 16 13
6 8 16 11
6 8 16 13
6 11 16 13
6 1 17 3
6 5 17 11
6 5 17 13
6 6 17 11
6 6 17 13
6 7 17 11
6 7 17 13
6 8 17 11
6 8 17 13
6 11 17 13
6 1 18 3
6 1 18 5
6 1 18 6
6 1 18 7
6 1 18 8
6 1 18 11
6 1 18 13
6 3 18 5
6 3 18 6
6 3 18 7
6 3 18 8
6 3 18 11
6 3 18 13
6 5 18 11
6 5 18 13
6 6 18 11
6 6 18 13
6 7 18 11
6 7 18 13
6 8 18 11
6 8 18 13
6 11 18 13
6 1 19 3
6 1 20 3
6 1 20 6
6 1 20 7
6 1 20 11
6 3 20 6
6 3 20 7
6 3 20 11
6 6 20 11
6 7 20 11
7 1 11 3
7 10 11 13
7 10 11 14
7 10 11 15
7 10 11 17
7 10 11 19
7 10 11 20
7 10 11 21
7 11 11 13
7 11 11 14
7 11 11 15
7 11 11 17
7 11 11 19
7 11 11 20
7 11 11 21
7 13 11 17
7 13 11 19
7 13 11 20
7 13 11 21
7 14 11 17
7 14 11 19
7 14 11 20
7 14 11 21
7 15 11 17
7 15 11 19
7 15 11 20
7 15 11 21
7 17 11 19
7 17 11 20
7 17 11 21
7 1 12 3
7 5 12 10
7 5 12 11
7 5 12 13
7 6 12 10
7 6 12 11
7 6 12 13
7 7 12 10
7 7 12 11
7 7 12 13
7 8 12 10
7 8 12 11
7 8 12 13
7 10 12 13
7 11 12 13
7 1 13 3
7 1 14 3
7 5 14 11
7 5 14 13
7 5 14 15
7 5 14 17
7 5 14 19
7 5 14 21
7 6 14 11
7 6 14 13
7 6 14 15
7 6 14 17
7 6 14 19
7 6 14 21
7 7 14 11
7 7 14 13
7 7 14 15
7 7 14 17
7 7 14 19
7 7 14 21
7 8 14 11
7 8 14 13
7 8 14 15
7 8 14 17
7 8 14 19
7 8 14 21
7 11 14 13
7 11 14 15
7 11 14 17
7 11 14 19
7 11 14 21
7 13 14 15
7 13 14 17
7 13 14 19
7 13 14 21
7 15 14 17
7 15 14 19
7 15 14 21
7 17 14 19
7 17 14 21
7 19 14 21
7 1 15 3
7 5 15 11
7 5 15 13
7 5 15 15
7 5 15 17
7 5 15 19
7 6 15 11
7 6 15 13
7 6 15 15
7 6 15 17
7 6 15 19
7 7 15 11
7 7 15 13
7 7 15 15
7 7 15 17
7 7 15 19
7 8 15 11
7 8 15 13
7 8 15 15
7 8 15 17
7 8 15 19
7 11 15 13
7 11 15 15
7 11 15 17
7 11 15 19
7 13 15 15
7 13 15 17
7 13 15 19
7 15 15 17
7 15 15 19
7 17 15 19
7 1 16 3
7 5 16 11
7 5 16 13
7 5 16 15
7 5 16 17
7 6 16 11
7 6 16 13
7 6 16 15
7 6 16 17
7 7 16 11
7 7 16 13
7 7 16 15
7 7 16 17
7 8 16 11
7 8 16 13
7 8 16 15
7 8 16 17
7 11 16 13
7 11 16 15
7 11 16 17
7 13 16 15
7 13 16 17
7 15 16 17
7 1 17 3
7 5 17 11
7 5 17 13
7 6 17 11
7 6 17 13
7 7 17 11
7 7 17 13
7 8 17 11
7 8 17 13
7 11 17 13
7 17 17 21
7 1 18 3
7 5 18 11
7 5 18 13
7 5 18 17
7 5 18 21
7 6 18 11
7 6 18 13
7 6 18 17
7 6 18 21
7 7 18 11
7 7 18 13
7 7 18 17
7 7 18 21
7 8 18 11
7 8 18 13
7 8 18 17
7 8 18 21
7 11 18 13
7 11 18 17
7 11 18 21
7 13 18 17
7 13 18 21
7 17 18 21
7 1 19 3
7 1 20 3
7 6 20 11
7 6 20 17
7 7 20 11
7 7 20 17
7 11 20 17
8 1 11 3
8 1 11 5
8 1 11 6
8 1 11 7
8 1 11 8
8 3 11 5
8 3 11 6
8 3 11 7
8 3 11 8
8 10 11 13
8 10 11 14
8 10 11 15
8 10 11 17
8 10 11 19
8 10 11 20
8 10 11 21
8 11 11 13
8 11 11 14
8 11 11 15
8 11 11 17
8 11 11 19
8 11 11 20
8 11 11 21
8 13 11 17
8 13 11 19
8 13 11 20
8 13 11 21
8 14 11 17
8 14 11 19
8 14 11 20
8 14 11 21
8 15 11 17
8 15 11 19
8 15 11 20
8 15 11 21
8 17 11 19
8 17 11 20
8 17 11 21
8 1 12 3
8 5 12 10
8 5 12 11
8 5 12 13
8 6 12 10
8 6 12 11
8 6 12 13
8 7 12 10
8 7 12 11
8 7 12 13
8 8 12 10
8 8 12 11
8 8 12 13
8 10 12 13
8 11 12 13
8 1 13 3
8 1 14 3
8 1 14 5
8 1 14 6
8 1 14 7
8 1 14 8
8 1 14 11
8 1 14 13
8 1 14 15
8 1 14 17
8 1 14 19
8 1 14 21
8 3 14 5
8 3 14 6
8 3 14 7
8 3 14 8
8 3 14 11
8 3 14 13
8 3 14 15
8 3 14 17
8 3 14 19
8 3 14 21
8 5 14 11
8 5 14 13
8 5 14 15
8 5 14 17
8 5 14 19
8 5 14 21
8 6 14 11
8 6 14 13
8 6 14 15
8 6 14 17
8 6 14 19
8 6 14 21
8 7 14 11
8 7 14 13
8 7 14 15
8 7 14 17
8 7 14 19
8 7 14 21
8 8 14 11
8 8 14 13
8 8 14 15
8 8 14 17
8 8 14 19
8 8 14 21
8 11 14 13
8 11 14 15
8 11 14 17
8 11 14 19
8 11 14 21
8 13 14 15
8 13 14 17
8 13 14 19
8 13 14 21
8 15 14 17
8 15 14 19
8 15 14 21
8 17 14 19
8 17 14 21
8 19 14 21
8 1 15 3
8 5 15 11
8 5 15 13
8 5 15 15
8 5 15 17
8 5 15 19
8 6 15 11
8 6 15 13
8 6 15 15
8 6 15 17
8 6 15 19
8 7 15 11
8 7 15 13
8 7 15 15
8 7 15 17
8 7 15 19
8 8 15 11
8 8 15 13
8 8 15 15
8 8 15 17
8 8 15 19
8 11 15 13
8 11 15 15
8 11 15 17
8 11 15 19
8 13 15 15
8 13 15 17
8 13 15 19
8 15 15 17
8 15 15 19
8 17 15 19
8 1 16 3
8 1 16 5
8 1 16 6
8 1 16 7
8 1 16 8
8 1 16 11
8 1 16 13
8 1 16 15
8 1 16 17
8 3 16 5
8 3 16 6
8 3 16 7
8 3 16 8
8 3 16 11
8 3 16 13
8 3 16 15
8 3 16 17
8 5 16 11
8 5 16 13
8 5 16 15
8 5 16 17
8 6 16 11
8 6 16 13
8 6 16 15
8 6 16 17
8 7 16 11
8 7 16 13
8 7 16 15
8 7 16 17
8 8 16 11
8 8 16 13
8 8 16 15
8 8 16 17
8 11 16 13
8 11 16 15
8 11 16 17
8 13 16 15
8 13 16 17
8 15 16 17
8 1 17 3
8 5 17 11
8 5 17 13
8 6 17 11
8 6 17 13
8 7 17 11
8 7 17 13
8 8 17 11
8 8 17 13
8 11 17 13
8 17 17 21
8 1 18 3
8 1 18 5
8 1 18 6
8 1 18 7
8 1 18 8
8 1 18 11
8 1 18 13
8 1 18 17
8 1 18 21
8 3 18 5
8 3 18 6
8 3 18 7
8 3 18 8
8 3 18 11
8 3 18 13
8 3 18 17
8 3 18 21
8 5 18 11
8 5 18 13
8 5 18 17
8 5 18 21
8 6 18 11
8 6 18 13
8 6 18 17
8 6 18 21
8 7 18 11
8 7 18 13
8 7 18 17
8 7 18 21
8 8 18 11
8 8 18 13
8 8 18 17
8 8 18 21
8 11 18 13
8 11 18 17
8 11 18 21
8 13 18 17
8 13 18 21
8 17 18 21
8 1 19 3
8 1 20 3
8 1 20 6
8 1 20 7
8 1 20 11
8 1 20 17
8 3 20 6
8 3 20 7
8 3 20 11
8 3 20 17
8 6 20 11
8 6 20 17
8 7 20 11
8 7 20 17
8 11 20 17
9 3 11 5
9 3 11 6
9 3 11 7
9 3 11 8
9 10 11 13
9 10 11 14
9 10 11 15
9 10 11 17
9 10 11 19
9 10 11 20
9 10 11 21
9 11 11 13
9 11 11 14
9 11 11 15
9 11 11 17
9 11 11 19
9 11 11 20
9 11 11 21
9 13 11 17
9 13 11 19
9 13 11 20
9 13 11 21
9 14 11 17
9 14 11 19
9 14 11 20
9 14 11 21
9 15 11 17
9 15 11 19
9 15 11 20
9 15 11 21
9 17 11 19
9 17 11 20
9 17 11 21
9 5 12 10
9 5 12 11
9 5 12 13
9 6 12 10
9 6 12 11
9 6 12 13
9 7 12 10
9 7 12 11
9 7 12 13
9 8 12 10
9 8 12 11
9 8 12 13
9 10 12 13
9 11 12 13
9 3 14 5
9 3 14 6
9 3 14 7
9 3 14 8
9 3 14 11
9 3 14 13
9 3 14 15
9 3 14 17
9 3 14 19
9 3 14 21
9 5 14 11
9 5 14 13
9 5 14 15
9 5 14 17
9 5 14 19
9 5 14 21
9 6 14 11
9 6 14 13
9 6 14 15
9 6 14 17
9 6 14 19
9 6 14 21
9 7 14 11
9 7 14 13
9 7 14 15
9 7 14 17
9 7 14 19
9 7 14 21
9 8 14 11
9 8 14 13
9 8 14 15
9 8 14 17
9 8 14 19
9 8 14 21
9 11 14 13
9 11 14 15
9 11 14 17
9 11 14 19
9 11 14 21
9 13 14 15
9 13 14 17
9 13 14 19
9 13 14 21
9 15 14 17
9 15 14 19
9 15 14 21
9 17 14 19
9 17 14 21
9 19 14 21
9 5 15 11
9 5 15 13
9 5 15 15
9 5 15 17
9 5 15 19
9 6 15 11
9 6 15 13
9 6 15 15
9 6 15 17
9 6 15 19
9 7 15 11
9 7 15 13
9 7 15 15
9 7 15 17
9 7 15 19
9 8 15 11
9 8 15 13
9 8 15 15
9 8 15 17
9 8 15 19
9 11 15 13
9 11 15 15
9 11 15 17
9 11 15 19
9 13 15 15
9 13 15 17
9 13 15 19
9 15 15 17
9 15 15 19
9 17 15 19
9 3 16 5
9 3 16 6
9 3 16 7
9 3 16 8
9 3 16 11
9 3 16 13
9 3 16 15
9 3 16 17
9 5 16 11
9 5 16 13
9 5 16 15
9 5 16 17
9 6 16 11
9 6 16 13
9 6 16 15
9 6 16 17
9 7 16 11
9 7 16 13
9 7 16 15
9 7 16 17
9 8 16 11
9 8 16 13
9 8 16 15
9 8 16 17
9 11 16 13
9 11 16 15
9 11 16 17
9 13 16 15
9 13 16 17
9 15 16 17
9 5 17 11
9 5 17 13
9 6 17 11
9 6 17 13
9 7 17 11
9 7 17 13
9 8 17 11
9 8 17 13
9 11 17 13
9 17 17 21
9 3 18 5
9 3 18 6
9 3 18 7
9 3 18 8
9 3 18 11
9 3 18 13
9 3 18 17
9 3 18 21
9 5 18 11
9 5 18 13
9 5 18 17
9 5 18 21
9 6 18 11
9 6 18 13
9 6 18 17
9 6 18 21
9 7 18 11
9 7 18 13
9 7 18 17
9 7 18 21
9 8 18 11
9 8 18 13
9 8 18 17
9 8 18 21
9 11 18 13
9 11 18 17
9 11 18 21
9 13 18 17
9 13 18 21
9 17 18 21
9 3 20 6
9 3 20 7
9 3 20 11
9 3 20 17
9 6 20 11
9 6 20 17
9 7 20 11
9 7 20 17
9 11 20 17
10 13 14 15
10 19 14 21
10 13 15 15
10 13 16 15
11 1 14 5
11 1 14 6
11 1 14 7
11 1 14 8
11 2 14 5
11 2 14 6
11 2 14 7
11 2 14 8
11 3 14 5
11 3 14 6
11 3 14 7
11 3 14 8
11 11 14 13
11 11 14 15
11 11 14 17
11 11 14 19
11 11 14 21
11 13 14 15
11 13 14 17
11 13 14 19
11 13 14 21
11 15 14 17
11 15 14 19
11 15 14 21
11 17 14 19
11 17 14 21
11 19 14 21
11 11 15 13
11 11 15 15
11 11 15 17
11 11 15 19
11 13 15 15
11 13 15 17
11 13 15 19
11 15 15 17
11 15 15 19
11 17 15 19
11 1 16 5
11 1 16 6
11 1 16 7
11 1 16 8
11 2 16 5
11 2 16 6
11 2 16 7
11 2 16 8
11 3 16 5
11 3 16 6
11 3 16 7
11 3 16 8
11 11 16 13
11 11 16 15
11 11 16 17
11 13 16 15
11 13 16 17
11 15 16 17
11 11 17 13
11 17 17 21
11 1 18 5
11 1 18 6
11 1 18 7
11 1 18 8
11 2 18 5
11 2 18 6
11 2 18 7
11 2 18 8
11 3 18 5
11 3 18 6
11 3 18 7
11 3 18 8
11 11 18 13
11 11 18 17
11 11 18 21
11 13 18 17
11 13 18 21
11 17 18 21
11 1 20 6
11 1 20 7
11 2 20 6
11 2 20 7
11 3 20 6
11 3 20 7
11 11 20 17
12 5 14 11
12 5 14 13
12 6 14 11
12 6 14 13
12 7 14 11
12 7 14 13
12 8 14 11
12 8 14 13
12 11 14 13
12 5 15 11
12 5 15 13
12 6 15 11
12 6 15 13
12 7 15 11
12 7 15 13
12 8 15 11
12 8 15 13
12 11 15 13
12 5 16 11
12 5 16 13
12 6 16 11
12 6 16 13
12 7 16 11
12 7 16 13
12 8 16 11
12 8 16 13
12 11 16 13
12 5 17 11
12 5 17 13
12 6 17 11
12 6 17 13
12 7 17 11
12 7 17 13
12 8 17 11
12 8 17 13
12 11 17 13
12 5 18 11
12 5 18 13
12 6 18 11
12 6 18 13
12 7 18 11
12 7 18 13
12 8 18 11
12 8 18 13
12 11 18 13
12 6 20 11
12 7 20 11
14 1 16 5
14 1 16 6
14 1 16 7
14 1 16 8
14 1 16 9
14 1 16 10
14 1 16 11
14 1 16 12
14 1 16 13
14 1 16 14
14 1 16 15
14 1 16 16
14 1 16 17
14 1 16 18
14 2 16 5
14 2 16 6
14 2 16 7
14 2 16 8
14 2 16 9
14 2 16 10
14 2 16 11
14 2 16 12
14 2 16 13
14 2 16 14
14 2 16 15
14 2 16 16
14 2 16 17
14 2 16 18
14 3 16 5
14 3 16 6
14 3 16 7
14 3 16 8
14 3 16 9
14 3 16 10
14 3 16 11
14 3 16 12
14 3 16 13
14 3 16 14
14 3 16 15
14 3 16 16
14 3 16 17
14 3 16 18
14 17 17 21
14 18 17 21
14 1 18 5
14 1 18 6
14 1 18 7
14 1 18 8
14 1 18 9
14 1 18 10
14 1 18 11
14 1 18 12
14 1 18 13
14 1 18 17
14 1 18 18
14 1 18 21
14 2 18 5
14 2 18 6
14 2 18 7
14 2 18 8
14 2 18 9
14 2 18 10
14 2 18 11
14 2 18 12
14 2 18 13
14 2 18 17
14 2 18 18
14 2 18 21
14 3 18 5
14 3 18 6
14 3 18 7
14 3 18 8
14 3 18 9
14 3 18 10
14 3 18 11
14 3 18 12
14 3 18 13
14 3 18 17
14 3 18 18
14 3 18 21
14 5 18 17
14 5 18 18
14 5 18 21
14 6 18 17
14 6 18 18
14 6 18 21
14 7 18 17
14 7 18 18
14 7 18 21
14 8 18 17
14 8 18 18
14 8 18 21
14 9 18 17
14 9 18 18
14 9 18 21
14 10 18 17
14 10 18 18
14 10 18 21
14 11 18 17
14 11 18 18
14 11 18 21
14 12 18 17
14 12 18 18
14 12 18 21
14 13 18 17
14 13 18 18
14 13 18 21
14 17 18 21
14 18 18 21
14 1 20 6
14 1 20 7
14 1 20 11
14 1 20 17
14 2 20 6
14 2 20 7
14 2 20 11
14 2 20 17
14 3 20 6
14 3 20 7
14 3 20 11
14 3 20 17
14 6 20 11
14 6 20 17
14 7 20 11
14 7 20 17
14 11 20 17
15 5 18 17
15 5 18 18
15 6 18 17
15 6 18 18
15 7 18 17
15 7 18 18
15 8 18 17
15 8 18 18
15 9 18 17
15 9 18 18
15 10 18 17
15 10 18 18
15 11 18 17
15 11 18 18
15 12 18 17
15 12 18 18
15 13 18 17
15 13 18 18
15 6 20 11
15 6 20 17
15 7 20 11
15 7 20 17
15 11 20 17
16 1 18 5
16 1 18 6
16 1 18 7
16 1 18 8
16 1 18 9
16 1 18 10
16 1 18 11
16 1 18 12
16 1 18 13
16 1 18 17
16 1 18 18
16 2 18 5
16 2 18 6
16 2 18 7
16 2 18 8
16 2 18 9
16 2 18 10
16 2 18 11
16 2 18 12
16 2 18 13
16 2 18 17
16 2 18 18
16 3 18 5
16 3 18 6
16 3 18 7
16 3 18 8
16 3 18 9
16 3 18 10
16 3 18 11
16 3 18 12
16 3 18 13
16 3 18 17
16 3 18 18
16 5 18 17
16 5 18 18
16 6 18 17
16 6 18 18
16 7 18 17
16 7 18 18
16 8 18 17
16 8 18 18
16 9 18 17
16 9 18 18
16 10 18 17
16 10 18 18
16 11 18 17
16 11 18 18
16 12 18 17
16 12 18 18
16 13 18 17
16 13 18 18
16 1 20 6
16 1 20 7
16 1 20 11
16 1 20 17
16 2 20 6
16 2 20 7
16 2 20 11
16 2 20 17
16 3 20 6
16 3 20 7
16 3 20 11
16 3 20 17
16 6 20 11
16 6 20 17
16 7 20 11
16 7 20 17
16 11 20 17
17 6 20 11
17 7 20 11
18 1 20 6
18 1 20 7
18 1 20 11
18 1 20 17
18 2 20 6
18 2 20 7
18 2 20 11
18 2 20 17
18 3 20 6
18 3 20 7
18 3 20 11
18 3 20 17
18 6 20 11
18 6 20 17
18 7 20 11
18 7 20 17
18 11 20 17
