10 24
000000000000000000000000
000000000011110000000000
111000000010010000000000
101111111111111000000000
101100000111011000000000
111100001111111111111000
000100001111111000001000
000111111111111111111000
000001000111111000001000
000001111111111111111000
68
2 11 4 14
2 11 6 14
2 11 7 14
2 11 8 14
2 11 9 14
2 11 10 14
3 1 6 3
4 10 6 14
4 10 6 15
4 11 6 14
4 11 6 15
4 12 6 14
4 12 6 15
4 10 7 14
4 10 7 15
4 11 7 14
4 11 7 15
4 12 7 14
4 12 7 15
4 4 8 10
4 4 8 11
4 4 8 12
4 4 8 14
4 4 8 15
4 10 8 14
4 10 8 15
4 11 8 14
4 11 8 15
4 12 8 14
4 12 8 15
4 10 9 14
4 10 9 15
4 11 9 14
4 11 9 15
4 12 9 14
4 12 9 15
4 10 10 14
4 10 10 15
4 11 10 14
4 11 10 15
4 12 10 14
4 12 10 15
6 9 8 21
6 10 8 21
6 11 8 21
6 12 8 21
6 13 8 21
6 14 8 21
6 15 8 21
6 10 10 21
6 11 10 21
6 12 10 21
6 13 10 21
6 14 10 21
6 15 10 21
8 6 10 10
8 6 10 11
8 6 10 12
8 6 10 13
8 6 10 14
8 6 10 15
8 6 10 21
8 10 10 21
8 11 10 21
8 12 10 21
8 13 10 21
8 14 10 21
8 15 10 21
