15 11
00000000000
00111110000
00100010000
00100010000
00100010111
00111110101
11111110101
10111010101
10111111101
10111111101
10111111111
10111111111
11111111111
00011010111
00011111111
93
2 3 6 7
2 3 7 7
2 3 9 7
2 3 10 7
2 3 11 7
2 3 12 7
2 3 13 7
5 9 11 11
5 9 12 11
5 9 13 11
5 9 14 11
5 9 15 11
6 3 9 7
6 4 9 7
6 5 9 7
6 3 10 7
6 4 10 7
6 5 10 7
6 3 11 7
6 4 11 7
6 5 11 7
6 3 12 7
6 4 12 7
6 5 12 7
6 3 13 7
6 4 13 7
6 5 13 7
6 4 15 7
6 5 15 7
7 3 9 7
7 4 9 7
7 5 9 7
7 3 10 7
7 4 10 7
7 5 10 7
7 3 11 7
7 4 11 7
7 5 11 7
7 3 12 7
7 4 12 7
7 5 12 7
7 1 13 3
7 1 13 4
7 1 13 5
7 1 13 7
7 3 13 7
7 4 13 7
7 5 13 7
7 4 15 7
7 5 15 7
9 4 15 7
9 4 15 9
9 5 15 7
9 5 15 9
9 7 15 9
10 4 15 7
10 4 15 9
10 5 15 7
10 5 15 9
10 7 15 9
11 4 15 7
11 4 15 9
11 4 15 10
11 4 15 11
11 5 15 7
11 5 15 9
11 5 15 10
11 5 15 11
11 7 15 9
11 7 15 10
11 7 15 11
12 4 15 7
12 4 15 9
12 4 15 10
12 4 15 11
12 5 15 7
12 5 15 9
12 5 15 10
12 5 15 11
12 7 15 9
12 7 15 10
12 7 15 11
13 4 15 7
13 4 15 9
13 4 15 10
13 4 15 11
13 5 15 7
13 5 15 9
13 5 15 10
13 5 15 11
13 7 15 9
13 7 15 10
13 7 15 11
