11 14
00111111110000
00100000010000
00100000010000
00111111111111
00110111111111
00110101010111
00111111110111
00011111000111
00011111000111
00010001111111
00011111111110
38
1 3 4 10
1 3 7 10
4 3 7 6
4 3 7 8
4 3 7 10
4 4 7 6
4 4 7 8
4 4 7 10
4 6 7 8
4 6 7 10
4 8 7 10
4 4 8 6
4 4 8 8
4 6 8 8
4 4 9 6
4 4 9 8
4 6 9 8
4 8 10 12
4 8 10 13
4 8 10 14
4 4 11 8
4 4 11 12
4 4 11 13
4 8 11 12
4 8 11 13
5 6 7 8
5 6 7 10
5 8 7 10
5 6 8 8
5 6 9 8
5 8 10 12
5 8 10 13
5 8 10 14
5 8 11 12
5 8 11 13
7 4 11 8
8 4 11 8
9 4 11 8
