22 24
000000000000000000000000
111111111111111111100000
100000000000000000100000
100000011111111111100000
100000010000000001100000
100000011111111111111111
100000011111100001110001
100000011111111111110001
100000011111111111111111
100000001100100000110000
100000001111111111110000
100000000000011111111110
100000000000010000100010
100000000000010000100010
100000000011111111111110
100000001110100000100000
100000001010100000100000
100000001010100000100000
100000001010100000100000
100000001010100000100000
111111111111111111100000
000000000011100000000000
87
2 1 21 19
4 8 6 18
4 8 6 19
4 8 8 18
4 8 8 19
4 8 9 18
4 8 9 19
6 8 8 18
6 8 8 19
6 8 8 20
6 9 8 18
6 9 8 19
6 9 8 20
6 10 8 18
6 10 8 19
6 10 8 20
6 11 8 18
6 11 8 19
6 11 8 20
6 12 8 18
6 12 8 19
6 12 8 20
6 13 8 18
6 13 8 19
6 13 8 20
6 8 9 18
6 8 9 19
6 8 9 20
6 8 9 24
6 9 9 18
6 9 9 19
6 9 9 20
6 9 9 24
6 10 9 18
6 10 9 19
6 10 9 20
6 10 9 24
6 11 9 18
6 11 9 19
6 11 9 20
6 11 9 24
6 12 9 18
6 12 9 19
6 12 9 20
6 12 9 24
6 13 9 18
6 13 9 19
6 13 9 20
6 13 9 24
6 18 9 24
6 19 9 24
6 20 9 24
6 9 11 13
6 9 11 19
6 9 11 20
6 10 11 13
6 10 11 19
6 10 11 20
6 13 11 19
6 13 11 20
7 9 11 13
7 10 11 13
8 9 11 13
8 9 11 19
8 9 11 20
8 10 11 13
8 10 11 19
8 10 11 20
8 13 11 19
8 13 11 20
9 9 11 13
9 9 11 19
9 9 11 20
9 10 11 13
9 10 11 19
9 10 11 20
9 13 11 19
9 13 11 20
11 14 15 19
12 14 15 19
12 14 15 23
12 19 15 23
15 11 21 13
15 11 21 19
15 13 21 19
15 11 22 13
16 9 21 11
