16 20
00000111111111110000
00000100000000010000
00000100000000010000
00000100000000010000
00000100000000010000
11111111111111111111
11000000100010000101
11011111111111111111
11111111111111111111
01111111111110000001
00010000000000000001
00010000000000000001
00011111111111111111
00000000000000000000
00000000000000000000
00000000000000000000
26
1 6 6 16
6 9 8 13
6 9 8 18
6 9 8 20
6 13 8 18
6 13 8 20
6 18 8 20
6 1 9 9
6 1 9 13
6 1 9 18
6 1 9 20
6 2 9 9
6 2 9 13
6 2 9 18
6 2 9 20
6 9 9 13
6 9 9 18
6 9 9 20
6 13 9 18
6 13 9 20
6 18 9 20
6 2 10 9
6 2 10 13
6 9 10 13
8 4 13 20
9 4 13 20
