10 21
000000000000000000000
111111111111111111110
100000000000011111010
111111111111111111110
000000100101111101000
111111111101010101000
111111111111111111111
100000011111110111001
111111111111111111001
111111111111111111111
160
2 1 4 14
2 1 4 15
2 1 4 16
2 1 4 17
2 1 4 18
2 1 4 20
2 14 4 20
2 15 4 20
2 16 4 20
2 17 4 20
2 18 4 20
2 14 7 16
2 14 7 18
2 16 7 18
2 16 8 18
2 14 9 16
2 14 9 18
2 16 9 18
2 14 10 16
2 14 10 18
2 16 10 18
3 14 7 16
3 14 7 18
3 16 7 18
3 16 8 18
3 14 9 16
3 14 9 18
3 16 9 18
3 14 10 16
3 14 10 18
3 16 10 18
4 7 6 10
4 7 7 10
4 7 7 12
4 7 7 14
4 7 7 16
4 7 7 18
4 10 7 12
4 10 7 14
4 10 7 16
4 10 7 18
4 12 7 14
4 12 7 16
4 12 7 18
4 14 7 16
4 14 7 18
4 16 7 18
4 10 8 12
4 10 8 14
4 12 8 14
4 16 8 18
4 10 9 12
4 10 9 14
4 10 9 16
4 10 9 18
4 12 9 14
4 12 9 16
4 12 9 18
4 14 9 16
4 14 9 18
4 16 9 18
4 10 10 12
4 10 10 14
4 10 10 16
4 10 10 18
4 12 10 14
4 12 10 16
4 12 10 18
4 14 10 16
4 14 10 18
4 16 10 18
5 12 7 14
5 12 7 16
5 14 7 16
5 12 8 14
5 12 9 14
5 12 9 16
5 14 9 16
5 12 10 14
5 12 10 16
5 14 10 16
6 1 9 8
6 1 9 9
6 1 9 10
6 1 10 8
6 1 10 9
6 1 10 10
7 1 9 8
7 1 9 9
7 1 9 10
7 1 9 11
7 1 9 12
7 1 9 13
7 1 9 14
7 1 9 16
7 1 9 17
7 1 9 18
7 8 9 16
7 8 9 17
7 8 9 18
7 9 9 16
7 9 9 17
7 9 9 18
7 10 9 16
7 10 9 17
7 10 9 18
7 11 9 16
7 11 9 17
7 11 9 18
7 12 9 16
7 12 9 17
7 12 9 18
7 13 9 16
7 13 9 17
7 13 9 18
7 14 9 16
7 14 9 17
7 14 9 18
7 1 10 8
7 1 10 9
7 1 10 10
7 1 10 11
7 1 10 12
7 1 10 13
7 1 10 14
7 1 10 16
7 1 10 17
7 1 10 18
7 1 10 21
7 8 10 16
7 8 10 17
7 8 10 18
7 8 10 21
7 9 10 16
7 9 10 17
7 9 10 18
7 9 10 21
7 10 10 16
7 10 10 17
7 10 10 18
7 10 10 21
7 11 10 16
7 11 10 17
7 11 10 18
7 11 10 21
7 12 10 16
7 12 10 17
7 12 10 18
7 12 10 21
7 13 10 16
7 13 10 17
7 13 10 18
7 13 10 21
7 14 10 16
7 14 10 17
7 14 10 18
7 14 10 21
7 16 10 21
7 17 10 21
7 18 10 21
