24 22
0111111111100000000000
0100000000100000000000
0111111111111111110000
0110000001100100010000
0110000001100100010000
0110000001111111110000
0110000000100100000000
1111111111111100000000
1110000000100100000000
1110000000100100000000
1110000000100100000000
1110000000100100000000
1111110000100100000000
1110010000100100000000
1110010000100100000000
1110010000100100000000
1110010000100100000000
1110010000100100000000
1111110000100100000000
1111111111111100000000
1000000000000100000000
1111111111111100000000
0000000000000000000000
0000000000000000000000
35
1 2 3 11
1 2 8 11
1 2 20 11
3 10 6 14
3 10 6 18
3 11 6 14
3 11 6 18
3 14 6 18
3 2 8 11
3 2 8 14
3 3 8 11
3 3 8 14
3 11 8 14
3 2 20 11
3 2 20 14
3 3 20 11
3 3 20 14
3 11 20 14
6 11 8 14
6 11 20 14
8 1 20 11
8 1 20 14
8 2 20 11
8 2 20 14
8 3 20 11
8 3 20 14
8 11 20 14
8 1 22 14
13 1 19 6
13 2 19 6
13 3 19 6
13 1 20 6
13 2 20 6
13 3 20 6
20 1 22 14
