25 24
000000000000000000000000
000000111111111111111110
000000100000000000010010
000000100000000000010010
000000100000000000010010
000000111111111111111110
000000100000000000010000
000000100000000000010000
000000100000000000010000
000000100000000000010000
000000100000000000010000
000000100000000000010000
000000100000000000010000
000000111111111111110000
000000000000000000000000
000000000000000000000000
000000000000000000000000
000000000000000000000000
000000000000000000000000
000000000000000000000000
000000000000000000000000
000000000000000000000000
000000000000000000000000
000000000000000000000000
000000000000000000000000
5
2 7 6 20
2 7 6 23
2 20 6 23
2 7 14 20
6 7 14 20
