11 12
111111000000
100111111111
111111111111
111111111111
111111111111
111111111111
111111111111
111111011111
111111111111
111111111110
011111111110
433
1 1 3 4
1 1 3 5
1 1 3 6
1 1 4 4
1 1 4 5
1 1 4 6
1 1 5 4
1 1 5 5
1 1 5 6
1 1 6 4
1 1 6 5
1 1 6 6
1 1 7 4
1 1 7 5
1 1 7 6
1 1 8 4
1 1 8 5
1 1 8 6
1 1 9 4
1 1 9 5
1 1 9 6
1 1 10 4
1 1 10 5
1 1 10 6
2 4 9 8
2 4 9 9
2 4 9 10
2 4 9 11
2 4 9 12
2 5 9 8
2 5 9 9
2 5 9 10
2 5 9 11
2 5 9 12
2 6 9 8
2 6 9 9
2 6 9 10
2 6 9 11
2 6 9 12
2 4 10 8
2 4 10 9
2 4 10 10
2 4 10 11
2 5 10 8
2 5 10 9
2 5 10 10
2 5 10 11
2 6 10 8
2 6 10 9
2 6 10 10
2 6 10 11
2 4 11 8
2 4 11 9
2 4 11 10
2 4 11 11
2 5 11 8
2 5 11 9
2 5 11 10
2 5 11 11
2 6 11 8
2 6 11 9
2 6 11 10
2 6 11 11
3 1 9 8
3 1 9 9
3 1 9 10
3 1 9 11
3 1 9 12
3 2 9 8
3 2 9 9
3 2 9 10
3 2 9 11
3 2 9 12
3 3 9 8
3 3 9 9
3 3 9 10
3 3 9 11
3 3 9 12
3 4 9 8
3 4 9 9
3 4 9 10
3 4 9 11
3 4 9 12
3 5 9 8
3 5 9 9
3 5 9 10
3 5 9 11
3 5 9 12
3 6 9 8
3 6 9 9
3 6 9 10
3 6 9 11
3 6 9 12
3 1 10 8
3 1 10 9
3 1 10 10
3 1 10 11
3 2 10 8
3 2 10 9
3 2 10 10
3 2 10 11
3 3 10 8
3 3 10 9
3 3 10 10
3 3 10 11
3 4 10 8
3 4 10 9
3 4 10 10
3 4 10 11
3 5 10 8
3 5 10 9
3 5 10 10
3 5 10 11
3 6 10 8
3 6 10 9
3 6 10 10
3 6 10 11
3 2 11 8
3 2 11 9
3 2 11 10
3 2 11 11
3 3 11 8
3 3 11 9
3 3 11 10
3 3 11 11
3 4 11 8
3 4 11 9
3 4 11 10
3 4 11 11
3 5 11 8
3 5 11 9
3 5 11 10
3 5 11 11
3 6 11 8
3 6 11 9
3 6 11 10
3 6 11 11
4 1 9 8
4 1 9 9
4 1 9 10
4 1 9 11
4 1 9 12
4 2 9 8
4 2 9 9
4 2 9 10
4 2 9 11
4 2 9 12
4 3 9 8
4 3 9 9
4 3 9 10
4 3 9 11
4 3 9 12
4 4 9 8
4 4 9 9
4 4 9 10
4 4 9 11
4 4 9 12
4 5 9 8
4 5 9 9
4 5 9 10
4 5 9 11
4 5 9 12
4 6 9 8
4 6 9 9
4 6 9 10
4 6 9 11
4 6 9 12
4 1 10 8
4 1 10 9
4 1 10 10
4 1 10 11
4 2 10 8
4 2 10 9
4 2 10 10
4 2 10 11
4 3 10 8
4 3 10 9
4 3 10 10
4 3 10 11
4 4 10 8
4 4 10 9
4 4 10 10
4 4 10 11
4 5 10 8
4 5 10 9
4 5 10 10
4 5 10 11
4 6 10 8
4 6 10 9
4 6 10 10
4 6 10 11
4 2 11 8
4 2 11 9
4 2 11 10
4 2 11 11
4 3 11 8
4 3 11 9
4 3 11 10
4 3 11 11
4 4 11 8
4 4 11 9
4 4 11 10
4 4 11 11
4 5 11 8
4 5 11 9
4 5 11 10
4 5 11 11
4 6 11 8
4 6 11 9
4 6 11 10
4 6 11 11
5 1 9 8
5 1 9 9
5 1 9 10
5 1 9 11
5 1 9 12
5 2 9 8
5 2 9 9
5 2 9 10
5 2 9 11
5 2 9 12
5 3 9 8
5 3 9 9
5 3 9 10
5 3 9 11
5 3 9 12
5 4 9 8
5 4 9 9
5 4 9 10
5 4 9 11
5 4 9 12
5 5 9 8
5 5 9 9
5 5 9 10
5 5 9 11
5 5 9 12
5 6 9 8
5 6 9 9
5 6 9 10
5 6 9 11
5 6 9 12
5 1 10 8
5 1 10 9
5 1 10 10
5 1 10 11
5 2 10 8
5 2 10 9
5 2 10 10
5 2 10 11
5 3 10 8
5 3 10 9
5 3 10 10
5 3 10 11
5 4 10 8
5 4 10 9
5 4 10 10
5 4 10 11
5 5 10 8
5 5 10 9
5 5 10 10
5 5 10 11
5 6 10 8
5 6 10 9
5 6 10 10
5 6 10 11
5 2 11 8
5 2 11 9
5 2 11 10
5 2 11 11
5 3 11 8
5 3 11 9
5 3 11 10
5 3 11 11
5 4 11 8
5 4 11 9
5 4 11 10
5 4 11 11
5 5 11 8
5 5 11 9
5 5 11 10
5 5 11 11
5 6 11 8
5 6 11 9
5 6 11 10
5 6 11 11
6 1 9 8
6 1 9 9
6 1 9 10
6 1 9 11
6 1 9 12
6 2 9 8
6 2 9 9
6 2 9 10
6 2 9 11
6 2 9 12
6 3 9 8
6 3 9 9
6 3 9 10
6 3 9 11
6 3 9 12
6 4 9 8
6 4 9 9
6 4 9 10
6 4 9 11
6 4 9 12
6 5 9 8
6 5 9 9
6 5 9 10
6 5 9 11
6 5 9 12
6 6 9 8
6 6 9 9
6 6 9 10
6 6 9 11
6 6 9 12
6 1 10 8
6 1 10 9
6 1 10 10
6 1 10 11
6 2 10 8
6 2 10 9
6 2 10 10
6 2 10 11
6 3 10 8
6 3 10 9
6 3 10 10
6 3 10 11
6 4 10 8
6 4 10 9
6 4 10 10
6 4 10 11
6 5 10 8
6 5 10 9
6 5 10 10
6 5 10 11
6 6 10 8
6 6 10 9
6 6 10 10
6 6 10 11
6 2 11 8
6 2 11 9
6 2 11 10
6 2 11 11
6 3 11 8
6 3 11 9
6 3 11 10
6 3 11 11
6 4 11 8
6 4 11 9
6 4 11 10
6 4 11 11
6 5 11 8
6 5 11 9
6 5 11 10
6 5 11 11
6 6 11 8
6 6 11 9
6 6 11 10
6 6 11 11
7 1 9 8
7 1 9 9
7 1 9 10
7 1 9 11
7 1 9 12
7 2 9 8
7 2 9 9
7 2 9 10
7 2 9 11
7 2 9 12
7 3 9 8
7 3 9 9
7 3 9 10
7 3 9 11
7 3 9 12
7 4 9 8
7 4 9 9
7 4 9 10
7 4 9 11
7 4 9 12
7 5 9 8
7 5 9 9
7 5 9 10
7 5 9 11
7 5 9 12
7 6 9 8
7 6 9 9
7 6 9 10
7 6 9 11
7 6 9 12
7 1 10 8
7 1 10 9
7 1 10 10
7 1 10 11
7 2 10 8
7 2 10 9
7 2 10 10
7 2 10 11
7 3 10 8
7 3 10 9
7 3 10 10
7 3 10 11
7 4 10 8
7 4 10 9
7 4 10 10
7 4 10 11
7 5 10 8
7 5 10 9
7 5 10 10
7 5 10 11
7 6 10 8
7 6 10 9
7 6 10 10
7 6 10 11
7 2 11 8
7 2 11 9
7 2 11 10
7 2 11 11
7 3 11 8
7 3 11 9
7 3 11 10
7 3 11 11
7 4 11 8
7 4 11 9
7 4 11 10
7 4 11 11
7 5 11 8
7 5 11 9
7 5 11 10
7 5 11 11
7 6 11 8
7 6 11 9
7 6 11 10
7 6 11 11
