23 13
0000111111110
0000111111111
1111111111011
1000111111111
1000101001011
1000101001011
1000101001011
1000101001011
1000101001011
1000101001011
1000101001011
1000101001011
1000101001011
1000101001011
1011111111011
1010111000011
1010111111111
1010011000001
1010011000001
1011111111111
1011111111111
1111111111111
0011110000000
68
1 5 4 12
1 6 4 12
1 7 4 12
1 8 4 12
1 9 4 12
1 10 4 12
1 5 15 7
1 5 15 10
1 7 15 10
1 5 16 7
1 5 17 7
1 5 17 12
1 7 17 12
2 5 4 12
2 5 4 13
2 6 4 12
2 6 4 13
2 7 4 12
2 7 4 13
2 8 4 12
2 8 4 13
2 9 4 12
2 9 4 13
2 10 4 12
2 10 4 13
2 5 15 7
2 5 15 10
2 7 15 10
2 5 16 7
2 5 17 7
2 5 17 12
2 5 17 13
2 7 17 12
2 7 17 13
2 7 20 13
2 7 21 13
2 7 22 13
3 5 15 7
3 5 15 10
3 7 15 10
3 5 16 7
3 5 17 7
3 1 22 7
4 5 15 7
4 5 15 10
4 7 15 10
4 5 16 7
4 5 17 7
4 5 17 12
4 5 17 13
4 7 17 12
4 7 17 13
4 7 20 13
4 7 21 13
4 7 22 13
15 3 20 6
15 3 20 7
15 3 21 6
15 3 21 7
15 3 22 6
15 3 22 7
15 3 23 6
17 6 20 13
17 7 20 13
17 6 21 13
17 7 21 13
17 6 22 13
17 7 22 13
