22 12
000000000000
000011110000
000010010000
000011111110
011111111110
011111111110
011011011110
011111111110
001011010010
001011110010
001111111110
111011010110
101011110110
101011111110
101011110010
111011110010
000011110010
000011110010
000011110010
000011111110
000011110000
000011110000
265
2 5 4 8
2 5 5 8
2 5 6 8
2 5 8 8
2 5 10 8
2 5 11 8
2 5 13 8
2 5 14 8
2 5 15 8
2 5 16 8
2 5 17 8
2 5 18 8
2 5 19 8
2 5 20 8
2 5 21 8
2 5 22 8
4 5 8 8
4 5 8 9
4 5 8 10
4 5 8 11
4 6 8 8
4 6 8 9
4 6 8 10
4 6 8 11
4 5 10 8
4 6 10 8
4 5 11 8
4 5 11 11
4 6 11 8
4 6 11 11
4 8 11 11
4 5 13 8
4 6 13 8
4 5 14 8
4 5 14 11
4 6 14 8
4 6 14 11
4 8 14 11
4 5 15 8
4 6 15 8
4 5 16 8
4 6 16 8
4 5 17 8
4 6 17 8
4 5 18 8
4 6 18 8
4 5 19 8
4 6 19 8
4 5 20 8
4 5 20 11
4 6 20 8
4 6 20 11
4 8 20 11
4 5 21 8
4 6 21 8
4 5 22 8
4 6 22 8
5 2 8 5
5 2 8 6
5 2 8 8
5 2 8 9
5 2 8 10
5 2 8 11
5 3 8 5
5 3 8 6
5 3 8 8
5 3 8 9
5 3 8 10
5 3 8 11
5 5 8 8
5 5 8 9
5 5 8 10
5 5 8 11
5 6 8 8
5 6 8 9
5 6 8 10
5 6 8 11
5 5 10 8
5 6 10 8
5 3 11 5
5 3 11 6
5 3 11 8
5 3 11 11
5 5 11 8
5 5 11 11
5 6 11 8
5 6 11 11
5 8 11 11
5 5 13 8
5 6 13 8
5 5 14 8
5 5 14 11
5 6 14 8
5 6 14 11
5 8 14 11
5 5 15 8
5 6 15 8
5 5 16 8
5 6 16 8
5 5 17 8
5 6 17 8
5 5 18 8
5 6 18 8
5 5 19 8
5 6 19 8
5 5 20 8
5 5 20 11
5 6 20 8
5 6 20 11
5 8 20 11
5 5 21 8
5 6 21 8
5 5 22 8
5 6 22 8
6 2 8 5
6 2 8 6
6 2 8 8
6 2 8 9
6 2 8 10
6 2 8 11
6 3 8 5
6 3 8 6
6 3 8 8
6 3 8 9
6 3 8 10
6 3 8 11
6 5 8 8
6 5 8 9
6 5 8 10
6 5 8 11
6 6 8 8
6 6 8 9
6 6 8 10
6 6 8 11
6 5 10 8
6 6 10 8
6 3 11 5
6 3 11 6
6 3 11 8
6 3 11 11
6 5 11 8
6 5 11 11
6 6 11 8
6 6 11 11
6 8 11 11
6 5 13 8
6 6 13 8
6 5 14 8
6 5 14 11
6 6 14 8
6 6 14 11
6 8 14 11
6 5 15 8
6 6 15 8
6 5 16 8
6 6 16 8
6 5 17 8
6 6 17 8
6 5 18 8
6 6 18 8
6 5 19 8
6 6 19 8
6 5 20 8
6 5 20 11
6 6 20 8
6 6 20 11
6 8 20 11
6 5 21 8
6 6 21 8
6 5 22 8
6 6 22 8
7 8 11 11
7 8 14 11
7 8 20 11
8 5 10 8
8 6 10 8
8 3 11 5
8 3 11 6
8 3 11 8
8 3 11 11
8 5 11 8
8 5 11 11
8 6 11 8
8 6 11 11
8 8 11 11
8 5 13 8
8 6 13 8
8 5 14 8
8 5 14 11
8 6 14 8
8 6 14 11
8 8 14 11
8 5 15 8
8 6 15 8
8 5 16 8
8 6 16 8
8 5 17 8
8 6 17 8
8 5 18 8
8 6 18 8
8 5 19 8
8 6 19 8
8 5 20 8
8 5 20 11
8 6 20 8
8 6 20 11
8 8 20 11
8 5 21 8
8 6 21 8
8 5 22 8
8 6 22 8
10 5 13 8
10 6 13 8
10 5 14 8
10 6 14 8
10 5 15 8
10 6 15 8
10 5 16 8
10 6 16 8
10 5 17 8
10 6 17 8
10 5 18 8
10 6 18 8
10 5 19 8
10 6 19 8
10 5 20 8
10 6 20 8
10 5 21 8
10 6 21 8
10 5 22 8
10 6 22 8
11 5 13 8
11 6 13 8
11 5 14 8
11 5 14 10
11 5 14 11
11 6 14 8
11 6 14 10
11 6 14 11
11 8 14 10
11 8 14 11
11 5 15 8
11 6 15 8
11 5 16 8
11 6 16 8
11 5 17 8
11 6 17 8
11 5 18 8
11 6 18 8
11 5 19 8
11 6 19 8
11 5 20 8
11 5 20 11
11 6 20 8
11 6 20 11
11 8 20 11
11 5 21 8
11 6 21 8
11 5 22 8
11 6 22 8
12 1 16 3
14 5 20 11
14 6 20 11
14 7 20 11
14 8 20 11
