10 21
001111111111111111111
111111111111111111111
111111111111111111111
111111111111111111111
111111111111111111111
111111111111111111111
111111111111111111111
111101111111111111111
111111111111111111111
111111111111111111111
832
1 3 9 6
1 3 9 7
1 3 9 8
1 3 9 9
1 3 9 10
1 3 9 11
1 3 9 12
1 3 9 13
1 3 9 14
1 3 9 15
1 3 9 16
1 3 9 17
1 3 9 18
1 3 9 19
1 3 9 20
1 3 9 21
1 4 9 6
1 4 9 7
1 4 9 8
1 4 9 9
1 4 9 10
1 4 9 11
1 4 9 12
1 4 9 13
1 4 9 14
1 4 9 15
1 4 9 16
1 4 9 17
1 4 9 18
1 4 9 19
1 4 9 20
1 4 9 21
1 3 10 6
1 3 10 7
1 3 10 8
1 3 10 9
1 3 10 10
1 3 10 11
1 3 10 12
1 3 10 13
1 3 10 14
1 3 10 15
1 3 10 16
1 3 10 17
1 3 10 18
1 3 10 19
1 3 10 20
1 3 10 21
1 4 10 6
1 4 10 7
1 4 10 8
1 4 10 9
1 4 10 10
1 4 10 11
1 4 10 12
1 4 10 13
1 4 10 14
1 4 10 15
1 4 10 16
1 4 10 17
1 4 10 18
1 4 10 19
1 4 10 20
1 4 10 21
2 1 9 6
2 1 9 7
2 1 9 8
2 1 9 9
2 1 9 10
2 1 9 11
2 1 9 12
2 1 9 13
2 1 9 14
2 1 9 15
2 1 9 16
2 1 9 17
2 1 9 18
2 1 9 19
2 1 9 20
2 1 9 21
2 2 9 6
2 2 9 7
2 2 9 8
2 2 9 9
2 2 9 10
2 2 9 11
2 2 9 12
2 2 9 13
2 2 9 14
2 2 9 15
2 2 9 16
2 2 9 17
2 2 9 18
2 2 9 19
2 2 9 20
2 2 9 21
2 3 9 6
2 3 9 7
2 3 9 8
2 3 9 9
2 3 9 10
2 3 9 11
2 3 9 12
2 3 9 13
2 3 9 14
2 3 9 15
2 3 9 16
2 3 9 17
2 3 9 18
2 3 9 19
2 3 9 20
2 3 9 21
2 4 9 6
2 4 9 7
2 4 9 8
2 4 9 9
2 4 9 10
2 4 9 11
2 4 9 12
2 4 9 13
2 4 9 14
2 4 9 15
2 4 9 16
2 4 9 17
2 4 9 18
2 4 9 19
2 4 9 20
2 4 9 21
2 1 10 6
2 1 10 7
2 1 10 8
2 1 10 9
2 1 10 10
2 1 10 11
2 1 10 12
2 1 10 13
2 1 10 14
2 1 10 15
2 1 10 16
2 1 10 17
2 1 10 18
2 1 10 19
2 1 10 20
2 1 10 21
2 2 10 6
2 2 10 7
2 2 10 8
2 2 10 9
2 2 10 10
2 2 10 11
2 2 10 12
2 2 10 13
2 2 10 14
2 2 10 15
2 2 10 16
2 2 10 17
2 2 10 18
2 2 10 19
2 2 10 20
2 2 10 21
2 3 10 6
2 3 10 7
2 3 10 8
2 3 10 9
2 3 10 10
2 3 10 11
2 3 10 12
2 3 10 13
2 3 10 14
2 3 10 15
2 3 10 16
2 3 10 17
2 3 10 18
2 3 10 19
2 3 10 20
2 3 10 21
2 4 10 6
2 4 10 7
2 4 10 8
2 4 10 9
2 4 10 10
2 4 10 11
2 4 10 12
2 4 10 13
2 4 10 14
2 4 10 15
2 4 10 16
2 4 10 17
2 4 10 18
2 4 10 19
2 4 10 20
2 4 10 21
3 1 9 6
3 1 9 7
3 1 9 8
3 1 9 9
3 1 9 10
3 1 9 11
3 1 9 12
3 1 9 13
3 1 9 14
3 1 9 15
3 1 9 16
3 1 9 17
3 1 9 18
3 1 9 19
3 1 9 20
3 1 9 21
3 2 9 6
3 2 9 7
3 2 9 8
3 2 9 9
3 2 9 10
3 2 9 11
3 2 9 12
3 2 9 13
3 2 9 14
3 2 9 15
3 2 9 16
3 2 9 17
3 2 9 18
3 2 9 19
3 2 9 20
3 2 9 21
3 3 9 6
3 3 9 7
3 3 9 8
3 3 9 9
3 3 9 10
3 3 9 11
3 3 9 12
3 3 9 13
3 3 9 14
3 3 9 15
3 3 9 16
3 3 9 17
3 3 9 18
3 3 9 19
3 3 9 20
3 3 9 21
3 4 9 6
3 4 9 7
3 4 9 8
3 4 9 9
3 4 9 10
3 4 9 11
3 4 9 12
3 4 9 13
3 4 9 14
3 4 9 15
3 4 9 16
3 4 9 17
3 4 9 18
3 4 9 19
3 4 9 20
3 4 9 21
3 1 10 6
3 1 10 7
3 1 10 8
3 1 10 9
3 1 10 10
3 1 10 11
3 1 10 12
3 1 10 13
3 1 10 14
3 1 10 15
3 1 10 16
3 1 10 17
3 1 10 18
3 1 10 19
3 1 10 20
3 1 10 21
3 2 10 6
3 2 10 7
3 2 10 8
3 2 10 9
3 2 10 10
3 2 10 11
3 2 10 12
3 2 10 13
3 2 10 14
3 2 10 15
3 2 10 16
3 2 10 17
3 2 10 18
3 2 10 19
3 2 10 20
3 2 10 21
3 3 10 6
3 3 10 7
3 3 10 8
3 3 10 9
3 3 10 10
3 3 10 11
3 3 10 12
3 3 10 13
3 3 10 14
3 3 10 15
3 3 10 16
3 3 10 17
3 3 10 18
3 3 10 19
3 3 10 20
3 3 10 21
3 4 10 6
3 4 10 7
3 4 10 8
3 4 10 9
3 4 10 10
3 4 10 11
3 4 10 12
3 4 10 13
3 4 10 14
3 4 10 15
3 4 10 16
3 4 10 17
3 4 10 18
3 4 10 19
3 4 10 20
3 4 10 21
4 1 9 6
4 1 9 7
4 1 9 8
4 1 9 9
4 1 9 10
4 1 9 11
4 1 9 12
4 1 9 13
4 1 9 14
4 1 9 15
4 1 9 16
4 1 9 17
4 1 9 18
4 1 9 19
4 1 9 20
4 1 9 21
4 2 9 6
4 2 9 7
4 2 9 8
4 2 9 9
4 2 9 10
4 2 9 11
4 2 9 12
4 2 9 13
4 2 9 14
4 2 9 15
4 2 9 16
4 2 9 17
4 2 9 18
4 2 9 19
4 2 9 20
4 2 9 21
4 3 9 6
4 3 9 7
4 3 9 8
4 3 9 9
4 3 9 10
4 3 9 11
4 3 9 12
4 3 9 13
4 3 9 14
4 3 9 15
4 3 9 16
4 3 9 17
4 3 9 18
4 3 9 19
4 3 9 20
4 3 9 21
4 4 9 6
4 4 9 7
4 4 9 8
4 4 9 9
4 4 9 10
4 4 9 11
4 4 9 12
4 4 9 13
4 4 9 14
4 4 9 15
4 4 9 16
4 4 9 17
4 4 9 18
4 4 9 19
4 4 9 20
4 4 9 21
4 1 10 6
4 1 10 7
4 1 10 8
4 1 10 9
4 1 10 10
4 1 10 11
4 1 10 12
4 1 10 13
4 1 10 14
4 1 10 15
4 1 10 16
4 1 10 17
4 1 10 18
4 1 10 19
4 1 10 20
4 1 10 21
4 2 10 6
4 2 10 7
4 2 10 8
4 2 10 9
4 2 10 10
4 2 10 11
4 2 10 12
4 2 10 13
4 2 10 14
4 2 10 15
4 2 10 16
4 2 10 17
4 2 10 18
4 2 10 19
4 2 10 20
4 2 10 21
4 3 10 6
4 3 10 7
4 3 10 8
4 3 10 9
4 3 10 10
4 3 10 11
4 3 10 12
4 3 10 13
4 3 10 14
4 3 10 15
4 3 10 16
4 3 10 17
4 3 10 18
4 3 10 19
4 3 10 20
4 3 10 21
4 4 10 6
4 4 10 7
4 4 10 8
4 4 10 9
4 4 10 10
4 4 10 11
4 4 10 12
4 4 10 13
4 4 10 14
4 4 10 15
4 4 10 16
4 4 10 17
4 4 10 18
4 4 10 19
4 4 10 20
4 4 10 21
5 1 9 6
5 1 9 7
5 1 9 8
5 1 9 9
5 1 9 10
5 1 9 11
5 1 9 12
5 1 9 13
5 1 9 14
5 1 9 15
5 1 9 16
5 1 9 17
5 1 9 18
5 1 9 19
5 1 9 20
5 1 9 21
5 2 9 6
5 2 9 7
5 2 9 8
5 2 9 9
5 2 9 10
5 2 9 11
5 2 9 12
5 2 9 13
5 2 9 14
5 2 9 15
5 2 9 16
5 2 9 17
5 2 9 18
5 2 9 19
5 2 9 20
5 2 9 21
5 3 9 6
5 3 9 7
5 3 9 8
5 3 9 9
5 3 9 10
5 3 9 11
5 3 9 12
5 3 9 13
5 3 9 14
5 3 9 15
5 3 9 16
5 3 9 17
5 3 9 18
5 3 9 19
5 3 9 20
5 3 9 21
5 4 9 6
5 4 9 7
5 4 9 8
5 4 9 9
5 4 9 10
5 4 9 11
5 4 9 12
5 4 9 13
5 4 9 14
5 4 9 15
5 4 9 16
5 4 9 17
5 4 9 18
5 4 9 19
5 4 9 20
5 4 9 21
5 1 10 6
5 1 10 7
5 1 10 8
5 1 10 9
5 1 10 10
5 1 10 11
5 1 10 12
5 1 10 13
5 1 10 14
5 1 10 15
5 1 10 16
5 1 10 17
5 1 10 18
5 1 10 19
5 1 10 20
5 1 10 21
5 2 10 6
5 2 10 7
5 2 10 8
5 2 10 9
5 2 10 10
5 2 10 11
5 2 10 12
5 2 10 13
5 2 10 14
5 2 10 15
5 2 10 16
5 2 10 17
5 2 10 18
5 2 10 19
5 2 10 20
5 2 10 21
5 3 10 6
5 3 10 7
5 3 10 8
5 3 10 9
5 3 10 10
5 3 10 11
5 3 10 12
5 3 10 13
5 3 10 14
5 3 10 15
5 3 10 16
5 3 10 17
5 3 10 18
5 3 10 19
5 3 10 20
5 3 10 21
5 4 10 6
5 4 10 7
5 4 10 8
5 4 10 9
5 4 10 10
5 4 10 11
5 4 10 12
5 4 10 13
5 4 10 14
5 4 10 15
5 4 10 16
5 4 10 17
5 4 10 18
5 4 10 19
5 4 10 20
5 4 10 21
6 1 9 6
6 1 9 7
6 1 9 8
6 1 9 9
6 1 9 10
6 1 9 11
6 1 9 12
6 1 9 13
6 1 9 14
6 1 9 15
6 1 9 16
6 1 9 17
6 1 9 18
6 1 9 19
6 1 9 20
6 1 9 21
6 2 9 6
6 2 9 7
6 2 9 8
6 2 9 9
6 2 9 10
6 2 9 11
6 2 9 12
6 2 9 13
6 2 9 14
6 2 9 15
6 2 9 16
6 2 9 17
6 2 9 18
6 2 9 19
6 2 9 20
6 2 9 21
6 3 9 6
6 3 9 7
6 3 9 8
6 3 9 9
6 3 9 10
6 3 9 11
6 3 9 12
6 3 9 13
6 3 9 14
6 3 9 15
6 3 9 16
6 3 9 17
6 3 9 18
6 3 9 19
6 3 9 20
6 3 9 21
6 4 9 6
6 4 9 7
6 4 9 8
6 4 9 9
6 4 9 10
6 4 9 11
6 4 9 12
6 4 9 13
6 4 9 14
6 4 9 15
6 4 9 16
6 4 9 17
6 4 9 18
6 4 9 19
6 4 9 20
6 4 9 21
6 1 10 6
6 1 10 7
6 1 10 8
6 1 10 9
6 1 10 10
6 1 10 11
6 1 10 12
6 1 10 13
6 1 10 14
6 1 10 15
6 1 10 16
6 1 10 17
6 1 10 18
6 1 10 19
6 1 10 20
6 1 10 21
6 2 10 6
6 2 10 7
6 2 10 8
6 2 10 9
6 2 10 10
6 2 10 11
6 2 10 12
6 2 10 13
6 2 10 14
6 2 10 15
6 2 10 16
6 2 10 17
6 2 10 18
6 2 10 19
6 2 10 20
6 2 10 21
6 3 10 6
6 3 10 7
6 3 10 8
6 3 10 9
6 3 10 10
6 3 10 11
6 3 10 12
6 3 10 13
6 3 10 14
6 3 10 15
6 3 10 16
6 3 10 17
6 3 10 18
6 3 10 19
6 3 10 20
6 3 10 21
6 4 10 6
6 4 10 7
6 4 10 8
6 4 10 9
6 4 10 10
6 4 10 11
6 4 10 12
6 4 10 13
6 4 10 14
6 4 10 15
6 4 10 16
6 4 10 17
6 4 10 18
6 4 10 19
6 4 10 20
6 4 10 21
7 1 9 6
7 1 9 7
7 1 9 8
7 1 9 9
7 1 9 10
7 1 9 11
7 1 9 12
7 1 9 13
7 1 9 14
7 1 9 15
7 1 9 16
7 1 9 17
7 1 9 18
7 1 9 19
7 1 9 20
7 1 9 21
7 2 9 6
7 2 9 7
7 2 9 8
7 2 9 9
7 2 9 10
7 2 9 11
7 2 9 12
7 2 9 13
7 2 9 14
7 2 9 15
7 2 9 16
7 2 9 17
7 2 9 18
7 2 9 19
7 2 9 20
7 2 9 21
7 3 9 6
7 3 9 7
7 3 9 8
7 3 9 9
7 3 9 10
7 3 9 11
7 3 9 12
7 3 9 13
7 3 9 14
7 3 9 15
7 3 9 16
7 3 9 17
7 3 9 18
7 3 9 19
7 3 9 20
7 3 9 21
7 4 9 6
7 4 9 7
7 4 9 8
7 4 9 9
7 4 9 10
7 4 9 11
7 4 9 12
7 4 9 13
7 4 9 14
7 4 9 15
7 4 9 16
7 4 9 17
7 4 9 18
7 4 9 19
7 4 9 20
7 4 9 21
7 1 10 6
7 1 10 7
7 1 10 8
7 1 10 9
7 1 10 10
7 1 10 11
7 1 10 12
7 1 10 13
7 1 10 14
7 1 10 15
7 1 10 16
7 1 10 17
7 1 10 18
7 1 10 19
7 1 10 20
7 1 10 21
7 2 10 6
7 2 10 7
7 2 10 8
7 2 10 9
7 2 10 10
7 2 10 11
7 2 10 12
7 2 10 13
7 2 10 14
7 2 10 15
7 2 10 16
7 2 10 17
7 2 10 18
7 2 10 19
7 2 10 20
7 2 10 21
7 3 10 6
7 3 10 7
7 3 10 8
7 3 10 9
7 3 10 10
7 3 10 11
7 3 10 12
7 3 10 13
7 3 10 14
7 3 10 15
7 3 10 16
7 3 10 17
7 3 10 18
7 3 10 19
7 3 10 20
7 3 10 21
7 4 10 6
7 4 10 7
7 4 10 8
7 4 10 9
7 4 10 10
7 4 10 11
7 4 10 12
7 4 10 13
7 4 10 14
7 4 10 15
7 4 10 16
7 4 10 17
7 4 10 18
7 4 10 19
7 4 10 20
7 4 10 21
