16 13
0000000000000
1111111111110
1001111111110
1001000000110
1001000000110
1001001111110
1001011111110
1001011011110
1001111111111
1011111111111
1011111111111
1011110010011
1011111110011
1011111111111
1010100000010
1111111111110
119
2 4 9 11
2 4 9 12
2 4 10 11
2 4 10 12
2 4 11 11
2 4 11 12
2 4 14 12
2 1 16 12
3 4 9 11
3 4 9 12
3 4 10 11
3 4 10 12
3 4 11 11
3 4 11 12
3 4 14 12
6 7 9 9
6 7 9 10
6 7 9 11
6 7 9 12
6 7 10 9
6 7 10 10
6 7 10 11
6 7 10 12
6 7 11 9
6 7 11 10
6 7 11 11
6 7 11 12
6 9 14 12
7 6 9 9
7 6 9 10
7 6 9 11
7 6 9 12
7 7 9 9
7 7 9 10
7 7 9 11
7 7 9 12
7 6 10 9
7 6 10 10
7 6 10 11
7 6 10 12
7 7 10 9
7 7 10 10
7 7 10 11
7 7 10 12
7 6 11 9
7 6 11 10
7 6 11 11
7 6 11 12
7 7 11 9
7 7 11 10
7 7 11 11
7 7 11 12
7 6 13 9
7 6 14 9
7 6 14 12
7 9 14 12
8 9 14 12
9 4 13 9
9 5 13 9
9 6 13 9
9 4 14 9
9 4 14 12
9 4 14 13
9 5 14 9
9 5 14 12
9 5 14 13
9 6 14 9
9 6 14 12
9 6 14 13
9 9 14 12
9 9 14 13
9 5 16 12
10 3 13 9
10 4 13 9
10 5 13 9
10 6 13 9
10 3 14 9
10 3 14 12
10 3 14 13
10 4 14 9
10 4 14 12
10 4 14 13
10 5 14 9
10 5 14 12
10 5 14 13
10 6 14 9
10 6 14 12
10 6 14 13
10 9 14 12
10 9 14 13
10 3 16 5
10 3 16 12
10 5 16 12
11 3 13 9
11 4 13 9
11 5 13 9
11 6 13 9
11 3 14 9
11 3 14 12
11 3 14 13
11 4 14 9
11 4 14 12
11 4 14 13
11 5 14 9
11 5 14 12
11 5 14 13
11 6 14 9
11 6 14 12
11 6 14 13
11 9 14 12
11 9 14 13
11 3 16 5
11 3 16 12
11 5 16 12
12 3 16 5
13 3 16 5
14 3 16 5
14 3 16 12
14 5 16 12
