11 23
00000111111111111111000
00000110011111111111111
00000111111111111111111
00000110001111111111111
00000110001011010001001
00000111111111111111001
00000000001111110000001
00000000001111111111111
00000000001001110000001
00000000001000000000001
00000000001111111111111
138
1 6 3 10
1 6 3 11
1 6 3 12
1 6 3 13
1 6 3 14
1 6 3 15
1 6 3 16
1 6 3 17
1 6 3 18
1 6 3 19
1 6 3 20
1 7 3 10
1 7 3 11
1 7 3 12
1 7 3 13
1 7 3 14
1 7 3 15
1 7 3 16
1 7 3 17
1 7 3 18
1 7 3 19
1 7 3 20
1 6 6 11
1 6 6 13
1 6 6 14
1 6 6 16
1 6 6 20
1 7 6 11
1 7 6 13
1 7 6 14
1 7 6 16
1 7 6 20
1 11 6 13
1 11 6 14
1 11 6 16
1 11 6 20
1 13 6 16
1 13 6 20
1 14 6 16
1 14 6 20
1 16 6 20
1 11 7 13
1 11 7 14
1 11 7 16
1 13 7 16
1 14 7 16
1 11 8 13
1 11 8 14
1 11 8 16
1 13 8 16
1 14 8 16
1 14 9 16
2 11 6 13
2 11 6 14
2 11 6 16
2 11 6 20
2 13 6 16
2 13 6 20
2 14 6 16
2 14 6 20
2 16 6 20
2 11 7 13
2 11 7 14
2 11 7 16
2 13 7 16
2 14 7 16
2 11 8 13
2 11 8 14
2 11 8 16
2 11 8 23
2 13 8 16
2 13 8 23
2 14 8 16
2 14 8 23
2 16 8 23
2 14 9 16
2 11 11 23
3 6 6 11
3 6 6 13
3 6 6 14
3 6 6 16
3 6 6 20
3 7 6 11
3 7 6 13
3 7 6 14
3 7 6 16
3 7 6 20
3 11 6 13
3 11 6 14
3 11 6 16
3 11 6 20
3 13 6 16
3 13 6 20
3 14 6 16
3 14 6 20
3 16 6 20
3 11 7 13
3 11 7 14
3 11 7 16
3 13 7 16
3 14 7 16
3 11 8 13
3 11 8 14
3 11 8 16
3 11 8 23
3 13 8 16
3 13 8 23
3 14 8 16
3 14 8 23
3 16 8 23
3 14 9 16
3 11 11 23
4 11 6 13
4 11 6 14
4 11 6 16
4 11 6 20
4 13 6 16
4 13 6 20
4 14 6 16
4 14 6 20
4 16 6 20
4 11 7 13
4 11 7 14
4 11 7 16
4 13 7 16
4 14 7 16
4 11 8 13
4 11 8 14
4 11 8 16
4 11 8 23
4 13 8 16
4 13 8 23
4 14 8 16
4 14 8 23
4 16 8 23
4 14 9 16
4 11 11 23
8 11 11 23
