20 24
000000000000000000000000
000000011111111100000000
000000010000000100000000
000000010000000100000000
000000010000000100000000
000000010000000100000000
000000010000000100000000
000000010000000100000000
000000010000000100000000
000000010000000100000000
000000010000000100000000
000000010000000100011100
000000011111111100010100
000000000000000000010100
000000000000000000010100
000000000000000000010100
000000000000000000010100
000000000000000000010100
000000000000000000011100
000000000000000000000000
2
2 8 13 16
12 20 19 22
