10 11
00000001110
11111111010
11100111010
11100111010
11111111111
11111111011
11100111011
11100111111
11111111111
00000000000
66
1 8 5 10
1 8 8 10
1 8 9 10
2 1 5 6
2 1 5 7
2 1 5 8
2 2 5 6
2 2 5 7
2 2 5 8
2 3 5 6
2 3 5 7
2 3 5 8
2 1 6 6
2 1 6 7
2 1 6 8
2 2 6 6
2 2 6 7
2 2 6 8
2 3 6 6
2 3 6 7
2 3 6 8
2 1 9 6
2 1 9 7
2 1 9 8
2 2 9 6
2 2 9 7
2 2 9 8
2 3 9 6
2 3 9 7
2 3 9 8
5 6 8 10
5 6 8 11
5 7 8 10
5 7 8 11
5 8 8 10
5 8 8 11
5 1 9 6
5 1 9 7
5 1 9 8
5 1 9 10
5 1 9 11
5 2 9 6
5 2 9 7
5 2 9 8
5 2 9 10
5 2 9 11
5 3 9 6
5 3 9 7
5 3 9 8
5 3 9 10
5 3 9 11
5 6 9 10
5 6 9 11
5 7 9 10
5 7 9 11
5 8 9 10
5 8 9 11
6 1 9 6
6 1 9 7
6 1 9 8
6 2 9 6
6 2 9 7
6 2 9 8
6 3 9 6
6 3 9 7
6 3 9 8
