12 15
000001111110000
000001110010000
011111111111000
010111111011000
010100101011000
010100101011000
011111111111110
000100101010010
000100101010010
000111111111110
000000100010000
000000111110000
45
1 6 3 11
1 7 3 11
1 8 3 11
1 7 7 11
1 7 10 11
1 7 12 11
3 2 7 4
3 2 7 7
3 2 7 9
3 2 7 11
3 2 7 12
3 4 7 7
3 4 7 9
3 4 7 11
3 4 7 12
3 7 7 9
3 7 7 11
3 7 7 12
3 9 7 11
3 9 7 12
3 4 10 7
3 4 10 9
3 4 10 11
3 7 10 9
3 7 10 11
3 9 10 11
3 7 12 11
4 4 7 7
4 4 7 9
4 7 7 9
4 4 10 7
4 4 10 9
4 7 10 9
7 4 10 7
7 4 10 9
7 4 10 11
7 4 10 14
7 7 10 9
7 7 10 11
7 7 10 14
7 9 10 11
7 9 10 14
7 11 10 14
7 7 12 11
10 7 12 11
