10 12
111111111111
111111111001
101111111111
101011111111
101111111011
101011111111
111111011010
001011111010
001111110010
000000011110
119
1 3 3 12
1 4 3 12
1 5 3 12
1 6 3 12
1 7 3 12
1 8 3 12
1 9 3 12
1 5 4 12
1 6 4 12
1 7 4 12
1 8 4 12
1 9 4 12
1 3 5 5
1 3 5 6
1 3 5 7
1 3 5 8
1 3 5 9
1 5 6 12
1 6 6 12
1 7 6 12
1 8 6 12
1 9 6 12
1 1 7 3
1 1 7 5
1 1 7 6
1 3 7 5
1 3 7 6
1 5 8 8
1 5 8 9
1 6 8 8
1 6 8 9
1 3 9 5
1 3 9 6
1 3 9 8
1 5 9 8
1 6 9 8
2 3 5 5
2 3 5 6
2 3 5 7
2 3 5 8
2 3 5 9
2 1 7 3
2 1 7 5
2 1 7 6
2 3 7 5
2 3 7 6
2 5 8 8
2 5 8 9
2 6 8 8
2 6 8 9
2 3 9 5
2 3 9 6
2 3 9 8
2 5 9 8
2 6 9 8
3 3 5 5
3 3 5 6
3 3 5 7
3 3 5 8
3 3 5 9
3 5 6 11
3 5 6 12
3 6 6 11
3 6 6 12
3 7 6 11
3 7 6 12
3 8 6 11
3 8 6 12
3 9 6 11
3 9 6 12
3 3 7 5
3 3 7 6
3 5 8 8
3 5 8 9
3 6 8 8
3 6 8 9
3 3 9 5
3 3 9 6
3 3 9 8
3 5 9 8
3 6 9 8
3 8 10 11
4 5 6 11
4 5 6 12
4 6 6 11
4 6 6 12
4 7 6 11
4 7 6 12
4 8 6 11
4 8 6 12
4 9 6 11
4 9 6 12
4 5 8 8
4 5 8 9
4 6 8 8
4 6 8 9
4 5 9 8
4 6 9 8
4 8 10 11
5 3 7 5
5 3 7 6
5 5 8 8
5 5 8 9
5 6 8 8
5 6 8 9
5 3 9 5
5 3 9 6
5 3 9 8
5 5 9 8
5 6 9 8
6 5 8 8
6 5 8 9
6 6 8 8
6 6 8 9
6 5 9 8
6 6 9 8
6 8 10 11
7 3 9 5
7 3 9 6
