23 10
0000011100
0111111100
0100111111
0100110111
1111110111
1100110111
1100110111
1100111111
1100100111
1100100111
1100100101
1111111101
1100111101
1111101101
1111111101
1100100101
1100100101
1111111101
0111111111
0110100100
0111111100
0000111100
0000000000
119
1 6 8 8
2 2 5 5
2 2 5 6
2 5 8 8
2 6 8 8
2 2 12 5
2 2 12 8
2 5 12 8
2 5 13 8
2 2 14 5
2 2 15 5
2 2 15 8
2 5 15 8
2 2 18 5
2 2 18 8
2 5 18 8
2 2 19 5
2 2 19 8
2 5 19 8
2 2 21 5
2 2 21 8
2 5 21 8
2 5 22 8
3 5 8 8
3 5 8 9
3 5 8 10
3 6 8 8
3 6 8 9
3 6 8 10
3 5 12 8
3 5 13 8
3 5 15 8
3 5 18 8
3 5 19 8
3 5 19 10
3 8 19 10
3 5 21 8
3 5 22 8
4 8 19 10
5 1 12 5
5 2 12 5
5 1 14 5
5 2 14 5
5 1 15 5
5 2 15 5
5 1 18 5
5 2 18 5
5 2 19 5
5 8 19 10
5 2 21 5
6 8 19 10
7 8 19 10
8 5 12 8
8 5 13 8
8 5 15 8
8 5 18 8
8 5 19 8
8 5 19 10
8 8 19 10
8 5 21 8
8 5 22 8
9 8 19 10
10 8 19 10
12 1 14 5
12 2 14 5
12 1 15 5
12 1 15 7
12 1 15 8
12 2 15 5
12 2 15 7
12 2 15 8
12 5 15 7
12 5 15 8
12 1 18 5
12 1 18 8
12 2 18 5
12 2 18 8
12 5 18 8
12 2 19 5
12 2 19 8
12 5 19 8
12 2 21 5
12 2 21 8
12 5 21 8
12 5 22 8
13 5 15 7
13 5 15 8
13 5 18 8
13 5 19 8
13 5 21 8
13 5 22 8
14 1 18 5
14 2 18 5
14 2 19 5
14 2 21 5
15 1 18 5
15 1 18 8
15 2 18 5
15 2 18 8
15 5 18 8
15 2 19 5
15 2 19 8
15 5 19 8
15 2 21 5
15 2 21 8
15 5 21 8
15 5 22 8
18 2 21 5
18 2 21 8
18 3 21 5
18 3 21 8
18 5 21 8
18 5 22 8
19 2 21 5
19 2 21 8
19 3 21 5
19 3 21 8
19 5 21 8
19 5 22 8
