21 19
0000000000000000000
0000000000000000000
0000000000111111110
0000000000100000010
0000000000100000010
0001111111110000010
0001000000110000010
0001111111110000010
0001111111111110010
0001000000100010010
0001000000100010010
0001000000100010010
0001000000100010010
0001000000100010010
0001000000100010010
0001111111111110010
0001000000100010010
0001000000100010010
0001111111111110010
0001000000100010010
0001111111111111110
29
3 11 21 18
6 4 8 11
6 4 8 12
6 4 9 11
6 4 9 12
6 4 16 11
6 4 19 11
6 4 21 11
8 4 16 11
8 4 19 11
8 4 21 11
9 4 16 11
9 4 16 15
9 11 16 15
9 4 19 11
9 4 19 15
9 11 19 15
9 4 21 11
9 4 21 15
9 11 21 15
16 4 19 11
16 4 19 15
16 11 19 15
16 4 21 11
16 4 21 15
16 11 21 15
19 4 21 11
19 4 21 15
19 11 21 15
