17 21
011111111111111011100
010010001000001010100
010011111111111111100
011111111000001010100
111111111111111111100
100011111111111111111
100010000100001010101
100011111111111111111
100010000000001010000
100011111111111111111
100010000000001010001
111111111111111110001
000011111111111000001
000011111111111111111
000000000000000000000
000000000000000000000
000000000000000000000
133
1 5 3 9
1 5 3 15
1 9 3 15
1 17 3 19
1 2 4 5
1 2 4 9
1 5 4 9
1 2 5 5
1 2 5 9
1 2 5 15
1 5 5 9
1 5 5 15
1 9 5 15
1 17 5 19
1 5 6 9
1 5 6 15
1 9 6 15
1 17 6 19
1 5 8 15
1 17 8 19
1 5 10 15
1 5 12 15
1 5 13 15
1 5 14 15
3 5 5 15
3 5 5 17
3 5 5 19
3 6 5 15
3 6 5 17
3 6 5 19
3 7 5 15
3 7 5 17
3 7 5 19
3 8 5 15
3 8 5 17
3 8 5 19
3 9 5 15
3 9 5 17
3 9 5 19
3 15 5 17
3 15 5 19
3 17 5 19
3 5 6 15
3 5 6 17
3 5 6 19
3 6 6 15
3 6 6 17
3 6 6 19
3 7 6 15
3 7 6 17
3 7 6 19
3 8 6 15
3 8 6 17
3 8 6 19
3 9 6 15
3 9 6 17
3 9 6 19
3 15 6 17
3 15 6 19
3 17 6 19
3 5 8 15
3 5 8 17
3 5 8 19
3 15 8 17
3 15 8 19
3 17 8 19
3 5 10 15
3 5 10 17
3 15 10 17
3 5 12 15
3 5 12 17
3 15 12 17
3 5 13 15
3 5 14 15
5 5 8 10
5 5 8 15
5 5 8 17
5 5 8 19
5 10 8 15
5 10 8 17
5 10 8 19
5 15 8 17
5 15 8 19
5 17 8 19
5 5 10 15
5 5 10 17
5 15 10 17
5 1 12 5
5 1 12 15
5 1 12 17
5 5 12 15
5 5 12 17
5 15 12 17
5 5 13 15
5 5 14 15
6 5 8 10
6 5 8 15
6 5 8 17
6 5 8 19
6 5 8 21
6 10 8 15
6 10 8 17
6 10 8 19
6 10 8 21
6 15 8 17
6 15 8 19
6 15 8 21
6 17 8 19
6 17 8 21
6 19 8 21
6 5 10 15
6 5 10 17
6 15 10 17
6 5 12 15
6 5 12 17
6 15 12 17
6 5 13 15
6 5 14 15
8 5 10 15
8 5 10 17
8 15 10 17
8 5 12 15
8 5 12 17
8 15 12 17
8 5 13 15
8 5 14 15
10 5 12 15
10 5 12 17
10 15 12 17
10 5 13 15
10 5 14 15
10 5 14 21
10 15 14 21
