21 23
00000000000000000000000
00000000000000000000000
01111110000000000000111
01000010000000000000101
01000010000000000000101
01011111000000001111111
01010011000000001000101
01111111111111111110101
01111111000000001010101
01010001000000001010101
01010001000000001010101
01010001000000001010101
01010001000000001010101
01010001000000001010101
01010001000000001010111
01011111000000001010001
01000000000000001010001
01000000000000001111111
01111111111111111110000
00000000000000000000000
00000000000000000000000
17
3 21 6 23
3 2 8 7
3 2 9 7
3 21 15 23
6 4 8 7
6 4 8 8
6 4 9 7
6 4 9 8
6 21 15 23
6 4 16 8
6 17 18 23
8 4 16 8
8 17 18 19
8 2 19 17
8 2 19 19
8 17 19 19
9 4 16 8
