21 21
000000111111111100000
000000100010000100000
000000100010000111000
000000100010000101000
000000100010000101000
000000100010000101000
000001111010000101000
000001101010000101000
000001101010000111000
000001101010000100000
000001111010000100000
000000100010000100000
000000111110000100000
000000100000000100000
000000100000000100000
000000100000000100000
000000100000000100000
000000111111111100000
000000000000000000000
000000000000000000000
000000000000000000000
5
1 7 13 11
1 7 18 16
3 16 9 18
7 6 11 9
7 7 11 9
