21 23
00000000000000000000000
00000000000000000000000
01110000000000000000000
01010000000000000000000
01010000000000000000000
01010000000000000000000
11111111111100000000000
11010000000100000000000
11010000000100000000000
11111111111100000000000
01010000000000000000000
01010000000000000000000
01110000000000000000000
00011111000000000000000
00010001000000000000000
00010001000000000000000
00010001000000000000000
00010001000000000000000
00010001000000000000000
00011111000000000000000
00000000000000000000000
11
3 2 7 4
3 2 10 4
3 2 13 4
7 1 10 4
7 1 10 12
7 2 10 4
7 2 10 12
7 4 10 12
7 2 13 4
10 2 13 4
14 4 20 8
