20 25
0111111000000000000000000
0100001000000000000011111
0100001000000000000010001
0100001000000000000010001
0111111000000000000010001
0000000000000000000010001
0000000000000000000010001
0000000000000000000111101
0011100000000000000110101
0010100000000000000110101
0010100000000000000110101
0010100000000000000111111
0010100000000000000100100
0010100000000000000100100
0010100000000000000100100
0011100000000000000100100
0000000000000000000100100
0000000000000000000100100
0000000000000000000111100
0000000000000000000000000
7
1 2 5 7
2 21 12 25
8 20 12 23
8 21 12 23
8 20 19 23
9 3 16 5
12 20 19 23
