24 19
0001111111100111000
0001000000100101000
0001000000100101000
0001111111111111000
0001100111111111110
0001100100101001110
0001100100101001110
0001100100101001110
0001111111111001110
1111111111111001110
1001100100111001110
1001100100111001110
1111100100111001110
1001100100111001110
1001100100111001110
1111111111111001110
1111111111111001110
1001111111111001110
1000100100001001110
1000100100001001110
1000100100001001110
1111111111111111110
1111100100001111110
0000000111111111110
229
1 4 4 11
1 14 4 16
1 14 5 16
1 4 9 11
1 4 10 11
1 4 16 11
1 4 17 11
1 4 18 11
4 4 9 8
4 4 9 11
4 4 9 13
4 5 9 8
4 5 9 11
4 5 9 13
4 8 9 11
4 8 9 13
4 11 9 13
4 4 10 8
4 4 10 11
4 4 10 13
4 5 10 8
4 5 10 11
4 5 10 13
4 8 10 11
4 8 10 13
4 11 10 13
4 11 11 13
4 11 12 13
4 11 13 13
4 11 14 13
4 11 15 13
4 4 16 8
4 4 16 11
4 4 16 13
4 5 16 8
4 5 16 11
4 5 16 13
4 8 16 11
4 8 16 13
4 11 16 13
4 4 17 8
4 4 17 11
4 4 17 13
4 5 17 8
4 5 17 11
4 5 17 13
4 8 17 11
4 8 17 13
4 11 17 13
4 4 18 8
4 4 18 11
4 4 18 13
4 5 18 8
4 5 18 11
4 5 18 13
4 8 18 11
4 8 18 13
4 11 18 13
4 5 22 8
4 5 22 13
4 5 22 16
4 8 22 13
4 8 22 16
4 13 22 16
4 13 23 16
4 8 24 13
4 8 24 16
4 13 24 16
5 8 9 11
5 8 9 13
5 11 9 13
5 8 10 11
5 8 10 13
5 11 10 13
5 11 11 13
5 11 12 13
5 11 13 13
5 11 14 13
5 11 15 13
5 8 16 11
5 8 16 13
5 11 16 13
5 8 17 11
5 8 17 13
5 11 17 13
5 8 18 11
5 8 18 13
5 11 18 13
5 8 22 13
5 8 22 16
5 8 22 17
5 8 22 18
5 13 22 16
5 13 22 17
5 13 22 18
5 13 23 16
5 13 23 17
5 13 23 18
5 8 24 13
5 8 24 16
5 8 24 17
5 8 24 18
5 13 24 16
5 13 24 17
5 13 24 18
9 4 16 8
9 4 16 11
9 4 16 12
9 4 16 13
9 5 16 8
9 5 16 11
9 5 16 12
9 5 16 13
9 8 16 11
9 8 16 12
9 8 16 13
9 4 17 8
9 4 17 11
9 4 17 12
9 4 17 13
9 5 17 8
9 5 17 11
9 5 17 12
9 5 17 13
9 8 17 11
9 8 17 12
9 8 17 13
9 4 18 8
9 4 18 11
9 4 18 12
9 4 18 13
9 5 18 8
9 5 18 11
9 5 18 12
9 5 18 13
9 8 18 11
9 8 18 12
9 8 18 13
9 5 22 8
9 5 22 13
9 8 22 13
9 8 24 13
10 1 13 4
10 1 13 5
10 1 16 4
10 1 16 5
10 1 16 8
10 1 16 11
10 1 16 12
10 1 16 13
10 4 16 8
10 4 16 11
10 4 16 12
10 4 16 13
10 5 16 8
10 5 16 11
10 5 16 12
10 5 16 13
10 8 16 11
10 8 16 12
10 8 16 13
10 1 17 4
10 1 17 5
10 1 17 8
10 1 17 11
10 1 17 12
10 1 17 13
10 4 17 8
10 4 17 11
10 4 17 12
10 4 17 13
10 5 17 8
10 5 17 11
10 5 17 12
10 5 17 13
10 8 17 11
10 8 17 12
10 8 17 13
10 4 18 8
10 4 18 11
10 4 18 12
10 4 18 13
10 5 18 8
10 5 18 11
10 5 18 12
10 5 18 13
10 8 18 11
10 8 18 12
10 8 18 13
10 1 22 5
10 1 22 8
10 1 22 13
10 5 22 8
10 5 22 13
10 8 22 13
10 1 23 5
10 8 24 13
13 1 16 4
13 1 16 5
13 1 17 4
13 1 17 5
13 1 22 5
13 1 23 5
16 1 22 5
16 1 22 8
16 1 22 13
16 5 22 8
16 5 22 13
16 8 22 13
16 1 23 5
16 8 24 13
17 1 22 5
17 1 22 8
17 1 22 13
17 5 22 8
17 5 22 13
17 8 22 13
17 1 23 5
17 8 24 13
18 5 22 8
18 5 22 13
18 8 22 13
18 8 24 13
22 8 24 13
22 8 24 14
22 8 24 15
22 8 24 16
22 8 24 17
22 8 24 18
