21 22
0001111111111111111110
0001111110000000000010
0001100011111111111111
0001111111111111111011
0001110011011111111011
0001111111111111111011
1111111111110100011011
1001111111111111111011
1001110011110100011011
1001110011111111111111
1001111111111110011010
1001011000110110011010
1001011111111111111110
1001001000110110011110
1111111111110110011110
0001001000010110011110
0001001000010110011110
0001001111111111111110
0001111111111111111110
0000000000000010000100
0000000000000011111100
598
1 9 3 21
1 4 4 9
1 5 4 9
1 4 6 9
1 5 6 9
1 4 7 9
1 5 7 9
1 4 8 9
1 5 8 9
1 9 10 21
1 4 11 9
1 5 11 9
1 4 19 21
2 4 4 9
2 5 4 9
2 4 6 9
2 5 6 9
2 4 7 9
2 5 7 9
2 4 8 9
2 5 8 9
2 4 11 9
2 5 11 9
3 9 6 12
3 9 6 13
3 9 6 14
3 9 6 15
3 9 6 16
3 9 6 17
3 9 6 18
3 9 6 19
3 10 6 12
3 10 6 13
3 10 6 14
3 10 6 15
3 10 6 16
3 10 6 17
3 10 6 18
3 10 6 19
3 9 7 12
3 10 7 12
3 9 8 12
3 9 8 14
3 9 8 18
3 9 8 19
3 10 8 12
3 10 8 14
3 10 8 18
3 10 8 19
3 12 8 14
3 12 8 18
3 12 8 19
3 14 8 18
3 14 8 19
3 9 9 12
3 10 9 12
3 9 10 12
3 9 10 14
3 9 10 18
3 9 10 19
3 9 10 21
3 9 10 22
3 10 10 12
3 10 10 14
3 10 10 18
3 10 10 19
3 10 10 21
3 10 10 22
3 12 10 14
3 12 10 18
3 12 10 19
3 12 10 21
3 12 10 22
3 14 10 18
3 14 10 19
3 14 10 21
3 14 10 22
3 18 10 21
3 18 10 22
3 19 10 21
3 19 10 22
3 9 11 12
3 9 11 14
3 10 11 12
3 10 11 14
3 12 11 14
3 12 13 14
3 12 13 18
3 12 13 19
3 12 13 21
3 14 13 18
3 14 13 19
3 14 13 21
3 18 13 21
3 19 13 21
3 18 14 21
3 19 14 21
3 18 15 21
3 19 15 21
3 18 16 21
3 19 16 21
3 18 17 21
3 19 17 21
3 12 18 14
3 12 18 18
3 12 18 19
3 12 18 21
3 14 18 18
3 14 18 19
3 14 18 21
3 18 18 21
3 19 18 21
3 12 19 14
3 12 19 18
3 12 19 19
3 12 19 21
3 14 19 18
3 14 19 19
3 14 19 21
3 18 19 21
3 19 19 21
4 4 6 9
4 4 6 10
4 4 6 12
4 4 6 13
4 4 6 14
4 4 6 15
4 4 6 16
4 4 6 17
4 4 6 18
4 4 6 19
4 5 6 9
4 5 6 10
4 5 6 12
4 5 6 13
4 5 6 14
4 5 6 15
4 5 6 16
4 5 6 17
4 5 6 18
4 5 6 19
4 6 6 9
4 6 6 10
4 6 6 12
4 6 6 13
4 6 6 14
4 6 6 15
4 6 6 16
4 6 6 17
4 6 6 18
4 6 6 19
4 9 6 12
4 9 6 13
4 9 6 14
4 9 6 15
4 9 6 16
4 9 6 17
4 9 6 18
4 9 6 19
4 10 6 12
4 10 6 13
4 10 6 14
4 10 6 15
4 10 6 16
4 10 6 17
4 10 6 18
4 10 6 19
4 4 7 9
4 4 7 10
4 4 7 12
4 5 7 9
4 5 7 10
4 5 7 12
4 6 7 9
4 6 7 10
4 6 7 12
4 9 7 12
4 10 7 12
4 4 8 9
4 4 8 10
4 4 8 12
4 4 8 14
4 4 8 18
4 4 8 19
4 5 8 9
4 5 8 10
4 5 8 12
4 5 8 14
4 5 8 18
4 5 8 19
4 6 8 9
4 6 8 10
4 6 8 12
4 6 8 14
4 6 8 18
4 6 8 19
4 9 8 12
4 9 8 14
4 9 8 18
4 9 8 19
4 10 8 12
4 10 8 14
4 10 8 18
4 10 8 19
4 12 8 14
4 12 8 18
4 12 8 19
4 14 8 18
4 14 8 19
4 9 9 12
4 10 9 12
4 9 10 12
4 9 10 14
4 9 10 18
4 9 10 19
4 10 10 12
4 10 10 14
4 10 10 18
4 10 10 19
4 12 10 14
4 12 10 18
4 12 10 19
4 14 10 18
4 14 10 19
4 4 11 9
4 4 11 10
4 4 11 12
4 4 11 14
4 5 11 9
4 5 11 10
4 5 11 12
4 5 11 14
4 6 11 9
4 6 11 10
4 6 11 12
4 6 11 14
4 9 11 12
4 9 11 14
4 10 11 12
4 10 11 14
4 12 11 14
4 6 13 12
4 6 13 14
4 6 13 18
4 6 13 19
4 12 13 14
4 12 13 18
4 12 13 19
4 14 13 18
4 14 13 19
4 4 15 12
4 12 18 14
4 12 18 18
4 12 18 19
4 14 18 18
4 14 18 19
4 4 19 12
4 4 19 14
4 4 19 18
4 4 19 19
4 12 19 14
4 12 19 18
4 12 19 19
4 14 19 18
4 14 19 19
5 12 8 14
5 12 8 18
5 12 8 19
5 14 8 18
5 14 8 19
5 12 10 14
5 12 10 18
5 12 10 19
5 14 10 18
5 14 10 19
5 12 11 14
5 12 13 14
5 12 13 18
5 12 13 19
5 14 13 18
5 14 13 19
5 12 18 14
5 12 18 18
5 12 18 19
5 14 18 18
5 14 18 19
5 12 19 14
5 12 19 18
5 12 19 19
5 14 19 18
5 14 19 19
6 4 8 14
6 4 8 18
6 4 8 19
6 5 8 14
6 5 8 18
6 5 8 19
6 6 8 14
6 6 8 18
6 6 8 19
6 7 8 14
6 7 8 18
6 7 8 19
6 8 8 14
6 8 8 18
6 8 8 19
6 9 8 14
6 9 8 18
6 9 8 19
6 10 8 14
6 10 8 18
6 10 8 19
6 11 8 14
6 11 8 18
6 11 8 19
6 12 8 14
6 12 8 18
6 12 8 19
6 14 8 18
6 14 8 19
6 9 10 14
6 9 10 18
6 9 10 19
6 10 10 14
6 10 10 18
6 10 10 19
6 11 10 14
6 11 10 18
6 11 10 19
6 12 10 14
6 12 10 18
6 12 10 19
6 14 10 18
6 14 10 19
6 4 11 9
6 4 11 10
6 4 11 11
6 4 11 12
6 4 11 14
6 5 11 9
6 5 11 10
6 5 11 11
6 5 11 12
6 5 11 14
6 6 11 9
6 6 11 10
6 6 11 11
6 6 11 12
6 6 11 14
6 9 11 14
6 10 11 14
6 11 11 14
6 12 11 14
6 6 13 11
6 6 13 12
6 6 13 14
6 6 13 18
6 6 13 19
6 11 13 14
6 11 13 18
6 11 13 19
6 12 13 14
6 12 13 18
6 12 13 19
6 14 13 18
6 14 13 19
6 4 15 11
6 4 15 12
6 12 18 14
6 12 18 18
6 12 18 19
6 14 18 18
6 14 18 19
6 4 19 12
6 4 19 14
6 4 19 18
6 4 19 19
6 12 19 14
6 12 19 18
6 12 19 19
6 14 19 18
6 14 19 19
7 4 11 9
7 4 11 10
7 4 11 11
7 4 11 12
7 5 11 9
7 5 11 10
7 5 11 11
7 5 11 12
7 6 11 9
7 6 11 10
7 6 11 11
7 6 11 12
7 6 13 11
7 6 13 12
7 1 15 4
7 1 15 11
7 1 15 12
7 4 15 11
7 4 15 12
7 4 19 12
8 9 10 14
8 9 10 18
8 9 10 19
8 10 10 14
8 10 10 18
8 10 10 19
8 11 10 14
8 11 10 18
8 11 10 19
8 12 10 14
8 12 10 18
8 12 10 19
8 14 10 18
8 14 10 19
8 4 11 9
8 4 11 10
8 4 11 11
8 4 11 12
8 4 11 14
8 5 11 9
8 5 11 10
8 5 11 11
8 5 11 12
8 5 11 14
8 6 11 9
8 6 11 10
8 6 11 11
8 6 11 12
8 6 11 14
8 9 11 14
8 10 11 14
8 11 11 14
8 12 11 14
8 6 13 11
8 6 13 12
8 6 13 14
8 6 13 18
8 6 13 19
8 11 13 14
8 11 13 18
8 11 13 19
8 12 13 14
8 12 13 18
8 12 13 19
8 14 13 18
8 14 13 19
8 4 15 11
8 4 15 12
8 12 18 14
8 12 18 18
8 12 18 19
8 14 18 18
8 14 18 19
8 4 19 12
8 4 19 14
8 4 19 18
8 4 19 19
8 12 19 14
8 12 19 18
8 12 19 19
8 14 19 18
8 14 19 19
10 11 13 14
10 11 13 15
10 11 13 18
10 11 13 19
10 11 13 21
10 12 13 14
10 12 13 15
10 12 13 18
10 12 13 19
10 12 13 21
10 14 13 18
10 14 13 19
10 14 13 21
10 15 13 18
10 15 13 19
10 15 13 21
10 18 13 21
10 19 13 21
10 18 14 21
10 19 14 21
10 18 15 21
10 19 15 21
10 18 16 21
10 19 16 21
10 18 17 21
10 19 17 21
10 12 18 14
10 12 18 15
10 12 18 18
10 12 18 19
10 12 18 21
10 14 18 18
10 14 18 19
10 14 18 21
10 15 18 18
10 15 18 19
10 15 18 21
10 18 18 21
10 19 18 21
10 12 19 14
10 12 19 15
10 12 19 18
10 12 19 19
10 12 19 21
10 14 19 18
10 14 19 19
10 14 19 21
10 15 19 18
10 15 19 19
10 15 19 21
10 18 19 21
10 19 19 21
11 6 13 11
11 6 13 12
11 6 13 14
11 6 13 15
11 7 13 11
11 7 13 12
11 7 13 14
11 7 13 15
11 11 13 14
11 11 13 15
11 12 13 14
11 12 13 15
11 4 15 7
11 4 15 11
11 4 15 12
11 7 15 11
11 7 15 12
11 7 18 12
11 7 18 14
11 7 18 15
11 12 18 14
11 12 18 15
11 4 19 7
11 4 19 12
11 4 19 14
11 4 19 15
11 7 19 12
11 7 19 14
11 7 19 15
11 12 19 14
11 12 19 15
13 7 15 11
13 7 15 12
13 7 18 12
13 7 18 14
13 7 18 15
13 7 18 18
13 7 18 19
13 7 18 20
13 7 18 21
13 12 18 14
13 12 18 15
13 12 18 18
13 12 18 19
13 12 18 20
13 12 18 21
13 14 18 18
13 14 18 19
13 14 18 20
13 14 18 21
13 15 18 18
13 15 18 19
13 15 18 20
13 15 18 21
13 7 19 12
13 7 19 14
13 7 19 15
13 7 19 18
13 7 19 19
13 7 19 20
13 7 19 21
13 12 19 14
13 12 19 15
13 12 19 18
13 12 19 19
13 12 19 20
13 12 19 21
13 14 19 18
13 14 19 19
13 14 19 20
13 14 19 21
13 15 19 18
13 15 19 19
13 15 19 20
13 15 19 21
13 15 21 20
15 7 18 12
15 4 19 7
15 4 19 12
15 7 19 12
18 15 21 20
19 15 21 20
