24 25
0000000000000000000000000
0000000000011111000000000
0000000000010001000000000
0000000000010001000000000
0000000000011111000000000
0000000000001010000000000
0001111000001010000000000
0001001000001010000000000
0001001000001110000000000
0001001000000000000000000
0001001000000000000000000
0001111000000000000000000
0000000000000000000000000
0000000000000000000000000
0000000000000000000000000
0000000000000000000000000
0000000000000000000000000
0000000000000000000000000
0000000000000000000000000
0000000000000000000000000
0000000000000000000000000
0000000000000000000000000
0000000000000000000000000
0000000000000000000000000
3
2 12 5 16
5 13 9 15
7 4 12 7
