16 17
00000000000000000
01111111110000000
01111100010000000
01000101111111000
01000101010001000
01111101111111000
01000000010000000
01000000010000000
01000000010000000
01000000010000000
01011111111111110
01010011111111010
01010010010001010
01011111111111110
01000011111111000
01111111110000000
27
2 2 6 6
2 2 16 10
3 2 6 6
4 8 6 10
4 8 6 14
4 10 6 14
11 4 14 7
11 4 14 10
11 4 14 14
11 4 14 16
11 7 14 10
11 7 14 14
11 7 14 16
11 10 14 14
11 10 14 16
11 14 14 16
11 7 15 10
11 7 15 14
11 10 15 14
11 7 16 10
12 7 14 10
12 7 14 14
12 10 14 14
12 7 15 10
12 7 15 14
12 10 15 14
12 7 16 10
