14 19
0000000000000000000
0000000111111111100
0000000111000101100
0000000111111111110
0111111111000101110
0100000111000101110
0100000111000101110
1111111111011101110
1111111111010111110
1000100111010111110
1111111111010100110
0000100111111111110
0000111111010100010
0000000011111111110
92
2 8 4 14
2 8 4 16
2 8 4 17
2 9 4 14
2 9 4 16
2 9 4 17
2 10 4 14
2 10 4 16
2 10 4 17
2 14 4 16
2 14 4 17
2 14 9 16
2 14 9 17
2 14 10 16
2 14 10 17
2 8 12 14
2 8 12 17
2 9 12 14
2 9 12 17
2 10 12 14
2 10 12 17
2 14 12 17
2 9 14 14
2 10 14 14
4 14 9 16
4 14 9 17
4 14 9 18
4 14 10 16
4 14 10 17
4 14 10 18
4 8 12 14
4 8 12 17
4 8 12 18
4 9 12 14
4 9 12 17
4 9 12 18
4 10 12 14
4 10 12 17
4 10 12 18
4 14 12 17
4 14 12 18
4 9 14 14
4 9 14 18
4 10 14 14
4 10 14 18
4 14 14 18
5 2 8 8
5 2 8 9
5 2 8 10
5 2 9 8
5 2 9 9
5 2 9 10
8 1 11 5
8 1 11 8
8 1 11 9
8 1 11 10
8 5 11 8
8 5 11 9
8 5 11 10
8 12 12 14
8 5 13 8
8 5 13 9
8 5 13 10
8 12 14 14
9 1 11 5
9 1 11 8
9 1 11 9
9 1 11 10
9 5 11 8
9 5 11 9
9 5 11 10
9 14 12 17
9 14 12 18
9 5 13 8
9 5 13 9
9 5 13 10
9 14 14 18
10 14 12 17
10 14 12 18
10 14 14 18
11 5 13 8
11 5 13 9
11 5 13 10
12 9 14 12
12 9 14 14
12 9 14 18
12 10 14 12
12 10 14 14
12 10 14 18
12 12 14 14
12 12 14 18
12 14 14 18
