19 12
000000000000
001110000000
001011111111
011111111101
011011110101
011011010101
011011111111
011011111111
011011111111
011011011110
011011011110
011011011110
011011111110
011011111100
011111111100
011111111100
001011011000
001111111000
001110000000
249
2 3 4 5
2 3 15 5
2 3 16 5
2 3 18 5
2 3 19 5
3 5 7 8
3 5 7 10
3 5 7 12
3 6 7 8
3 6 7 10
3 6 7 12
3 8 7 10
3 8 7 12
3 10 7 12
3 5 8 8
3 5 8 10
3 5 8 12
3 6 8 8
3 6 8 10
3 6 8 12
3 8 8 10
3 8 8 12
3 10 8 12
3 5 9 8
3 5 9 10
3 5 9 12
3 6 9 8
3 6 9 10
3 6 9 12
3 8 9 10
3 8 9 12
3 10 9 12
3 8 10 10
3 8 11 10
3 8 12 10
3 5 13 8
3 5 13 10
3 6 13 8
3 6 13 10
3 8 13 10
3 5 14 8
3 5 14 10
3 6 14 8
3 6 14 10
3 8 14 10
3 5 15 8
3 5 15 10
3 6 15 8
3 6 15 10
3 8 15 10
3 5 16 8
3 5 16 10
3 6 16 8
3 6 16 10
3 8 16 10
3 5 18 8
3 6 18 8
4 5 7 8
4 5 7 10
4 6 7 8
4 6 7 10
4 8 7 10
4 5 8 8
4 5 8 10
4 6 8 8
4 6 8 10
4 8 8 10
4 5 9 8
4 5 9 10
4 6 9 8
4 6 9 10
4 8 9 10
4 8 10 10
4 8 11 10
4 8 12 10
4 5 13 8
4 5 13 10
4 6 13 8
4 6 13 10
4 8 13 10
4 5 14 8
4 5 14 10
4 6 14 8
4 6 14 10
4 8 14 10
4 2 15 5
4 2 15 6
4 2 15 8
4 2 15 10
4 3 15 5
4 3 15 6
4 3 15 8
4 3 15 10
4 5 15 8
4 5 15 10
4 6 15 8
4 6 15 10
4 8 15 10
4 2 16 5
4 2 16 6
4 2 16 8
4 2 16 10
4 3 16 5
4 3 16 6
4 3 16 8
4 3 16 10
4 5 16 8
4 5 16 10
4 6 16 8
4 6 16 10
4 8 16 10
4 3 18 5
4 3 18 6
4 3 18 8
4 5 18 8
4 6 18 8
4 3 19 5
5 5 7 8
5 6 7 8
5 5 8 8
5 6 8 8
5 5 9 8
5 6 9 8
5 5 13 8
5 6 13 8
5 5 14 8
5 6 14 8
5 5 15 8
5 6 15 8
5 5 16 8
5 6 16 8
5 5 18 8
5 6 18 8
7 5 13 8
7 5 13 9
7 5 13 10
7 5 13 11
7 6 13 8
7 6 13 9
7 6 13 10
7 6 13 11
7 5 14 8
7 5 14 9
7 5 14 10
7 6 14 8
7 6 14 9
7 6 14 10
7 5 15 8
7 5 15 9
7 5 15 10
7 6 15 8
7 6 15 9
7 6 15 10
7 5 16 8
7 5 16 9
7 5 16 10
7 6 16 8
7 6 16 9
7 6 16 10
7 5 18 8
7 5 18 9
7 6 18 8
7 6 18 9
8 5 13 8
8 5 13 9
8 5 13 10
8 5 13 11
8 6 13 8
8 6 13 9
8 6 13 10
8 6 13 11
8 5 14 8
8 5 14 9
8 5 14 10
8 6 14 8
8 6 14 9
8 6 14 10
8 5 15 8
8 5 15 9
8 5 15 10
8 6 15 8
8 6 15 9
8 6 15 10
8 5 16 8
8 5 16 9
8 5 16 10
8 6 16 8
8 6 16 9
8 6 16 10
8 5 18 8
8 5 18 9
8 6 18 8
8 6 18 9
9 5 13 8
9 5 13 9
9 5 13 10
9 5 13 11
9 6 13 8
9 6 13 9
9 6 13 10
9 6 13 11
9 5 14 8
9 5 14 9
9 5 14 10
9 6 14 8
9 6 14 9
9 6 14 10
9 5 15 8
9 5 15 9
9 5 15 10
9 6 15 8
9 6 15 9
9 6 15 10
9 5 16 8
9 5 16 9
9 5 16 10
9 6 16 8
9 6 16 9
9 6 16 10
9 5 18 8
9 5 18 9
9 6 18 8
9 6 18 9
13 5 18 8
13 5 18 9
13 6 18 8
13 6 18 9
14 5 18 8
14 5 18 9
14 6 18 8
14 6 18 9
15 3 18 5
15 3 18 6
15 3 18 8
15 3 18 9
15 5 18 8
15 5 18 9
15 6 18 8
15 6 18 9
15 3 19 5
16 3 18 5
16 3 18 6
16 3 18 8
16 3 18 9
16 5 18 8
16 5 18 9
16 6 18 8
16 6 18 9
16 3 19 5
