23 12
000001111111
000001100011
000001111111
000000101011
000000101011
000000101011
000111101011
000101111111
000101101011
000101101011
111111111011
100111101011
100111101011
100111111111
100111101111
111111111101
000111101101
000111101101
000011101101
000011111101
000011111001
000001000001
000001111111
105
1 6 3 11
1 6 3 12
1 7 3 11
1 7 3 12
1 7 8 11
1 7 8 12
1 7 14 11
1 7 14 12
3 7 8 9
3 7 8 11
3 7 8 12
3 9 8 11
3 9 8 12
3 7 11 9
3 7 14 9
3 7 14 11
3 7 14 12
3 9 14 11
3 9 14 12
3 9 15 11
3 9 15 12
3 7 16 9
3 7 20 9
3 7 21 9
7 4 11 6
7 4 11 7
7 4 12 6
7 4 12 7
7 4 13 6
7 4 13 7
7 4 14 6
7 4 14 7
7 4 15 6
7 4 15 7
7 4 16 6
7 4 16 7
7 4 17 6
7 4 17 7
7 4 18 6
7 4 18 7
8 6 11 9
8 7 11 9
8 6 14 9
8 6 14 11
8 6 14 12
8 7 14 9
8 7 14 11
8 7 14 12
8 9 14 11
8 9 14 12
8 9 15 11
8 9 15 12
8 6 16 9
8 7 16 9
8 6 20 9
8 7 20 9
8 6 21 9
8 7 21 9
8 6 23 12
11 4 14 9
11 5 14 9
11 6 14 9
11 7 14 9
11 1 16 4
11 1 16 5
11 1 16 6
11 1 16 7
11 1 16 9
11 4 16 9
11 5 16 9
11 6 16 9
11 7 16 9
11 5 20 9
11 6 20 9
11 7 20 9
11 5 21 9
11 6 21 9
11 7 21 9
14 4 16 9
14 4 16 10
14 5 16 9
14 5 16 10
14 6 16 9
14 6 16 10
14 7 16 9
14 7 16 10
14 5 20 9
14 5 20 10
14 6 20 9
14 6 20 10
14 7 20 9
14 7 20 10
14 5 21 9
14 6 21 9
14 7 21 9
14 6 23 12
16 5 20 9
16 5 20 10
16 6 20 9
16 6 20 10
16 7 20 9
16 7 20 10
16 5 21 9
16 6 21 9
16 7 21 9
