20 21
000000000000000000000
000000001111110000000
000000001000010000000
000000001000010000000
000000001000010000000
000001111111110000000
000001001000110000000
000001001000110000000
000001001000110000000
000001001000110000000
000001111111110000000
000000001000010000000
000000001000010000000
000000001011110000000
000000001010110000000
000000001011110000000
000000001000010000000
000000001000010000000
000000001111110000000
000000000000000000000
12
2 9 6 14
2 9 11 14
2 9 19 14
6 6 11 9
6 6 11 13
6 6 11 14
6 9 11 13
6 9 11 14
6 9 19 14
11 9 19 14
14 11 16 13
14 11 16 14
