23 24
000000000000000000000000
000000000000000000000000
000000000000000000000000
000000000000000000000000
001111111111111111110000
001000000000000000010000
001000000000000000010000
001000000000001110010000
001000000000001010010000
001000000000001010010000
001001111110001010010000
001001000010001010010000
001011111111111111111100
001011000010001010010100
001011000010001010010100
001011000010001010010100
001011000010001010010100
001011000010001010010100
001011000010001010010100
001011000010001110010100
001011000010000000010100
001111111111111111110100
000011111111111111111100
21
5 3 22 20
8 15 13 17
8 15 20 17
11 6 13 11
11 6 22 11
11 6 23 11
13 15 20 17
13 5 22 11
13 5 22 20
13 6 22 11
13 6 22 20
13 11 22 20
13 5 23 11
13 5 23 20
13 5 23 22
13 6 23 11
13 6 23 20
13 6 23 22
13 11 23 20
13 11 23 22
13 20 23 22
