10 13
0111111111100
0111111111110
0100100100110
0100100100110
0111111111110
0111111111110
0111111111110
0111111111110
0100100110110
0111111111110
127
1 2 5 5
1 2 5 8
1 2 5 11
1 5 5 8
1 5 5 11
1 8 5 11
1 2 6 5
1 2 6 8
1 2 6 11
1 5 6 8
1 5 6 11
1 8 6 11
1 2 7 5
1 2 7 8
1 2 7 11
1 5 7 8
1 5 7 11
1 8 7 11
1 2 8 5
1 2 8 8
1 2 8 11
1 5 8 8
1 5 8 11
1 8 8 11
1 2 10 5
1 2 10 8
1 2 10 11
1 5 10 8
1 5 10 11
1 8 10 11
2 2 5 5
2 2 5 8
2 2 5 11
2 2 5 12
2 5 5 8
2 5 5 11
2 5 5 12
2 8 5 11
2 8 5 12
2 2 6 5
2 2 6 8
2 2 6 11
2 2 6 12
2 5 6 8
2 5 6 11
2 5 6 12
2 8 6 11
2 8 6 12
2 2 7 5
2 2 7 8
2 2 7 11
2 2 7 12
2 5 7 8
2 5 7 11
2 5 7 12
2 8 7 11
2 8 7 12
2 2 8 5
2 2 8 8
2 2 8 11
2 2 8 12
2 5 8 8
2 5 8 11
2 5 8 12
2 8 8 11
2 8 8 12
2 2 10 5
2 2 10 8
2 2 10 11
2 2 10 12
2 5 10 8
2 5 10 11
2 5 10 12
2 8 10 11
2 8 10 12
5 2 10 5
5 2 10 8
5 2 10 9
5 2 10 11
5 2 10 12
5 5 10 8
5 5 10 9
5 5 10 11
5 5 10 12
5 8 10 11
5 8 10 12
5 9 10 11
5 9 10 12
6 2 10 5
6 2 10 8
6 2 10 9
6 2 10 11
6 2 10 12
6 5 10 8
6 5 10 9
6 5 10 11
6 5 10 12
6 8 10 11
6 8 10 12
6 9 10 11
6 9 10 12
7 2 10 5
7 2 10 8
7 2 10 9
7 2 10 11
7 2 10 12
7 5 10 8
7 5 10 9
7 5 10 11
7 5 10 12
7 8 10 11
7 8 10 12
7 9 10 11
7 9 10 12
8 2 10 5
8 2 10 8
8 2 10 9
8 2 10 11
8 2 10 12
8 5 10 8
8 5 10 9
8 5 10 11
8 5 10 12
8 8 10 11
8 8 10 12
8 9 10 11
8 9 10 12
