16 18
000000000000001110
000000000000001010
000000111100001010
000000100100001010
000111111111101010
000101111111111110
000101100100110000
000101111100110000
001111111111110000
001100000000110000
001111111111110000
001000000000010000
001000000000010000
001111111111110000
000000000000000000
000000000000000000
33
1 15 6 17
3 7 5 10
3 7 6 10
3 7 8 10
3 7 9 10
5 6 8 10
5 7 8 10
5 4 9 6
5 4 9 7
5 4 9 10
5 4 9 13
5 6 9 10
5 6 9 13
5 7 9 10
5 7 9 13
5 10 9 13
5 4 11 13
6 6 8 10
6 7 8 10
6 6 9 10
6 6 9 13
6 6 9 14
6 7 9 10
6 7 9 13
6 7 9 14
6 10 9 13
6 10 9 14
9 3 11 13
9 3 11 14
9 4 11 13
9 4 11 14
9 3 14 14
11 3 14 14
