23 20
00111111111111100000
00111111111111100000
00111111111111100000
01111111111000100000
01101001111111111100
11111111111110100100
11101001011010100100
11111111111111111110
11101111111000100110
11101001011000100110
11101001011000100110
11101001011000100110
11101001011000100110
11101001011111111110
11101001011000100110
11111001011000100110
01101001011111111110
01101111111000100110
01101001010000100110
01111111111111111110
00100001000000100100
00100001000000100100
00111111111111111100
393
1 8 5 15
1 9 5 15
1 10 5 15
1 11 5 15
1 3 6 5
1 3 6 8
1 3 6 9
1 3 6 10
1 3 6 11
1 5 6 8
1 5 6 9
1 5 6 10
1 5 6 11
1 3 8 5
1 3 8 8
1 3 8 10
1 3 8 11
1 3 8 15
1 5 8 8
1 5 8 10
1 5 8 11
1 5 8 15
1 8 8 10
1 8 8 11
1 8 8 15
1 10 8 15
1 11 8 15
1 5 9 8
1 5 9 10
1 5 9 11
1 8 9 10
1 8 9 11
1 10 14 15
1 11 14 15
1 3 16 5
1 10 17 15
1 11 17 15
1 5 18 8
1 5 18 10
1 5 18 11
1 8 18 10
1 8 18 11
1 3 20 5
1 3 20 8
1 3 20 10
1 3 20 15
1 5 20 8
1 5 20 10
1 5 20 15
1 8 20 10
1 8 20 15
1 10 20 15
1 3 23 8
1 3 23 15
1 8 23 15
2 8 5 15
2 9 5 15
2 10 5 15
2 11 5 15
2 3 6 5
2 3 6 8
2 3 6 9
2 3 6 10
2 3 6 11
2 5 6 8
2 5 6 9
2 5 6 10
2 5 6 11
2 3 8 5
2 3 8 8
2 3 8 10
2 3 8 11
2 3 8 15
2 5 8 8
2 5 8 10
2 5 8 11
2 5 8 15
2 8 8 10
2 8 8 11
2 8 8 15
2 10 8 15
2 11 8 15
2 5 9 8
2 5 9 10
2 5 9 11
2 8 9 10
2 8 9 11
2 10 14 15
2 11 14 15
2 3 16 5
2 10 17 15
2 11 17 15
2 5 18 8
2 5 18 10
2 5 18 11
2 8 18 10
2 8 18 11
2 3 20 5
2 3 20 8
2 3 20 10
2 3 20 15
2 5 20 8
2 5 20 10
2 5 20 15
2 8 20 10
2 8 20 15
2 10 20 15
2 3 23 8
2 3 23 15
2 8 23 15
3 8 5 15
3 9 5 15
3 10 5 15
3 11 5 15
3 3 6 5
3 3 6 8
3 3 6 9
3 3 6 10
3 3 6 11
3 5 6 8
3 5 6 9
3 5 6 10
3 5 6 11
3 3 8 5
3 3 8 8
3 3 8 10
3 3 8 11
3 3 8 15
3 5 8 8
3 5 8 10
3 5 8 11
3 5 8 15
3 8 8 10
3 8 8 11
3 8 8 15
3 10 8 15
3 11 8 15
3 5 9 8
3 5 9 10
3 5 9 11
3 8 9 10
3 8 9 11
3 10 14 15
3 11 14 15
3 3 16 5
3 10 17 15
3 11 17 15
3 5 18 8
3 5 18 10
3 5 18 11
3 8 18 10
3 8 18 11
3 3 20 5
3 3 20 8
3 3 20 10
3 3 20 15
3 5 20 8
3 5 20 10
3 5 20 15
3 8 20 10
3 8 20 15
3 10 20 15
3 3 23 8
3 3 23 15
3 8 23 15
4 2 6 5
4 2 6 8
4 2 6 9
4 2 6 10
4 2 6 11
4 3 6 5
4 3 6 8
4 3 6 9
4 3 6 10
4 3 6 11
4 5 6 8
4 5 6 9
4 5 6 10
4 5 6 11
4 2 8 5
4 2 8 8
4 2 8 10
4 2 8 11
4 3 8 5
4 3 8 8
4 3 8 10
4 3 8 11
4 5 8 8
4 5 8 10
4 5 8 11
4 8 8 10
4 8 8 11
4 5 9 8
4 5 9 10
4 5 9 11
4 8 9 10
4 8 9 11
4 2 16 5
4 3 16 5
4 5 18 8
4 5 18 10
4 5 18 11
4 8 18 10
4 8 18 11
4 2 20 5
4 2 20 8
4 2 20 10
4 3 20 5
4 3 20 8
4 3 20 10
4 5 20 8
4 5 20 10
4 8 20 10
4 3 23 8
5 8 8 10
5 8 8 11
5 8 8 13
5 8 8 15
5 8 8 18
5 10 8 13
5 10 8 15
5 10 8 18
5 11 8 13
5 11 8 15
5 11 8 18
5 13 8 15
5 13 8 18
5 15 8 18
5 8 9 10
5 8 9 11
5 10 14 15
5 10 14 18
5 11 14 15
5 11 14 18
5 15 14 18
5 10 17 15
5 10 17 18
5 11 17 15
5 11 17 18
5 15 17 18
5 8 18 10
5 8 18 11
5 8 20 10
5 8 20 15
5 8 20 18
5 10 20 15
5 10 20 18
5 15 20 18
5 8 23 15
5 8 23 18
5 15 23 18
6 1 8 5
6 1 8 8
6 1 8 10
6 1 8 11
6 1 8 13
6 2 8 5
6 2 8 8
6 2 8 10
6 2 8 11
6 2 8 13
6 3 8 5
6 3 8 8
6 3 8 10
6 3 8 11
6 3 8 13
6 5 8 8
6 5 8 10
6 5 8 11
6 5 8 13
6 8 8 10
6 8 8 11
6 8 8 13
6 10 8 13
6 11 8 13
6 5 9 8
6 5 9 10
6 5 9 11
6 8 9 10
6 8 9 11
6 1 16 5
6 2 16 5
6 3 16 5
6 5 18 8
6 5 18 10
6 5 18 11
6 8 18 10
6 8 18 11
6 2 20 5
6 2 20 8
6 2 20 10
6 3 20 5
6 3 20 8
6 3 20 10
6 5 20 8
6 5 20 10
6 8 20 10
6 3 23 8
8 10 14 15
8 10 14 18
8 10 14 19
8 11 14 15
8 11 14 18
8 11 14 19
8 15 14 18
8 15 14 19
8 1 16 5
8 2 16 5
8 3 16 5
8 10 17 15
8 10 17 18
8 10 17 19
8 11 17 15
8 11 17 18
8 11 17 19
8 15 17 18
8 15 17 19
8 5 18 8
8 5 18 10
8 5 18 11
8 8 18 10
8 8 18 11
8 2 20 5
8 2 20 8
8 2 20 10
8 2 20 15
8 2 20 18
8 2 20 19
8 3 20 5
8 3 20 8
8 3 20 10
8 3 20 15
8 3 20 18
8 3 20 19
8 5 20 8
8 5 20 10
8 5 20 15
8 5 20 18
8 5 20 19
8 8 20 10
8 8 20 15
8 8 20 18
8 8 20 19
8 10 20 15
8 10 20 18
8 10 20 19
8 15 20 18
8 15 20 19
8 3 23 8
8 3 23 15
8 3 23 18
8 8 23 15
8 8 23 18
8 15 23 18
9 5 18 8
9 5 18 10
9 5 18 11
9 8 18 10
9 8 18 11
9 5 20 8
9 5 20 10
9 8 20 10
14 10 17 15
14 10 17 18
14 10 17 19
14 11 17 15
14 11 17 18
14 11 17 19
14 15 17 18
14 15 17 19
14 10 20 15
14 10 20 18
14 10 20 19
14 15 20 18
14 15 20 19
14 15 23 18
16 2 20 5
16 3 20 5
17 10 20 15
17 10 20 18
17 10 20 19
17 15 20 18
17 15 20 19
17 15 23 18
18 5 20 8
18 5 20 10
18 8 20 10
20 3 23 8
20 3 23 15
20 3 23 18
20 8 23 15
20 8 23 18
20 15 23 18
