16 22
0001111111111111111111
0001000011000010100001
0001000011000111110001
0001000011000110110001
0001000011000110110001
0001000011111111110001
0001111111111110000001
0001000001000110000001
0001000001000110000001
0001111111111110000001
0001010011000010000001
0001010011000010000001
0001010011000010000001
0001010011111111111111
0001111111111110000000
0000000000000000000000
48
1 15 3 17
1 9 6 15
1 9 6 17
1 10 6 15
1 10 6 17
1 15 6 17
1 4 7 9
1 4 7 10
1 4 7 15
1 9 7 15
1 10 7 15
1 4 10 10
1 4 10 15
1 10 10 15
1 10 14 15
1 10 14 22
1 15 14 22
1 4 15 10
1 4 15 15
1 10 15 15
3 14 6 17
3 14 6 18
3 15 6 17
3 15 6 18
6 10 10 14
6 10 10 15
6 10 14 15
6 10 15 15
7 4 10 10
7 4 10 14
7 4 10 15
7 10 10 14
7 10 10 15
7 10 14 15
7 4 15 10
7 4 15 15
7 10 15 15
10 9 14 15
10 10 14 15
10 4 15 6
10 4 15 9
10 4 15 10
10 4 15 15
10 6 15 9
10 6 15 10
10 6 15 15
10 9 15 15
10 10 15 15
