11 14
11111111111000
11111111111111
11111111111111
11101111111111
11111111111111
11111101011101
11111101011101
11111111111101
01111111111111
00001000001000
00001111111000
372
1 1 5 5
1 1 5 6
1 1 5 7
1 1 5 8
1 1 5 9
1 1 5 10
1 1 5 11
1 2 5 5
1 2 5 6
1 2 5 7
1 2 5 8
1 2 5 9
1 2 5 10
1 2 5 11
1 3 5 5
1 3 5 6
1 3 5 7
1 3 5 8
1 3 5 9
1 3 5 10
1 3 5 11
1 1 6 5
1 1 6 6
1 2 6 5
1 2 6 6
1 3 6 5
1 3 6 6
1 1 7 5
1 1 7 6
1 2 7 5
1 2 7 6
1 3 7 5
1 3 7 6
1 1 8 5
1 1 8 6
1 1 8 8
1 1 8 10
1 1 8 11
1 2 8 5
1 2 8 6
1 2 8 8
1 2 8 10
1 2 8 11
1 3 8 5
1 3 8 6
1 3 8 8
1 3 8 10
1 3 8 11
1 5 8 8
1 5 8 10
1 5 8 11
1 6 8 8
1 6 8 10
1 6 8 11
1 8 8 10
1 8 8 11
1 2 9 5
1 2 9 6
1 2 9 8
1 2 9 10
1 2 9 11
1 3 9 5
1 3 9 6
1 3 9 8
1 3 9 10
1 3 9 11
1 5 9 8
1 5 9 10
1 5 9 11
1 6 9 8
1 6 9 10
1 6 9 11
1 8 9 10
1 8 9 11
1 5 11 11
2 1 5 5
2 1 5 6
2 1 5 7
2 1 5 8
2 1 5 9
2 1 5 10
2 1 5 11
2 1 5 12
2 1 5 13
2 1 5 14
2 2 5 5
2 2 5 6
2 2 5 7
2 2 5 8
2 2 5 9
2 2 5 10
2 2 5 11
2 2 5 12
2 2 5 13
2 2 5 14
2 3 5 5
2 3 5 6
2 3 5 7
2 3 5 8
2 3 5 9
2 3 5 10
2 3 5 11
2 3 5 12
2 3 5 13
2 3 5 14
2 1 6 5
2 1 6 6
2 2 6 5
2 2 6 6
2 3 6 5
2 3 6 6
2 1 7 5
2 1 7 6
2 2 7 5
2 2 7 6
2 3 7 5
2 3 7 6
2 1 8 5
2 1 8 6
2 1 8 8
2 1 8 10
2 1 8 11
2 1 8 12
2 2 8 5
2 2 8 6
2 2 8 8
2 2 8 10
2 2 8 11
2 2 8 12
2 3 8 5
2 3 8 6
2 3 8 8
2 3 8 10
2 3 8 11
2 3 8 12
2 5 8 8
2 5 8 10
2 5 8 11
2 5 8 12
2 6 8 8
2 6 8 10
2 6 8 11
2 6 8 12
2 8 8 10
2 8 8 11
2 8 8 12
2 2 9 5
2 2 9 6
2 2 9 8
2 2 9 10
2 2 9 11
2 2 9 12
2 2 9 14
2 3 9 5
2 3 9 6
2 3 9 8
2 3 9 10
2 3 9 11
2 3 9 12
2 3 9 14
2 5 9 8
2 5 9 10
2 5 9 11
2 5 9 12
2 5 9 14
2 6 9 8
2 6 9 10
2 6 9 11
2 6 9 12
2 6 9 14
2 8 9 10
2 8 9 11
2 8 9 12
2 8 9 14
2 10 9 14
2 11 9 14
2 12 9 14
2 5 11 11
3 1 5 5
3 1 5 6
3 1 5 7
3 1 5 8
3 1 5 9
3 1 5 10
3 1 5 11
3 1 5 12
3 1 5 13
3 1 5 14
3 2 5 5
3 2 5 6
3 2 5 7
3 2 5 8
3 2 5 9
3 2 5 10
3 2 5 11
3 2 5 12
3 2 5 13
3 2 5 14
3 3 5 5
3 3 5 6
3 3 5 7
3 3 5 8
3 3 5 9
3 3 5 10
3 3 5 11
3 3 5 12
3 3 5 13
3 3 5 14
3 1 6 5
3 1 6 6
3 2 6 5
3 2 6 6
3 3 6 5
3 3 6 6
3 1 7 5
3 1 7 6
3 2 7 5
3 2 7 6
3 3 7 5
3 3 7 6
3 1 8 5
3 1 8 6
3 1 8 8
3 1 8 10
3 1 8 11
3 1 8 12
3 2 8 5
3 2 8 6
3 2 8 8
3 2 8 10
3 2 8 11
3 2 8 12
3 3 8 5
3 3 8 6
3 3 8 8
3 3 8 10
3 3 8 11
3 3 8 12
3 5 8 8
3 5 8 10
3 5 8 11
3 5 8 12
3 6 8 8
3 6 8 10
3 6 8 11
3 6 8 12
3 8 8 10
3 8 8 11
3 8 8 12
3 2 9 5
3 2 9 6
3 2 9 8
3 2 9 10
3 2 9 11
3 2 9 12
3 2 9 14
3 3 9 5
3 3 9 6
3 3 9 8
3 3 9 10
3 3 9 11
3 3 9 12
3 3 9 14
3 5 9 8
3 5 9 10
3 5 9 11
3 5 9 12
3 5 9 14
3 6 9 8
3 6 9 10
3 6 9 11
3 6 9 12
3 6 9 14
3 8 9 10
3 8 9 11
3 8 9 12
3 8 9 14
3 10 9 14
3 11 9 14
3 12 9 14
3 5 11 11
4 5 8 8
4 5 8 10
4 5 8 11
4 5 8 12
4 6 8 8
4 6 8 10
4 6 8 11
4 6 8 12
4 8 8 10
4 8 8 11
4 8 8 12
4 5 9 8
4 5 9 10
4 5 9 11
4 5 9 12
4 5 9 14
4 6 9 8
4 6 9 10
4 6 9 11
4 6 9 12
4 6 9 14
4 8 9 10
4 8 9 11
4 8 9 12
4 8 9 14
4 10 9 14
4 11 9 14
4 12 9 14
4 5 11 11
5 1 8 8
5 1 8 10
5 1 8 11
5 1 8 12
5 2 8 8
5 2 8 10
5 2 8 11
5 2 8 12
5 3 8 8
5 3 8 10
5 3 8 11
5 3 8 12
5 4 8 8
5 4 8 10
5 4 8 11
5 4 8 12
5 5 8 8
5 5 8 10
5 5 8 11
5 5 8 12
5 6 8 8
5 6 8 10
5 6 8 11
5 6 8 12
5 8 8 10
5 8 8 11
5 8 8 12
5 2 9 8
5 2 9 10
5 2 9 11
5 2 9 12
5 2 9 14
5 3 9 8
5 3 9 10
5 3 9 11
5 3 9 12
5 3 9 14
5 4 9 8
5 4 9 10
5 4 9 11
5 4 9 12
5 4 9 14
5 5 9 8
5 5 9 10
5 5 9 11
5 5 9 12
5 5 9 14
5 6 9 8
5 6 9 10
5 6 9 11
5 6 9 12
5 6 9 14
5 8 9 10
5 8 9 11
5 8 9 12
5 8 9 14
5 10 9 14
5 11 9 14
5 12 9 14
5 5 11 11
8 5 11 11
9 5 11 11
