11 11
11111111111
10100100001
11111111111
11101100101
11111111111
11111111111
11111100101
11111100101
01111000101
01111000101
00111000111
79
1 1 3 3
1 1 3 6
1 1 3 11
1 3 3 6
1 3 3 11
1 6 3 11
1 1 4 3
1 1 5 3
1 1 5 6
1 1 5 11
1 3 5 6
1 3 5 11
1 6 5 11
1 1 6 3
1 1 6 6
1 1 6 11
1 3 6 6
1 3 6 11
1 6 6 11
1 1 7 3
1 1 7 6
1 3 7 6
1 1 8 3
1 1 8 6
1 3 8 6
3 1 5 5
3 1 5 6
3 1 5 9
3 1 5 11
3 2 5 5
3 2 5 6
3 2 5 9
3 2 5 11
3 3 5 5
3 3 5 6
3 3 5 9
3 3 5 11
3 5 5 9
3 5 5 11
3 6 5 9
3 6 5 11
3 9 5 11
3 1 6 5
3 1 6 6
3 1 6 9
3 1 6 11
3 2 6 5
3 2 6 6
3 2 6 9
3 2 6 11
3 3 6 5
3 3 6 6
3 3 6 9
3 3 6 11
3 5 6 9
3 5 6 11
3 6 6 9
3 6 6 11
3 9 6 11
3 1 7 5
3 1 7 6
3 2 7 5
3 2 7 6
3 3 7 5
3 3 7 6
3 1 8 5
3 1 8 6
3 2 8 5
3 2 8 6
3 3 8 5
3 3 8 6
3 2 9 5
3 3 9 5
3 2 10 5
3 3 10 5
3 3 11 5
3 9 11 11
5 9 11 11
6 9 11 11
