23 25
1111111111111000000000000
1010000000101000000000000
1010000000101000000000000
1010000000101000000000000
1011111111111111111111110
1011111111111001010010010
1011001000011001010010010
1011001000011001010010010
1011001000011001010010010
1011111111111111111010010
1011001000011001011010010
1111111111111111111110010
1111001000011001010010010
1111111111111111111110010
0011001111110001010010010
0011111111111111111111110
0001000000000001111110000
0001000000000001110010000
0001000000000001110010000
0001000000000001110010000
0001111111111111111110000
0000000000000000100010000
0000000000000000111110000
356
1 3 5 11
1 3 5 13
1 11 5 13
1 3 6 11
1 3 6 13
1 11 6 13
1 3 10 13
1 1 12 3
1 1 12 13
1 3 12 13
1 1 13 3
1 1 14 3
1 1 14 13
1 3 14 13
5 3 10 7
5 3 10 12
5 3 10 13
5 3 10 16
5 3 10 18
5 4 10 7
5 4 10 12
5 4 10 13
5 4 10 16
5 4 10 18
5 7 10 12
5 7 10 13
5 7 10 16
5 7 10 18
5 12 10 16
5 12 10 18
5 13 10 16
5 13 10 18
5 16 10 18
5 3 12 7
5 3 12 12
5 3 12 13
5 3 12 16
5 3 12 18
5 3 12 21
5 4 12 7
5 4 12 12
5 4 12 13
5 4 12 16
5 4 12 18
5 4 12 21
5 7 12 12
5 7 12 13
5 7 12 16
5 7 12 18
5 7 12 21
5 12 12 16
5 12 12 18
5 12 12 21
5 13 12 16
5 13 12 18
5 13 12 21
5 16 12 18
5 16 12 21
5 18 12 21
5 3 14 7
5 3 14 12
5 3 14 13
5 3 14 16
5 3 14 18
5 3 14 21
5 4 14 7
5 4 14 12
5 4 14 13
5 4 14 16
5 4 14 18
5 4 14 21
5 7 14 12
5 7 14 13
5 7 14 16
5 7 14 18
5 7 14 21
5 12 14 16
5 12 14 18
5 12 14 21
5 13 14 16
5 13 14 18
5 13 14 21
5 16 14 18
5 16 14 21
5 18 14 21
5 7 15 12
5 3 16 7
5 3 16 12
5 3 16 16
5 3 16 18
5 3 16 21
5 3 16 24
5 4 16 7
5 4 16 12
5 4 16 16
5 4 16 18
5 4 16 21
5 4 16 24
5 7 16 12
5 7 16 16
5 7 16 18
5 7 16 21
5 7 16 24
5 12 16 16
5 12 16 18
5 12 16 21
5 12 16 24
5 16 16 18
5 16 16 21
5 16 16 24
5 18 16 21
5 18 16 24
5 21 16 24
5 16 17 18
5 16 17 21
5 18 17 21
5 16 18 18
5 16 19 18
5 16 20 18
5 4 21 16
5 4 21 18
5 4 21 21
5 16 21 18
5 16 21 21
5 18 21 21
6 3 10 7
6 3 10 12
6 3 10 13
6 4 10 7
6 4 10 12
6 4 10 13
6 7 10 12
6 7 10 13
6 3 12 7
6 3 12 12
6 3 12 13
6 4 12 7
6 4 12 12
6 4 12 13
6 7 12 12
6 7 12 13
6 3 14 7
6 3 14 12
6 3 14 13
6 4 14 7
6 4 14 12
6 4 14 13
6 7 14 12
6 7 14 13
6 7 15 12
6 3 16 7
6 3 16 12
6 4 16 7
6 4 16 12
6 7 16 12
10 3 12 7
10 3 12 12
10 3 12 13
10 3 12 16
10 3 12 18
10 3 12 19
10 4 12 7
10 4 12 12
10 4 12 13
10 4 12 16
10 4 12 18
10 4 12 19
10 7 12 12
10 7 12 13
10 7 12 16
10 7 12 18
10 7 12 19
10 12 12 16
10 12 12 18
10 12 12 19
10 13 12 16
10 13 12 18
10 13 12 19
10 16 12 18
10 16 12 19
10 3 14 7
10 3 14 12
10 3 14 13
10 3 14 16
10 3 14 18
10 4 14 7
10 4 14 12
10 4 14 13
10 4 14 16
10 4 14 18
10 7 14 12
10 7 14 13
10 7 14 16
10 7 14 18
10 12 14 16
10 12 14 18
10 13 14 16
10 13 14 18
10 16 14 18
10 7 15 12
10 3 16 7
10 3 16 12
10 3 16 16
10 3 16 18
10 4 16 7
10 4 16 12
10 4 16 16
10 4 16 18
10 7 16 12
10 7 16 16
10 7 16 18
10 12 16 16
10 12 16 18
10 16 16 18
10 16 17 18
10 16 18 18
10 16 19 18
10 16 20 18
10 4 21 16
10 4 21 18
10 16 21 18
12 1 14 7
12 1 14 12
12 1 14 13
12 1 14 16
12 1 14 18
12 1 14 21
12 2 14 7
12 2 14 12
12 2 14 13
12 2 14 16
12 2 14 18
12 2 14 21
12 3 14 7
12 3 14 12
12 3 14 13
12 3 14 16
12 3 14 18
12 3 14 21
12 4 14 7
12 4 14 12
12 4 14 13
12 4 14 16
12 4 14 18
12 4 14 21
12 7 14 12
12 7 14 13
12 7 14 16
12 7 14 18
12 7 14 21
12 12 14 16
12 12 14 18
12 12 14 21
12 13 14 16
12 13 14 18
12 13 14 21
12 16 14 18
12 16 14 21
12 18 14 21
12 7 15 12
12 3 16 7
12 3 16 12
12 3 16 16
12 3 16 18
12 3 16 21
12 4 16 7
12 4 16 12
12 4 16 16
12 4 16 18
12 4 16 21
12 7 16 12
12 7 16 16
12 7 16 18
12 7 16 21
12 12 16 16
12 12 16 18
12 12 16 21
12 16 16 18
12 16 16 21
12 18 16 21
12 16 17 18
12 16 17 21
12 18 17 21
12 16 18 18
12 16 19 18
12 16 20 18
12 4 21 16
12 4 21 18
12 4 21 21
12 16 21 18
12 16 21 21
12 18 21 21
14 3 16 7
14 3 16 8
14 3 16 9
14 3 16 10
14 3 16 11
14 3 16 12
14 3 16 16
14 3 16 18
14 3 16 21
14 4 16 7
14 4 16 8
14 4 16 9
14 4 16 10
14 4 16 11
14 4 16 12
14 4 16 16
14 4 16 18
14 4 16 21
14 7 16 16
14 7 16 18
14 7 16 21
14 8 16 16
14 8 16 18
14 8 16 21
14 9 16 16
14 9 16 18
14 9 16 21
14 10 16 16
14 10 16 18
14 10 16 21
14 11 16 16
14 11 16 18
14 11 16 21
14 12 16 16
14 12 16 18
14 12 16 21
14 16 16 18
14 16 16 21
14 18 16 21
14 16 17 18
14 16 17 21
14 18 17 21
14 16 18 18
14 16 19 18
14 16 20 18
14 4 21 16
14 4 21 18
14 4 21 21
14 16 21 18
14 16 21 21
14 18 21 21
16 4 21 16
16 4 21 17
16 4 21 18
16 4 21 21
16 16 21 21
16 17 21 21
16 18 21 21
16 17 23 21
17 16 21 21
17 17 21 21
17 18 21 21
17 17 23 21
21 17 23 21
