19 13
0011100000000
0111111111100
1111111111100
1111111111100
1110111101100
1110111101100
1111111101100
1100011111110
1111111111110
1100010111110
1111111111111
1100010111111
1100010111111
1100010111111
1100010111111
1100011111111
1111111111101
0100010111001
0111111111111
376
1 3 7 5
2 2 7 5
2 2 7 6
2 2 7 7
2 2 7 8
2 3 7 5
2 3 7 6
2 3 7 7
2 3 7 8
2 6 8 10
2 6 8 11
2 7 8 10
2 7 8 11
2 8 8 10
2 8 8 11
2 2 9 6
2 2 9 7
2 2 9 8
2 2 9 10
2 2 9 11
2 6 9 10
2 6 9 11
2 7 9 10
2 7 9 11
2 8 9 10
2 8 9 11
2 8 10 10
2 8 10 11
2 2 11 6
2 2 11 8
2 2 11 10
2 2 11 11
2 6 11 8
2 6 11 10
2 6 11 11
2 8 11 10
2 8 11 11
2 8 12 10
2 8 12 11
2 8 13 10
2 8 13 11
2 8 14 10
2 8 14 11
2 8 15 10
2 8 15 11
2 6 16 8
2 6 16 10
2 6 16 11
2 8 16 10
2 8 16 11
2 2 17 6
2 2 17 8
2 2 17 10
2 2 17 11
2 6 17 8
2 6 17 10
2 6 17 11
2 8 17 10
2 8 17 11
2 8 18 10
2 2 19 6
2 2 19 8
2 2 19 10
2 6 19 8
2 6 19 10
2 8 19 10
3 1 7 5
3 1 7 6
3 1 7 7
3 1 7 8
3 2 7 5
3 2 7 6
3 2 7 7
3 2 7 8
3 3 7 5
3 3 7 6
3 3 7 7
3 3 7 8
3 6 8 10
3 6 8 11
3 7 8 10
3 7 8 11
3 8 8 10
3 8 8 11
3 1 9 6
3 1 9 7
3 1 9 8
3 1 9 10
3 1 9 11
3 2 9 6
3 2 9 7
3 2 9 8
3 2 9 10
3 2 9 11
3 6 9 10
3 6 9 11
3 7 9 10
3 7 9 11
3 8 9 10
3 8 9 11
3 8 10 10
3 8 10 11
3 1 11 6
3 1 11 8
3 1 11 10
3 1 11 11
3 2 11 6
3 2 11 8
3 2 11 10
3 2 11 11
3 6 11 8
3 6 11 10
3 6 11 11
3 8 11 10
3 8 11 11
3 8 12 10
3 8 12 11
3 8 13 10
3 8 13 11
3 8 14 10
3 8 14 11
3 8 15 10
3 8 15 11
3 6 16 8
3 6 16 10
3 6 16 11
3 8 16 10
3 8 16 11
3 1 17 6
3 1 17 8
3 1 17 10
3 1 17 11
3 2 17 6
3 2 17 8
3 2 17 10
3 2 17 11
3 6 17 8
3 6 17 10
3 6 17 11
3 8 17 10
3 8 17 11
3 8 18 10
3 2 19 6
3 2 19 8
3 2 19 10
3 6 19 8
3 6 19 10
3 8 19 10
4 1 7 5
4 1 7 6
4 1 7 7
4 1 7 8
4 2 7 5
4 2 7 6
4 2 7 7
4 2 7 8
4 3 7 5
4 3 7 6
4 3 7 7
4 3 7 8
4 6 8 10
4 6 8 11
4 7 8 10
4 7 8 11
4 8 8 10
4 8 8 11
4 1 9 6
4 1 9 7
4 1 9 8
4 1 9 10
4 1 9 11
4 2 9 6
4 2 9 7
4 2 9 8
4 2 9 10
4 2 9 11
4 6 9 10
4 6 9 11
4 7 9 10
4 7 9 11
4 8 9 10
4 8 9 11
4 8 10 10
4 8 10 11
4 1 11 6
4 1 11 8
4 1 11 10
4 1 11 11
4 2 11 6
4 2 11 8
4 2 11 10
4 2 11 11
4 6 11 8
4 6 11 10
4 6 11 11
4 8 11 10
4 8 11 11
4 8 12 10
4 8 12 11
4 8 13 10
4 8 13 11
4 8 14 10
4 8 14 11
4 8 15 10
4 8 15 11
4 6 16 8
4 6 16 10
4 6 16 11
4 8 16 10
4 8 16 11
4 1 17 6
4 1 17 8
4 1 17 10
4 1 17 11
4 2 17 6
4 2 17 8
4 2 17 10
4 2 17 11
4 6 17 8
4 6 17 10
4 6 17 11
4 8 17 10
4 8 17 11
4 8 18 10
4 2 19 6
4 2 19 8
4 2 19 10
4 6 19 8
4 6 19 10
4 8 19 10
5 6 11 8
5 6 16 8
5 6 17 8
5 6 19 8
6 6 11 8
6 6 16 8
6 6 17 8
6 6 19 8
7 1 9 6
7 1 9 7
7 1 9 8
7 2 9 6
7 2 9 7
7 2 9 8
7 1 11 6
7 1 11 8
7 2 11 6
7 2 11 8
7 6 11 8
7 6 16 8
7 1 17 6
7 1 17 8
7 2 17 6
7 2 17 8
7 6 17 8
7 2 19 6
7 2 19 8
7 6 19 8
8 6 11 8
8 6 11 9
8 6 11 10
8 6 11 11
8 6 11 12
8 6 16 8
8 6 16 9
8 6 16 10
8 6 16 11
8 6 16 12
8 6 17 8
8 6 17 9
8 6 17 10
8 6 17 11
8 6 19 8
8 6 19 9
8 6 19 10
9 1 11 6
9 1 11 8
9 1 11 9
9 1 11 10
9 1 11 11
9 1 11 12
9 2 11 6
9 2 11 8
9 2 11 9
9 2 11 10
9 2 11 11
9 2 11 12
9 6 11 8
9 6 11 9
9 6 11 10
9 6 11 11
9 6 11 12
9 6 16 8
9 6 16 9
9 6 16 10
9 6 16 11
9 6 16 12
9 1 17 6
9 1 17 8
9 1 17 9
9 1 17 10
9 1 17 11
9 2 17 6
9 2 17 8
9 2 17 9
9 2 17 10
9 2 17 11
9 6 17 8
9 6 17 9
9 6 17 10
9 6 17 11
9 2 19 6
9 2 19 8
9 2 19 9
9 2 19 10
9 6 19 8
9 6 19 9
9 6 19 10
11 6 16 8
11 6 16 9
11 6 16 10
11 6 16 11
11 6 16 12
11 6 16 13
11 1 17 6
11 1 17 8
11 1 17 9
11 1 17 10
11 1 17 11
11 2 17 6
11 2 17 8
11 2 17 9
11 2 17 10
11 2 17 11
11 6 17 8
11 6 17 9
11 6 17 10
11 6 17 11
11 2 19 6
11 2 19 8
11 2 19 9
11 2 19 10
11 2 19 13
11 6 19 8
11 6 19 9
11 6 19 10
11 6 19 13
11 8 19 13
11 9 19 13
11 10 19 13
12 8 19 13
12 9 19 13
12 10 19 13
13 8 19 13
13 9 19 13
13 10 19 13
14 8 19 13
14 9 19 13
14 10 19 13
15 8 19 13
15 9 19 13
15 10 19 13
16 6 19 8
16 6 19 9
16 6 19 10
16 6 19 13
16 8 19 13
16 9 19 13
16 10 19 13
17 2 19 6
17 2 19 8
17 2 19 9
17 2 19 10
17 6 19 8
17 6 19 9
17 6 19 10
