13 17
00000000000000000
00000111111111111
00000100000000101
01111100000111101
01011111111111111
01010111111111111
01010110000101111
01011111111111111
01111100100101000
00001000100101000
00001000100101000
00001111100111000
00000000000000000
57
2 6 5 15
2 6 5 17
2 15 5 17
2 6 6 15
2 6 6 17
2 15 6 17
2 15 7 17
2 6 8 15
2 6 8 17
2 15 8 17
4 4 8 6
4 12 8 14
4 12 8 15
4 2 9 4
4 2 9 6
4 4 9 6
4 12 12 14
5 4 8 6
5 4 8 7
5 4 8 12
5 4 8 14
5 4 8 15
5 4 8 16
5 4 8 17
5 6 8 12
5 6 8 14
5 6 8 15
5 6 8 16
5 6 8 17
5 7 8 12
5 7 8 14
5 7 8 15
5 7 8 16
5 7 8 17
5 12 8 14
5 12 8 15
5 12 8 16
5 12 8 17
5 4 9 6
5 12 12 14
6 6 8 12
6 6 8 14
6 6 8 15
6 6 8 16
6 6 8 17
6 7 8 12
6 7 8 14
6 7 8 15
6 7 8 16
6 7 8 17
6 12 8 14
6 12 8 15
6 12 8 16
6 12 8 17
6 12 12 14
8 5 12 9
8 12 12 14
