13 19
0011111100000000000
0011111111000000000
0011111111111111111
0011001111000000001
0011001111000000001
0011111111000000111
0011001111000000101
0011001111111111111
0011111100000000000
0001000100000000000
0001000100000000000
0001000100000000000
0001111100000000000
46
1 3 6 7
1 3 6 8
1 4 6 7
1 4 6 8
1 3 9 7
1 3 9 8
1 4 9 7
1 4 9 8
1 4 13 8
2 3 6 7
2 3 6 8
2 3 6 9
2 3 6 10
2 4 6 7
2 4 6 8
2 4 6 9
2 4 6 10
2 3 9 7
2 3 9 8
2 4 9 7
2 4 9 8
2 4 13 8
3 3 6 7
3 3 6 8
3 3 6 9
3 3 6 10
3 4 6 7
3 4 6 8
3 4 6 9
3 4 6 10
3 7 8 19
3 8 8 19
3 9 8 19
3 10 8 19
3 3 9 7
3 3 9 8
3 4 9 7
3 4 9 8
3 4 13 8
6 17 8 19
6 3 9 7
6 3 9 8
6 4 9 7
6 4 9 8
6 4 13 8
9 4 13 8
