11 14
00001111111111
00001000000001
00001111110001
00001111010001
00011111111001
00011111111001
00011111101001
00011001101001
00011111111101
00011001000101
00011111111111
44
1 5 11 14
3 5 5 10
3 6 5 10
3 7 5 10
3 8 5 10
3 5 6 10
3 6 6 10
3 7 6 10
3 8 6 10
3 5 9 8
3 5 11 8
4 5 9 8
4 5 11 8
5 4 9 8
5 4 9 9
5 4 9 11
5 5 9 8
5 5 9 9
5 5 9 11
5 8 9 11
5 9 9 11
5 4 11 8
5 5 11 8
6 4 9 8
6 4 9 9
6 4 9 11
6 5 9 8
6 5 9 9
6 5 9 11
6 8 9 11
6 9 9 11
6 4 11 8
6 5 11 8
7 4 9 8
7 4 9 9
7 5 9 8
7 5 9 9
7 4 11 8
7 5 11 8
9 4 11 8
9 4 11 12
9 5 11 8
9 5 11 12
9 8 11 12
