23 18
001111111111111110
001111111111111110
001111111111111111
001111010100011111
001101111111111111
001111111101011111
001111111101011111
001111111101111111
001111111101111111
001111111111111111
001111111011111110
001111111111111110
001111111111111110
001111111111111110
001111011111101110
001100111111101010
001111111111001010
001111111111001010
001111111111111110
001111111111001110
001000111101001110
001111111111000110
000000000111111110
1281
1 6 5 8
1 6 5 10
1 6 5 14
1 6 5 15
1 6 5 16
1 6 5 17
1 8 5 10
1 8 5 14
1 8 5 15
1 8 5 16
1 8 5 17
1 10 5 14
1 10 5 15
1 10 5 16
1 10 5 17
1 3 6 6
1 3 6 8
1 3 6 10
1 4 6 6
1 4 6 8
1 4 6 10
1 6 6 8
1 6 6 10
1 8 6 10
1 3 7 6
1 3 7 8
1 3 7 10
1 4 7 6
1 4 7 8
1 4 7 10
1 6 7 8
1 6 7 10
1 8 7 10
1 3 8 6
1 3 8 8
1 3 8 10
1 4 8 6
1 4 8 8
1 4 8 10
1 6 8 8
1 6 8 10
1 8 8 10
1 3 9 6
1 3 9 8
1 3 9 10
1 4 9 6
1 4 9 8
1 4 9 10
1 6 9 8
1 6 9 10
1 8 9 10
1 3 10 6
1 3 10 8
1 3 10 10
1 3 10 14
1 3 10 15
1 3 10 16
1 3 10 17
1 4 10 6
1 4 10 8
1 4 10 10
1 4 10 14
1 4 10 15
1 4 10 16
1 4 10 17
1 6 10 8
1 6 10 10
1 6 10 14
1 6 10 15
1 6 10 16
1 6 10 17
1 8 10 10
1 8 10 14
1 8 10 15
1 8 10 16
1 8 10 17
1 10 10 14
1 10 10 15
1 10 10 16
1 10 10 17
1 3 11 6
1 3 11 8
1 4 11 6
1 4 11 8
1 6 11 8
1 3 12 6
1 3 12 8
1 3 12 14
1 3 12 15
1 3 12 16
1 3 12 17
1 4 12 6
1 4 12 8
1 4 12 14
1 4 12 15
1 4 12 16
1 4 12 17
1 6 12 8
1 6 12 14
1 6 12 15
1 6 12 16
1 6 12 17
1 8 12 14
1 8 12 15
1 8 12 16
1 8 12 17
1 3 13 6
1 3 13 8
1 3 13 14
1 3 13 15
1 3 13 16
1 3 13 17
1 4 13 6
1 4 13 8
1 4 13 14
1 4 13 15
1 4 13 16
1 4 13 17
1 6 13 8
1 6 13 14
1 6 13 15
1 6 13 16
1 6 13 17
1 8 13 14
1 8 13 15
1 8 13 16
1 8 13 17
1 3 14 6
1 3 14 8
1 3 14 14
1 3 14 15
1 3 14 16
1 3 14 17
1 4 14 6
1 4 14 8
1 4 14 14
1 4 14 15
1 4 14 16
1 4 14 17
1 6 14 8
1 6 14 14
1 6 14 15
1 6 14 16
1 6 14 17
1 8 14 14
1 8 14 15
1 8 14 16
1 8 14 17
1 3 15 6
1 4 15 6
1 3 17 8
1 4 17 8
1 3 18 8
1 4 18 8
1 3 19 8
1 3 19 15
1 3 19 17
1 4 19 8
1 4 19 15
1 4 19 17
1 8 19 15
1 8 19 17
1 15 19 17
1 3 20 8
1 4 20 8
1 15 20 17
1 15 21 17
1 3 22 8
2 6 5 8
2 6 5 10
2 6 5 14
2 6 5 15
2 6 5 16
2 6 5 17
2 8 5 10
2 8 5 14
2 8 5 15
2 8 5 16
2 8 5 17
2 10 5 14
2 10 5 15
2 10 5 16
2 10 5 17
2 3 6 6
2 3 6 8
2 3 6 10
2 4 6 6
2 4 6 8
2 4 6 10
2 6 6 8
2 6 6 10
2 8 6 10
2 3 7 6
2 3 7 8
2 3 7 10
2 4 7 6
2 4 7 8
2 4 7 10
2 6 7 8
2 6 7 10
2 8 7 10
2 3 8 6
2 3 8 8
2 3 8 10
2 4 8 6
2 4 8 8
2 4 8 10
2 6 8 8
2 6 8 10
2 8 8 10
2 3 9 6
2 3 9 8
2 3 9 10
2 4 9 6
2 4 9 8
2 4 9 10
2 6 9 8
2 6 9 10
2 8 9 10
2 3 10 6
2 3 10 8
2 3 10 10
2 3 10 14
2 3 10 15
2 3 10 16
2 3 10 17
2 4 10 6
2 4 10 8
2 4 10 10
2 4 10 14
2 4 10 15
2 4 10 16
2 4 10 17
2 6 10 8
2 6 10 10
2 6 10 14
2 6 10 15
2 6 10 16
2 6 10 17
2 8 10 10
2 8 10 14
2 8 10 15
2 8 10 16
2 8 10 17
2 10 10 14
2 10 10 15
2 10 10 16
2 10 10 17
2 3 11 6
2 3 11 8
2 4 11 6
2 4 11 8
2 6 11 8
2 3 12 6
2 3 12 8
2 3 12 14
2 3 12 15
2 3 12 16
2 3 12 17
2 4 12 6
2 4 12 8
2 4 12 14
2 4 12 15
2 4 12 16
2 4 12 17
2 6 12 8
2 6 12 14
2 6 12 15
2 6 12 16
2 6 12 17
2 8 12 14
2 8 12 15
2 8 12 16
2 8 12 17
2 3 13 6
2 3 13 8
2 3 13 14
2 3 13 15
2 3 13 16
2 3 13 17
2 4 13 6
2 4 13 8
2 4 13 14
2 4 13 15
2 4 13 16
2 4 13 17
2 6 13 8
2 6 13 14
2 6 13 15
2 6 13 16
2 6 13 17
2 8 13 14
2 8 13 15
2 8 13 16
2 8 13 17
2 3 14 6
2 3 14 8
2 3 14 14
2 3 14 15
2 3 14 16
2 3 14 17
2 4 14 6
2 4 14 8
2 4 14 14
2 4 14 15
2 4 14 16
2 4 14 17
2 6 14 8
2 6 14 14
2 6 14 15
2 6 14 16
2 6 14 17
2 8 14 14
2 8 14 15
2 8 14 16
2 8 14 17
2 3 15 6
2 4 15 6
2 3 17 8
2 4 17 8
2 3 18 8
2 4 18 8
2 3 19 8
2 3 19 15
2 3 19 17
2 4 19 8
2 4 19 15
2 4 19 17
2 8 19 15
2 8 19 17
2 15 19 17
2 3 20 8
2 4 20 8
2 15 20 17
2 15 21 17
2 3 22 8
3 6 5 8
3 6 5 10
3 6 5 14
3 6 5 15
3 6 5 16
3 6 5 17
3 6 5 18
3 8 5 10
3 8 5 14
3 8 5 15
3 8 5 16
3 8 5 17
3 8 5 18
3 10 5 14
3 10 5 15
3 10 5 16
3 10 5 17
3 10 5 18
3 3 6 6
3 3 6 8
3 3 6 10
3 4 6 6
3 4 6 8
3 4 6 10
3 6 6 8
3 6 6 10
3 8 6 10
3 3 7 6
3 3 7 8
3 3 7 10
3 4 7 6
3 4 7 8
3 4 7 10
3 6 7 8
3 6 7 10
3 8 7 10
3 3 8 6
3 3 8 8
3 3 8 10
3 4 8 6
3 4 8 8
3 4 8 10
3 6 8 8
3 6 8 10
3 8 8 10
3 3 9 6
3 3 9 8
3 3 9 10
3 4 9 6
3 4 9 8
3 4 9 10
3 6 9 8
3 6 9 10
3 8 9 10
3 3 10 6
3 3 10 8
3 3 10 10
3 3 10 14
3 3 10 15
3 3 10 16
3 3 10 17
3 3 10 18
3 4 10 6
3 4 10 8
3 4 10 10
3 4 10 14
3 4 10 15
3 4 10 16
3 4 10 17
3 4 10 18
3 6 10 8
3 6 10 10
3 6 10 14
3 6 10 15
3 6 10 16
3 6 10 17
3 6 10 18
3 8 10 10
3 8 10 14
3 8 10 15
3 8 10 16
3 8 10 17
3 8 10 18
3 10 10 14
3 10 10 15
3 10 10 16
3 10 10 17
3 10 10 18
3 3 11 6
3 3 11 8
3 4 11 6
3 4 11 8
3 6 11 8
3 3 12 6
3 3 12 8
3 3 12 14
3 3 12 15
3 3 12 16
3 3 12 17
3 4 12 6
3 4 12 8
3 4 12 14
3 4 12 15
3 4 12 16
3 4 12 17
3 6 12 8
3 6 12 14
3 6 12 15
3 6 12 16
3 6 12 17
3 8 12 14
3 8 12 15
3 8 12 16
3 8 12 17
3 3 13 6
3 3 13 8
3 3 13 14
3 3 13 15
3 3 13 16
3 3 13 17
3 4 13 6
3 4 13 8
3 4 13 14
3 4 13 15
3 4 13 16
3 4 13 17
3 6 13 8
3 6 13 14
3 6 13 15
3 6 13 16
3 6 13 17
3 8 13 14
3 8 13 15
3 8 13 16
3 8 13 17
3 3 14 6
3 3 14 8
3 3 14 14
3 3 14 15
3 3 14 16
3 3 14 17
3 4 14 6
3 4 14 8
3 4 14 14
3 4 14 15
3 4 14 16
3 4 14 17
3 6 14 8
3 6 14 14
3 6 14 15
3 6 14 16
3 6 14 17
3 8 14 14
3 8 14 15
3 8 14 16
3 8 14 17
3 3 15 6
3 4 15 6
3 3 17 8
3 4 17 8
3 3 18 8
3 4 18 8
3 3 19 8
3 3 19 15
3 3 19 17
3 4 19 8
3 4 19 15
3 4 19 17
3 8 19 15
3 8 19 17
3 15 19 17
3 3 20 8
3 4 20 8
3 15 20 17
3 15 21 17
3 3 22 8
4 3 6 6
4 4 6 6
4 3 7 6
4 4 7 6
4 3 8 6
4 4 8 6
4 3 9 6
4 4 9 6
4 3 10 6
4 4 10 6
4 3 11 6
4 4 11 6
4 3 12 6
4 4 12 6
4 3 13 6
4 4 13 6
4 3 14 6
4 4 14 6
4 3 15 6
4 4 15 6
4 15 19 17
4 15 20 17
4 15 21 17
5 12 8 14
5 12 8 15
5 12 8 16
5 12 8 17
5 12 8 18
5 12 9 14
5 12 9 15
5 12 9 16
5 12 9 17
5 12 9 18
5 6 10 12
5 6 10 14
5 6 10 15
5 6 10 16
5 6 10 17
5 6 10 18
5 7 10 12
5 7 10 14
5 7 10 15
5 7 10 16
5 7 10 17
5 7 10 18
5 8 10 12
5 8 10 14
5 8 10 15
5 8 10 16
5 8 10 17
5 8 10 18
5 9 10 12
5 9 10 14
5 9 10 15
5 9 10 16
5 9 10 17
5 9 10 18
5 10 10 12
5 10 10 14
5 10 10 15
5 10 10 16
5 10 10 17
5 10 10 18
5 12 10 14
5 12 10 15
5 12 10 16
5 12 10 17
5 12 10 18
5 12 11 14
5 12 11 15
5 12 11 16
5 12 11 17
5 6 12 12
5 6 12 14
5 6 12 15
5 6 12 16
5 6 12 17
5 7 12 12
5 7 12 14
5 7 12 15
5 7 12 16
5 7 12 17
5 8 12 12
5 8 12 14
5 8 12 15
5 8 12 16
5 8 12 17
5 9 12 12
5 9 12 14
5 9 12 15
5 9 12 16
5 9 12 17
5 12 12 14
5 12 12 15
5 12 12 16
5 12 12 17
5 6 13 12
5 6 13 14
5 6 13 15
5 6 13 16
5 6 13 17
5 7 13 12
5 7 13 14
5 7 13 15
5 7 13 16
5 7 13 17
5 8 13 12
5 8 13 14
5 8 13 15
5 8 13 16
5 8 13 17
5 9 13 12
5 9 13 14
5 9 13 15
5 9 13 16
5 9 13 17
5 12 13 14
5 12 13 15
5 12 13 16
5 12 13 17
5 6 14 12
5 6 14 14
5 6 14 15
5 6 14 16
5 6 14 17
5 7 14 12
5 7 14 14
5 7 14 15
5 7 14 16
5 7 14 17
5 8 14 12
5 8 14 14
5 8 14 15
5 8 14 16
5 8 14 17
5 9 14 12
5 9 14 14
5 9 14 15
5 9 14 16
5 9 14 17
5 12 14 14
5 12 14 15
5 12 14 16
5 12 14 17
5 8 15 12
5 9 15 12
5 8 16 12
5 9 16 12
5 8 17 12
5 9 17 12
5 8 18 12
5 9 18 12
5 8 19 12
5 8 19 15
5 8 19 17
5 9 19 12
5 9 19 15
5 9 19 17
5 12 19 15
5 12 19 17
5 15 19 17
5 8 20 12
5 9 20 12
5 15 20 17
5 15 21 17
5 8 22 12
5 9 22 12
5 12 23 17
6 3 17 8
6 3 17 9
6 4 17 8
6 4 17 9
6 3 18 8
6 3 18 9
6 4 18 8
6 4 18 9
6 3 19 8
6 3 19 9
6 4 19 8
6 4 19 9
6 15 19 17
6 3 20 8
6 3 20 9
6 4 20 8
6 4 20 9
6 15 20 17
6 15 21 17
6 3 22 8
6 3 22 9
7 3 17 8
7 3 17 9
7 4 17 8
7 4 17 9
7 3 18 8
7 3 18 9
7 4 18 8
7 4 18 9
7 3 19 8
7 3 19 9
7 4 19 8
7 4 19 9
7 15 19 17
7 3 20 8
7 3 20 9
7 4 20 8
7 4 20 9
7 15 20 17
7 15 21 17
7 3 22 8
7 3 22 9
8 3 17 8
8 3 17 9
8 4 17 8
8 4 17 9
8 3 18 8
8 3 18 9
8 4 18 8
8 4 18 9
8 3 19 8
8 3 19 9
8 4 19 8
8 4 19 9
8 12 19 15
8 12 19 17
8 15 19 17
8 3 20 8
8 3 20 9
8 4 20 8
8 4 20 9
8 15 20 17
8 15 21 17
8 3 22 8
8 3 22 9
8 12 23 17
9 3 17 8
9 3 17 9
9 4 17 8
9 4 17 9
9 3 18 8
9 3 18 9
9 4 18 8
9 4 18 9
9 3 19 8
9 3 19 9
9 4 19 8
9 4 19 9
9 12 19 15
9 12 19 17
9 15 19 17
9 3 20 8
9 3 20 9
9 4 20 8
9 4 20 9
9 15 20 17
9 15 21 17
9 3 22 8
9 3 22 9
9 12 23 17
10 3 12 11
10 3 12 12
10 3 12 13
10 3 12 14
10 3 12 15
10 3 12 16
10 3 12 17
10 4 12 11
10 4 12 12
10 4 12 13
10 4 12 14
10 4 12 15
10 4 12 16
10 4 12 17
10 5 12 11
10 5 12 12
10 5 12 13
10 5 12 14
10 5 12 15
10 5 12 16
10 5 12 17
10 6 12 11
10 6 12 12
10 6 12 13
10 6 12 14
10 6 12 15
10 6 12 16
10 6 12 17
10 7 12 11
10 7 12 12
10 7 12 13
10 7 12 14
10 7 12 15
10 7 12 16
10 7 12 17
10 8 12 11
10 8 12 12
10 8 12 13
10 8 12 14
10 8 12 15
10 8 12 16
10 8 12 17
10 9 12 11
10 9 12 12
10 9 12 13
10 9 12 14
10 9 12 15
10 9 12 16
10 9 12 17
10 3 13 11
10 3 13 12
10 3 13 13
10 3 13 14
10 3 13 15
10 3 13 16
10 3 13 17
10 4 13 11
10 4 13 12
10 4 13 13
10 4 13 14
10 4 13 15
10 4 13 16
10 4 13 17
10 5 13 11
10 5 13 12
10 5 13 13
10 5 13 14
10 5 13 15
10 5 13 16
10 5 13 17
10 6 13 11
10 6 13 12
10 6 13 13
10 6 13 14
10 6 13 15
10 6 13 16
10 6 13 17
10 7 13 11
10 7 13 12
10 7 13 13
10 7 13 14
10 7 13 15
10 7 13 16
10 7 13 17
10 8 13 11
10 8 13 12
10 8 13 13
10 8 13 14
10 8 13 15
10 8 13 16
10 8 13 17
10 9 13 11
10 9 13 12
10 9 13 13
10 9 13 14
10 9 13 15
10 9 13 16
10 9 13 17
10 3 14 11
10 3 14 12
10 3 14 13
10 3 14 14
10 3 14 15
10 3 14 16
10 3 14 17
10 4 14 11
10 4 14 12
10 4 14 13
10 4 14 14
10 4 14 15
10 4 14 16
10 4 14 17
10 5 14 11
10 5 14 12
10 5 14 13
10 5 14 14
10 5 14 15
10 5 14 16
10 5 14 17
10 6 14 11
10 6 14 12
10 6 14 13
10 6 14 14
10 6 14 15
10 6 14 16
10 6 14 17
10 7 14 11
10 7 14 12
10 7 14 13
10 7 14 14
10 7 14 15
10 7 14 16
10 7 14 17
10 8 14 11
10 8 14 12
10 8 14 13
10 8 14 14
10 8 14 15
10 8 14 16
10 8 14 17
10 9 14 11
10 9 14 12
10 9 14 13
10 9 14 14
10 9 14 15
10 9 14 16
10 9 14 17
10 8 15 11
10 8 15 12
10 8 15 13
10 9 15 11
10 9 15 12
10 9 15 13
10 8 16 11
10 8 16 12
10 8 16 13
10 9 16 11
10 9 16 12
10 9 16 13
10 3 17 8
10 3 17 9
10 3 17 11
10 3 17 12
10 4 17 8
10 4 17 9
10 4 17 11
10 4 17 12
10 8 17 11
10 8 17 12
10 9 17 11
10 9 17 12
10 3 18 8
10 3 18 9
10 3 18 11
10 3 18 12
10 4 18 8
10 4 18 9
10 4 18 11
10 4 18 12
10 8 18 11
10 8 18 12
10 9 18 11
10 9 18 12
10 3 19 8
10 3 19 9
10 3 19 11
10 3 19 12
10 3 19 15
10 3 19 17
10 4 19 8
10 4 19 9
10 4 19 11
10 4 19 12
10 4 19 15
10 4 19 17
10 8 19 11
10 8 19 12
10 8 19 15
10 8 19 17
10 9 19 11
10 9 19 12
10 9 19 15
10 9 19 17
10 11 19 15
10 11 19 17
10 12 19 15
10 12 19 17
10 15 19 17
10 3 20 8
10 3 20 9
10 3 20 11
10 3 20 12
10 4 20 8
10 4 20 9
10 4 20 11
10 4 20 12
10 8 20 11
10 8 20 12
10 9 20 11
10 9 20 12
10 15 20 17
10 15 21 17
10 3 22 8
10 3 22 9
10 3 22 12
10 8 22 12
10 9 22 12
10 12 23 17
11 3 17 8
11 3 17 9
11 4 17 8
11 4 17 9
11 3 18 8
11 3 18 9
11 4 18 8
11 4 18 9
11 3 19 8
11 3 19 9
11 4 19 8
11 4 19 9
11 11 19 15
11 11 19 17
11 12 19 15
11 12 19 17
11 15 19 17
11 3 20 8
11 3 20 9
11 4 20 8
11 4 20 9
11 15 20 17
11 15 21 17
11 3 22 8
11 3 22 9
11 12 23 17
12 3 17 8
12 3 17 9
12 3 17 10
12 3 17 11
12 3 17 12
12 4 17 8
12 4 17 9
12 4 17 10
12 4 17 11
12 4 17 12
12 3 18 8
12 3 18 9
12 3 18 10
12 3 18 11
12 3 18 12
12 4 18 8
12 4 18 9
12 4 18 10
12 4 18 11
12 4 18 12
12 3 19 8
12 3 19 9
12 3 19 10
12 3 19 11
12 3 19 12
12 3 19 15
12 3 19 17
12 4 19 8
12 4 19 9
12 4 19 10
12 4 19 11
12 4 19 12
12 4 19 15
12 4 19 17
12 8 19 15
12 8 19 17
12 9 19 15
12 9 19 17
12 10 19 15
12 10 19 17
12 11 19 15
12 11 19 17
12 12 19 15
12 12 19 17
12 15 19 17
12 3 20 8
12 3 20 9
12 3 20 10
12 3 20 11
12 3 20 12
12 4 20 8
12 4 20 9
12 4 20 10
12 4 20 11
12 4 20 12
12 15 20 17
12 15 21 17
12 3 22 8
12 3 22 9
12 3 22 10
12 3 22 12
12 8 22 12
12 9 22 12
12 10 22 12
12 10 23 12
12 10 23 17
12 12 23 17
13 3 17 8
13 3 17 9
13 3 17 10
13 3 17 11
13 3 17 12
13 4 17 8
13 4 17 9
13 4 17 10
13 4 17 11
13 4 17 12
13 3 18 8
13 3 18 9
13 3 18 10
13 3 18 11
13 3 18 12
13 4 18 8
13 4 18 9
13 4 18 10
13 4 18 11
13 4 18 12
13 3 19 8
13 3 19 9
13 3 19 10
13 3 19 11
13 3 19 12
13 3 19 15
13 3 19 17
13 4 19 8
13 4 19 9
13 4 19 10
13 4 19 11
13 4 19 12
13 4 19 15
13 4 19 17
13 8 19 15
13 8 19 17
13 9 19 15
13 9 19 17
13 10 19 15
13 10 19 17
13 11 19 15
13 11 19 17
13 12 19 15
13 12 19 17
13 15 19 17
13 3 20 8
13 3 20 9
13 3 20 10
13 3 20 11
13 3 20 12
13 4 20 8
13 4 20 9
13 4 20 10
13 4 20 11
13 4 20 12
13 15 20 17
13 15 21 17
13 3 22 8
13 3 22 9
13 3 22 10
13 3 22 12
13 8 22 12
13 9 22 12
13 10 22 12
13 10 23 12
13 10 23 17
13 12 23 17
14 3 17 8
14 3 17 9
14 3 17 10
14 3 17 11
14 3 17 12
14 4 17 8
14 4 17 9
14 4 17 10
14 4 17 11
14 4 17 12
14 3 18 8
14 3 18 9
14 3 18 10
14 3 18 11
14 3 18 12
14 4 18 8
14 4 18 9
14 4 18 10
14 4 18 11
14 4 18 12
14 3 19 8
14 3 19 9
14 3 19 10
14 3 19 11
14 3 19 12
14 3 19 15
14 3 19 17
14 4 19 8
14 4 19 9
14 4 19 10
14 4 19 11
14 4 19 12
14 4 19 15
14 4 19 17
14 8 19 15
14 8 19 17
14 9 19 15
14 9 19 17
14 10 19 15
14 10 19 17
14 11 19 15
14 11 19 17
14 12 19 15
14 12 19 17
14 15 19 17
14 3 20 8
14 3 20 9
14 3 20 10
14 3 20 11
14 3 20 12
14 4 20 8
14 4 20 9
14 4 20 10
14 4 20 11
14 4 20 12
14 15 20 17
14 15 21 17
14 3 22 8
14 3 22 9
14 3 22 10
14 3 22 12
14 8 22 12
14 9 22 12
14 10 22 12
14 10 23 12
14 10 23 17
14 12 23 17
15 15 19 17
15 15 20 17
15 15 21 17
15 8 22 12
15 9 22 12
15 10 22 12
15 10 23 12
16 7 22 12
16 8 22 12
16 9 22 12
16 10 22 12
16 10 23 12
17 3 22 7
17 3 22 8
17 3 22 9
17 3 22 10
17 3 22 12
17 7 22 12
17 8 22 12
17 9 22 12
17 10 22 12
17 10 23 12
18 3 22 7
18 3 22 8
18 3 22 9
18 3 22 10
18 3 22 12
18 7 22 12
18 8 22 12
18 9 22 12
18 10 22 12
18 10 23 12
19 3 22 7
19 3 22 8
19 3 22 9
19 3 22 10
19 3 22 12
19 7 22 12
19 8 22 12
19 9 22 12
19 10 22 12
19 10 23 12
19 10 23 16
19 10 23 17
19 12 23 16
19 12 23 17
20 3 22 7
20 3 22 8
20 3 22 9
20 3 22 10
20 3 22 12
20 7 22 12
20 8 22 12
20 9 22 12
20 10 22 12
20 10 23 12
