21 20
00000000000000000000
00000000000000000000
00000000000000000000
00000000000000000000
00000000000000000000
00000000000000000000
00000000000011110000
00001111111010010000
00001001101010010000
00001001101010010000
00001111101010010000
00001111111010010000
00001111111010010000
00011111111111111100
00011111111011110100
00011001111000000100
00011111111111111100
00001001000000000000
00001111000000000000
00000000000000000000
00000000000000000000
70
7 13 14 16
7 13 15 16
8 5 11 8
8 5 11 9
8 5 12 8
8 5 12 9
8 5 12 11
8 8 12 11
8 9 12 11
8 5 13 8
8 5 13 9
8 5 13 11
8 8 13 11
8 9 13 11
8 5 14 8
8 5 14 9
8 5 14 11
8 8 14 11
8 9 14 11
8 5 15 8
8 5 15 9
8 5 15 11
8 8 15 11
8 9 15 11
8 8 16 11
8 9 16 11
8 5 17 8
8 5 17 9
8 5 17 11
8 8 17 11
8 9 17 11
8 5 19 8
11 5 17 8
11 5 17 9
11 5 19 8
12 5 17 8
12 5 17 9
12 5 17 10
12 5 17 11
12 5 19 8
13 5 17 8
13 5 17 9
13 5 17 10
13 5 17 11
13 5 19 8
14 4 17 8
14 4 17 9
14 4 17 10
14 4 17 11
14 4 17 18
14 5 17 8
14 5 17 9
14 5 17 10
14 5 17 11
14 5 17 18
14 8 17 18
14 9 17 18
14 10 17 18
14 11 17 18
14 5 19 8
15 4 17 8
15 4 17 9
15 4 17 10
15 4 17 11
15 5 17 8
15 5 17 9
15 5 17 10
15 5 17 11
15 5 19 8
17 5 19 8
