22 18
000000000000000000
000011111111111000
000010000100001000
000010001111111100
000011111111111100
000011001100011100
000011001111111100
000011001100010100
000011001100010100
000011001100010100
000011001100010100
000011001100010100
000011001111111100
000011000100010000
000011000100010000
000011000100010000
000011111111110000
000010000100000000
000010000100000000
000010000100000000
000011111100000000
000000000000000000
45
2 10 4 15
2 5 5 10
2 5 5 15
2 10 5 15
2 10 7 15
2 5 17 10
2 5 21 10
4 9 7 14
4 9 7 15
4 9 7 16
4 10 7 14
4 10 7 15
4 10 7 16
4 9 13 14
4 9 13 16
4 10 13 14
4 10 13 16
4 14 13 16
4 10 17 14
5 9 7 14
5 9 7 15
5 9 7 16
5 10 7 14
5 10 7 15
5 10 7 16
5 9 13 14
5 9 13 16
5 10 13 14
5 10 13 16
5 14 13 16
5 5 17 10
5 5 17 14
5 6 17 10
5 6 17 14
5 10 17 14
5 5 21 10
6 14 13 16
7 9 13 14
7 9 13 16
7 10 13 14
7 10 13 16
7 14 13 16
7 10 17 14
13 10 17 14
17 5 21 10
