17 11
00111100000
11111111000
10100101000
10100101000
10100111000
10100101000
11100101110
11100101010
11111111010
00000101010
00000101110
00011111110
00010101010
00011111110
00000101000
00000101000
00000111000
32
1 3 9 6
2 6 5 8
2 1 7 3
2 1 8 3
2 1 9 3
2 1 9 6
2 1 9 8
2 3 9 6
2 3 9 8
2 6 9 8
2 6 12 8
2 6 14 8
2 6 17 8
5 6 9 8
5 6 12 8
5 6 14 8
5 6 17 8
7 8 11 10
7 8 12 10
7 8 14 10
9 6 12 8
9 6 14 8
9 6 17 8
11 8 14 10
12 4 14 6
12 4 14 8
12 4 14 10
12 6 14 8
12 6 14 10
12 8 14 10
12 6 17 8
14 6 17 8
