10 24
000000000000000011111111
000000000000000010000001
000011111111111111000001
000010000101111111111111
000010000101000001000000
000011111111100001000000
011111110111111111000000
010110010001100001000000
010111111111111111000000
011111111111100000000000
32
1 17 4 24
3 5 6 10
3 5 6 12
3 10 6 12
3 10 7 12
3 10 7 18
3 12 7 18
3 5 9 12
3 5 9 18
3 12 9 18
3 5 10 12
4 12 7 18
4 12 9 18
6 5 9 8
6 5 9 12
6 5 9 13
6 8 9 12
6 8 9 13
6 5 10 8
6 5 10 12
6 5 10 13
6 8 10 12
6 8 10 13
7 4 9 8
7 5 9 8
7 12 9 18
7 13 9 18
7 2 10 4
7 2 10 5
7 2 10 8
7 4 10 8
7 5 10 8
