24 21
000000000000000000000
000000000000000000000
000000000000000000000
000111111100000000000
000100000100000000000
000100001111111000000
000100001100001000000
011111101100001000000
010100101100001000000
010100101100001000000
010100101100001000000
010100101100001000000
010100101100001000000
010100101100001000000
010111111100001000000
010000101000001000000
010000101111111000000
010000100000000000000
011111100000000000000
000000000000000000000
000000000000000000000
000000000000000000000
000000000000000000000
000000000000000000000
4
4 4 15 10
6 9 17 15
8 4 15 7
8 2 19 7
