23 23
00000000000111111100000
00000000000111110100000
00000000000111111100000
00001111111110111100000
00111111111110111100000
00101000001110111100000
00101000001110111100000
00101000001110111100000
00101000001110111100000
00101000001110111100000
00101000001110111100000
00101000001110111100000
00111111111110111100000
00001000001110111100000
00001000001111111100000
00001111111110111111110
00000000000111111111111
00000000000111101000011
00000000000111111111111
00000000000101100000011
00000000000101100000011
00000000000111111111111
00000000000000111111110
172
1 12 3 18
1 13 3 18
1 14 3 18
1 15 3 18
1 16 3 18
1 15 4 18
1 16 4 18
1 15 5 18
1 16 5 18
1 15 6 18
1 16 6 18
1 15 7 18
1 16 7 18
1 15 8 18
1 16 8 18
1 15 9 18
1 16 9 18
1 15 10 18
1 16 10 18
1 15 11 18
1 16 11 18
1 15 12 18
1 16 12 18
1 15 13 18
1 16 13 18
1 15 14 18
1 16 14 18
1 12 15 15
1 12 15 16
1 12 15 18
1 13 15 15
1 13 15 16
1 13 15 18
1 15 15 18
1 16 15 18
1 15 16 18
1 16 16 18
1 12 17 15
1 12 17 16
1 12 17 18
1 13 17 15
1 13 17 16
1 13 17 18
1 15 17 18
1 16 17 18
1 12 18 15
1 13 18 15
1 12 19 15
1 13 19 15
1 12 22 15
2 12 15 15
2 12 15 16
2 13 15 15
2 13 15 16
2 12 17 15
2 12 17 16
2 13 17 15
2 13 17 16
2 12 18 15
2 13 18 15
2 12 19 15
2 13 19 15
2 12 22 15
3 12 15 15
3 12 15 16
3 12 15 17
3 12 15 18
3 13 15 15
3 13 15 16
3 13 15 17
3 13 15 18
3 12 17 15
3 12 17 16
3 12 17 17
3 12 17 18
3 13 17 15
3 13 17 16
3 13 17 17
3 13 17 18
3 12 18 15
3 13 18 15
3 12 19 15
3 12 19 17
3 13 19 15
3 13 19 17
3 15 19 17
3 12 22 15
4 5 13 11
4 5 13 12
4 5 13 13
4 5 16 11
4 5 16 12
4 5 16 13
4 15 19 17
5 3 13 5
5 3 13 11
5 3 13 12
5 3 13 13
5 5 13 11
5 5 13 12
5 5 13 13
5 5 16 11
5 5 16 12
5 5 16 13
5 15 19 17
6 15 19 17
7 15 19 17
8 15 19 17
9 15 19 17
10 15 19 17
11 15 19 17
12 15 19 17
13 5 16 11
13 5 16 12
13 5 16 13
13 15 19 17
14 15 19 17
15 12 17 15
15 12 17 16
15 12 17 17
15 12 17 18
15 13 17 15
15 13 17 16
15 13 17 17
15 13 17 18
15 12 18 15
15 13 18 15
15 12 19 15
15 12 19 17
15 13 19 15
15 13 19 17
15 15 19 17
15 12 22 15
16 15 19 17
16 15 19 22
16 17 19 22
16 15 22 22
16 15 23 22
17 12 19 17
17 12 19 22
17 12 19 23
17 13 19 17
17 13 19 22
17 13 19 23
17 14 19 17
17 14 19 22
17 14 19 23
17 15 19 17
17 15 19 22
17 15 19 23
17 17 19 22
17 17 19 23
17 12 22 14
17 12 22 15
17 12 22 22
17 12 22 23
17 14 22 22
17 14 22 23
17 15 22 22
17 15 22 23
17 15 23 22
18 12 22 14
18 12 22 15
19 12 22 14
19 12 22 15
19 12 22 22
19 12 22 23
19 14 22 22
19 14 22 23
19 15 22 22
19 15 22 23
19 15 23 22
