20 19
0000000000000000000
0000000000000000000
0000000000000000000
0001111111111111110
0111111111111111110
0101111111111111111
0101101110011010111
0111111111111111111
0001101010011010011
0001101010011010011
0001111111111111111
0001101000011000011
0001101000011000011
0001101000011000011
0001101111111111111
0001111111111111111
0001111111111000011
0000100000011000011
0000111111111111111
0000000000000000000
456
4 4 8 7
4 4 8 8
4 4 8 9
4 4 8 12
4 4 8 13
4 4 8 15
4 4 8 17
4 4 8 18
4 5 8 7
4 5 8 8
4 5 8 9
4 5 8 12
4 5 8 13
4 5 8 15
4 5 8 17
4 5 8 18
4 7 8 12
4 7 8 13
4 7 8 15
4 7 8 17
4 7 8 18
4 8 8 12
4 8 8 13
4 8 8 15
4 8 8 17
4 8 8 18
4 9 8 12
4 9 8 13
4 9 8 15
4 9 8 17
4 9 8 18
4 12 8 15
4 12 8 17
4 12 8 18
4 13 8 15
4 13 8 17
4 13 8 18
4 15 8 17
4 15 8 18
4 4 11 7
4 4 11 9
4 4 11 12
4 4 11 13
4 4 11 15
4 4 11 18
4 5 11 7
4 5 11 9
4 5 11 12
4 5 11 13
4 5 11 15
4 5 11 18
4 7 11 9
4 7 11 12
4 7 11 13
4 7 11 15
4 7 11 18
4 9 11 12
4 9 11 13
4 9 11 15
4 9 11 18
4 12 11 15
4 12 11 18
4 13 11 15
4 13 11 18
4 15 11 18
4 7 15 12
4 7 15 13
4 7 15 18
4 12 15 18
4 13 15 18
4 4 16 7
4 4 16 12
4 4 16 13
4 4 16 18
4 5 16 7
4 5 16 12
4 5 16 13
4 5 16 18
4 7 16 12
4 7 16 13
4 7 16 18
4 12 16 18
4 13 16 18
4 4 17 7
4 4 17 12
4 4 17 13
4 5 17 7
4 5 17 12
4 5 17 13
4 7 17 12
4 7 17 13
4 5 19 12
4 5 19 13
4 5 19 18
4 12 19 18
4 13 19 18
5 2 8 4
5 2 8 5
5 2 8 7
5 2 8 8
5 2 8 9
5 2 8 12
5 2 8 13
5 2 8 15
5 2 8 17
5 2 8 18
5 4 8 7
5 4 8 8
5 4 8 9
5 4 8 12
5 4 8 13
5 4 8 15
5 4 8 17
5 4 8 18
5 5 8 7
5 5 8 8
5 5 8 9
5 5 8 12
5 5 8 13
5 5 8 15
5 5 8 17
5 5 8 18
5 7 8 12
5 7 8 13
5 7 8 15
5 7 8 17
5 7 8 18
5 8 8 12
5 8 8 13
5 8 8 15
5 8 8 17
5 8 8 18
5 9 8 12
5 9 8 13
5 9 8 15
5 9 8 17
5 9 8 18
5 12 8 15
5 12 8 17
5 12 8 18
5 13 8 15
5 13 8 17
5 13 8 18
5 15 8 17
5 15 8 18
5 4 11 7
5 4 11 9
5 4 11 12
5 4 11 13
5 4 11 15
5 4 11 18
5 5 11 7
5 5 11 9
5 5 11 12
5 5 11 13
5 5 11 15
5 5 11 18
5 7 11 9
5 7 11 12
5 7 11 13
5 7 11 15
5 7 11 18
5 9 11 12
5 9 11 13
5 9 11 15
5 9 11 18
5 12 11 15
5 12 11 18
5 13 11 15
5 13 11 18
5 15 11 18
5 7 15 12
5 7 15 13
5 7 15 18
5 12 15 18
5 13 15 18
5 4 16 7
5 4 16 12
5 4 16 13
5 4 16 18
5 5 16 7
5 5 16 12
5 5 16 13
5 5 16 18
5 7 16 12
5 7 16 13
5 7 16 18
5 12 16 18
5 13 16 18
5 4 17 7
5 4 17 12
5 4 17 13
5 5 17 7
5 5 17 12
5 5 17 13
5 7 17 12
5 7 17 13
5 5 19 12
5 5 19 13
5 5 19 18
5 12 19 18
5 13 19 18
6 4 8 7
6 4 8 8
6 4 8 9
6 4 8 12
6 4 8 13
6 4 8 15
6 4 8 17
6 4 8 18
6 4 8 19
6 5 8 7
6 5 8 8
6 5 8 9
6 5 8 12
6 5 8 13
6 5 8 15
6 5 8 17
6 5 8 18
6 5 8 19
6 7 8 12
6 7 8 13
6 7 8 15
6 7 8 17
6 7 8 18
6 7 8 19
6 8 8 12
6 8 8 13
6 8 8 15
6 8 8 17
6 8 8 18
6 8 8 19
6 9 8 12
6 9 8 13
6 9 8 15
6 9 8 17
6 9 8 18
6 9 8 19
6 12 8 15
6 12 8 17
6 12 8 18
6 12 8 19
6 13 8 15
6 13 8 17
6 13 8 18
6 13 8 19
6 15 8 17
6 15 8 18
6 15 8 19
6 4 11 7
6 4 11 9
6 4 11 12
6 4 11 13
6 4 11 15
6 4 11 18
6 4 11 19
6 5 11 7
6 5 11 9
6 5 11 12
6 5 11 13
6 5 11 15
6 5 11 18
6 5 11 19
6 7 11 9
6 7 11 12
6 7 11 13
6 7 11 15
6 7 11 18
6 7 11 19
6 9 11 12
6 9 11 13
6 9 11 15
6 9 11 18
6 9 11 19
6 12 11 15
6 12 11 18
6 12 11 19
6 13 11 15
6 13 11 18
6 13 11 19
6 15 11 18
6 15 11 19
6 7 15 12
6 7 15 13
6 7 15 18
6 7 15 19
6 12 15 18
6 12 15 19
6 13 15 18
6 13 15 19
6 4 16 7
6 4 16 12
6 4 16 13
6 4 16 18
6 4 16 19
6 5 16 7
6 5 16 12
6 5 16 13
6 5 16 18
6 5 16 19
6 7 16 12
6 7 16 13
6 7 16 18
6 7 16 19
6 12 16 18
6 12 16 19
6 13 16 18
6 13 16 19
6 4 17 7
6 4 17 12
6 4 17 13
6 5 17 7
6 5 17 12
6 5 17 13
6 7 17 12
6 7 17 13
6 5 19 12
6 5 19 13
6 5 19 18
6 5 19 19
6 12 19 18
6 12 19 19
6 13 19 18
6 13 19 19
7 7 11 9
8 4 11 7
8 4 11 9
8 4 11 12
8 4 11 13
8 4 11 15
8 4 11 18
8 4 11 19
8 5 11 7
8 5 11 9
8 5 11 12
8 5 11 13
8 5 11 15
8 5 11 18
8 5 11 19
8 7 11 9
8 7 11 12
8 7 11 13
8 7 11 15
8 7 11 18
8 7 11 19
8 9 11 12
8 9 11 13
8 9 11 15
8 9 11 18
8 9 11 19
8 12 11 15
8 12 11 18
8 12 11 19
8 13 11 15
8 13 11 18
8 13 11 19
8 15 11 18
8 15 11 19
8 7 15 12
8 7 15 13
8 7 15 18
8 7 15 19
8 12 15 18
8 12 15 19
8 13 15 18
8 13 15 19
8 4 16 7
8 4 16 12
8 4 16 13
8 4 16 18
8 4 16 19
8 5 16 7
8 5 16 12
8 5 16 13
8 5 16 18
8 5 16 19
8 7 16 12
8 7 16 13
8 7 16 18
8 7 16 19
8 12 16 18
8 12 16 19
8 13 16 18
8 13 16 19
8 4 17 7
8 4 17 12
8 4 17 13
8 5 17 7
8 5 17 12
8 5 17 13
8 7 17 12
8 7 17 13
8 5 19 12
8 5 19 13
8 5 19 18
8 5 19 19
8 12 19 18
8 12 19 19
8 13 19 18
8 13 19 19
11 7 15 12
11 7 15 13
11 7 15 18
11 7 15 19
11 12 15 18
11 12 15 19
11 13 15 18
11 13 15 19
11 4 16 7
11 4 16 12
11 4 16 13
11 4 16 18
11 4 16 19
11 5 16 7
11 5 16 12
11 5 16 13
11 5 16 18
11 5 16 19
11 7 16 12
11 7 16 13
11 7 16 18
11 7 16 19
11 12 16 18
11 12 16 19
11 13 16 18
11 13 16 19
11 4 17 7
11 4 17 12
11 4 17 13
11 5 17 7
11 5 17 12
11 5 17 13
11 7 17 12
11 7 17 13
11 5 19 12
11 5 19 13
11 5 19 18
11 5 19 19
11 12 19 18
11 12 19 19
11 13 19 18
11 13 19 19
15 12 19 18
15 12 19 19
15 13 19 18
15 13 19 19
16 5 19 12
16 5 19 13
16 5 19 18
16 5 19 19
16 12 19 18
16 12 19 19
16 13 19 18
16 13 19 19
17 5 19 12
17 5 19 13
