21 21
000000000000000000000
000000000000000000000
001111111111111111110
001010000000111111110
111111111111111000110
101010000000101000110
101011111111111111111
101111111111111000101
100000100000101000101
100001111111111000101
100001100000111000101
100001100000111000101
100001100000111000101
100001111111111000101
100011100000101000101
100010100000101000101
100010100000101000101
100010100000101000101
100010100000101000101
100010100000101000101
111111111111111111111
108
3 3 5 5
3 3 5 13
3 3 5 14
3 3 5 15
3 5 5 13
3 5 5 14
3 5 5 15
3 5 7 13
3 5 7 15
3 5 7 19
3 5 7 20
3 13 7 15
3 13 7 19
3 13 7 20
3 15 7 19
3 15 7 20
3 3 8 5
3 3 8 13
3 3 8 15
3 5 8 13
3 5 8 15
3 13 8 15
3 13 10 15
3 13 11 15
3 13 12 15
3 13 13 15
3 13 14 15
3 13 21 15
3 13 21 19
3 15 21 19
4 13 7 15
4 13 7 19
4 13 7 20
4 15 7 19
4 15 7 20
4 13 8 15
4 13 10 15
4 13 11 15
4 13 12 15
4 13 13 15
4 13 14 15
4 13 21 15
4 13 21 19
4 15 21 19
5 5 7 13
5 5 7 15
5 13 7 15
5 3 8 5
5 3 8 13
5 3 8 15
5 5 8 13
5 5 8 15
5 13 8 15
5 13 10 15
5 13 11 15
5 13 12 15
5 13 13 15
5 13 14 15
5 1 21 13
5 1 21 15
5 13 21 15
7 7 10 13
7 7 10 15
7 13 10 15
7 13 11 15
7 13 12 15
7 13 13 15
7 7 14 13
7 7 14 15
7 13 14 15
7 7 21 13
7 7 21 15
7 7 21 19
7 7 21 21
7 13 21 15
7 13 21 19
7 13 21 21
7 15 21 19
7 15 21 21
7 19 21 21
8 7 10 13
8 7 10 15
8 13 10 15
8 13 11 15
8 13 12 15
8 13 13 15
8 7 14 13
8 7 14 15
8 13 14 15
8 7 21 13
8 7 21 15
8 13 21 15
10 6 14 13
10 6 14 14
10 6 14 15
10 7 14 13
10 7 14 14
10 7 14 15
10 7 21 13
10 7 21 15
10 13 21 15
11 13 21 15
12 13 21 15
13 13 21 15
14 7 21 13
14 7 21 15
14 13 21 15
15 5 21 7
