20 20
00000000000000000000
00000001111111110000
00000001000000010000
01111111111111111100
01000111110000011100
01111111111111111100
00000011111111111000
00000010011111111111
00000010010000001001
01111011111100001001
01001010011111111111
01111010011100111111
00000011111100101011
00000010011111111111
00000010011111111111
00000010000000001000
00000010000000001000
00000010000000001000
00000011111111111000
00000000000000000000
114
2 8 4 16
2 8 6 16
2 8 7 16
4 2 6 6
4 2 6 7
4 2 6 8
4 2 6 9
4 2 6 10
4 2 6 16
4 2 6 17
4 2 6 18
4 6 6 16
4 6 6 17
4 6 6 18
4 7 6 16
4 7 6 17
4 7 6 18
4 8 6 16
4 8 6 17
4 8 6 18
4 9 6 16
4 9 6 17
4 9 6 18
4 10 6 16
4 10 6 17
4 10 6 18
4 7 7 16
4 7 7 17
4 8 7 16
4 8 7 17
4 9 7 16
4 9 7 17
4 10 7 16
4 10 7 17
4 10 8 16
4 10 8 17
4 7 10 10
4 10 11 17
4 7 13 10
4 10 14 17
4 10 15 17
4 7 19 17
5 7 10 10
5 7 13 10
6 7 10 10
6 10 11 17
6 7 13 10
6 10 14 17
6 10 15 17
6 7 19 17
7 7 10 10
7 10 11 17
7 7 13 10
7 10 14 17
7 10 15 17
7 7 19 17
8 10 11 17
8 10 11 20
8 17 11 20
8 17 12 20
8 10 14 17
8 10 14 20
8 17 14 20
8 10 15 17
8 10 15 20
8 17 15 20
10 2 12 5
10 7 13 10
10 7 13 11
10 7 13 12
11 10 14 15
11 10 14 17
11 10 14 19
11 10 14 20
11 11 14 15
11 11 14 17
11 11 14 19
11 11 14 20
11 12 14 15
11 12 14 17
11 12 14 19
11 12 14 20
11 15 14 17
11 15 14 19
11 15 14 20
11 17 14 19
11 17 14 20
11 10 15 15
11 10 15 17
11 10 15 19
11 10 15 20
11 11 15 15
11 11 15 17
11 11 15 19
11 11 15 20
11 12 15 15
11 12 15 17
11 12 15 19
11 12 15 20
11 15 15 17
11 15 15 19
11 15 15 20
11 17 15 19
11 17 15 20
12 15 14 17
12 15 14 19
12 15 14 20
12 17 14 19
12 17 14 20
12 15 15 17
12 15 15 19
12 15 15 20
12 17 15 19
12 17 15 20
