12 11
00111111110
11111111010
11111111110
11011111111
11111111001
11011011001
11011011111
11111111001
01011011001
01011111111
01001001111
01111001111
115
1 3 3 10
1 4 3 10
1 5 3 10
1 6 3 10
1 7 3 10
1 8 3 10
1 4 4 10
1 5 4 10
1 6 4 10
1 7 4 10
1 8 4 10
1 4 8 7
1 4 8 8
1 5 8 7
1 5 8 8
1 4 10 7
1 4 10 8
1 5 10 7
1 5 10 8
2 1 5 4
2 1 5 5
2 1 5 6
2 1 5 7
2 1 5 8
2 2 5 4
2 2 5 5
2 2 5 6
2 2 5 7
2 2 5 8
2 1 8 4
2 1 8 5
2 1 8 7
2 1 8 8
2 2 8 4
2 2 8 5
2 2 8 7
2 2 8 8
2 4 8 7
2 4 8 8
2 5 8 7
2 5 8 8
2 4 10 7
2 4 10 8
2 5 10 7
2 5 10 8
2 2 12 5
3 1 5 4
3 1 5 5
3 1 5 6
3 1 5 7
3 1 5 8
3 2 5 4
3 2 5 5
3 2 5 6
3 2 5 7
3 2 5 8
3 1 8 4
3 1 8 5
3 1 8 7
3 1 8 8
3 2 8 4
3 2 8 5
3 2 8 7
3 2 8 8
3 4 8 7
3 4 8 8
3 5 8 7
3 5 8 8
3 4 10 7
3 4 10 8
3 5 10 7
3 5 10 8
3 2 12 5
4 7 7 11
4 8 7 11
4 4 8 7
4 4 8 8
4 5 8 7
4 5 8 8
4 4 10 7
4 4 10 8
4 4 10 11
4 5 10 7
4 5 10 8
4 5 10 11
4 7 10 11
4 8 10 11
4 8 11 11
4 8 12 11
5 1 8 4
5 1 8 5
5 1 8 7
5 1 8 8
5 2 8 4
5 2 8 5
5 2 8 7
5 2 8 8
5 4 8 7
5 4 8 8
5 5 8 7
5 5 8 8
5 4 10 7
5 4 10 8
5 5 10 7
5 5 10 8
5 2 12 5
7 7 10 11
7 8 10 11
7 8 11 11
7 8 12 11
8 4 10 7
8 4 10 8
8 5 10 7
8 5 10 8
8 2 12 5
