23 16
0001111000000000
0001001000000000
0001001000000000
0001001000000000
0001001000000000
0111111111110000
0101111000010000
0100000000010000
0100000000010000
0100001111110000
0111111111111111
0110001000110001
0110001000110001
0110001111110001
0110000000010001
0111111111110001
0010000000000001
0010000000000001
0010000000000001
0010000000000001
0011111111111111
0000000000000000
0000000000000000
11
1 4 6 7
1 4 7 7
6 2 11 12
6 2 16 12
10 7 14 11
10 7 14 12
11 7 14 11
11 7 14 12
11 2 16 12
11 3 16 12
11 3 21 16
