24 20
01111111000000000000
11111111111111000000
11001101100001011110
11111111100001010010
01001101100001010010
01001111100001010010
01001100100001010010
01111100100001010010
00001111111111111110
01111111111111111110
01111111111001011110
11111111111001011110
11101111111001011110
11101111111001011110
11111111111001011110
11101111111111111110
11111111111111111010
00001000101001011010
00001000101111111010
00001111100001010010
00001111111111011110
00011111111111111110
00010000000000000010
00011111111111111110
473
1 2 4 5
1 2 4 6
1 2 4 8
1 5 4 8
1 6 4 8
1 5 6 8
1 6 6 8
1 2 8 5
1 2 8 6
2 1 4 5
2 1 4 6
2 1 4 8
2 1 4 9
2 2 4 5
2 2 4 6
2 2 4 8
2 2 4 9
2 5 4 8
2 5 4 9
2 6 4 8
2 6 4 9
2 5 6 8
2 5 6 9
2 6 6 8
2 6 6 9
2 2 8 5
2 2 8 6
2 5 9 9
2 5 9 14
2 6 9 9
2 6 9 14
2 9 9 14
2 5 10 9
2 5 10 14
2 6 10 9
2 6 10 14
2 9 10 14
2 5 11 9
2 6 11 9
2 5 12 9
2 6 12 9
2 5 13 9
2 6 13 9
2 5 14 9
2 6 14 9
2 5 15 9
2 6 15 9
2 5 16 9
2 5 16 14
2 6 16 9
2 6 16 14
2 9 16 14
2 5 17 9
2 5 17 14
2 6 17 9
2 6 17 14
2 9 17 14
2 5 20 9
2 5 21 9
2 5 21 14
2 9 21 14
2 5 22 9
2 5 22 14
2 9 22 14
3 16 9 19
3 16 10 19
3 16 11 19
3 16 12 19
3 16 13 19
3 16 14 19
3 16 15 19
3 16 16 19
3 16 21 19
3 16 22 19
4 5 6 8
4 5 6 9
4 6 6 8
4 6 6 9
4 2 8 5
4 2 8 6
4 5 9 9
4 6 9 9
4 5 10 9
4 6 10 9
4 5 11 9
4 6 11 9
4 5 12 9
4 6 12 9
4 5 13 9
4 6 13 9
4 5 14 9
4 6 14 9
4 5 15 9
4 6 15 9
4 5 16 9
4 6 16 9
4 5 17 9
4 6 17 9
4 5 20 9
4 5 21 9
4 5 22 9
6 5 9 9
6 6 9 9
6 5 10 9
6 6 10 9
6 5 11 9
6 6 11 9
6 5 12 9
6 6 12 9
6 5 13 9
6 6 13 9
6 5 14 9
6 6 14 9
6 5 15 9
6 6 15 9
6 5 16 9
6 6 16 9
6 5 17 9
6 6 17 9
6 5 20 9
6 5 21 9
6 5 22 9
9 5 16 14
9 5 16 16
9 5 16 17
9 5 16 18
9 5 16 19
9 6 16 14
9 6 16 16
9 6 16 17
9 6 16 18
9 6 16 19
9 7 16 14
9 7 16 16
9 7 16 17
9 7 16 18
9 7 16 19
9 8 16 14
9 8 16 16
9 8 16 17
9 8 16 18
9 8 16 19
9 9 16 14
9 9 16 16
9 9 16 17
9 9 16 18
9 9 16 19
9 10 16 14
9 10 16 16
9 10 16 17
9 10 16 18
9 10 16 19
9 11 16 14
9 11 16 16
9 11 16 17
9 11 16 18
9 11 16 19
9 14 16 16
9 14 16 17
9 14 16 18
9 14 16 19
9 5 17 14
9 5 17 16
9 5 17 17
9 6 17 14
9 6 17 16
9 6 17 17
9 7 17 14
9 7 17 16
9 7 17 17
9 8 17 14
9 8 17 16
9 8 17 17
9 9 17 14
9 9 17 16
9 9 17 17
9 10 17 14
9 10 17 16
9 10 17 17
9 11 17 14
9 11 17 16
9 11 17 17
9 14 17 16
9 14 17 17
9 11 19 14
9 11 19 16
9 11 19 17
9 14 19 16
9 14 19 17
9 5 20 9
9 5 21 9
9 5 21 14
9 9 21 14
9 16 21 19
9 5 22 9
9 5 22 14
9 5 22 16
9 5 22 19
9 9 22 14
9 9 22 16
9 9 22 19
9 14 22 16
9 14 22 19
9 16 22 19
10 2 15 5
10 2 15 6
10 2 15 7
10 2 15 8
10 2 15 9
10 2 15 10
10 2 15 11
10 3 15 5
10 3 15 6
10 3 15 7
10 3 15 8
10 3 15 9
10 3 15 10
10 3 15 11
10 5 16 14
10 5 16 16
10 5 16 17
10 5 16 18
10 5 16 19
10 6 16 14
10 6 16 16
10 6 16 17
10 6 16 18
10 6 16 19
10 7 16 14
10 7 16 16
10 7 16 17
10 7 16 18
10 7 16 19
10 8 16 14
10 8 16 16
10 8 16 17
10 8 16 18
10 8 16 19
10 9 16 14
10 9 16 16
10 9 16 17
10 9 16 18
10 9 16 19
10 10 16 14
10 10 16 16
10 10 16 17
10 10 16 18
10 10 16 19
10 11 16 14
10 11 16 16
10 11 16 17
10 11 16 18
10 11 16 19
10 14 16 16
10 14 16 17
10 14 16 18
10 14 16 19
10 2 17 5
10 2 17 6
10 2 17 7
10 2 17 8
10 2 17 9
10 2 17 10
10 2 17 11
10 2 17 14
10 2 17 16
10 2 17 17
10 3 17 5
10 3 17 6
10 3 17 7
10 3 17 8
10 3 17 9
10 3 17 10
10 3 17 11
10 3 17 14
10 3 17 16
10 3 17 17
10 5 17 14
10 5 17 16
10 5 17 17
10 6 17 14
10 6 17 16
10 6 17 17
10 7 17 14
10 7 17 16
10 7 17 17
10 8 17 14
10 8 17 16
10 8 17 17
10 9 17 14
10 9 17 16
10 9 17 17
10 10 17 14
10 10 17 16
10 10 17 17
10 11 17 14
10 11 17 16
10 11 17 17
10 14 17 16
10 14 17 17
10 11 19 14
10 11 19 16
10 11 19 17
10 14 19 16
10 14 19 17
10 5 20 9
10 5 21 9
10 5 21 14
10 9 21 14
10 16 21 19
10 5 22 9
10 5 22 14
10 5 22 16
10 5 22 19
10 9 22 14
10 9 22 16
10 9 22 19
10 14 22 16
10 14 22 19
10 16 22 19
11 2 15 5
11 2 15 6
11 2 15 7
11 2 15 8
11 2 15 9
11 2 15 10
11 2 15 11
11 3 15 5
11 3 15 6
11 3 15 7
11 3 15 8
11 3 15 9
11 3 15 10
11 3 15 11
11 2 17 5
11 2 17 6
11 2 17 7
11 2 17 8
11 2 17 9
11 2 17 10
11 2 17 11
11 3 17 5
11 3 17 6
11 3 17 7
11 3 17 8
11 3 17 9
11 3 17 10
11 3 17 11
11 5 20 9
11 5 21 9
11 16 21 19
11 5 22 9
11 16 22 19
12 1 15 5
12 1 15 6
12 1 15 7
12 1 15 8
12 1 15 9
12 1 15 10
12 1 15 11
12 2 15 5
12 2 15 6
12 2 15 7
12 2 15 8
12 2 15 9
12 2 15 10
12 2 15 11
12 3 15 5
12 3 15 6
12 3 15 7
12 3 15 8
12 3 15 9
12 3 15 10
12 3 15 11
12 1 17 5
12 1 17 6
12 1 17 7
12 1 17 8
12 1 17 9
12 1 17 10
12 1 17 11
12 2 17 5
12 2 17 6
12 2 17 7
12 2 17 8
12 2 17 9
12 2 17 10
12 2 17 11
12 3 17 5
12 3 17 6
12 3 17 7
12 3 17 8
12 3 17 9
12 3 17 10
12 3 17 11
12 5 20 9
12 5 21 9
12 16 21 19
12 5 22 9
12 16 22 19
13 5 20 9
13 5 21 9
13 16 21 19
13 5 22 9
13 16 22 19
14 5 20 9
14 5 21 9
14 16 21 19
14 5 22 9
14 16 22 19
15 1 17 5
15 1 17 6
15 1 17 7
15 1 17 8
15 1 17 9
15 1 17 10
15 1 17 11
15 2 17 5
15 2 17 6
15 2 17 7
15 2 17 8
15 2 17 9
15 2 17 10
15 2 17 11
15 3 17 5
15 3 17 6
15 3 17 7
15 3 17 8
15 3 17 9
15 3 17 10
15 3 17 11
15 5 20 9
15 5 21 9
15 16 21 19
15 5 22 9
15 16 22 19
16 11 19 14
16 11 19 16
16 11 19 17
16 14 19 16
16 14 19 17
16 5 20 9
16 5 21 9
16 5 21 14
16 9 21 14
16 16 21 19
16 5 22 9
16 5 22 14
16 5 22 16
16 5 22 19
16 9 22 14
16 9 22 16
16 9 22 19
16 14 22 16
16 14 22 19
16 16 22 19
17 11 19 14
17 11 19 16
17 11 19 17
17 14 19 16
17 14 19 17
17 5 20 9
17 5 21 9
17 5 21 14
17 9 21 14
17 5 22 9
17 5 22 14
17 5 22 16
17 9 22 14
17 9 22 16
17 14 22 16
19 14 22 16
22 4 24 19
