24 19
0000111111111100000
0000110011111110000
0000110010100110000
0000111111111110000
0000010010100010000
0011111111111111100
0010010010100010100
0010010010100010100
0010010010100010100
0111111111111111111
0110010010100010101
0110010011111111101
0110010011100011101
0110010011100010101
0110010011111110101
0111111111111111101
0111111111111111111
0000010001100010100
0000010001100010100
0000010001111010100
0000010001101011100
0000010001111000100
0000010001111111100
0000011111100000000
243
1 5 4 9
1 5 4 11
1 5 4 14
1 6 4 9
1 6 4 11
1 6 4 14
1 9 4 11
1 9 4 14
1 11 4 14
1 6 6 9
1 6 6 11
1 9 6 11
1 6 10 9
1 6 10 11
1 9 10 11
1 9 12 11
1 9 13 11
1 9 14 11
1 9 15 11
1 6 16 9
1 6 16 11
1 9 16 11
1 6 17 9
1 6 17 11
1 9 17 11
1 6 24 11
2 9 4 11
2 9 4 14
2 9 4 15
2 11 4 14
2 11 4 15
2 9 6 11
2 9 6 15
2 11 6 15
2 9 10 11
2 9 10 15
2 11 10 15
2 9 12 11
2 9 12 15
2 11 12 15
2 9 13 11
2 9 14 11
2 9 15 11
2 9 15 15
2 11 15 15
2 9 16 11
2 9 16 15
2 11 16 15
2 9 17 11
2 9 17 15
2 11 17 15
4 6 6 9
4 6 6 11
4 6 6 15
4 9 6 11
4 9 6 15
4 11 6 15
4 6 10 9
4 6 10 11
4 6 10 15
4 9 10 11
4 9 10 15
4 11 10 15
4 9 12 11
4 9 12 15
4 11 12 15
4 9 13 11
4 9 14 11
4 9 15 11
4 9 15 15
4 11 15 15
4 6 16 9
4 6 16 11
4 6 16 15
4 9 16 11
4 9 16 15
4 11 16 15
4 6 17 9
4 6 17 11
4 6 17 15
4 9 17 11
4 9 17 15
4 11 17 15
4 6 24 11
6 3 10 6
6 3 10 9
6 3 10 11
6 3 10 15
6 3 10 17
6 6 10 9
6 6 10 11
6 6 10 15
6 6 10 17
6 9 10 11
6 9 10 15
6 9 10 17
6 11 10 15
6 11 10 17
6 15 10 17
6 9 12 11
6 9 12 15
6 9 12 17
6 11 12 15
6 11 12 17
6 15 12 17
6 9 13 11
6 15 13 17
6 9 14 11
6 9 15 11
6 9 15 15
6 11 15 15
6 3 16 6
6 3 16 9
6 3 16 11
6 3 16 15
6 3 16 17
6 6 16 9
6 6 16 11
6 6 16 15
6 6 16 17
6 9 16 11
6 9 16 15
6 9 16 17
6 11 16 15
6 11 16 17
6 15 16 17
6 3 17 6
6 3 17 9
6 3 17 11
6 3 17 15
6 3 17 17
6 6 17 9
6 6 17 11
6 6 17 15
6 6 17 17
6 9 17 11
6 9 17 15
6 9 17 17
6 11 17 15
6 11 17 17
6 15 17 17
6 15 21 17
6 11 23 17
6 6 24 11
10 9 12 11
10 9 12 15
10 9 12 17
10 11 12 15
10 11 12 17
10 15 12 17
10 9 13 11
10 15 13 17
10 9 14 11
10 9 15 11
10 9 15 15
10 11 15 15
10 2 16 6
10 2 16 9
10 2 16 11
10 2 16 15
10 2 16 17
10 3 16 6
10 3 16 9
10 3 16 11
10 3 16 15
10 3 16 17
10 6 16 9
10 6 16 11
10 6 16 15
10 6 16 17
10 9 16 11
10 9 16 15
10 9 16 17
10 11 16 15
10 11 16 17
10 15 16 17
10 2 17 6
10 2 17 9
10 2 17 11
10 2 17 15
10 2 17 17
10 2 17 19
10 3 17 6
10 3 17 9
10 3 17 11
10 3 17 15
10 3 17 17
10 3 17 19
10 6 17 9
10 6 17 11
10 6 17 15
10 6 17 17
10 6 17 19
10 9 17 11
10 9 17 15
10 9 17 17
10 9 17 19
10 11 17 15
10 11 17 17
10 11 17 19
10 15 17 17
10 15 17 19
10 17 17 19
10 15 21 17
10 11 23 17
10 6 24 11
12 9 15 15
12 10 15 15
12 11 15 15
12 9 16 15
12 9 16 17
12 10 16 15
12 10 16 17
12 11 16 15
12 11 16 17
12 15 16 17
12 9 17 15
12 9 17 17
12 10 17 15
12 10 17 17
12 11 17 15
12 11 17 17
12 15 17 17
12 15 21 17
12 10 23 17
12 11 23 17
13 15 16 17
13 15 17 17
13 15 21 17
16 15 21 17
16 10 23 17
16 11 23 17
16 6 24 10
16 6 24 11
17 15 21 17
17 10 23 17
17 11 23 17
17 6 24 10
17 6 24 11
20 10 22 13
20 11 22 13
20 10 23 13
20 11 23 13
