12 16
0111111110000000
0101011010000000
0101011111111110
0111111111111111
0111001110000111
0111111111100111
0111011111111111
0111111111111111
0011111111111111
0010010110000000
0011111110000000
0000000000000000
163
1 6 3 9
1 7 3 9
1 2 4 4
1 2 4 6
1 2 4 7
1 2 4 9
1 4 4 6
1 4 4 7
1 4 4 9
1 6 4 9
1 7 4 9
1 2 5 4
1 7 5 9
1 2 6 4
1 2 6 7
1 2 6 9
1 4 6 7
1 4 6 9
1 7 6 9
1 2 7 4
1 7 7 9
1 2 8 4
1 2 8 7
1 2 8 9
1 4 8 7
1 4 8 9
1 7 8 9
1 4 9 7
1 4 9 9
1 7 9 9
3 7 7 14
3 7 7 15
3 8 7 14
3 8 7 15
3 9 7 14
3 9 7 15
3 7 8 14
3 7 8 15
3 8 8 14
3 8 8 15
3 9 8 14
3 9 8 15
3 7 9 14
3 7 9 15
3 8 9 14
3 8 9 15
3 9 9 14
3 9 9 15
4 2 6 7
4 2 6 8
4 2 6 9
4 3 6 7
4 3 6 8
4 3 6 9
4 4 6 7
4 4 6 8
4 4 6 9
4 7 7 14
4 7 7 15
4 7 7 16
4 8 7 14
4 8 7 15
4 8 7 16
4 9 7 14
4 9 7 15
4 9 7 16
4 2 8 7
4 2 8 8
4 2 8 9
4 2 8 14
4 2 8 15
4 2 8 16
4 3 8 7
4 3 8 8
4 3 8 9
4 3 8 14
4 3 8 15
4 3 8 16
4 4 8 7
4 4 8 8
4 4 8 9
4 4 8 14
4 4 8 15
4 4 8 16
4 7 8 14
4 7 8 15
4 7 8 16
4 8 8 14
4 8 8 15
4 8 8 16
4 9 8 14
4 9 8 15
4 9 8 16
4 3 9 7
4 3 9 8
4 3 9 9
4 3 9 14
4 3 9 15
4 3 9 16
4 4 9 7
4 4 9 8
4 4 9 9
4 4 9 14
4 4 9 15
4 4 9 16
4 7 9 14
4 7 9 15
4 7 9 16
4 8 9 14
4 8 9 15
4 8 9 16
4 9 9 14
4 9 9 15
4 9 9 16
4 3 11 8
4 3 11 9
6 2 8 6
6 2 8 7
6 2 8 8
6 2 8 9
6 2 8 10
6 2 8 11
6 3 8 6
6 3 8 7
6 3 8 8
6 3 8 9
6 3 8 10
6 3 8 11
6 4 8 6
6 4 8 7
6 4 8 8
6 4 8 9
6 4 8 10
6 4 8 11
6 3 9 6
6 3 9 7
6 3 9 8
6 3 9 9
6 3 9 10
6 3 9 11
6 4 9 6
6 4 9 7
6 4 9 8
6 4 9 9
6 4 9 10
6 4 9 11
6 3 11 6
6 3 11 8
6 3 11 9
6 6 11 8
6 6 11 9
7 6 11 8
7 6 11 9
8 3 11 6
8 3 11 8
8 3 11 9
8 6 11 8
8 6 11 9
9 3 11 6
9 3 11 8
9 3 11 9
9 6 11 8
9 6 11 9
