13 17
00000000000000000
00000011111110000
00000010000010000
00000010011111100
00001111111111110
00001010010010110
00001011111111111
00001111111111111
00000011111110111
00000011111111111
00000000011111100
00000000000000000
00000000000000000
106
2 7 5 13
2 7 7 13
2 7 8 13
2 7 9 13
2 7 10 13
4 10 7 13
4 10 7 15
4 13 7 15
4 10 8 13
4 10 8 15
4 13 8 15
4 10 9 13
4 10 10 13
4 10 10 15
4 13 10 15
4 10 11 13
4 10 11 15
4 13 11 15
5 7 7 10
5 7 7 13
5 7 7 15
5 7 7 16
5 10 7 13
5 10 7 15
5 10 7 16
5 13 7 15
5 13 7 16
5 5 8 7
5 5 8 10
5 5 8 13
5 5 8 15
5 5 8 16
5 7 8 10
5 7 8 13
5 7 8 15
5 7 8 16
5 10 8 13
5 10 8 15
5 10 8 16
5 13 8 15
5 13 8 16
5 7 9 10
5 7 9 13
5 10 9 13
5 7 10 10
5 7 10 13
5 7 10 15
5 7 10 16
5 10 10 13
5 10 10 15
5 10 10 16
5 13 10 15
5 13 10 16
5 10 11 13
5 10 11 15
5 13 11 15
7 7 10 15
7 7 10 16
7 7 10 17
7 8 10 15
7 8 10 16
7 8 10 17
7 9 10 15
7 9 10 16
7 9 10 17
7 10 10 15
7 10 10 16
7 10 10 17
7 11 10 15
7 11 10 16
7 11 10 17
7 12 10 15
7 12 10 16
7 12 10 17
7 13 10 15
7 13 10 16
7 13 10 17
7 10 11 15
7 11 11 15
7 12 11 15
7 13 11 15
8 7 10 15
8 7 10 16
8 7 10 17
8 8 10 15
8 8 10 16
8 8 10 17
8 9 10 15
8 9 10 16
8 9 10 17
8 10 10 15
8 10 10 16
8 10 10 17
8 11 10 15
8 11 10 16
8 11 10 17
8 12 10 15
8 12 10 16
8 12 10 17
8 13 10 15
8 13 10 16
8 13 10 17
8 10 11 15
8 11 11 15
8 12 11 15
8 13 11 15
