16 16
0000000000000000
0000000000000000
0011111111111111
0010001101110101
1111111111111111
1011111111110111
1111111111111111
0010001101111101
0010001111110001
0010001101110001
0010001101110001
0011111111111111
0000101101010011
0000101111010011
0000111111111111
0000000001111111
293
3 3 5 7
3 3 5 8
3 3 5 10
3 3 5 11
3 3 5 12
3 3 5 14
3 3 5 16
3 7 5 10
3 7 5 11
3 7 5 12
3 7 5 14
3 7 5 16
3 8 5 10
3 8 5 11
3 8 5 12
3 8 5 14
3 8 5 16
3 10 5 14
3 10 5 16
3 11 5 14
3 11 5 16
3 12 5 14
3 12 5 16
3 14 5 16
3 3 6 7
3 3 6 8
3 3 6 10
3 3 6 11
3 3 6 12
3 7 6 10
3 7 6 11
3 7 6 12
3 8 6 10
3 8 6 11
3 8 6 12
3 14 6 16
3 3 7 7
3 3 7 8
3 3 7 10
3 3 7 11
3 3 7 12
3 3 7 14
3 3 7 16
3 7 7 10
3 7 7 11
3 7 7 12
3 7 7 14
3 7 7 16
3 8 7 10
3 8 7 11
3 8 7 12
3 8 7 14
3 8 7 16
3 10 7 14
3 10 7 16
3 11 7 14
3 11 7 16
3 12 7 14
3 12 7 16
3 14 7 16
3 10 8 14
3 11 8 14
3 12 8 14
3 7 9 10
3 7 9 11
3 7 9 12
3 8 9 10
3 8 9 11
3 8 9 12
3 3 12 7
3 3 12 8
3 3 12 10
3 3 12 11
3 3 12 12
3 3 12 16
3 7 12 10
3 7 12 11
3 7 12 12
3 7 12 16
3 8 12 10
3 8 12 11
3 8 12 12
3 8 12 16
3 10 12 16
3 11 12 16
3 12 12 16
3 7 14 10
3 8 14 10
3 7 15 10
3 7 15 12
3 7 15 16
3 8 15 10
3 8 15 12
3 8 15 16
3 10 15 12
3 10 15 16
3 12 15 16
3 10 16 12
3 10 16 16
3 12 16 16
4 10 15 12
4 10 16 12
5 1 7 3
5 1 7 4
5 1 7 5
5 1 7 6
5 1 7 7
5 1 7 8
5 1 7 9
5 1 7 10
5 1 7 11
5 1 7 12
5 1 7 14
5 1 7 15
5 1 7 16
5 3 7 14
5 3 7 15
5 3 7 16
5 4 7 14
5 4 7 15
5 4 7 16
5 5 7 14
5 5 7 15
5 5 7 16
5 6 7 14
5 6 7 15
5 6 7 16
5 7 7 14
5 7 7 15
5 7 7 16
5 8 7 14
5 8 7 15
5 8 7 16
5 9 7 14
5 9 7 15
5 9 7 16
5 10 7 14
5 10 7 15
5 10 7 16
5 11 7 14
5 11 7 15
5 11 7 16
5 12 7 14
5 12 7 15
5 12 7 16
5 10 8 14
5 11 8 14
5 12 8 14
5 7 9 10
5 7 9 11
5 7 9 12
5 8 9 10
5 8 9 11
5 8 9 12
5 3 12 7
5 3 12 8
5 3 12 10
5 3 12 11
5 3 12 12
5 3 12 16
5 7 12 10
5 7 12 11
5 7 12 12
5 7 12 16
5 8 12 10
5 8 12 11
5 8 12 12
5 8 12 16
5 10 12 16
5 11 12 16
5 12 12 16
5 7 14 10
5 8 14 10
5 7 15 10
5 7 15 12
5 7 15 16
5 8 15 10
5 8 15 12
5 8 15 16
5 10 15 12
5 10 15 16
5 12 15 16
5 10 16 12
5 10 16 16
5 12 16 16
6 7 9 10
6 7 9 11
6 7 9 12
6 8 9 10
6 8 9 11
6 8 9 12
6 3 12 7
6 3 12 8
6 3 12 10
6 3 12 11
6 3 12 12
6 7 12 10
6 7 12 11
6 7 12 12
6 8 12 10
6 8 12 11
6 8 12 12
6 7 14 10
6 8 14 10
6 7 15 10
6 7 15 12
6 8 15 10
6 8 15 12
6 10 15 12
6 10 16 12
7 7 9 10
7 7 9 11
7 7 9 12
7 8 9 10
7 8 9 11
7 8 9 12
7 3 12 7
7 3 12 8
7 3 12 10
7 3 12 11
7 3 12 12
7 3 12 16
7 7 12 10
7 7 12 11
7 7 12 12
7 7 12 16
7 8 12 10
7 8 12 11
7 8 12 12
7 8 12 16
7 10 12 16
7 11 12 16
7 12 12 16
7 7 14 10
7 8 14 10
7 7 15 10
7 7 15 12
7 7 15 16
7 8 15 10
7 8 15 12
7 8 15 16
7 10 15 12
7 10 15 16
7 12 15 16
7 10 16 12
7 10 16 16
7 12 16 16
8 10 15 12
8 10 16 12
9 7 12 10
9 7 12 11
9 7 12 12
9 8 12 10
9 8 12 11
9 8 12 12
9 7 14 10
9 8 14 10
9 7 15 10
9 7 15 12
9 8 15 10
9 8 15 12
9 10 15 12
9 10 16 12
10 10 15 12
10 10 16 12
11 10 15 12
11 10 16 12
12 7 14 10
12 8 14 10
12 5 15 7
12 5 15 8
12 5 15 10
12 5 15 12
12 5 15 15
12 5 15 16
12 7 15 10
12 7 15 12
12 7 15 15
12 7 15 16
12 8 15 10
12 8 15 12
12 8 15 15
12 8 15 16
12 10 15 12
12 10 15 15
12 10 15 16
12 12 15 15
12 12 15 16
12 10 16 12
12 10 16 15
12 10 16 16
12 12 16 15
12 12 16 16
