19 19
0000000000000000000
0001111111111111000
0001111111111111000
0001101111110011000
0001101000110011000
0001101000110011000
0001111111110011000
0111111111111011000
0100111111111111000
0100111100001011000
0100100100001011000
0100100100001011000
0100111111111111000
0100111111111111000
0100110100001001000
0100110100001001000
0100111111111111000
0100011100001000000
0111111111111000000
148
2 4 7 7
2 4 7 11
2 4 7 12
2 5 7 7
2 5 7 11
2 5 7 12
2 7 7 11
2 7 7 12
2 4 8 7
2 4 8 11
2 4 8 12
2 5 8 7
2 5 8 11
2 5 8 12
2 7 8 11
2 7 8 12
2 5 9 7
2 5 9 11
2 5 9 12
2 5 9 15
2 5 9 16
2 7 9 11
2 7 9 12
2 7 9 15
2 7 9 16
2 11 9 15
2 11 9 16
2 12 9 15
2 12 9 16
2 5 10 7
2 5 13 15
2 5 13 16
2 5 14 15
2 5 14 16
2 5 17 16
3 4 7 7
3 4 7 11
3 4 7 12
3 5 7 7
3 5 7 11
3 5 7 12
3 7 7 11
3 7 7 12
3 4 8 7
3 4 8 11
3 4 8 12
3 5 8 7
3 5 8 11
3 5 8 12
3 7 8 11
3 7 8 12
3 5 9 7
3 5 9 11
3 5 9 12
3 5 9 15
3 5 9 16
3 7 9 11
3 7 9 12
3 7 9 15
3 7 9 16
3 11 9 15
3 11 9 16
3 12 9 15
3 12 9 16
3 5 10 7
3 5 13 15
3 5 13 16
3 5 14 15
3 5 14 16
3 5 17 16
4 7 7 11
4 7 7 12
4 7 8 11
4 7 8 12
4 7 9 11
4 7 9 12
7 5 13 8
7 5 14 8
7 5 17 8
8 5 13 8
8 5 13 13
8 8 13 13
8 5 14 8
8 5 14 13
8 8 14 13
8 5 17 8
8 5 17 13
8 8 17 13
8 2 19 8
8 2 19 13
8 8 19 13
9 5 13 8
9 5 13 13
9 5 13 15
9 5 13 16
9 8 13 13
9 8 13 15
9 8 13 16
9 13 13 15
9 13 13 16
9 5 14 8
9 5 14 13
9 5 14 15
9 5 14 16
9 8 14 13
9 8 14 15
9 8 14 16
9 13 14 15
9 13 14 16
9 5 17 8
9 5 17 13
9 5 17 16
9 8 17 13
9 8 17 16
9 13 17 16
9 8 19 13
10 5 13 8
10 5 14 8
10 5 17 8
13 5 17 8
13 5 17 13
13 5 17 16
13 6 17 8
13 6 17 13
13 6 17 16
13 8 17 13
13 8 17 16
13 13 17 16
13 6 18 8
13 6 19 8
13 6 19 13
13 8 19 13
14 5 17 8
14 5 17 13
14 5 17 16
14 6 17 8
14 6 17 13
14 6 17 16
14 8 17 13
14 8 17 16
14 13 17 16
14 6 18 8
14 6 19 8
14 6 19 13
14 8 19 13
17 6 19 13
17 7 19 13
17 8 19 13
