16 21
000000000000011111100
000000000000111000100
000011111001111110100
000010001001111010100
011111111111111111110
010010001001111111110
010010001001101010010
010010001001101010010
010010111111111111110
011111111111111111110
011111111111111111110
000000100001101010010
000000100001101010010
000000100001101010010
000000100001101010010
000000111111111111110
202
1 14 5 19
1 15 5 19
1 14 6 19
1 15 6 19
2 13 9 15
2 13 10 15
2 13 11 15
2 13 16 15
3 5 5 9
3 12 5 17
3 13 5 17
3 14 5 17
3 15 5 17
3 12 6 17
3 13 6 17
3 14 6 17
3 15 6 17
3 12 9 15
3 12 9 17
3 13 9 15
3 13 9 17
3 15 9 17
3 5 10 9
3 12 10 15
3 12 10 17
3 13 10 15
3 13 10 17
3 15 10 17
3 5 11 9
3 12 11 15
3 12 11 17
3 13 11 15
3 13 11 17
3 15 11 17
3 12 16 15
3 12 16 17
3 13 16 15
3 13 16 17
3 15 16 17
4 12 9 15
4 13 9 15
4 12 10 15
4 13 10 15
4 12 11 15
4 13 11 15
4 12 16 15
4 13 16 15
5 9 9 12
5 9 9 13
5 9 9 15
5 9 9 17
5 9 9 20
5 12 9 15
5 12 9 17
5 12 9 20
5 13 9 15
5 13 9 17
5 13 9 20
5 15 9 17
5 15 9 20
5 17 9 20
5 2 10 5
5 2 10 9
5 2 10 12
5 2 10 13
5 2 10 15
5 2 10 17
5 2 10 20
5 5 10 9
5 5 10 12
5 5 10 13
5 5 10 15
5 5 10 17
5 5 10 20
5 9 10 12
5 9 10 13
5 9 10 15
5 9 10 17
5 9 10 20
5 12 10 15
5 12 10 17
5 12 10 20
5 13 10 15
5 13 10 17
5 13 10 20
5 15 10 17
5 15 10 20
5 17 10 20
5 2 11 5
5 2 11 9
5 2 11 12
5 2 11 13
5 2 11 15
5 2 11 17
5 2 11 20
5 5 11 9
5 5 11 12
5 5 11 13
5 5 11 15
5 5 11 17
5 5 11 20
5 9 11 12
5 9 11 13
5 9 11 15
5 9 11 17
5 9 11 20
5 12 11 15
5 12 11 17
5 12 11 20
5 13 11 15
5 13 11 17
5 13 11 20
5 15 11 17
5 15 11 20
5 17 11 20
5 12 16 15
5 12 16 17
5 12 16 20
5 13 16 15
5 13 16 17
5 13 16 20
5 15 16 17
5 15 16 20
5 17 16 20
6 12 9 15
6 12 9 17
6 12 9 20
6 13 9 15
6 13 9 17
6 13 9 20
6 15 9 17
6 15 9 20
6 17 9 20
6 12 10 15
6 12 10 17
6 12 10 20
6 13 10 15
6 13 10 17
6 13 10 20
6 15 10 17
6 15 10 20
6 17 10 20
6 12 11 15
6 12 11 17
6 12 11 20
6 13 11 15
6 13 11 17
6 13 11 20
6 15 11 17
6 15 11 20
6 17 11 20
6 12 16 15
6 12 16 17
6 12 16 20
6 13 16 15
6 13 16 17
6 13 16 20
6 15 16 17
6 15 16 20
6 17 16 20
9 7 16 12
9 7 16 13
9 7 16 15
9 7 16 17
9 7 16 20
9 12 16 15
9 12 16 17
9 12 16 20
9 13 16 15
9 13 16 17
9 13 16 20
9 15 16 17
9 15 16 20
9 17 16 20
10 7 16 12
10 7 16 13
10 7 16 15
10 7 16 17
10 7 16 20
10 12 16 15
10 12 16 17
10 12 16 20
10 13 16 15
10 13 16 17
10 13 16 20
10 15 16 17
10 15 16 20
10 17 16 20
11 7 16 12
11 7 16 13
11 7 16 15
11 7 16 17
11 7 16 20
11 12 16 15
11 12 16 17
11 12 16 20
11 13 16 15
11 13 16 17
11 13 16 20
11 15 16 17
11 15 16 20
11 17 16 20
