23 20
00000000000000000000
00001111111111111110
00001000000000000010
00001000000000000010
00001000000000000010
00001000000000000010
11111111111111111110
10000000000000010000
10000000000000010000
10000000000000010000
10111111000000010000
11111111111111111100
11100001000000010100
11100001000000010100
11100001000000010100
11100001000000010100
11100001000000010100
11100001000000010100
11111111000000010100
11111111111111111100
10000000000000010000
10000000000000010000
11111111111111110000
23
2 5 7 19
7 1 12 16
7 1 20 16
7 1 23 16
11 3 19 8
11 3 20 8
12 1 19 8
12 2 19 8
12 3 19 8
12 1 20 8
12 1 20 16
12 1 20 18
12 2 20 8
12 2 20 16
12 2 20 18
12 3 20 8
12 3 20 16
12 3 20 18
12 8 20 16
12 8 20 18
12 16 20 18
12 1 23 16
20 1 23 16
