12 20
00000000000000000000
00000000000000000000
00011111111111111100
00011111111111111100
00010110001111011100
00010110001001011100
00011111111111011100
00011111111111111100
00011110101011001100
00011111111111111100
00001111111111111100
00001111111111111100
319
3 4 7 6
3 4 7 7
3 4 7 11
3 4 7 14
3 6 7 11
3 6 7 14
3 7 7 11
3 7 7 14
3 11 7 14
3 4 8 6
3 4 8 7
3 4 8 11
3 4 8 14
3 4 8 16
3 4 8 17
3 4 8 18
3 6 8 11
3 6 8 14
3 6 8 16
3 6 8 17
3 6 8 18
3 7 8 11
3 7 8 14
3 7 8 16
3 7 8 17
3 7 8 18
3 11 8 14
3 11 8 16
3 11 8 17
3 11 8 18
3 14 8 16
3 14 8 17
3 14 8 18
3 4 9 6
3 4 9 7
3 4 10 6
3 4 10 7
3 4 10 11
3 4 10 14
3 4 10 17
3 4 10 18
3 6 10 11
3 6 10 14
3 6 10 17
3 6 10 18
3 7 10 11
3 7 10 14
3 7 10 17
3 7 10 18
3 11 10 14
3 11 10 17
3 11 10 18
3 14 10 17
3 14 10 18
3 6 11 11
3 6 11 14
3 6 11 17
3 6 11 18
3 7 11 11
3 7 11 14
3 7 11 17
3 7 11 18
3 11 11 14
3 11 11 17
3 11 11 18
3 14 11 17
3 14 11 18
3 6 12 11
3 6 12 14
3 6 12 17
3 6 12 18
3 7 12 11
3 7 12 14
3 7 12 17
3 7 12 18
3 11 12 14
3 11 12 17
3 11 12 18
3 14 12 17
3 14 12 18
4 4 7 6
4 4 7 7
4 4 7 11
4 4 7 14
4 6 7 11
4 6 7 14
4 7 7 11
4 7 7 14
4 11 7 14
4 4 8 6
4 4 8 7
4 4 8 11
4 4 8 14
4 4 8 16
4 4 8 17
4 4 8 18
4 6 8 11
4 6 8 14
4 6 8 16
4 6 8 17
4 6 8 18
4 7 8 11
4 7 8 14
4 7 8 16
4 7 8 17
4 7 8 18
4 11 8 14
4 11 8 16
4 11 8 17
4 11 8 18
4 14 8 16
4 14 8 17
4 14 8 18
4 4 9 6
4 4 9 7
4 4 10 6
4 4 10 7
4 4 10 11
4 4 10 14
4 4 10 17
4 4 10 18
4 6 10 11
4 6 10 14
4 6 10 17
4 6 10 18
4 7 10 11
4 7 10 14
4 7 10 17
4 7 10 18
4 11 10 14
4 11 10 17
4 11 10 18
4 14 10 17
4 14 10 18
4 6 11 11
4 6 11 14
4 6 11 17
4 6 11 18
4 7 11 11
4 7 11 14
4 7 11 17
4 7 11 18
4 11 11 14
4 11 11 17
4 11 11 18
4 14 11 17
4 14 11 18
4 6 12 11
4 6 12 14
4 6 12 17
4 6 12 18
4 7 12 11
4 7 12 14
4 7 12 17
4 7 12 18
4 11 12 14
4 11 12 17
4 11 12 18
4 14 12 17
4 14 12 18
5 11 7 14
5 11 8 14
5 11 10 14
5 11 11 14
5 11 12 14
7 4 10 9
7 4 10 11
7 4 10 13
7 4 10 14
7 5 10 9
7 5 10 11
7 5 10 13
7 5 10 14
7 6 10 9
7 6 10 11
7 6 10 13
7 6 10 14
7 7 10 9
7 7 10 11
7 7 10 13
7 7 10 14
7 9 10 11
7 9 10 13
7 9 10 14
7 11 10 13
7 11 10 14
7 5 11 9
7 5 11 11
7 5 11 13
7 5 11 14
7 6 11 9
7 6 11 11
7 6 11 13
7 6 11 14
7 7 11 9
7 7 11 11
7 7 11 13
7 7 11 14
7 9 11 11
7 9 11 13
7 9 11 14
7 11 11 13
7 11 11 14
7 5 12 9
7 5 12 11
7 5 12 13
7 5 12 14
7 6 12 9
7 6 12 11
7 6 12 13
7 6 12 14
7 7 12 9
7 7 12 11
7 7 12 13
7 7 12 14
7 9 12 11
7 9 12 13
7 9 12 14
7 11 12 13
7 11 12 14
8 4 10 9
8 4 10 11
8 4 10 13
8 4 10 14
8 4 10 17
8 4 10 18
8 5 10 9
8 5 10 11
8 5 10 13
8 5 10 14
8 5 10 17
8 5 10 18
8 6 10 9
8 6 10 11
8 6 10 13
8 6 10 14
8 6 10 17
8 6 10 18
8 7 10 9
8 7 10 11
8 7 10 13
8 7 10 14
8 7 10 17
8 7 10 18
8 9 10 11
8 9 10 13
8 9 10 14
8 9 10 17
8 9 10 18
8 11 10 13
8 11 10 14
8 11 10 17
8 11 10 18
8 13 10 17
8 13 10 18
8 14 10 17
8 14 10 18
8 5 11 9
8 5 11 11
8 5 11 13
8 5 11 14
8 5 11 17
8 5 11 18
8 6 11 9
8 6 11 11
8 6 11 13
8 6 11 14
8 6 11 17
8 6 11 18
8 7 11 9
8 7 11 11
8 7 11 13
8 7 11 14
8 7 11 17
8 7 11 18
8 9 11 11
8 9 11 13
8 9 11 14
8 9 11 17
8 9 11 18
8 11 11 13
8 11 11 14
8 11 11 17
8 11 11 18
8 13 11 17
8 13 11 18
8 14 11 17
8 14 11 18
8 5 12 9
8 5 12 11
8 5 12 13
8 5 12 14
8 5 12 17
8 5 12 18
8 6 12 9
8 6 12 11
8 6 12 13
8 6 12 14
8 6 12 17
8 6 12 18
8 7 12 9
8 7 12 11
8 7 12 13
8 7 12 14
8 7 12 17
8 7 12 18
8 9 12 11
8 9 12 13
8 9 12 14
8 9 12 17
8 9 12 18
8 11 12 13
8 11 12 14
8 11 12 17
8 11 12 18
8 13 12 17
8 13 12 18
8 14 12 17
8 14 12 18
