13 24
000000000000000000000000
000000001111100000000000
000000001000100000000000
111111111111111111100000
111111111111111000100000
111100011000101000100000
111111111000101000100000
111000011111111000100000
111000000000101000100000
111111111111111000100000
101000000000100000100000
101000000000111111100000
111000000000000000000000
52
2 9 4 13
2 9 5 13
2 9 8 13
4 1 7 8
4 1 7 9
4 2 7 8
4 2 7 9
4 3 7 8
4 3 7 9
4 4 7 8
4 4 7 9
4 8 8 13
4 8 8 15
4 9 8 13
4 9 8 15
4 13 8 15
4 1 10 13
4 1 10 15
4 2 10 13
4 2 10 15
4 3 10 13
4 3 10 15
4 13 10 15
4 13 12 19
4 1 13 3
5 1 7 8
5 1 7 9
5 2 7 8
5 2 7 9
5 3 7 8
5 3 7 9
5 4 7 8
5 4 7 9
5 8 8 13
5 8 8 15
5 9 8 13
5 9 8 15
5 13 8 15
5 1 10 13
5 1 10 15
5 2 10 13
5 2 10 15
5 3 10 13
5 3 10 15
5 13 10 15
5 1 13 3
6 1 13 3
7 1 13 3
8 13 10 15
8 1 13 3
9 1 13 3
10 1 13 3
