24 25
0000000000000000000000000
0000000000000000000000000
0000000000001111111111111
0011111111101000000000001
0011100111111110000000001
0011111101111111111100001
0011100101101010000100001
0111111111111111111110001
0111110101101010000110001
0111110111101111111111111
0111010101100010000110000
0111010101111111111110000
0111010100100010000110000
0111010100100010000110000
0111111111111111111110000
0011010100100010000010000
0011111111111111111111000
0011010100100010000011000
0011111111100010000011000
0011111111111111111111000
0000011111111111111110000
0000000100000010000000000
0000000100000010000000000
0000000111111110000000000
359
3 13 10 25
4 3 6 8
4 4 6 8
4 5 6 8
4 3 8 8
4 3 8 10
4 3 8 11
4 4 8 8
4 4 8 10
4 4 8 11
4 5 8 8
4 5 8 10
4 5 8 11
4 8 8 10
4 8 8 11
4 8 10 10
4 8 10 11
4 3 15 8
4 3 15 11
4 4 15 8
4 4 15 11
4 8 15 11
4 3 17 8
4 3 17 11
4 4 17 8
4 4 17 11
4 8 17 11
4 3 19 8
4 3 19 11
4 4 19 8
4 4 19 11
4 8 19 11
4 3 20 8
4 3 20 11
4 4 20 8
4 4 20 11
4 8 20 11
4 8 21 11
5 8 8 10
5 8 8 11
5 8 8 13
5 8 8 15
5 10 8 13
5 10 8 15
5 11 8 13
5 11 8 15
5 13 8 15
5 8 10 10
5 8 10 11
5 13 10 15
5 10 12 15
5 11 12 15
5 8 15 11
5 8 15 15
5 11 15 15
5 8 17 11
5 8 17 15
5 11 17 15
5 8 19 11
5 8 20 11
5 8 20 15
5 11 20 15
5 8 21 11
5 8 21 15
5 11 21 15
5 8 24 15
6 3 8 8
6 4 8 8
6 5 8 8
6 10 8 13
6 10 8 15
6 10 8 20
6 11 8 13
6 11 8 15
6 11 8 20
6 13 8 15
6 13 8 20
6 15 8 20
6 13 10 15
6 13 10 20
6 15 10 20
6 10 12 15
6 10 12 20
6 11 12 15
6 11 12 20
6 15 12 20
6 3 15 8
6 4 15 8
6 11 15 15
6 11 15 20
6 15 15 20
6 3 17 8
6 4 17 8
6 11 17 15
6 3 19 8
6 4 19 8
6 3 20 8
6 4 20 8
6 11 20 15
6 11 21 15
8 8 10 10
8 8 10 11
8 13 10 15
8 13 10 20
8 13 10 21
8 15 10 20
8 15 10 21
8 10 12 15
8 10 12 20
8 10 12 21
8 11 12 15
8 11 12 20
8 11 12 21
8 15 12 20
8 15 12 21
8 2 15 6
8 2 15 8
8 2 15 11
8 2 15 15
8 2 15 20
8 2 15 21
8 3 15 6
8 3 15 8
8 3 15 11
8 3 15 15
8 3 15 20
8 3 15 21
8 4 15 6
8 4 15 8
8 4 15 11
8 4 15 15
8 4 15 20
8 4 15 21
8 6 15 8
8 6 15 11
8 6 15 15
8 6 15 20
8 6 15 21
8 8 15 11
8 8 15 15
8 8 15 20
8 8 15 21
8 11 15 15
8 11 15 20
8 11 15 21
8 15 15 20
8 15 15 21
8 3 17 6
8 3 17 8
8 3 17 11
8 3 17 15
8 3 17 21
8 4 17 6
8 4 17 8
8 4 17 11
8 4 17 15
8 4 17 21
8 6 17 8
8 6 17 11
8 6 17 15
8 6 17 21
8 8 17 11
8 8 17 15
8 8 17 21
8 11 17 15
8 11 17 21
8 15 17 21
8 3 19 6
8 3 19 8
8 3 19 11
8 4 19 6
8 4 19 8
8 4 19 11
8 6 19 8
8 6 19 11
8 8 19 11
8 3 20 6
8 3 20 8
8 3 20 11
8 3 20 15
8 3 20 21
8 4 20 6
8 4 20 8
8 4 20 11
8 4 20 15
8 4 20 21
8 6 20 8
8 6 20 11
8 6 20 15
8 6 20 21
8 8 20 11
8 8 20 15
8 8 20 21
8 11 20 15
8 11 20 21
8 15 20 21
8 6 21 8
8 6 21 11
8 6 21 15
8 6 21 21
8 8 21 11
8 8 21 15
8 8 21 21
8 11 21 15
8 11 21 21
8 15 21 21
8 8 24 15
9 2 15 6
9 3 15 6
9 4 15 6
9 3 17 6
9 4 17 6
9 3 19 6
9 4 19 6
9 3 20 6
9 4 20 6
10 15 12 20
10 15 12 21
10 2 15 6
10 3 15 6
10 4 15 6
10 8 15 11
10 15 15 20
10 15 15 21
10 3 17 6
10 4 17 6
10 8 17 11
10 15 17 21
10 3 19 6
10 4 19 6
10 8 19 11
10 3 20 6
10 4 20 6
10 8 20 11
10 15 20 21
10 8 21 11
10 15 21 21
12 11 15 15
12 11 15 20
12 11 15 21
12 15 15 20
12 15 15 21
12 11 17 15
12 11 17 21
12 15 17 21
12 11 20 15
12 11 20 21
12 15 20 21
12 11 21 15
12 11 21 21
12 15 21 21
15 3 17 6
15 3 17 8
15 3 17 11
15 3 17 15
15 3 17 21
15 4 17 6
15 4 17 8
15 4 17 11
15 4 17 15
15 4 17 21
15 6 17 8
15 6 17 11
15 6 17 15
15 6 17 21
15 8 17 11
15 8 17 15
15 8 17 21
15 11 17 15
15 11 17 21
15 15 17 21
15 3 19 6
15 3 19 8
15 3 19 11
15 4 19 6
15 4 19 8
15 4 19 11
15 6 19 8
15 6 19 11
15 8 19 11
15 3 20 6
15 3 20 8
15 3 20 11
15 3 20 15
15 3 20 21
15 4 20 6
15 4 20 8
15 4 20 11
15 4 20 15
15 4 20 21
15 6 20 8
15 6 20 11
15 6 20 15
15 6 20 21
15 8 20 11
15 8 20 15
15 8 20 21
15 11 20 15
15 11 20 21
15 15 20 21
15 6 21 8
15 6 21 11
15 6 21 15
15 6 21 21
15 8 21 11
15 8 21 15
15 8 21 21
15 11 21 15
15 11 21 21
15 15 21 21
15 8 24 15
17 3 19 6
17 3 19 8
17 3 19 11
17 4 19 6
17 4 19 8
17 4 19 11
17 6 19 8
17 6 19 11
17 8 19 11
17 3 20 6
17 3 20 8
17 3 20 11
17 3 20 15
17 3 20 21
17 3 20 22
17 4 20 6
17 4 20 8
17 4 20 11
17 4 20 15
17 4 20 21
17 4 20 22
17 6 20 8
17 6 20 11
17 6 20 15
17 6 20 21
17 6 20 22
17 8 20 11
17 8 20 15
17 8 20 21
17 8 20 22
17 11 20 15
17 11 20 21
17 11 20 22
17 15 20 21
17 15 20 22
17 6 21 8
17 6 21 11
17 6 21 15
17 6 21 21
17 8 21 11
17 8 21 15
17 8 21 21
17 11 21 15
17 11 21 21
17 15 21 21
17 8 24 15
20 8 24 15
21 8 24 15
