25 25
0000000000000000000000000
0111111111100000000000000
0100000000100000000000000
1111111111111111100000000
1100000000100000100000000
1100000000100000100000000
1100111111111111111000000
1100100000100000101000000
1100100000100000101000000
1111111111111000101000000
1100100000101000101000000
1100100000101000101000000
1100100000101000101000000
1100100000101000101000000
1100111111111111111000000
1100000000101000100000000
1100000000101000100000000
1100000000101011111111111
1100000000101010100000001
1100000000101010100000001
1111111111101011111111111
1100000000001000100000000
1100000000001000100000000
1111111111111111100000000
0111111111111000000000000
30
2 2 4 11
2 2 10 11
2 2 21 11
4 11 7 17
4 1 10 11
4 2 10 11
4 11 15 17
4 1 21 11
4 2 21 11
4 1 24 17
4 2 24 17
7 5 10 11
7 5 15 11
7 5 15 17
7 5 15 19
7 11 15 17
7 11 15 19
7 17 15 19
10 5 15 11
10 5 15 13
10 11 15 13
10 1 21 11
10 2 21 11
10 1 24 13
10 2 24 13
10 2 25 13
15 13 24 17
18 15 21 17
18 15 21 25
18 17 21 25
