10 12
001111111110
011111110110
011101110110
011111111111
011101111111
011111111111
011101111110
011111111110
011111101000
000000111000
171
1 3 4 6
1 3 4 7
1 3 4 8
1 3 4 10
1 3 4 11
1 4 4 6
1 4 4 7
1 4 4 8
1 4 4 10
1 4 4 11
1 6 4 10
1 6 4 11
1 7 4 10
1 7 4 11
1 8 4 10
1 8 4 11
1 6 5 10
1 6 5 11
1 7 5 10
1 7 5 11
1 8 5 10
1 8 5 11
1 3 6 6
1 3 6 7
1 3 6 8
1 3 6 10
1 3 6 11
1 4 6 6
1 4 6 7
1 4 6 8
1 4 6 10
1 4 6 11
1 6 6 10
1 6 6 11
1 7 6 10
1 7 6 11
1 8 6 10
1 8 6 11
1 6 7 10
1 6 7 11
1 7 7 10
1 7 7 11
1 8 7 10
1 8 7 11
1 3 8 6
1 3 8 7
1 3 8 8
1 3 8 10
1 3 8 11
1 4 8 6
1 4 8 7
1 4 8 8
1 4 8 10
1 4 8 11
1 6 8 10
1 6 8 11
1 7 8 10
1 7 8 11
1 8 8 10
1 8 8 11
1 3 9 6
1 3 9 7
1 4 9 6
1 4 9 7
2 2 4 6
2 2 4 7
2 2 4 8
2 3 4 6
2 3 4 7
2 3 4 8
2 4 4 6
2 4 4 7
2 4 4 8
2 2 6 6
2 2 6 7
2 2 6 8
2 3 6 6
2 3 6 7
2 3 6 8
2 4 6 6
2 4 6 7
2 4 6 8
2 2 8 6
2 2 8 7
2 2 8 8
2 3 8 6
2 3 8 7
2 3 8 8
2 4 8 6
2 4 8 7
2 4 8 8
2 2 9 6
2 2 9 7
2 3 9 6
2 3 9 7
2 4 9 6
2 4 9 7
4 2 6 6
4 2 6 7
4 2 6 8
4 2 6 9
4 2 6 10
4 2 6 11
4 2 6 12
4 3 6 6
4 3 6 7
4 3 6 8
4 3 6 9
4 3 6 10
4 3 6 11
4 3 6 12
4 4 6 6
4 4 6 7
4 4 6 8
4 4 6 9
4 4 6 10
4 4 6 11
4 4 6 12
4 2 8 6
4 2 8 7
4 2 8 8
4 2 8 9
4 2 8 10
4 2 8 11
4 3 8 6
4 3 8 7
4 3 8 8
4 3 8 9
4 3 8 10
4 3 8 11
4 4 8 6
4 4 8 7
4 4 8 8
4 4 8 9
4 4 8 10
4 4 8 11
4 2 9 6
4 2 9 7
4 3 9 6
4 3 9 7
4 4 9 6
4 4 9 7
4 7 10 9
5 7 10 9
6 2 8 6
6 2 8 7
6 2 8 8
6 2 8 9
6 2 8 10
6 2 8 11
6 3 8 6
6 3 8 7
6 3 8 8
6 3 8 9
6 3 8 10
6 3 8 11
6 4 8 6
6 4 8 7
6 4 8 8
6 4 8 9
6 4 8 10
6 4 8 11
6 2 9 6
6 2 9 7
6 3 9 6
6 3 9 7
6 4 9 6
6 4 9 7
6 7 10 9
7 7 10 9
8 7 10 9
