14 14
00000111111100
00000111111100
11111111101100
11111111111100
11000101101100
11111111111100
11111111111111
11111111111111
11111111111111
11010000100011
11010000100011
11011111111111
11111111111111
11111111100000
272
1 6 4 11
1 6 4 12
1 7 4 11
1 7 4 12
1 8 4 11
1 8 4 12
1 9 4 11
1 9 4 12
1 6 6 8
1 6 6 9
1 6 6 11
1 6 6 12
1 8 6 11
1 8 6 12
1 9 6 11
1 9 6 12
1 6 7 8
1 6 7 9
1 6 7 11
1 6 7 12
1 8 7 11
1 8 7 12
1 9 7 11
1 9 7 12
1 6 8 8
1 6 8 9
1 6 8 11
1 6 8 12
1 8 8 11
1 8 8 12
1 9 8 11
1 9 8 12
1 6 9 8
1 6 9 9
1 6 9 11
1 6 9 12
1 8 9 11
1 8 9 12
1 9 9 11
1 9 9 12
2 6 4 11
2 6 4 12
2 7 4 11
2 7 4 12
2 8 4 11
2 8 4 12
2 9 4 11
2 9 4 12
2 6 6 8
2 6 6 9
2 6 6 11
2 6 6 12
2 8 6 11
2 8 6 12
2 9 6 11
2 9 6 12
2 6 7 8
2 6 7 9
2 6 7 11
2 6 7 12
2 8 7 11
2 8 7 12
2 9 7 11
2 9 7 12
2 6 8 8
2 6 8 9
2 6 8 11
2 6 8 12
2 8 8 11
2 8 8 12
2 9 8 11
2 9 8 12
2 6 9 8
2 6 9 9
2 6 9 11
2 6 9 12
2 8 9 11
2 8 9 12
2 9 9 11
2 9 9 12
3 1 6 6
3 1 6 8
3 1 6 9
3 2 6 6
3 2 6 8
3 2 6 9
3 6 6 8
3 6 6 9
3 1 7 6
3 1 7 8
3 1 7 9
3 2 7 6
3 2 7 8
3 2 7 9
3 6 7 8
3 6 7 9
3 1 8 6
3 1 8 8
3 1 8 9
3 2 8 6
3 2 8 8
3 2 8 9
3 6 8 8
3 6 8 9
3 1 9 6
3 1 9 8
3 1 9 9
3 2 9 6
3 2 9 8
3 2 9 9
3 6 9 8
3 6 9 9
3 1 13 9
3 2 13 9
3 1 14 9
3 2 14 9
4 1 6 6
4 1 6 8
4 1 6 9
4 1 6 11
4 1 6 12
4 2 6 6
4 2 6 8
4 2 6 9
4 2 6 11
4 2 6 12
4 6 6 8
4 6 6 9
4 6 6 11
4 6 6 12
4 8 6 11
4 8 6 12
4 9 6 11
4 9 6 12
4 1 7 6
4 1 7 8
4 1 7 9
4 1 7 11
4 1 7 12
4 2 7 6
4 2 7 8
4 2 7 9
4 2 7 11
4 2 7 12
4 6 7 8
4 6 7 9
4 6 7 11
4 6 7 12
4 8 7 11
4 8 7 12
4 9 7 11
4 9 7 12
4 1 8 6
4 1 8 8
4 1 8 9
4 1 8 11
4 1 8 12
4 2 8 6
4 2 8 8
4 2 8 9
4 2 8 11
4 2 8 12
4 6 8 8
4 6 8 9
4 6 8 11
4 6 8 12
4 8 8 11
4 8 8 12
4 9 8 11
4 9 8 12
4 1 9 6
4 1 9 8
4 1 9 9
4 1 9 11
4 1 9 12
4 2 9 6
4 2 9 8
4 2 9 9
4 2 9 11
4 2 9 12
4 6 9 8
4 6 9 9
4 6 9 11
4 6 9 12
4 8 9 11
4 8 9 12
4 9 9 11
4 9 9 12
4 1 13 9
4 2 13 9
4 1 14 9
4 2 14 9
6 4 12 9
6 1 13 4
6 1 13 9
6 2 13 4
6 2 13 9
6 4 13 9
6 1 14 4
6 1 14 9
6 2 14 4
6 2 14 9
6 4 14 9
7 4 12 9
7 4 12 13
7 4 12 14
7 9 12 13
7 9 12 14
7 1 13 4
7 1 13 9
7 1 13 13
7 1 13 14
7 2 13 4
7 2 13 9
7 2 13 13
7 2 13 14
7 4 13 9
7 4 13 13
7 4 13 14
7 9 13 13
7 9 13 14
7 1 14 4
7 1 14 9
7 2 14 4
7 2 14 9
7 4 14 9
8 4 12 9
8 4 12 13
8 4 12 14
8 9 12 13
8 9 12 14
8 1 13 4
8 1 13 9
8 1 13 13
8 1 13 14
8 2 13 4
8 2 13 9
8 2 13 13
8 2 13 14
8 4 13 9
8 4 13 13
8 4 13 14
8 9 13 13
8 9 13 14
8 1 14 4
8 1 14 9
8 2 14 4
8 2 14 9
8 4 14 9
9 4 12 9
9 4 12 13
9 4 12 14
9 9 12 13
9 9 12 14
9 1 13 4
9 1 13 9
9 1 13 13
9 1 13 14
9 2 13 4
9 2 13 9
9 2 13 13
9 2 13 14
9 4 13 9
9 4 13 13
9 4 13 14
9 9 13 13
9 9 13 14
9 1 14 4
9 1 14 9
9 2 14 4
9 2 14 9
9 4 14 9
