20 22
0001111111111111111111
0001011111111100100001
0001011100110100100001
1111011100111111111111
1001011100110100100000
1001011100110100100000
1001011111111111100000
1111011100110100000000
0001111111111111111110
0001111110110100000010
0001010110110100000010
0011111111111110000010
0011010110111110000010
0011010110010010000010
0011111111111110000010
0001010110010000000010
0001111111111111111110
0000010100000000000000
0000011100000000000000
0000000000000000000000
280
1 11 4 14
1 11 4 17
1 11 4 22
1 12 4 14
1 12 4 17
1 12 4 22
1 14 4 17
1 14 4 22
1 17 4 22
1 6 7 11
1 6 7 12
1 6 7 14
1 6 7 17
1 7 7 11
1 7 7 12
1 7 7 14
1 7 7 17
1 8 7 11
1 8 7 12
1 8 7 14
1 8 7 17
1 11 7 14
1 11 7 17
1 12 7 14
1 12 7 17
1 14 7 17
1 4 9 6
1 4 9 7
1 4 9 8
1 4 9 11
1 4 9 12
1 4 9 14
1 6 9 11
1 6 9 12
1 6 9 14
1 7 9 11
1 7 9 12
1 7 9 14
1 8 9 11
1 8 9 12
1 8 9 14
1 11 9 14
1 12 9 14
1 4 10 6
1 4 10 7
1 4 10 8
1 4 12 6
1 4 12 8
1 4 12 11
1 4 12 12
1 4 12 14
1 6 12 8
1 6 12 11
1 6 12 12
1 6 12 14
1 8 12 11
1 8 12 12
1 8 12 14
1 11 12 14
1 12 12 14
1 11 13 14
1 12 13 14
1 4 15 6
1 4 15 8
1 4 15 12
1 6 15 8
1 6 15 12
1 8 15 12
1 4 17 6
1 4 17 8
1 4 17 12
1 6 17 8
1 6 17 12
1 8 17 12
1 6 19 8
2 11 4 14
2 12 4 14
2 6 7 11
2 6 7 12
2 6 7 14
2 7 7 11
2 7 7 12
2 7 7 14
2 8 7 11
2 8 7 12
2 8 7 14
2 11 7 14
2 12 7 14
2 6 9 11
2 6 9 12
2 6 9 14
2 7 9 11
2 7 9 12
2 7 9 14
2 8 9 11
2 8 9 12
2 8 9 14
2 11 9 14
2 12 9 14
2 6 12 8
2 6 12 11
2 6 12 12
2 6 12 14
2 8 12 11
2 8 12 12
2 8 12 14
2 11 12 14
2 12 12 14
2 11 13 14
2 12 13 14
2 6 15 8
2 6 15 12
2 8 15 12
2 6 17 8
2 6 17 12
2 8 17 12
2 6 19 8
3 6 12 8
3 6 15 8
3 6 17 8
3 6 19 8
4 11 7 14
4 11 7 17
4 12 7 14
4 12 7 17
4 14 7 17
4 1 8 4
4 11 9 14
4 12 9 14
4 6 12 8
4 11 12 14
4 12 12 14
4 11 13 14
4 12 13 14
4 6 15 8
4 6 17 8
4 6 19 8
5 6 12 8
5 6 15 8
5 6 17 8
5 6 19 8
6 6 12 8
6 6 15 8
6 6 17 8
6 6 19 8
7 6 9 11
7 6 9 12
7 6 9 14
7 7 9 11
7 7 9 12
7 7 9 14
7 8 9 11
7 8 9 12
7 8 9 14
7 11 9 14
7 12 9 14
7 6 12 8
7 6 12 11
7 6 12 12
7 6 12 14
7 8 12 11
7 8 12 12
7 8 12 14
7 11 12 14
7 12 12 14
7 11 13 14
7 12 13 14
7 6 15 8
7 6 15 12
7 8 15 12
7 6 17 8
7 6 17 12
7 8 17 12
7 6 19 8
8 6 12 8
8 6 15 8
8 6 17 8
8 6 19 8
9 4 12 6
9 4 12 8
9 4 12 9
9 4 12 11
9 4 12 12
9 4 12 14
9 6 12 8
9 6 12 9
9 6 12 11
9 6 12 12
9 6 12 14
9 8 12 11
9 8 12 12
9 8 12 14
9 9 12 11
9 9 12 12
9 9 12 14
9 11 12 14
9 12 12 14
9 11 13 14
9 12 13 14
9 4 15 6
9 4 15 8
9 4 15 9
9 4 15 12
9 6 15 8
9 6 15 9
9 6 15 12
9 8 15 12
9 9 15 12
9 4 17 6
9 4 17 8
9 4 17 9
9 4 17 12
9 4 17 21
9 6 17 8
9 6 17 9
9 6 17 12
9 6 17 21
9 8 17 12
9 8 17 21
9 9 17 12
9 9 17 21
9 12 17 21
9 6 19 8
10 4 12 6
10 4 12 8
10 4 12 9
10 6 12 8
10 6 12 9
10 4 15 6
10 4 15 8
10 4 15 9
10 6 15 8
10 6 15 9
10 4 17 6
10 4 17 8
10 4 17 9
10 6 17 8
10 6 17 9
10 6 19 8
12 3 15 6
12 3 15 8
12 3 15 9
12 3 15 12
12 3 15 15
12 4 15 6
12 4 15 8
12 4 15 9
12 4 15 12
12 4 15 15
12 6 15 8
12 6 15 9
12 6 15 12
12 6 15 15
12 8 15 12
12 8 15 15
12 9 15 12
12 9 15 15
12 12 15 15
12 4 17 6
12 4 17 8
12 4 17 9
12 4 17 12
12 6 17 8
12 6 17 9
12 6 17 12
12 8 17 12
12 9 17 12
12 6 19 8
13 12 15 15
15 4 17 6
15 4 17 8
15 4 17 9
15 4 17 12
15 6 17 8
15 6 17 9
15 6 17 12
15 8 17 12
15 9 17 12
15 6 19 8
17 6 19 8
