21 20
00000000000000000000
00111000000000000000
00101000000000000000
11111111110000000000
10111000010000000000
10000000010000000000
10000000010000000000
10000000010000000000
10000000010000000000
10011111111111000000
10011111111111100000
11111111110001100000
00011000000001111111
00011000000001100001
00011000000001100001
00011111111111111111
00011111111111000100
00000000011111111100
00000000000000000000
00000000000000000000
00000000000000000000
20
2 3 4 5
2 3 5 5
4 1 12 10
10 4 16 14
10 5 16 14
10 4 17 14
10 5 17 14
11 4 16 14
11 4 16 15
11 5 16 14
11 5 16 15
11 4 17 14
11 5 17 14
13 14 16 20
13 15 16 20
16 10 18 18
16 11 18 18
16 12 18 18
16 13 18 18
16 14 18 18
