24 10
0000000000
0000000000
0000000000
0111110000
0100010000
0100010000
0100010000
1111111110
1111111110
1111010110
1111111110
1111111110
1111111110
0101011110
0101011110
0101011110
0101011110
0101011110
0111111110
0101001110
0101111110
0101000110
0101000110
0111111110
205
4 2 8 6
4 2 9 6
4 2 11 6
4 2 12 6
4 2 13 6
4 2 19 6
8 1 11 6
8 1 11 8
8 1 11 9
8 2 11 6
8 2 11 8
8 2 11 9
8 3 11 6
8 3 11 8
8 3 11 9
8 4 11 6
8 4 11 8
8 4 11 9
8 6 11 8
8 6 11 9
8 1 12 6
8 1 12 8
8 1 12 9
8 2 12 6
8 2 12 8
8 2 12 9
8 3 12 6
8 3 12 8
8 3 12 9
8 4 12 6
8 4 12 8
8 4 12 9
8 6 12 8
8 6 12 9
8 1 13 6
8 1 13 8
8 1 13 9
8 2 13 6
8 2 13 8
8 2 13 9
8 3 13 6
8 3 13 8
8 3 13 9
8 4 13 6
8 4 13 8
8 4 13 9
8 6 13 8
8 6 13 9
8 6 14 8
8 6 14 9
8 6 15 8
8 6 15 9
8 6 16 8
8 6 16 9
8 6 17 8
8 6 17 9
8 6 18 8
8 6 18 9
8 2 19 4
8 2 19 6
8 2 19 8
8 2 19 9
8 4 19 6
8 4 19 8
8 4 19 9
8 6 19 8
8 6 19 9
8 4 21 8
8 4 21 9
8 2 24 4
8 2 24 8
8 2 24 9
8 4 24 8
8 4 24 9
9 1 11 6
9 1 11 8
9 1 11 9
9 2 11 6
9 2 11 8
9 2 11 9
9 3 11 6
9 3 11 8
9 3 11 9
9 4 11 6
9 4 11 8
9 4 11 9
9 6 11 8
9 6 11 9
9 1 12 6
9 1 12 8
9 1 12 9
9 2 12 6
9 2 12 8
9 2 12 9
9 3 12 6
9 3 12 8
9 3 12 9
9 4 12 6
9 4 12 8
9 4 12 9
9 6 12 8
9 6 12 9
9 1 13 6
9 1 13 8
9 1 13 9
9 2 13 6
9 2 13 8
9 2 13 9
9 3 13 6
9 3 13 8
9 3 13 9
9 4 13 6
9 4 13 8
9 4 13 9
9 6 13 8
9 6 13 9
9 6 14 8
9 6 14 9
9 6 15 8
9 6 15 9
9 6 16 8
9 6 16 9
9 6 17 8
9 6 17 9
9 6 18 8
9 6 18 9
9 2 19 4
9 2 19 6
9 2 19 8
9 2 19 9
9 4 19 6
9 4 19 8
9 4 19 9
9 6 19 8
9 6 19 9
9 4 21 8
9 4 21 9
9 2 24 4
9 2 24 8
9 2 24 9
9 4 24 8
9 4 24 9
10 2 19 4
10 2 24 4
11 2 19 4
11 2 19 6
11 2 19 7
11 2 19 8
11 2 19 9
11 4 19 6
11 4 19 7
11 4 19 8
11 4 19 9
11 4 21 7
11 4 21 8
11 4 21 9
11 2 24 4
11 2 24 8
11 2 24 9
11 4 24 8
11 4 24 9
12 2 19 4
12 2 19 6
12 2 19 7
12 2 19 8
12 2 19 9
12 4 19 6
12 4 19 7
12 4 19 8
12 4 19 9
12 4 21 7
12 4 21 8
12 4 21 9
12 2 24 4
12 2 24 8
12 2 24 9
12 4 24 8
12 4 24 9
13 2 19 4
13 2 19 6
13 2 19 7
13 2 19 8
13 2 19 9
13 4 19 6
13 4 19 7
13 4 19 8
13 4 19 9
13 4 21 7
13 4 21 8
13 4 21 9
13 2 24 4
13 2 24 8
13 2 24 9
13 4 24 8
13 4 24 9
19 4 21 7
19 4 21 8
19 4 21 9
19 2 24 4
19 2 24 8
19 2 24 9
19 4 24 8
19 4 24 9
21 4 24 8
21 4 24 9
