21 25
0000000000000000000000000
0000011111111111111100000
0000011100011111111110000
0000111100010000001110000
0000111100010000001110000
0000111100010000001110000
0000111100010000001110000
1111111111010000001110000
1000111101010000001110000
1111111111111111111111111
1000101111111111111110001
1000101001010000001010001
1000101001010000001010001
1000101111111111111010001
1000111001010011111111001
1000000001010010000011001
1000000001010010000011001
1111111111011111111111001
1000000000000011111111001
1111111111111111111111111
0000000000000000000000000
84
2 6 10 12
2 6 10 19
2 6 10 20
2 7 10 12
2 7 10 19
2 7 10 20
2 8 10 12
2 8 10 19
2 8 10 20
2 12 10 19
2 12 10 20
2 7 11 12
2 7 11 19
2 7 11 20
2 8 11 12
2 8 11 19
2 8 11 20
2 12 11 19
2 12 11 20
2 7 14 12
2 7 14 19
2 12 14 19
3 12 10 19
3 12 10 20
3 12 10 21
3 12 11 19
3 12 11 20
3 12 11 21
3 12 14 19
3 19 15 21
3 12 18 21
4 5 15 7
4 19 15 21
5 5 15 7
5 19 15 21
6 5 15 7
6 19 15 21
7 5 15 7
7 19 15 21
8 1 10 5
8 1 10 6
8 1 10 7
8 1 10 8
8 1 10 10
8 5 10 10
8 6 10 10
8 7 10 10
8 8 10 10
8 7 11 10
8 8 11 10
8 7 14 10
8 5 15 7
8 19 15 21
8 1 18 10
9 5 15 7
9 19 15 21
10 7 14 10
10 7 14 12
10 7 14 19
10 10 14 12
10 10 14 19
10 12 14 19
10 5 15 7
10 19 15 21
10 1 18 10
10 12 18 21
10 1 20 21
10 1 20 25
10 21 20 25
11 7 14 10
11 7 14 12
11 7 14 19
11 10 14 12
11 10 14 19
11 12 14 19
11 19 15 21
11 12 18 21
14 12 18 15
15 15 18 21
15 15 18 22
15 15 19 21
15 15 19 22
15 15 20 21
15 15 20 22
