22 11
00000000000
00000000000
00000000000
00111111100
01111000100
01101000100
01101000100
01111111100
01111111111
01001110101
01001110101
01111111101
01101001101
01111111101
01101001101
01111111101
01111111111
01101001101
01111111111
01101001101
01111111111
00111111111
240
4 3 8 5
4 3 8 9
4 5 8 9
4 3 9 5
4 3 9 9
4 5 9 9
4 5 12 9
4 5 14 9
4 5 16 9
4 5 17 9
4 5 19 9
4 5 21 9
4 5 22 9
5 2 8 5
5 3 8 5
5 2 9 5
5 3 9 5
5 2 12 5
5 2 14 5
5 2 16 5
5 2 17 5
5 2 19 5
5 2 21 5
8 2 12 5
8 2 12 6
8 2 12 7
8 2 12 9
8 5 12 9
8 6 12 9
8 7 12 9
8 2 14 5
8 2 14 9
8 5 14 9
8 2 16 5
8 2 16 9
8 5 16 9
8 2 17 5
8 2 17 9
8 5 17 9
8 2 19 5
8 2 19 9
8 5 19 9
8 2 21 5
8 2 21 9
8 5 21 9
8 5 22 9
9 2 12 5
9 2 12 6
9 2 12 7
9 2 12 9
9 5 12 9
9 6 12 9
9 7 12 9
9 2 14 5
9 2 14 9
9 5 14 9
9 2 16 5
9 2 16 9
9 5 16 9
9 2 17 5
9 2 17 9
9 2 17 11
9 5 17 9
9 5 17 11
9 9 17 11
9 2 19 5
9 2 19 9
9 2 19 11
9 5 19 9
9 5 19 11
9 9 19 11
9 2 21 5
9 2 21 9
9 2 21 11
9 5 21 9
9 5 21 11
9 9 21 11
9 5 22 9
9 5 22 11
9 9 22 11
12 2 14 5
12 2 14 8
12 2 14 9
12 3 14 5
12 3 14 8
12 3 14 9
12 5 14 8
12 5 14 9
12 2 16 5
12 2 16 8
12 2 16 9
12 3 16 5
12 3 16 8
12 3 16 9
12 5 16 8
12 5 16 9
12 2 17 5
12 2 17 8
12 2 17 9
12 3 17 5
12 3 17 8
12 3 17 9
12 5 17 8
12 5 17 9
12 2 19 5
12 2 19 8
12 2 19 9
12 3 19 5
12 3 19 8
12 3 19 9
12 5 19 8
12 5 19 9
12 2 21 5
12 2 21 8
12 2 21 9
12 3 21 5
12 3 21 8
12 3 21 9
12 5 21 8
12 5 21 9
12 3 22 5
12 3 22 8
12 3 22 9
12 5 22 8
12 5 22 9
14 2 16 5
14 2 16 8
14 2 16 9
14 3 16 5
14 3 16 8
14 3 16 9
14 5 16 8
14 5 16 9
14 2 17 5
14 2 17 8
14 2 17 9
14 3 17 5
14 3 17 8
14 3 17 9
14 5 17 8
14 5 17 9
14 2 19 5
14 2 19 8
14 2 19 9
14 3 19 5
14 3 19 8
14 3 19 9
14 5 19 8
14 5 19 9
14 2 21 5
14 2 21 8
14 2 21 9
14 3 21 5
14 3 21 8
14 3 21 9
14 5 21 8
14 5 21 9
14 3 22 5
14 3 22 8
14 3 22 9
14 5 22 8
14 5 22 9
16 2 19 5
16 2 19 8
16 2 19 9
16 3 19 5
16 3 19 8
16 3 19 9
16 5 19 8
16 5 19 9
16 2 21 5
16 2 21 8
16 2 21 9
16 3 21 5
16 3 21 8
16 3 21 9
16 5 21 8
16 5 21 9
16 3 22 5
16 3 22 8
16 3 22 9
16 5 22 8
16 5 22 9
17 2 19 5
17 2 19 8
17 2 19 9
17 2 19 11
17 3 19 5
17 3 19 8
17 3 19 9
17 3 19 11
17 5 19 8
17 5 19 9
17 5 19 11
17 8 19 11
17 9 19 11
17 2 21 5
17 2 21 8
17 2 21 9
17 2 21 11
17 3 21 5
17 3 21 8
17 3 21 9
17 3 21 11
17 5 21 8
17 5 21 9
17 5 21 11
17 8 21 11
17 9 21 11
17 3 22 5
17 3 22 8
17 3 22 9
17 3 22 11
17 5 22 8
17 5 22 9
17 5 22 11
17 8 22 11
17 9 22 11
19 2 21 5
19 2 21 8
19 2 21 9
19 2 21 11
19 3 21 5
19 3 21 8
19 3 21 9
19 3 21 11
19 5 21 8
19 5 21 9
19 5 21 11
19 8 21 11
19 9 21 11
19 3 22 5
19 3 22 8
19 3 22 9
19 3 22 11
19 5 22 8
19 5 22 9
19 5 22 11
19 8 22 11
19 9 22 11
