16 20
00111111111111110000
00100000000000010000
00100000000000010000
00100111111111111111
00100110000000011001
00100110000000011001
00111111111111111111
00111111111111111011
00010111111101001011
00010111100101001011
00010111100101001011
00010111111101001011
00010111111111111011
00010011000000000011
00011111111111111111
00011111111111111111
84
1 3 7 16
1 3 8 16
4 6 7 16
4 6 7 17
4 6 7 20
4 7 7 16
4 7 7 17
4 7 7 20
4 16 7 20
4 17 7 20
4 6 8 16
4 6 8 17
4 7 8 16
4 7 8 17
4 6 13 17
4 7 13 17
4 7 15 20
4 7 16 20
7 6 12 12
7 7 12 12
7 8 12 12
7 9 12 12
7 6 13 12
7 6 13 14
7 6 13 17
7 7 13 12
7 7 13 14
7 7 13 17
7 8 13 12
7 8 13 14
7 8 13 17
7 9 13 12
7 9 13 14
7 9 13 17
7 12 13 14
7 12 13 17
7 14 13 17
7 4 15 7
7 4 15 8
7 4 15 19
7 4 15 20
7 7 15 19
7 7 15 20
7 8 15 19
7 8 15 20
7 4 16 7
7 4 16 8
7 4 16 19
7 4 16 20
7 7 16 19
7 7 16 20
7 8 16 19
7 8 16 20
8 6 12 12
8 7 12 12
8 8 12 12
8 9 12 12
8 6 13 12
8 6 13 14
8 6 13 17
8 7 13 12
8 7 13 14
8 7 13 17
8 8 13 12
8 8 13 14
8 8 13 17
8 9 13 12
8 9 13 14
8 9 13 17
8 12 13 14
8 12 13 17
8 14 13 17
8 4 15 7
8 4 15 8
8 4 16 7
8 4 16 8
9 6 12 12
9 7 12 12
9 8 12 12
9 9 12 12
9 6 13 12
9 7 13 12
9 8 13 12
9 9 13 12
