25 14
00000000000000
00011100000000
00010111110000
00010110010000
00011111110000
00010110110000
00010110110000
00010110110000
00010111110000
00011111100000
00000000000000
00000000000000
00000000000000
00000000000000
00000000000000
00000000000000
00000000000000
00000000000000
00001111110000
00001000010000
00001000010000
00001000010000
00001000010000
00001000010000
00001111110000
16
2 4 5 6
2 4 10 6
3 6 5 10
3 7 5 10
3 6 9 10
3 7 9 10
5 6 9 9
5 6 9 10
5 7 9 9
5 7 9 10
5 4 10 6
5 4 10 7
5 4 10 9
5 6 10 9
5 7 10 9
19 5 25 10
