17 17
00000000000000000
11111111111111100
10000011111111100
10000010000001100
10000010000001100
10000011111111100
11111111111111100
00000011111111111
00000011000001001
00111111111111001
00100001001000001
00100001001000001
00100001001000001
00100001111111111
00100000001000000
00100000001000000
00111111111000000
26
2 7 6 14
2 7 6 15
2 1 7 7
2 1 7 14
2 1 7 15
2 7 7 14
2 7 7 15
2 7 8 14
2 7 8 15
2 7 10 14
3 7 6 14
3 7 6 15
3 7 7 14
3 7 7 15
3 7 8 14
3 7 8 15
3 7 10 14
6 7 10 14
6 8 10 14
7 7 10 14
7 8 10 14
8 7 10 14
8 8 10 14
8 8 14 17
10 8 14 11
10 3 17 11
