18 25
0000000000000000000000000
0000000001111110000000000
0111111111111111111110000
0100000001000010000010000
0100000001111111111111000
0100011111111111111111000
0100010001100010000011000
0100011111111111111111000
0100000001100010000011000
0100000001100010000011000
0100000001100010000011000
0100000001100010000011000
0111111111111111111111100
0110000001101010000011100
0111111111111111111111100
0111111111111111111111100
0000000001111111111111000
0000000001111110000000000
242
2 10 5 15
2 10 6 15
2 10 8 15
2 10 13 15
2 10 15 15
2 10 16 15
2 10 17 15
2 10 18 15
3 10 5 15
3 10 5 21
3 15 5 21
3 10 6 15
3 10 6 21
3 15 6 21
3 10 8 15
3 10 8 21
3 15 8 21
3 2 13 10
3 2 13 15
3 2 13 21
3 10 13 15
3 10 13 21
3 15 13 21
3 2 15 10
3 2 15 15
3 2 15 21
3 10 15 15
3 10 15 21
3 15 15 21
3 2 16 10
3 2 16 15
3 2 16 21
3 10 16 15
3 10 16 21
3 15 16 21
3 10 17 15
3 10 17 21
3 15 17 21
3 10 18 15
5 10 8 15
5 10 8 21
5 10 8 22
5 11 8 15
5 11 8 21
5 11 8 22
5 15 8 21
5 15 8 22
5 10 13 15
5 10 13 21
5 10 13 22
5 11 13 15
5 11 13 21
5 11 13 22
5 15 13 21
5 15 13 22
5 10 15 15
5 10 15 21
5 10 15 22
5 11 15 15
5 11 15 21
5 11 15 22
5 15 15 21
5 15 15 22
5 10 16 15
5 10 16 21
5 10 16 22
5 11 16 15
5 11 16 21
5 11 16 22
5 15 16 21
5 15 16 22
5 10 17 15
5 10 17 21
5 10 17 22
5 11 17 15
5 11 17 21
5 11 17 22
5 15 17 21
5 15 17 22
5 10 18 15
5 11 18 15
6 6 8 10
6 6 8 11
6 6 8 15
6 6 8 21
6 6 8 22
6 10 8 15
6 10 8 21
6 10 8 22
6 11 8 15
6 11 8 21
6 11 8 22
6 15 8 21
6 15 8 22
6 10 13 15
6 10 13 21
6 10 13 22
6 11 13 15
6 11 13 21
6 11 13 22
6 15 13 21
6 15 13 22
6 10 15 15
6 10 15 21
6 10 15 22
6 11 15 15
6 11 15 21
6 11 15 22
6 15 15 21
6 15 15 22
6 10 16 15
6 10 16 21
6 10 16 22
6 11 16 15
6 11 16 21
6 11 16 22
6 15 16 21
6 15 16 22
6 10 17 15
6 10 17 21
6 10 17 22
6 11 17 15
6 11 17 21
6 11 17 22
6 15 17 21
6 15 17 22
6 10 18 15
6 11 18 15
8 10 13 15
8 10 13 21
8 10 13 22
8 11 13 15
8 11 13 21
8 11 13 22
8 15 13 21
8 15 13 22
8 10 15 15
8 10 15 21
8 10 15 22
8 11 15 15
8 11 15 21
8 11 15 22
8 15 15 21
8 15 15 22
8 10 16 15
8 10 16 21
8 10 16 22
8 11 16 15
8 11 16 21
8 11 16 22
8 15 16 21
8 15 16 22
8 10 17 15
8 10 17 21
8 10 17 22
8 11 17 15
8 11 17 21
8 11 17 22
8 15 17 21
8 15 17 22
8 10 18 15
8 11 18 15
13 2 15 10
13 2 15 11
13 2 15 13
13 2 15 15
13 2 15 21
13 2 15 22
13 2 15 23
13 3 15 10
13 3 15 11
13 3 15 13
13 3 15 15
13 3 15 21
13 3 15 22
13 3 15 23
13 10 15 13
13 10 15 15
13 10 15 21
13 10 15 22
13 10 15 23
13 11 15 13
13 11 15 15
13 11 15 21
13 11 15 22
13 11 15 23
13 13 15 15
13 13 15 21
13 13 15 22
13 13 15 23
13 15 15 21
13 15 15 22
13 15 15 23
13 2 16 10
13 2 16 11
13 2 16 13
13 2 16 15
13 2 16 21
13 2 16 22
13 2 16 23
13 3 16 10
13 3 16 11
13 3 16 13
13 3 16 15
13 3 16 21
13 3 16 22
13 3 16 23
13 10 16 13
13 10 16 15
13 10 16 21
13 10 16 22
13 10 16 23
13 11 16 13
13 11 16 15
13 11 16 21
13 11 16 22
13 11 16 23
13 13 16 15
13 13 16 21
13 13 16 22
13 13 16 23
13 15 16 21
13 15 16 22
13 15 16 23
13 10 17 13
13 10 17 15
13 10 17 21
13 10 17 22
13 11 17 13
13 11 17 15
13 11 17 21
13 11 17 22
13 13 17 15
13 13 17 21
13 13 17 22
13 15 17 21
13 15 17 22
13 10 18 13
13 10 18 15
13 11 18 13
13 11 18 15
13 13 18 15
