12 14
00000000000000
00000000001111
00000000001111
00111111111111
11111111111101
10100011111101
10100011111101
11111110011101
00101111111111
00111111111101
00001111111111
00000000000000
75
2 11 9 14
2 12 9 14
2 11 11 14
2 12 11 14
3 11 9 14
3 12 9 14
3 11 11 14
3 12 11 14
4 3 8 7
4 7 9 10
4 7 9 11
4 7 9 12
4 7 9 14
4 10 9 14
4 11 9 14
4 12 9 14
4 3 10 7
4 3 10 10
4 3 10 11
4 3 10 12
4 7 10 10
4 7 10 11
4 7 10 12
4 7 11 10
4 7 11 11
4 7 11 12
4 7 11 14
4 10 11 14
4 11 11 14
4 12 11 14
5 1 8 3
5 1 8 7
5 3 8 7
5 7 9 10
5 7 9 11
5 7 9 12
5 3 10 7
5 3 10 10
5 3 10 11
5 3 10 12
5 7 10 10
5 7 10 11
5 7 10 12
5 7 11 10
5 7 11 11
5 7 11 12
6 7 9 10
6 7 9 11
6 7 9 12
6 7 10 10
6 7 10 11
6 7 10 12
6 7 11 10
6 7 11 11
6 7 11 12
7 7 9 10
7 7 9 11
7 7 9 12
7 7 10 10
7 7 10 11
7 7 10 12
7 7 11 10
7 7 11 11
7 7 11 12
8 3 10 5
8 3 10 6
8 3 10 7
9 5 11 14
9 6 11 14
9 7 11 14
9 8 11 14
9 9 11 14
9 10 11 14
9 11 11 14
9 12 11 14
