12 15
111111111111000
111111110001000
111100110001000
111111110001000
111101111101000
101101110101000
101101110101000
101111110111110
111111111111010
111000011011010
111111111111110
011111111000000
115
1 1 4 7
1 1 4 8
1 2 4 7
1 2 4 8
1 3 4 7
1 3 4 8
1 4 4 7
1 4 4 8
1 3 8 7
1 3 8 8
1 4 8 7
1 4 8 8
1 1 9 3
1 1 9 4
1 1 9 7
1 1 9 8
1 1 9 12
1 3 9 7
1 3 9 8
1 3 9 12
1 4 9 7
1 4 9 8
1 4 9 12
1 7 9 12
1 8 9 12
1 1 10 3
1 1 11 3
1 1 11 8
1 1 11 12
1 3 11 8
1 3 11 12
1 8 11 12
1 3 12 8
2 1 4 7
2 1 4 8
2 2 4 7
2 2 4 8
2 3 4 7
2 3 4 8
2 4 4 7
2 4 4 8
2 3 8 7
2 3 8 8
2 4 8 7
2 4 8 8
2 1 9 3
2 1 9 4
2 1 9 7
2 1 9 8
2 3 9 7
2 3 9 8
2 4 9 7
2 4 9 8
2 1 10 3
2 1 11 3
2 1 11 8
2 3 11 8
2 3 12 8
3 1 9 3
3 1 9 4
3 1 10 3
3 1 11 3
4 3 8 6
4 3 8 7
4 3 8 8
4 4 8 6
4 4 8 7
4 4 8 8
4 1 9 3
4 1 9 4
4 1 9 6
4 1 9 7
4 1 9 8
4 3 9 6
4 3 9 7
4 3 9 8
4 4 9 6
4 4 9 7
4 4 9 8
4 1 10 3
4 1 11 3
4 1 11 8
4 3 11 8
4 3 12 8
5 1 9 3
5 1 9 4
5 6 9 10
5 7 9 10
5 8 9 10
5 1 10 3
5 1 11 3
8 3 11 8
8 11 11 14
8 12 11 14
8 3 12 8
9 1 11 8
9 1 11 9
9 1 11 11
9 1 11 12
9 2 11 8
9 2 11 9
9 2 11 11
9 2 11 12
9 3 11 8
9 3 11 9
9 3 11 11
9 3 11 12
9 8 11 11
9 8 11 12
9 9 11 11
9 9 11 12
9 2 12 8
9 2 12 9
9 3 12 8
9 3 12 9
