21 21
000000000000000000000
000001111111111100000
000011111111111111110
000011001001111100010
000011001001101100010
000011001001101100010
000011111111111100010
000010101001001100010
000010101001001100010
000011111111001100010
000000101111111110010
000000111111111110010
000000001000111111110
000000001111111110110
000000001000100010110
000000001111111111110
000000001000111111100
000111111111111110000
000100000000010000000
000100000000010000000
000111111111110000000
142
2 6 7 9
2 6 7 12
2 6 7 13
2 6 7 15
2 6 7 16
2 9 7 12
2 9 7 13
2 9 7 15
2 9 7 16
2 12 7 15
2 12 7 16
2 13 7 15
2 13 7 16
2 9 10 12
2 9 11 12
2 9 11 15
2 9 11 16
2 12 11 15
2 12 11 16
2 9 12 12
2 9 12 15
2 9 12 16
2 12 12 15
2 12 12 16
2 9 14 15
2 9 14 16
3 5 7 9
3 5 7 12
3 5 7 13
3 5 7 15
3 5 7 16
3 6 7 9
3 6 7 12
3 6 7 13
3 6 7 15
3 6 7 16
3 9 7 12
3 9 7 13
3 9 7 15
3 9 7 16
3 12 7 15
3 12 7 16
3 13 7 15
3 13 7 16
3 5 10 9
3 5 10 12
3 9 10 12
3 9 11 12
3 9 11 15
3 9 11 16
3 12 11 15
3 12 11 16
3 9 12 12
3 9 12 15
3 9 12 16
3 12 12 15
3 12 12 16
3 15 13 20
3 16 13 20
3 9 14 15
3 9 14 16
3 9 16 20
4 12 7 15
4 12 7 16
4 13 7 15
4 13 7 16
4 12 11 15
4 12 11 16
4 12 12 15
4 12 12 16
7 5 10 7
7 5 10 9
7 5 10 12
7 7 10 9
7 7 10 12
7 9 10 12
7 9 11 12
7 9 11 15
7 9 11 16
7 12 11 15
7 12 11 16
7 7 12 9
7 7 12 12
7 7 12 15
7 7 12 16
7 9 12 12
7 9 12 15
7 9 12 16
7 12 12 15
7 12 12 16
7 9 14 15
7 9 14 16
10 7 12 9
10 7 12 10
10 7 12 11
10 7 12 12
11 9 14 13
11 9 14 14
11 9 14 15
11 9 14 16
11 9 14 17
11 9 16 13
11 9 16 17
11 13 16 17
11 13 17 17
11 9 18 13
11 9 18 17
11 13 18 17
12 9 14 13
12 9 14 14
12 9 14 15
12 9 14 16
12 9 14 17
12 9 16 13
12 9 16 17
12 13 16 17
12 13 17 17
12 9 18 13
12 9 18 17
12 13 18 17
13 13 16 17
13 13 16 19
13 13 16 20
13 17 16 19
13 17 16 20
13 13 17 17
13 13 17 19
13 17 17 19
13 13 18 17
14 9 16 13
14 9 16 17
14 13 16 17
14 13 17 17
14 9 18 13
14 9 18 17
14 13 18 17
16 9 18 13
16 9 18 14
16 9 18 15
16 9 18 16
16 9 18 17
18 4 21 14
