13 19
1111111111111111000
1100000111111111111
1100111111111111111
1111111111111111101
1111111111111111101
1110111111111111111
1111111111111111111
1111111111111111111
1110111111111111111
1110111111101001101
1111111111111111111
1111111111111111111
0011111111111111111
1361
1 1 4 8
1 1 4 9
1 1 4 10
1 1 4 11
1 1 4 12
1 1 4 13
1 1 4 14
1 1 4 15
1 1 4 16
1 2 4 8
1 2 4 9
1 2 4 10
1 2 4 11
1 2 4 12
1 2 4 13
1 2 4 14
1 2 4 15
1 2 4 16
1 1 5 8
1 1 5 9
1 1 5 10
1 1 5 11
1 1 5 12
1 1 5 13
1 1 5 14
1 1 5 15
1 1 5 16
1 2 5 8
1 2 5 9
1 2 5 10
1 2 5 11
1 2 5 12
1 2 5 13
1 2 5 14
1 2 5 15
1 2 5 16
1 1 7 8
1 1 7 9
1 1 7 10
1 1 7 11
1 1 7 12
1 1 7 13
1 1 7 14
1 1 7 15
1 1 7 16
1 2 7 8
1 2 7 9
1 2 7 10
1 2 7 11
1 2 7 12
1 2 7 13
1 2 7 14
1 2 7 15
1 2 7 16
1 1 8 8
1 1 8 9
1 1 8 10
1 1 8 11
1 1 8 12
1 1 8 13
1 1 8 14
1 1 8 15
1 1 8 16
1 2 8 8
1 2 8 9
1 2 8 10
1 2 8 11
1 2 8 12
1 2 8 13
1 2 8 14
1 2 8 15
1 2 8 16
1 1 11 8
1 1 11 9
1 1 11 10
1 1 11 11
1 1 11 13
1 1 11 16
1 2 11 8
1 2 11 9
1 2 11 10
1 2 11 11
1 2 11 13
1 2 11 16
1 8 11 13
1 8 11 16
1 9 11 13
1 9 11 16
1 10 11 13
1 10 11 16
1 11 11 13
1 11 11 16
1 13 11 16
1 1 12 8
1 1 12 9
1 1 12 10
1 1 12 11
1 1 12 13
1 1 12 16
1 2 12 8
1 2 12 9
1 2 12 10
1 2 12 11
1 2 12 13
1 2 12 16
1 8 12 13
1 8 12 16
1 9 12 13
1 9 12 16
1 10 12 13
1 10 12 16
1 11 12 13
1 11 12 16
1 13 12 16
1 8 13 13
1 8 13 16
1 9 13 13
1 9 13 16
1 10 13 13
1 10 13 16
1 11 13 13
1 11 13 16
1 13 13 16
2 8 6 19
2 9 6 19
2 10 6 19
2 11 6 19
2 12 6 19
2 13 6 19
2 14 6 19
2 15 6 19
2 16 6 19
2 17 6 19
2 8 7 19
2 9 7 19
2 10 7 19
2 11 7 19
2 12 7 19
2 13 7 19
2 14 7 19
2 15 7 19
2 16 7 19
2 17 7 19
2 8 8 19
2 9 8 19
2 10 8 19
2 11 8 19
2 12 8 19
2 13 8 19
2 14 8 19
2 15 8 19
2 16 8 19
2 17 8 19
2 8 9 19
2 9 9 19
2 10 9 19
2 11 9 19
2 12 9 19
2 13 9 19
2 14 9 19
2 15 9 19
2 16 9 19
2 17 9 19
2 8 11 13
2 8 11 16
2 8 11 17
2 8 11 19
2 9 11 13
2 9 11 16
2 9 11 17
2 9 11 19
2 10 11 13
2 10 11 16
2 10 11 17
2 10 11 19
2 11 11 13
2 11 11 16
2 11 11 17
2 11 11 19
2 13 11 16
2 13 11 17
2 13 11 19
2 16 11 19
2 17 11 19
2 8 12 13
2 8 12 16
2 8 12 17
2 8 12 19
2 9 12 13
2 9 12 16
2 9 12 17
2 9 12 19
2 10 12 13
2 10 12 16
2 10 12 17
2 10 12 19
2 11 12 13
2 11 12 16
2 11 12 17
2 11 12 19
2 13 12 16
2 13 12 17
2 13 12 19
2 16 12 19
2 17 12 19
2 8 13 13
2 8 13 16
2 8 13 17
2 8 13 19
2 9 13 13
2 9 13 16
2 9 13 17
2 9 13 19
2 10 13 13
2 10 13 16
2 10 13 17
2 10 13 19
2 11 13 13
2 11 13 16
2 11 13 17
2 11 13 19
2 13 13 16
2 13 13 17
2 13 13 19
2 16 13 19
2 17 13 19
3 5 6 19
3 6 6 19
3 7 6 19
3 8 6 19
3 9 6 19
3 10 6 19
3 11 6 19
3 12 6 19
3 13 6 19
3 14 6 19
3 15 6 19
3 16 6 19
3 17 6 19
3 5 7 19
3 6 7 19
3 7 7 19
3 8 7 19
3 9 7 19
3 10 7 19
3 11 7 19
3 12 7 19
3 13 7 19
3 14 7 19
3 15 7 19
3 16 7 19
3 17 7 19
3 5 8 19
3 6 8 19
3 7 8 19
3 8 8 19
3 9 8 19
3 10 8 19
3 11 8 19
3 12 8 19
3 13 8 19
3 14 8 19
3 15 8 19
3 16 8 19
3 17 8 19
3 5 9 19
3 6 9 19
3 7 9 19
3 8 9 19
3 9 9 19
3 10 9 19
3 11 9 19
3 12 9 19
3 13 9 19
3 14 9 19
3 15 9 19
3 16 9 19
3 17 9 19
3 5 11 13
3 5 11 16
3 5 11 17
3 5 11 19
3 6 11 13
3 6 11 16
3 6 11 17
3 6 11 19
3 7 11 13
3 7 11 16
3 7 11 17
3 7 11 19
3 8 11 13
3 8 11 16
3 8 11 17
3 8 11 19
3 9 11 13
3 9 11 16
3 9 11 17
3 9 11 19
3 10 11 13
3 10 11 16
3 10 11 17
3 10 11 19
3 11 11 13
3 11 11 16
3 11 11 17
3 11 11 19
3 13 11 16
3 13 11 17
3 13 11 19
3 16 11 19
3 17 11 19
3 5 12 13
3 5 12 16
3 5 12 17
3 5 12 19
3 6 12 13
3 6 12 16
3 6 12 17
3 6 12 19
3 7 12 13
3 7 12 16
3 7 12 17
3 7 12 19
3 8 12 13
3 8 12 16
3 8 12 17
3 8 12 19
3 9 12 13
3 9 12 16
3 9 12 17
3 9 12 19
3 10 12 13
3 10 12 16
3 10 12 17
3 10 12 19
3 11 12 13
3 11 12 16
3 11 12 17
3 11 12 19
3 13 12 16
3 13 12 17
3 13 12 19
3 16 12 19
3 17 12 19
3 5 13 13
3 5 13 16
3 5 13 17
3 5 13 19
3 6 13 13
3 6 13 16
3 6 13 17
3 6 13 19
3 7 13 13
3 7 13 16
3 7 13 17
3 7 13 19
3 8 13 13
3 8 13 16
3 8 13 17
3 8 13 19
3 9 13 13
3 9 13 16
3 9 13 17
3 9 13 19
3 10 13 13
3 10 13 16
3 10 13 17
3 10 13 19
3 11 13 13
3 11 13 16
3 11 13 17
3 11 13 19
3 13 13 16
3 13 13 17
3 13 13 19
3 16 13 19
3 17 13 19
4 1 7 5
4 1 7 6
4 1 7 7
4 1 7 8
4 1 7 9
4 1 7 10
4 1 7 11
4 1 7 12
4 1 7 13
4 1 7 14
4 1 7 15
4 1 7 16
4 1 7 17
4 2 7 5
4 2 7 6
4 2 7 7
4 2 7 8
4 2 7 9
4 2 7 10
4 2 7 11
4 2 7 12
4 2 7 13
4 2 7 14
4 2 7 15
4 2 7 16
4 2 7 17
4 3 7 5
4 3 7 6
4 3 7 7
4 3 7 8
4 3 7 9
4 3 7 10
4 3 7 11
4 3 7 12
4 3 7 13
4 3 7 14
4 3 7 15
4 3 7 16
4 3 7 17
4 1 8 5
4 1 8 6
4 1 8 7
4 1 8 8
4 1 8 9
4 1 8 10
4 1 8 11
4 1 8 12
4 1 8 13
4 1 8 14
4 1 8 15
4 1 8 16
4 1 8 17
4 2 8 5
4 2 8 6
4 2 8 7
4 2 8 8
4 2 8 9
4 2 8 10
4 2 8 11
4 2 8 12
4 2 8 13
4 2 8 14
4 2 8 15
4 2 8 16
4 2 8 17
4 3 8 5
4 3 8 6
4 3 8 7
4 3 8 8
4 3 8 9
4 3 8 10
4 3 8 11
4 3 8 12
4 3 8 13
4 3 8 14
4 3 8 15
4 3 8 16
4 3 8 17
4 1 11 5
4 1 11 6
4 1 11 7
4 1 11 8
4 1 11 9
4 1 11 10
4 1 11 11
4 1 11 13
4 1 11 16
4 1 11 17
4 2 11 5
4 2 11 6
4 2 11 7
4 2 11 8
4 2 11 9
4 2 11 10
4 2 11 11
4 2 11 13
4 2 11 16
4 2 11 17
4 3 11 5
4 3 11 6
4 3 11 7
4 3 11 8
4 3 11 9
4 3 11 10
4 3 11 11
4 3 11 13
4 3 11 16
4 3 11 17
4 5 11 13
4 5 11 16
4 5 11 17
4 6 11 13
4 6 11 16
4 6 11 17
4 7 11 13
4 7 11 16
4 7 11 17
4 8 11 13
4 8 11 16
4 8 11 17
4 9 11 13
4 9 11 16
4 9 11 17
4 10 11 13
4 10 11 16
4 10 11 17
4 11 11 13
4 11 11 16
4 11 11 17
4 13 11 16
4 13 11 17
4 1 12 5
4 1 12 6
4 1 12 7
4 1 12 8
4 1 12 9
4 1 12 10
4 1 12 11
4 1 12 13
4 1 12 16
4 1 12 17
4 2 12 5
4 2 12 6
4 2 12 7
4 2 12 8
4 2 12 9
4 2 12 10
4 2 12 11
4 2 12 13
4 2 12 16
4 2 12 17
4 3 12 5
4 3 12 6
4 3 12 7
4 3 12 8
4 3 12 9
4 3 12 10
4 3 12 11
4 3 12 13
4 3 12 16
4 3 12 17
4 5 12 13
4 5 12 16
4 5 12 17
4 6 12 13
4 6 12 16
4 6 12 17
4 7 12 13
4 7 12 16
4 7 12 17
4 8 12 13
4 8 12 16
4 8 12 17
4 9 12 13
4 9 12 16
4 9 12 17
4 10 12 13
4 10 12 16
4 10 12 17
4 11 12 13
4 11 12 16
4 11 12 17
4 13 12 16
4 13 12 17
4 3 13 5
4 3 13 6
4 3 13 7
4 3 13 8
4 3 13 9
4 3 13 10
4 3 13 11
4 3 13 13
4 3 13 16
4 3 13 17
4 5 13 13
4 5 13 16
4 5 13 17
4 6 13 13
4 6 13 16
4 6 13 17
4 7 13 13
4 7 13 16
4 7 13 17
4 8 13 13
4 8 13 16
4 8 13 17
4 9 13 13
4 9 13 16
4 9 13 17
4 10 13 13
4 10 13 16
4 10 13 17
4 11 13 13
4 11 13 16
4 11 13 17
4 13 13 16
4 13 13 17
5 1 7 5
5 1 7 6
5 1 7 7
5 1 7 8
5 1 7 9
5 1 7 10
5 1 7 11
5 1 7 12
5 1 7 13
5 1 7 14
5 1 7 15
5 1 7 16
5 1 7 17
5 2 7 5
5 2 7 6
5 2 7 7
5 2 7 8
5 2 7 9
5 2 7 10
5 2 7 11
5 2 7 12
5 2 7 13
5 2 7 14
5 2 7 15
5 2 7 16
5 2 7 17
5 3 7 5
5 3 7 6
5 3 7 7
5 3 7 8
5 3 7 9
5 3 7 10
5 3 7 11
5 3 7 12
5 3 7 13
5 3 7 14
5 3 7 15
5 3 7 16
5 3 7 17
5 1 8 5
5 1 8 6
5 1 8 7
5 1 8 8
5 1 8 9
5 1 8 10
5 1 8 11
5 1 8 12
5 1 8 13
5 1 8 14
5 1 8 15
5 1 8 16
5 1 8 17
5 2 8 5
5 2 8 6
5 2 8 7
5 2 8 8
5 2 8 9
5 2 8 10
5 2 8 11
5 2 8 12
5 2 8 13
5 2 8 14
5 2 8 15
5 2 8 16
5 2 8 17
5 3 8 5
5 3 8 6
5 3 8 7
5 3 8 8
5 3 8 9
5 3 8 10
5 3 8 11
5 3 8 12
5 3 8 13
5 3 8 14
5 3 8 15
5 3 8 16
5 3 8 17
5 1 11 5
5 1 11 6
5 1 11 7
5 1 11 8
5 1 11 9
5 1 11 10
5 1 11 11
5 1 11 13
5 1 11 16
5 1 11 17
5 2 11 5
5 2 11 6
5 2 11 7
5 2 11 8
5 2 11 9
5 2 11 10
5 2 11 11
5 2 11 13
5 2 11 16
5 2 11 17
5 3 11 5
5 3 11 6
5 3 11 7
5 3 11 8
5 3 11 9
5 3 11 10
5 3 11 11
5 3 11 13
5 3 11 16
5 3 11 17
5 5 11 13
5 5 11 16
5 5 11 17
5 6 11 13
5 6 11 16
5 6 11 17
5 7 11 13
5 7 11 16
5 7 11 17
5 8 11 13
5 8 11 16
5 8 11 17
5 9 11 13
5 9 11 16
5 9 11 17
5 10 11 13
5 10 11 16
5 10 11 17
5 11 11 13
5 11 11 16
5 11 11 17
5 13 11 16
5 13 11 17
5 1 12 5
5 1 12 6
5 1 12 7
5 1 12 8
5 1 12 9
5 1 12 10
5 1 12 11
5 1 12 13
5 1 12 16
5 1 12 17
5 2 12 5
5 2 12 6
5 2 12 7
5 2 12 8
5 2 12 9
5 2 12 10
5 2 12 11
5 2 12 13
5 2 12 16
5 2 12 17
5 3 12 5
5 3 12 6
5 3 12 7
5 3 12 8
5 3 12 9
5 3 12 10
5 3 12 11
5 3 12 13
5 3 12 16
5 3 12 17
5 5 12 13
5 5 12 16
5 5 12 17
5 6 12 13
5 6 12 16
5 6 12 17
5 7 12 13
5 7 12 16
5 7 12 17
5 8 12 13
5 8 12 16
5 8 12 17
5 9 12 13
5 9 12 16
5 9 12 17
5 10 12 13
5 10 12 16
5 10 12 17
5 11 12 13
5 11 12 16
5 11 12 17
5 13 12 16
5 13 12 17
5 3 13 5
5 3 13 6
5 3 13 7
5 3 13 8
5 3 13 9
5 3 13 10
5 3 13 11
5 3 13 13
5 3 13 16
5 3 13 17
5 5 13 13
5 5 13 16
5 5 13 17
5 6 13 13
5 6 13 16
5 6 13 17
5 7 13 13
5 7 13 16
5 7 13 17
5 8 13 13
5 8 13 16
5 8 13 17
5 9 13 13
5 9 13 16
5 9 13 17
5 10 13 13
5 10 13 16
5 10 13 17
5 11 13 13
5 11 13 16
5 11 13 17
5 13 13 16
5 13 13 17
6 5 11 13
6 5 11 16
6 5 11 17
6 5 11 19
6 6 11 13
6 6 11 16
6 6 11 17
6 6 11 19
6 7 11 13
6 7 11 16
6 7 11 17
6 7 11 19
6 8 11 13
6 8 11 16
6 8 11 17
6 8 11 19
6 9 11 13
6 9 11 16
6 9 11 17
6 9 11 19
6 10 11 13
6 10 11 16
6 10 11 17
6 10 11 19
6 11 11 13
6 11 11 16
6 11 11 17
6 11 11 19
6 13 11 16
6 13 11 17
6 13 11 19
6 16 11 19
6 17 11 19
6 5 12 13
6 5 12 16
6 5 12 17
6 5 12 19
6 6 12 13
6 6 12 16
6 6 12 17
6 6 12 19
6 7 12 13
6 7 12 16
6 7 12 17
6 7 12 19
6 8 12 13
6 8 12 16
6 8 12 17
6 8 12 19
6 9 12 13
6 9 12 16
6 9 12 17
6 9 12 19
6 10 12 13
6 10 12 16
6 10 12 17
6 10 12 19
6 11 12 13
6 11 12 16
6 11 12 17
6 11 12 19
6 13 12 16
6 13 12 17
6 13 12 19
6 16 12 19
6 17 12 19
6 5 13 13
6 5 13 16
6 5 13 17
6 5 13 19
6 6 13 13
6 6 13 16
6 6 13 17
6 6 13 19
6 7 13 13
6 7 13 16
6 7 13 17
6 7 13 19
6 8 13 13
6 8 13 16
6 8 13 17
6 8 13 19
6 9 13 13
6 9 13 16
6 9 13 17
6 9 13 19
6 10 13 13
6 10 13 16
6 10 13 17
6 10 13 19
6 11 13 13
6 11 13 16
6 11 13 17
6 11 13 19
6 13 13 16
6 13 13 17
6 13 13 19
6 16 13 19
6 17 13 19
7 1 11 5
7 1 11 6
7 1 11 7
7 1 11 8
7 1 11 9
7 1 11 10
7 1 11 11
7 1 11 13
7 1 11 16
7 1 11 17
7 1 11 19
7 2 11 5
7 2 11 6
7 2 11 7
7 2 11 8
7 2 11 9
7 2 11 10
7 2 11 11
7 2 11 13
7 2 11 16
7 2 11 17
7 2 11 19
7 3 11 5
7 3 11 6
7 3 11 7
7 3 11 8
7 3 11 9
7 3 11 10
7 3 11 11
7 3 11 13
7 3 11 16
7 3 11 17
7 3 11 19
7 5 11 13
7 5 11 16
7 5 11 17
7 5 11 19
7 6 11 13
7 6 11 16
7 6 11 17
7 6 11 19
7 7 11 13
7 7 11 16
7 7 11 17
7 7 11 19
7 8 11 13
7 8 11 16
7 8 11 17
7 8 11 19
7 9 11 13
7 9 11 16
7 9 11 17
7 9 11 19
7 10 11 13
7 10 11 16
7 10 11 17
7 10 11 19
7 11 11 13
7 11 11 16
7 11 11 17
7 11 11 19
7 13 11 16
7 13 11 17
7 13 11 19
7 16 11 19
7 17 11 19
7 1 12 5
7 1 12 6
7 1 12 7
7 1 12 8
7 1 12 9
7 1 12 10
7 1 12 11
7 1 12 13
7 1 12 16
7 1 12 17
7 1 12 19
7 2 12 5
7 2 12 6
7 2 12 7
7 2 12 8
7 2 12 9
7 2 12 10
7 2 12 11
7 2 12 13
7 2 12 16
7 2 12 17
7 2 12 19
7 3 12 5
7 3 12 6
7 3 12 7
7 3 12 8
7 3 12 9
7 3 12 10
7 3 12 11
7 3 12 13
7 3 12 16
7 3 12 17
7 3 12 19
7 5 12 13
7 5 12 16
7 5 12 17
7 5 12 19
7 6 12 13
7 6 12 16
7 6 12 17
7 6 12 19
7 7 12 13
7 7 12 16
7 7 12 17
7 7 12 19
7 8 12 13
7 8 12 16
7 8 12 17
7 8 12 19
7 9 12 13
7 9 12 16
7 9 12 17
7 9 12 19
7 10 12 13
7 10 12 16
7 10 12 17
7 10 12 19
7 11 12 13
7 11 12 16
7 11 12 17
7 11 12 19
7 13 12 16
7 13 12 17
7 13 12 19
7 16 12 19
7 17 12 19
7 3 13 5
7 3 13 6
7 3 13 7
7 3 13 8
7 3 13 9
7 3 13 10
7 3 13 11
7 3 13 13
7 3 13 16
7 3 13 17
7 3 13 19
7 5 13 13
7 5 13 16
7 5 13 17
7 5 13 19
7 6 13 13
7 6 13 16
7 6 13 17
7 6 13 19
7 7 13 13
7 7 13 16
7 7 13 17
7 7 13 19
7 8 13 13
7 8 13 16
7 8 13 17
7 8 13 19
7 9 13 13
7 9 13 16
7 9 13 17
7 9 13 19
7 10 13 13
7 10 13 16
7 10 13 17
7 10 13 19
7 11 13 13
7 11 13 16
7 11 13 17
7 11 13 19
7 13 13 16
7 13 13 17
7 13 13 19
7 16 13 19
7 17 13 19
8 1 11 5
8 1 11 6
8 1 11 7
8 1 11 8
8 1 11 9
8 1 11 10
8 1 11 11
8 1 11 13
8 1 11 16
8 1 11 17
8 1 11 19
8 2 11 5
8 2 11 6
8 2 11 7
8 2 11 8
8 2 11 9
8 2 11 10
8 2 11 11
8 2 11 13
8 2 11 16
8 2 11 17
8 2 11 19
8 3 11 5
8 3 11 6
8 3 11 7
8 3 11 8
8 3 11 9
8 3 11 10
8 3 11 11
8 3 11 13
8 3 11 16
8 3 11 17
8 3 11 19
8 5 11 13
8 5 11 16
8 5 11 17
8 5 11 19
8 6 11 13
8 6 11 16
8 6 11 17
8 6 11 19
8 7 11 13
8 7 11 16
8 7 11 17
8 7 11 19
8 8 11 13
8 8 11 16
8 8 11 17
8 8 11 19
8 9 11 13
8 9 11 16
8 9 11 17
8 9 11 19
8 10 11 13
8 10 11 16
8 10 11 17
8 10 11 19
8 11 11 13
8 11 11 16
8 11 11 17
8 11 11 19
8 13 11 16
8 13 11 17
8 13 11 19
8 16 11 19
8 17 11 19
8 1 12 5
8 1 12 6
8 1 12 7
8 1 12 8
8 1 12 9
8 1 12 10
8 1 12 11
8 1 12 13
8 1 12 16
8 1 12 17
8 1 12 19
8 2 12 5
8 2 12 6
8 2 12 7
8 2 12 8
8 2 12 9
8 2 12 10
8 2 12 11
8 2 12 13
8 2 12 16
8 2 12 17
8 2 12 19
8 3 12 5
8 3 12 6
8 3 12 7
8 3 12 8
8 3 12 9
8 3 12 10
8 3 12 11
8 3 12 13
8 3 12 16
8 3 12 17
8 3 12 19
8 5 12 13
8 5 12 16
8 5 12 17
8 5 12 19
8 6 12 13
8 6 12 16
8 6 12 17
8 6 12 19
8 7 12 13
8 7 12 16
8 7 12 17
8 7 12 19
8 8 12 13
8 8 12 16
8 8 12 17
8 8 12 19
8 9 12 13
8 9 12 16
8 9 12 17
8 9 12 19
8 10 12 13
8 10 12 16
8 10 12 17
8 10 12 19
8 11 12 13
8 11 12 16
8 11 12 17
8 11 12 19
8 13 12 16
8 13 12 17
8 13 12 19
8 16 12 19
8 17 12 19
8 3 13 5
8 3 13 6
8 3 13 7
8 3 13 8
8 3 13 9
8 3 13 10
8 3 13 11
8 3 13 13
8 3 13 16
8 3 13 17
8 3 13 19
8 5 13 13
8 5 13 16
8 5 13 17
8 5 13 19
8 6 13 13
8 6 13 16
8 6 13 17
8 6 13 19
8 7 13 13
8 7 13 16
8 7 13 17
8 7 13 19
8 8 13 13
8 8 13 16
8 8 13 17
8 8 13 19
8 9 13 13
8 9 13 16
8 9 13 17
8 9 13 19
8 10 13 13
8 10 13 16
8 10 13 17
8 10 13 19
8 11 13 13
8 11 13 16
8 11 13 17
8 11 13 19
8 13 13 16
8 13 13 17
8 13 13 19
8 16 13 19
8 17 13 19
9 5 11 13
9 5 11 16
9 5 11 17
9 5 11 19
9 6 11 13
9 6 11 16
9 6 11 17
9 6 11 19
9 7 11 13
9 7 11 16
9 7 11 17
9 7 11 19
9 8 11 13
9 8 11 16
9 8 11 17
9 8 11 19
9 9 11 13
9 9 11 16
9 9 11 17
9 9 11 19
9 10 11 13
9 10 11 16
9 10 11 17
9 10 11 19
9 11 11 13
9 11 11 16
9 11 11 17
9 11 11 19
9 13 11 16
9 13 11 17
9 13 11 19
9 16 11 19
9 17 11 19
9 5 12 13
9 5 12 16
9 5 12 17
9 5 12 19
9 6 12 13
9 6 12 16
9 6 12 17
9 6 12 19
9 7 12 13
9 7 12 16
9 7 12 17
9 7 12 19
9 8 12 13
9 8 12 16
9 8 12 17
9 8 12 19
9 9 12 13
9 9 12 16
9 9 12 17
9 9 12 19
9 10 12 13
9 10 12 16
9 10 12 17
9 10 12 19
9 11 12 13
9 11 12 16
9 11 12 17
9 11 12 19
9 13 12 16
9 13 12 17
9 13 12 19
9 16 12 19
9 17 12 19
9 5 13 13
9 5 13 16
9 5 13 17
9 5 13 19
9 6 13 13
9 6 13 16
9 6 13 17
9 6 13 19
9 7 13 13
9 7 13 16
9 7 13 17
9 7 13 19
9 8 13 13
9 8 13 16
9 8 13 17
9 8 13 19
9 9 13 13
9 9 13 16
9 9 13 17
9 9 13 19
9 10 13 13
9 10 13 16
9 10 13 17
9 10 13 19
9 11 13 13
9 11 13 16
9 11 13 17
9 11 13 19
9 13 13 16
9 13 13 17
9 13 13 19
9 16 13 19
9 17 13 19
