23 22
0000000000111111111000
0000111111111000001000
0000100000111111111000
0011111110001000000000
0010100010001000000000
0010111111001000000000
0010100011001000000000
0010100011001000000000
0010100011001000000000
0011111111111100000000
0000100001000100000000
0000100011111100000000
0000100011000100000000
0000111111000100000000
0000100010000100000000
0000100010000100000000
0000100010000100000000
0000111111111100000000
0000000010000100000000
0000000010000100000000
0000000011111100000000
0000000000000000000000
0000000000000000000000
18
1 11 3 19
1 12 3 19
1 13 3 19
2 5 10 13
4 5 6 9
4 3 10 5
4 3 10 9
4 5 10 9
6 5 10 9
6 5 10 10
6 5 14 10
10 10 12 14
10 5 14 10
10 5 18 14
12 9 18 14
12 9 21 14
14 5 18 9
18 9 21 14
