21 24
011111111111111111110000
010000000000000000010000
011111111111110000010000
011111111111111111110000
001000001111111111111111
001000001000110000001001
001000001000110000001001
001111111111111111111111
001100001000110000001001
001100001000110000001001
001100001000110000001001
001100001111110000001001
001100001111111111111001
001100000000110000000001
001100000000110000000001
001111111111110000000001
000111111111111111111111
000000000000111111111111
000000000000000000000000
000000000000000000000000
000000000000000000000000
61
1 2 4 20
3 3 8 9
3 3 8 13
3 3 8 14
3 9 8 13
3 9 8 14
3 9 12 13
3 9 12 14
3 9 13 13
3 9 13 14
3 3 16 13
3 3 16 14
4 3 8 9
4 3 8 13
4 3 8 14
4 9 8 13
4 9 8 14
4 9 12 13
4 9 12 14
4 9 13 13
4 9 13 14
4 3 16 13
4 3 16 14
5 9 8 13
5 9 8 14
5 9 8 21
5 9 8 24
5 13 8 21
5 13 8 24
5 14 8 21
5 14 8 24
5 21 8 24
5 9 12 13
5 9 12 14
5 9 13 13
5 9 13 14
5 9 13 21
5 13 13 21
5 14 13 21
5 13 17 24
5 14 17 24
5 13 18 24
5 14 18 24
8 9 12 13
8 9 12 14
8 9 13 13
8 9 13 14
8 9 13 21
8 13 13 21
8 14 13 21
8 3 16 13
8 3 16 14
8 4 16 13
8 4 16 14
8 4 17 13
8 4 17 14
8 4 17 24
8 13 17 24
8 14 17 24
8 13 18 24
8 14 18 24
