15 14
00000000000000
00000000000000
01111111111111
01000000000001
11111111111101
11111111111111
10111111110100
10100100110100
10100100110100
10100100110100
10100100110100
10111111111100
10000100110000
10000111110000
11111111100000
40
3 2 6 14
5 3 12 6
5 3 12 9
5 3 12 10
5 3 12 12
5 6 12 9
5 6 12 10
5 6 12 12
5 9 12 12
5 10 12 12
5 6 14 9
5 6 14 10
5 1 15 6
5 1 15 9
5 6 15 9
6 3 12 6
6 3 12 9
6 3 12 10
6 3 12 12
6 6 12 9
6 6 12 10
6 6 12 12
6 9 12 12
6 10 12 12
6 6 14 9
6 6 14 10
6 1 15 6
6 1 15 9
6 6 15 9
7 3 12 6
7 3 12 9
7 3 12 10
7 6 12 9
7 6 12 10
7 6 14 9
7 6 14 10
7 6 15 9
12 6 14 9
12 6 14 10
12 6 15 9
