17 11
11111111111
11111101001
10101111111
11101101001
10101101001
11111111001
11111111001
10101111111
10101111111
11111111001
00001101001
00001101001
00001101001
00001101001
00001111111
00000000000
00000000000
122
1 5 3 8
1 5 3 11
1 6 3 8
1 6 3 11
1 8 3 11
1 1 4 3
1 1 6 3
1 1 6 5
1 1 6 6
1 1 6 8
1 3 6 5
1 3 6 6
1 3 6 8
1 5 6 8
1 6 6 8
1 1 7 3
1 1 7 5
1 1 7 6
1 1 7 8
1 3 7 5
1 3 7 6
1 3 7 8
1 5 7 8
1 6 7 8
1 5 8 8
1 5 8 11
1 6 8 8
1 6 8 11
1 8 8 11
1 5 9 8
1 5 9 11
1 6 9 8
1 6 9 11
1 8 9 11
1 1 10 3
1 1 10 5
1 1 10 6
1 1 10 8
1 3 10 5
1 3 10 6
1 3 10 8
1 5 10 8
1 6 10 8
1 5 15 8
1 5 15 11
1 6 15 8
1 6 15 11
1 8 15 11
2 1 4 3
2 1 6 3
2 1 6 5
2 1 6 6
2 3 6 5
2 3 6 6
2 1 7 3
2 1 7 5
2 1 7 6
2 3 7 5
2 3 7 6
2 1 10 3
2 1 10 5
2 1 10 6
2 3 10 5
2 3 10 6
3 5 6 8
3 6 6 8
3 5 7 8
3 6 7 8
3 5 8 8
3 5 8 11
3 6 8 8
3 6 8 11
3 8 8 11
3 5 9 8
3 5 9 11
3 6 9 8
3 6 9 11
3 8 9 11
3 5 10 8
3 6 10 8
3 5 15 8
3 5 15 11
3 6 15 8
3 6 15 11
3 8 15 11
4 1 6 3
4 1 7 3
4 1 10 3
6 1 10 3
6 1 10 5
6 1 10 6
6 1 10 7
6 1 10 8
6 3 10 5
6 3 10 6
6 3 10 7
6 3 10 8
6 5 15 8
6 6 15 8
7 1 10 3
7 1 10 5
7 1 10 6
7 1 10 7
7 1 10 8
7 3 10 5
7 3 10 6
7 3 10 7
7 3 10 8
7 5 15 8
7 6 15 8
8 5 15 8
8 5 15 11
8 6 15 8
8 6 15 11
8 8 15 11
9 5 15 8
9 5 15 11
9 6 15 8
9 6 15 11
9 8 15 11
10 5 15 8
10 6 15 8
