17 16
0000000001111111
0111111111111111
0100000101000011
0100000101000011
0100000101000011
0100111101000011
0111111111111111
0000101001000001
0000101001000001
0000111111111111
0000111001000011
0000111011111111
0000111011000111
0000111011000111
0000111011000111
0000010011111111
0000011111111111
60
1 10 7 15
1 10 7 16
1 10 10 16
1 10 12 16
1 10 16 16
1 10 17 16
2 2 7 8
2 2 7 10
2 2 7 15
2 2 7 16
2 8 7 10
2 8 7 15
2 8 7 16
2 10 7 15
2 10 7 16
2 10 10 16
2 10 12 16
2 10 16 16
2 10 17 16
6 5 10 7
6 5 11 7
6 5 12 7
6 5 13 7
6 5 14 7
6 5 15 7
7 5 10 7
7 5 10 10
7 5 10 16
7 7 10 10
7 7 10 16
7 10 10 16
7 5 11 7
7 5 12 7
7 10 12 16
7 5 13 7
7 5 14 7
7 5 15 7
7 10 16 16
7 10 17 16
10 10 12 15
10 10 12 16
10 10 16 15
10 10 16 16
10 6 17 10
10 6 17 15
10 6 17 16
10 10 17 15
10 10 17 16
12 9 16 14
12 9 16 15
12 9 16 16
12 10 16 14
12 10 16 15
12 10 16 16
12 9 17 14
12 9 17 15
12 9 17 16
12 10 17 14
12 10 17 15
12 10 17 16
