22 14
01111111111000
01000000001000
11111111111100
11111111111100
11111111111100
10001100100100
11111111111100
11111100111100
00000100000100
00000100000100
00000100000100
00000100000100
00000111111100
00000000000000
00000000000000
00001111111100
00001000000100
00001000000100
00001000000100
00001111111100
00000000000000
00000000000000
44
1 2 3 11
1 2 4 11
1 2 5 11
3 1 7 5
3 1 7 6
3 1 7 9
3 1 7 12
3 5 7 9
3 5 7 12
3 6 7 9
3 6 7 12
3 9 7 12
3 1 8 5
3 1 8 6
3 9 8 12
3 6 13 12
4 1 7 5
4 1 7 6
4 1 7 9
4 1 7 12
4 5 7 9
4 5 7 12
4 6 7 9
4 6 7 12
4 9 7 12
4 1 8 5
4 1 8 6
4 9 8 12
4 6 13 12
5 1 7 5
5 1 7 6
5 1 7 9
5 1 7 12
5 5 7 9
5 5 7 12
5 6 7 9
5 6 7 12
5 9 7 12
5 1 8 5
5 1 8 6
5 9 8 12
5 6 13 12
7 6 13 12
16 5 20 12
