11 24
000000000000000000000000
000000000000001110001110
111111111111111111111111
100011111000001010001011
100010001000001010001011
111111111111111111111111
111111111000001010001010
000000000000001110001010
000000000001111110001010
000000000001000010001010
000000000001111110001110
44
2 15 6 17
2 21 6 23
2 15 8 17
2 15 9 17
2 21 11 23
3 1 6 5
3 1 6 9
3 1 6 15
3 1 6 17
3 1 6 21
3 1 6 23
3 1 6 24
3 5 6 9
3 5 6 15
3 5 6 17
3 5 6 21
3 5 6 23
3 5 6 24
3 9 6 15
3 9 6 17
3 9 6 21
3 9 6 23
3 9 6 24
3 15 6 17
3 15 6 21
3 15 6 23
3 15 6 24
3 17 6 21
3 17 6 23
3 17 6 24
3 21 6 23
3 21 6 24
3 1 7 5
3 1 7 9
3 5 7 9
3 15 8 17
3 15 9 17
3 21 11 23
4 5 6 9
4 5 7 9
6 15 8 17
6 15 9 17
6 21 11 23
9 12 11 17
