14 10
0011111110
0010001111
1111111111
1011111111
1011111111
1111001011
1111111111
0001000010
0001000010
0011111110
0011000010
0011111110
0001111110
0000000000
60
1 3 3 7
1 3 3 8
1 3 3 9
1 3 4 7
1 3 4 8
1 3 4 9
1 3 5 7
1 3 5 8
1 3 5 9
1 3 7 7
1 3 7 9
1 7 7 9
2 7 7 9
2 7 7 10
3 1 6 3
3 1 6 4
3 1 7 3
3 1 7 4
3 1 7 7
3 1 7 9
3 1 7 10
3 3 7 7
3 3 7 9
3 3 7 10
3 4 7 7
3 4 7 9
3 4 7 10
3 7 7 9
3 7 7 10
3 4 10 9
3 4 12 9
3 4 13 9
4 3 7 7
4 3 7 9
4 3 7 10
4 4 7 7
4 4 7 9
4 4 7 10
4 7 7 9
4 7 7 10
4 4 10 9
4 4 12 9
4 4 13 9
5 3 7 7
5 3 7 9
5 3 7 10
5 4 7 7
5 4 7 9
5 4 7 10
5 7 7 9
5 7 7 10
5 4 10 9
5 4 12 9
5 4 13 9
7 4 10 9
7 4 12 9
7 4 13 9
10 3 12 9
10 4 12 9
10 4 13 9
