14 23
00001111111110000000000
00001000000010001111110
00001000011111111100010
00001011111111111100010
00001010010010001100010
00001010010010001100010
00001011111111111111110
00001000000010000000000
00001000000010000000000
00001000000010000000000
00001000000010000000000
00001000000010000000000
00001000000010000000000
00001111111110000000000
17
1 5 14 13
2 17 7 22
2 18 7 22
3 10 7 13
3 10 7 17
3 10 7 18
3 13 7 17
3 13 7 18
4 7 7 10
4 7 7 13
4 7 7 17
4 7 7 18
4 10 7 13
4 10 7 17
4 10 7 18
4 13 7 17
4 13 7 18
