25 11
00000000000
00000001111
00000111111
00000111111
00000111101
00000111101
00000111111
00000110101
00000110101
00000110101
00000110101
00000110101
00000110101
00000110101
00000110101
11111111111
10111110101
10111110101
10111110101
10111110101
11111110101
00011111101
00001010001
00001011111
00001111111
65
2 8 7 11
2 9 7 11
2 9 16 11
3 6 7 11
3 7 7 11
3 8 7 11
3 9 7 11
3 6 16 9
3 6 16 11
3 7 16 9
3 7 16 11
3 9 16 11
3 6 22 9
3 7 22 9
3 7 24 11
3 7 25 11
4 6 7 11
4 7 7 11
4 8 7 11
4 9 7 11
4 6 16 9
4 6 16 11
4 7 16 9
4 7 16 11
4 9 16 11
4 6 22 9
4 7 22 9
4 7 24 11
4 7 25 11
5 6 16 9
5 7 16 9
5 6 22 9
5 7 22 9
6 6 16 9
6 7 16 9
6 6 22 9
6 7 22 9
7 6 16 9
7 6 16 11
7 7 16 9
7 7 16 11
7 9 16 11
7 6 22 9
7 7 22 9
7 7 24 11
7 7 25 11
16 1 21 3
16 1 21 4
16 1 21 5
16 1 21 6
16 1 21 7
16 4 22 9
16 5 22 9
16 6 22 9
16 7 22 9
16 7 24 11
16 5 25 7
16 5 25 11
16 7 25 11
17 5 25 7
18 5 25 7
19 5 25 7
20 5 25 7
21 5 25 7
22 5 25 7
