22 12
000011111110
000010110010
000111111111
000111110011
000111111111
000010110010
000111111010
111111111110
100111111110
100111001110
111111111111
000111001011
000111001111
000111001010
000111111110
000100001000
000111111111
000111111001
000111111111
000000000000
000000000000
000000000000
149
1 5 3 7
1 5 3 8
1 5 3 11
1 7 3 11
1 8 3 11
1 5 4 7
1 5 4 8
1 5 5 7
1 5 5 8
1 5 5 11
1 7 5 11
1 8 5 11
1 5 7 7
1 5 7 8
1 5 8 7
1 5 8 8
1 5 8 11
1 7 8 11
1 8 8 11
1 5 9 7
1 5 9 8
1 5 9 11
1 7 9 11
1 8 9 11
1 5 11 11
1 5 15 11
3 4 5 11
3 4 5 12
3 5 5 11
3 5 5 12
3 6 5 11
3 6 5 12
3 7 5 11
3 7 5 12
3 8 5 11
3 8 5 12
3 5 7 7
3 5 7 8
3 5 8 7
3 5 8 8
3 5 8 11
3 7 8 11
3 8 8 11
3 5 9 7
3 5 9 8
3 5 9 11
3 7 9 11
3 8 9 11
3 5 11 11
3 5 15 11
4 5 7 7
4 5 7 8
4 5 8 7
4 5 8 8
4 5 9 7
4 5 9 8
5 5 7 7
5 5 7 8
5 5 8 7
5 5 8 8
5 5 8 11
5 7 8 11
5 8 8 11
5 5 9 7
5 5 9 8
5 5 9 11
5 7 9 11
5 8 9 11
5 5 11 11
5 5 15 11
7 4 11 9
7 5 11 9
7 6 11 9
7 4 15 9
7 5 15 9
7 6 15 9
7 4 17 9
7 4 18 9
7 4 19 9
8 1 11 4
8 1 11 5
8 1 11 6
8 1 11 9
8 1 11 10
8 1 11 11
8 4 11 9
8 4 11 10
8 4 11 11
8 5 11 9
8 5 11 10
8 5 11 11
8 6 11 9
8 6 11 10
8 6 11 11
8 9 13 11
8 4 15 9
8 4 15 11
8 5 15 9
8 5 15 11
8 6 15 9
8 6 15 11
8 9 15 11
8 4 17 9
8 4 18 9
8 4 19 9
9 4 11 9
9 4 11 10
9 4 11 11
9 5 11 9
9 5 11 10
9 5 11 11
9 6 11 9
9 6 11 10
9 6 11 11
9 9 13 11
9 4 15 9
9 4 15 11
9 5 15 9
9 5 15 11
9 6 15 9
9 6 15 11
9 9 15 11
9 4 17 9
9 4 18 9
9 4 19 9
10 9 13 11
10 9 15 11
11 9 13 11
11 9 13 12
11 4 15 9
11 4 15 11
11 5 15 9
11 5 15 11
11 6 15 9
11 6 15 11
11 9 15 11
11 4 17 9
11 4 18 9
11 4 19 9
13 9 15 11
15 4 17 9
15 4 18 9
15 4 19 9
17 4 19 12
17 5 19 12
17 6 19 12
17 7 19 12
17 8 19 12
17 9 19 12
