18 18
111111111111110000
101000000000110000
101000000011110000
101000000010110000
111111111111110000
001000000010110000
001111111010110000
001000001011111100
001000001010110100
001000001011110100
001111111011111100
001000000001101000
001000000001101111
001000000001111101
001000000001111101
001000000001111111
001000000000100000
001111111111100000
37
1 1 5 3
1 1 5 13
1 1 5 14
1 3 5 13
1 3 5 14
1 3 18 13
3 11 5 13
3 11 5 14
3 11 8 13
3 11 8 14
3 11 10 13
3 11 10 14
3 11 11 13
3 11 11 14
5 11 8 13
5 11 8 14
5 11 10 13
5 11 10 14
5 11 11 13
5 11 11 14
5 3 18 13
7 3 11 9
8 11 10 13
8 11 10 14
8 11 11 13
8 11 11 14
8 11 11 16
8 13 11 16
8 14 11 16
11 12 14 15
11 13 14 15
11 12 15 15
11 13 15 15
11 12 16 15
11 13 16 15
13 15 16 18
13 16 16 18
