17 14
00000000111110
00000000100010
11111111111010
11111111111010
11111111111010
11101011111010
11111111111010
11111111111110
11111011111010
11111111111111
11111111111111
11011011110011
11111111111111
01011111110010
01000110100010
01111111111110
00000011100000
676
1 9 8 13
1 9 10 13
1 9 11 13
1 9 13 13
1 9 16 13
3 1 7 5
3 1 7 7
3 1 7 8
3 1 7 9
3 1 7 10
3 1 7 11
3 2 7 5
3 2 7 7
3 2 7 8
3 2 7 9
3 2 7 10
3 2 7 11
3 3 7 5
3 3 7 7
3 3 7 8
3 3 7 9
3 3 7 10
3 3 7 11
3 5 7 7
3 5 7 8
3 5 7 9
3 5 7 10
3 5 7 11
3 1 8 5
3 1 8 7
3 1 8 8
3 1 8 9
3 1 8 10
3 1 8 11
3 2 8 5
3 2 8 7
3 2 8 8
3 2 8 9
3 2 8 10
3 2 8 11
3 3 8 5
3 3 8 7
3 3 8 8
3 3 8 9
3 3 8 10
3 3 8 11
3 5 8 7
3 5 8 8
3 5 8 9
3 5 8 10
3 5 8 11
3 1 9 5
3 2 9 5
3 3 9 5
3 1 10 5
3 1 10 7
3 1 10 8
3 1 10 9
3 1 10 10
3 1 10 11
3 2 10 5
3 2 10 7
3 2 10 8
3 2 10 9
3 2 10 10
3 2 10 11
3 3 10 5
3 3 10 7
3 3 10 8
3 3 10 9
3 3 10 10
3 3 10 11
3 5 10 7
3 5 10 8
3 5 10 9
3 5 10 10
3 5 10 11
3 1 11 5
3 1 11 7
3 1 11 8
3 1 11 9
3 1 11 10
3 1 11 11
3 2 11 5
3 2 11 7
3 2 11 8
3 2 11 9
3 2 11 10
3 2 11 11
3 3 11 5
3 3 11 7
3 3 11 8
3 3 11 9
3 3 11 10
3 3 11 11
3 5 11 7
3 5 11 8
3 5 11 9
3 5 11 10
3 5 11 11
3 1 13 5
3 1 13 7
3 1 13 8
3 1 13 9
3 1 13 10
3 2 13 5
3 2 13 7
3 2 13 8
3 2 13 9
3 2 13 10
3 5 13 7
3 5 13 8
3 5 13 9
3 5 13 10
3 5 14 7
3 5 14 8
3 5 14 9
3 5 14 10
3 2 16 7
3 2 16 9
3 7 16 9
3 7 17 9
4 1 7 5
4 1 7 7
4 1 7 8
4 1 7 9
4 1 7 10
4 1 7 11
4 2 7 5
4 2 7 7
4 2 7 8
4 2 7 9
4 2 7 10
4 2 7 11
4 3 7 5
4 3 7 7
4 3 7 8
4 3 7 9
4 3 7 10
4 3 7 11
4 5 7 7
4 5 7 8
4 5 7 9
4 5 7 10
4 5 7 11
4 1 8 5
4 1 8 7
4 1 8 8
4 1 8 9
4 1 8 10
4 1 8 11
4 2 8 5
4 2 8 7
4 2 8 8
4 2 8 9
4 2 8 10
4 2 8 11
4 3 8 5
4 3 8 7
4 3 8 8
4 3 8 9
4 3 8 10
4 3 8 11
4 5 8 7
4 5 8 8
4 5 8 9
4 5 8 10
4 5 8 11
4 1 9 5
4 2 9 5
4 3 9 5
4 1 10 5
4 1 10 7
4 1 10 8
4 1 10 9
4 1 10 10
4 1 10 11
4 2 10 5
4 2 10 7
4 2 10 8
4 2 10 9
4 2 10 10
4 2 10 11
4 3 10 5
4 3 10 7
4 3 10 8
4 3 10 9
4 3 10 10
4 3 10 11
4 5 10 7
4 5 10 8
4 5 10 9
4 5 10 10
4 5 10 11
4 1 11 5
4 1 11 7
4 1 11 8
4 1 11 9
4 1 11 10
4 1 11 11
4 2 11 5
4 2 11 7
4 2 11 8
4 2 11 9
4 2 11 10
4 2 11 11
4 3 11 5
4 3 11 7
4 3 11 8
4 3 11 9
4 3 11 10
4 3 11 11
4 5 11 7
4 5 11 8
4 5 11 9
4 5 11 10
4 5 11 11
4 1 13 5
4 1 13 7
4 1 13 8
4 1 13 9
4 1 13 10
4 2 13 5
4 2 13 7
4 2 13 8
4 2 13 9
4 2 13 10
4 5 13 7
4 5 13 8
4 5 13 9
4 5 13 10
4 5 14 7
4 5 14 8
4 5 14 9
4 5 14 10
4 2 16 7
4 2 16 9
4 7 16 9
4 7 17 9
5 1 7 5
5 1 7 7
5 1 7 8
5 1 7 9
5 1 7 10
5 1 7 11
5 2 7 5
5 2 7 7
5 2 7 8
5 2 7 9
5 2 7 10
5 2 7 11
5 3 7 5
5 3 7 7
5 3 7 8
5 3 7 9
5 3 7 10
5 3 7 11
5 5 7 7
5 5 7 8
5 5 7 9
5 5 7 10
5 5 7 11
5 1 8 5
5 1 8 7
5 1 8 8
5 1 8 9
5 1 8 10
5 1 8 11
5 2 8 5
5 2 8 7
5 2 8 8
5 2 8 9
5 2 8 10
5 2 8 11
5 3 8 5
5 3 8 7
5 3 8 8
5 3 8 9
5 3 8 10
5 3 8 11
5 5 8 7
5 5 8 8
5 5 8 9
5 5 8 10
5 5 8 11
5 1 9 5
5 2 9 5
5 3 9 5
5 1 10 5
5 1 10 7
5 1 10 8
5 1 10 9
5 1 10 10
5 1 10 11
5 2 10 5
5 2 10 7
5 2 10 8
5 2 10 9
5 2 10 10
5 2 10 11
5 3 10 5
5 3 10 7
5 3 10 8
5 3 10 9
5 3 10 10
5 3 10 11
5 5 10 7
5 5 10 8
5 5 10 9
5 5 10 10
5 5 10 11
5 1 11 5
5 1 11 7
5 1 11 8
5 1 11 9
5 1 11 10
5 1 11 11
5 2 11 5
5 2 11 7
5 2 11 8
5 2 11 9
5 2 11 10
5 2 11 11
5 3 11 5
5 3 11 7
5 3 11 8
5 3 11 9
5 3 11 10
5 3 11 11
5 5 11 7
5 5 11 8
5 5 11 9
5 5 11 10
5 5 11 11
5 1 13 5
5 1 13 7
5 1 13 8
5 1 13 9
5 1 13 10
5 2 13 5
5 2 13 7
5 2 13 8
5 2 13 9
5 2 13 10
5 5 13 7
5 5 13 8
5 5 13 9
5 5 13 10
5 5 14 7
5 5 14 8
5 5 14 9
5 5 14 10
5 2 16 7
5 2 16 9
5 7 16 9
5 7 17 9
6 7 16 9
6 7 17 9
7 1 10 7
7 1 10 8
7 1 10 9
7 1 10 10
7 1 10 11
7 2 10 7
7 2 10 8
7 2 10 9
7 2 10 10
7 2 10 11
7 3 10 7
7 3 10 8
7 3 10 9
7 3 10 10
7 3 10 11
7 4 10 7
7 4 10 8
7 4 10 9
7 4 10 10
7 4 10 11
7 5 10 7
7 5 10 8
7 5 10 9
7 5 10 10
7 5 10 11
7 1 11 7
7 1 11 8
7 1 11 9
7 1 11 10
7 1 11 11
7 2 11 7
7 2 11 8
7 2 11 9
7 2 11 10
7 2 11 11
7 3 11 7
7 3 11 8
7 3 11 9
7 3 11 10
7 3 11 11
7 4 11 7
7 4 11 8
7 4 11 9
7 4 11 10
7 4 11 11
7 5 11 7
7 5 11 8
7 5 11 9
7 5 11 10
7 5 11 11
7 1 13 4
7 1 13 5
7 1 13 7
7 1 13 8
7 1 13 9
7 1 13 10
7 2 13 4
7 2 13 5
7 2 13 7
7 2 13 8
7 2 13 9
7 2 13 10
7 4 13 7
7 4 13 8
7 4 13 9
7 4 13 10
7 5 13 7
7 5 13 8
7 5 13 9
7 5 13 10
7 4 14 7
7 4 14 8
7 4 14 9
7 4 14 10
7 5 14 7
7 5 14 8
7 5 14 9
7 5 14 10
7 2 16 7
7 2 16 9
7 7 16 9
7 7 17 9
8 1 10 7
8 1 10 8
8 1 10 9
8 1 10 10
8 1 10 11
8 1 10 13
8 2 10 7
8 2 10 8
8 2 10 9
8 2 10 10
8 2 10 11
8 2 10 13
8 3 10 7
8 3 10 8
8 3 10 9
8 3 10 10
8 3 10 11
8 3 10 13
8 4 10 7
8 4 10 8
8 4 10 9
8 4 10 10
8 4 10 11
8 4 10 13
8 5 10 7
8 5 10 8
8 5 10 9
8 5 10 10
8 5 10 11
8 5 10 13
8 7 10 13
8 8 10 13
8 9 10 13
8 10 10 13
8 11 10 13
8 1 11 7
8 1 11 8
8 1 11 9
8 1 11 10
8 1 11 11
8 1 11 13
8 2 11 7
8 2 11 8
8 2 11 9
8 2 11 10
8 2 11 11
8 2 11 13
8 3 11 7
8 3 11 8
8 3 11 9
8 3 11 10
8 3 11 11
8 3 11 13
8 4 11 7
8 4 11 8
8 4 11 9
8 4 11 10
8 4 11 11
8 4 11 13
8 5 11 7
8 5 11 8
8 5 11 9
8 5 11 10
8 5 11 11
8 5 11 13
8 7 11 13
8 8 11 13
8 9 11 13
8 10 11 13
8 11 11 13
8 1 13 4
8 1 13 5
8 1 13 7
8 1 13 8
8 1 13 9
8 1 13 10
8 1 13 13
8 2 13 4
8 2 13 5
8 2 13 7
8 2 13 8
8 2 13 9
8 2 13 10
8 2 13 13
8 4 13 7
8 4 13 8
8 4 13 9
8 4 13 10
8 4 13 13
8 5 13 7
8 5 13 8
8 5 13 9
8 5 13 10
8 5 13 13
8 7 13 13
8 8 13 13
8 9 13 13
8 10 13 13
8 4 14 7
8 4 14 8
8 4 14 9
8 4 14 10
8 5 14 7
8 5 14 8
8 5 14 9
8 5 14 10
8 2 16 7
8 2 16 9
8 2 16 13
8 7 16 9
8 7 16 13
8 9 16 13
8 7 17 9
9 1 13 4
9 1 13 5
9 2 13 4
9 2 13 5
9 7 16 9
9 7 17 9
10 1 13 4
10 1 13 5
10 1 13 7
10 1 13 8
10 1 13 9
10 1 13 10
10 1 13 13
10 1 13 14
10 2 13 4
10 2 13 5
10 2 13 7
10 2 13 8
10 2 13 9
10 2 13 10
10 2 13 13
10 2 13 14
10 4 13 7
10 4 13 8
10 4 13 9
10 4 13 10
10 4 13 13
10 4 13 14
10 5 13 7
10 5 13 8
10 5 13 9
10 5 13 10
10 5 13 13
10 5 13 14
10 7 13 13
10 7 13 14
10 8 13 13
10 8 13 14
10 9 13 13
10 9 13 14
10 10 13 13
10 10 13 14
10 4 14 7
10 4 14 8
10 4 14 9
10 4 14 10
10 5 14 7
10 5 14 8
10 5 14 9
10 5 14 10
10 2 16 7
10 2 16 9
10 2 16 13
10 7 16 9
10 7 16 13
10 9 16 13
10 7 17 9
11 1 13 4
11 1 13 5
11 1 13 7
11 1 13 8
11 1 13 9
11 1 13 10
11 1 13 13
11 1 13 14
11 2 13 4
11 2 13 5
11 2 13 7
11 2 13 8
11 2 13 9
11 2 13 10
11 2 13 13
11 2 13 14
11 4 13 7
11 4 13 8
11 4 13 9
11 4 13 10
11 4 13 13
11 4 13 14
11 5 13 7
11 5 13 8
11 5 13 9
11 5 13 10
11 5 13 13
11 5 13 14
11 7 13 13
11 7 13 14
11 8 13 13
11 8 13 14
11 9 13 13
11 9 13 14
11 10 13 13
11 10 13 14
11 4 14 7
11 4 14 8
11 4 14 9
11 4 14 10
11 5 14 7
11 5 14 8
11 5 14 9
11 5 14 10
11 2 16 7
11 2 16 9
11 2 16 13
11 7 16 9
11 7 16 13
11 9 16 13
11 7 17 9
12 7 16 9
12 7 17 9
13 2 16 6
13 2 16 7
13 2 16 9
13 2 16 13
13 6 16 9
13 6 16 13
13 7 16 9
13 7 16 13
13 9 16 13
13 7 17 9
14 6 16 9
14 7 16 9
14 7 17 9
