13 12
011100000000
011111110000
010100010000
010100010000
010100010000
010100010000
010101111000
010111111111
010111011011
011111111011
010111001011
011111111111
000001111111
41
1 2 10 4
1 2 12 4
2 4 8 8
2 2 10 4
2 2 10 8
2 4 10 8
2 2 12 4
7 6 10 8
7 6 10 9
7 6 12 9
7 6 13 9
8 4 10 8
8 4 10 9
8 5 10 8
8 5 10 9
8 6 10 8
8 6 10 9
8 4 12 9
8 4 12 11
8 4 12 12
8 5 12 9
8 5 12 11
8 5 12 12
8 6 12 9
8 6 12 11
8 6 12 12
8 9 12 11
8 9 12 12
8 6 13 9
8 6 13 11
8 6 13 12
8 9 13 11
8 9 13 12
10 2 12 4
10 2 12 5
10 2 12 6
10 2 12 9
10 4 12 9
10 5 12 9
10 6 12 9
10 6 13 9
