16 11
00011100000
01111111110
01010100111
01111100111
01001000111
01001000111
01001110111
01001010111
01111111111
01001111111
01001000101
01001000101
01111111111
00000000101
00000000111
00000000000
35
1 4 4 6
2 2 4 4
2 2 4 6
2 4 4 6
2 2 9 9
2 2 9 10
2 2 13 9
3 9 13 11
3 9 15 11
4 2 9 5
4 2 13 5
4 9 13 11
4 9 15 11
5 9 13 11
5 9 15 11
6 9 13 11
6 9 15 11
7 5 9 7
7 5 10 7
7 9 13 11
7 9 15 11
8 9 13 11
8 9 15 11
9 2 13 5
9 2 13 9
9 2 13 11
9 5 13 9
9 5 13 11
9 9 13 11
9 9 15 11
10 5 13 9
10 5 13 11
10 9 13 11
10 9 15 11
13 9 15 11
