13 17
00111111111111110
00111111111111111
00100000000000011
00100111111111111
00100111110001011
00100101110001111
00111111111111111
00100111111111011
00100101111111111
00100101110001011
00111111111111111
00000111111111111
00000000000000000
186
1 3 7 16
1 3 11 16
2 3 7 16
2 3 7 17
2 3 11 16
2 3 11 17
4 14 6 16
4 14 6 17
4 6 7 8
4 6 7 9
4 6 7 10
4 6 7 14
4 6 7 16
4 6 7 17
4 8 7 14
4 8 7 16
4 8 7 17
4 9 7 14
4 9 7 16
4 9 7 17
4 10 7 14
4 10 7 16
4 10 7 17
4 14 7 16
4 14 7 17
4 6 8 8
4 6 8 9
4 6 8 10
4 6 8 14
4 8 8 14
4 9 8 14
4 10 8 14
4 8 9 14
4 8 9 16
4 8 9 17
4 9 9 14
4 9 9 16
4 9 9 17
4 10 9 14
4 10 9 16
4 10 9 17
4 14 9 16
4 14 9 17
4 6 11 8
4 6 11 9
4 6 11 10
4 6 11 14
4 6 11 16
4 6 11 17
4 8 11 14
4 8 11 16
4 8 11 17
4 9 11 14
4 9 11 16
4 9 11 17
4 10 11 14
4 10 11 16
4 10 11 17
4 14 11 16
4 14 11 17
4 6 12 8
4 6 12 9
4 6 12 10
4 6 12 14
4 6 12 16
4 6 12 17
4 8 12 14
4 8 12 16
4 8 12 17
4 9 12 14
4 9 12 16
4 9 12 17
4 10 12 14
4 10 12 16
4 10 12 17
4 14 12 16
4 14 12 17
5 6 7 8
5 6 7 9
5 6 7 10
5 6 8 8
5 6 8 9
5 6 8 10
5 6 11 8
5 6 11 9
5 6 11 10
5 6 12 8
5 6 12 9
5 6 12 10
6 14 9 16
6 14 9 17
6 14 11 16
6 14 11 17
6 14 12 16
6 14 12 17
7 8 9 16
7 8 9 17
7 9 9 16
7 9 9 17
7 10 9 16
7 10 9 17
7 11 9 16
7 11 9 17
7 12 9 16
7 12 9 17
7 13 9 16
7 13 9 17
7 14 9 16
7 14 9 17
7 3 11 6
7 3 11 8
7 3 11 9
7 3 11 10
7 3 11 14
7 3 11 16
7 3 11 17
7 6 11 8
7 6 11 9
7 6 11 10
7 6 11 14
7 6 11 16
7 6 11 17
7 8 11 14
7 8 11 16
7 8 11 17
7 9 11 14
7 9 11 16
7 9 11 17
7 10 11 14
7 10 11 16
7 10 11 17
7 14 11 16
7 14 11 17
7 6 12 8
7 6 12 9
7 6 12 10
7 6 12 14
7 6 12 16
7 6 12 17
7 8 12 14
7 8 12 16
7 8 12 17
7 9 12 14
7 9 12 16
7 9 12 17
7 10 12 14
7 10 12 16
7 10 12 17
7 14 12 16
7 14 12 17
8 6 11 8
8 6 11 9
8 6 11 10
8 6 11 14
8 8 11 14
8 9 11 14
8 10 11 14
8 6 12 8
8 6 12 9
8 6 12 10
8 6 12 14
8 8 12 14
8 9 12 14
8 10 12 14
9 8 11 14
9 8 11 16
9 8 11 17
9 9 11 14
9 9 11 16
9 9 11 17
9 10 11 14
9 10 11 16
9 10 11 17
9 14 11 16
9 14 11 17
9 8 12 14
9 8 12 16
9 8 12 17
9 9 12 14
9 9 12 16
9 9 12 17
9 10 12 14
9 10 12 16
9 10 12 17
9 14 12 16
9 14 12 17
