14 10
0000000000
0000111111
0000100001
1111111111
1111111011
1111111011
1100111111
1100111110
1100111110
1111111110
0100111111
0100100111
0100111111
0111111110
70
2 5 4 10
2 5 7 10
4 5 7 9
4 5 7 10
4 6 7 9
4 6 7 10
4 7 7 9
4 7 7 10
4 5 8 9
4 6 8 9
4 7 8 9
4 5 9 9
4 6 9 9
4 7 9 9
4 1 10 5
4 1 10 6
4 1 10 7
4 1 10 9
4 2 10 5
4 2 10 6
4 2 10 7
4 2 10 9
4 5 10 9
4 6 10 9
4 7 10 9
4 5 11 9
4 6 11 9
4 7 11 9
4 5 13 9
4 2 14 5
4 2 14 9
4 5 14 9
5 1 10 5
5 1 10 6
5 1 10 7
5 2 10 5
5 2 10 6
5 2 10 7
5 2 14 5
6 1 10 5
6 1 10 6
6 1 10 7
6 2 10 5
6 2 10 6
6 2 10 7
6 2 14 5
7 5 13 8
7 5 13 9
7 5 14 8
7 5 14 9
8 5 13 8
8 5 13 9
8 5 14 8
8 5 14 9
9 5 13 8
9 5 13 9
9 5 14 8
9 5 14 9
10 5 13 8
10 5 13 9
10 2 14 5
10 2 14 8
10 2 14 9
10 5 14 8
10 5 14 9
11 5 13 8
11 5 13 9
11 5 13 10
11 5 14 8
11 5 14 9
