20 17
00000000000111000
00000011111111000
00000010000101000
00000010111111100
00111111111111100
00100010101001100
00100010101001100
00100010101001100
00111111111111100
00100011101011100
00100011101011100
00100011101011100
00111111111111100
01111111111111000
01100000000011000
01100000000011000
01111111111111000
01111111111111000
00000000000000000
00000000000000000
120
1 12 4 14
1 12 5 14
2 12 4 14
2 7 5 12
2 7 5 14
2 12 5 14
2 7 9 14
2 7 13 14
2 7 14 14
4 9 9 11
4 9 9 14
4 9 9 15
4 11 9 14
4 11 9 15
4 9 13 11
4 9 13 14
4 9 13 15
4 11 13 14
4 11 13 15
4 9 14 11
4 9 14 14
4 11 14 14
5 3 9 7
5 3 9 9
5 3 9 11
5 3 9 14
5 3 9 15
5 7 9 9
5 7 9 11
5 7 9 14
5 7 9 15
5 9 9 11
5 9 9 14
5 9 9 15
5 11 9 14
5 11 9 15
5 7 10 9
5 7 11 9
5 7 12 9
5 3 13 7
5 3 13 9
5 3 13 11
5 3 13 14
5 3 13 15
5 7 13 9
5 7 13 11
5 7 13 14
5 7 13 15
5 9 13 11
5 9 13 14
5 9 13 15
5 11 13 14
5 11 13 15
5 3 14 7
5 3 14 9
5 3 14 11
5 3 14 14
5 7 14 9
5 7 14 11
5 7 14 14
5 9 14 11
5 9 14 14
5 11 14 14
5 3 17 14
5 3 18 14
9 3 13 7
9 3 13 8
9 3 13 9
9 3 13 11
9 3 13 13
9 3 13 14
9 3 13 15
9 7 13 11
9 7 13 13
9 7 13 14
9 7 13 15
9 8 13 11
9 8 13 13
9 8 13 14
9 8 13 15
9 9 13 11
9 9 13 13
9 9 13 14
9 9 13 15
9 11 13 13
9 11 13 14
9 11 13 15
9 3 14 7
9 3 14 8
9 3 14 9
9 3 14 11
9 3 14 13
9 3 14 14
9 7 14 11
9 7 14 13
9 7 14 14
9 8 14 11
9 8 14 13
9 8 14 14
9 9 14 11
9 9 14 13
9 9 14 14
9 11 14 13
9 11 14 14
9 3 17 13
9 3 17 14
9 3 18 13
9 3 18 14
13 3 17 13
13 3 17 14
13 3 18 13
13 3 18 14
14 2 17 13
14 2 17 14
14 3 17 13
14 3 17 14
14 2 18 13
14 2 18 14
14 3 18 13
14 3 18 14
