20 19
0000001111111111111
0011111111111010001
0010001111111111111
0011111111111111111
0011000000001010001
1111111111111110001
1011010000001010001
1011111111111010001
1001010000111111101
1001010000100010101
1001010000100010101
1111111111111110101
1001010000100010101
1111110000111111101
0001000000000010001
0001000000000011111
0001111111111111111
0000000000000000000
0000000000000000000
0000000000000000000
89
1 7 3 15
1 7 3 19
1 8 3 15
1 8 3 19
1 9 3 15
1 9 3 19
1 10 3 15
1 10 3 19
1 11 3 15
1 11 3 19
1 12 3 15
1 12 3 19
1 13 3 15
1 13 3 19
1 15 3 19
1 7 4 15
1 7 4 19
1 8 4 15
1 8 4 19
1 9 4 15
1 9 4 19
1 10 4 15
1 10 4 19
1 11 4 15
1 11 4 19
1 12 4 15
1 12 4 19
1 13 4 15
1 13 4 19
1 15 4 19
1 13 6 15
1 13 9 15
1 15 16 19
1 15 17 19
2 3 4 7
2 3 4 8
2 3 4 9
2 3 4 10
2 3 4 11
2 3 4 12
2 3 4 13
2 3 6 13
2 3 8 13
3 13 6 15
3 13 9 15
3 15 16 19
3 15 17 19
4 3 6 13
4 3 6 15
4 4 6 13
4 4 6 15
4 13 6 15
4 3 8 13
4 4 8 13
4 13 9 15
4 4 12 15
4 15 16 19
4 4 17 15
4 4 17 19
4 15 17 19
6 3 8 6
6 3 8 13
6 4 8 6
6 4 8 13
6 6 8 13
6 13 9 15
6 1 12 4
6 1 12 6
6 1 12 15
6 4 12 6
6 4 12 15
6 6 12 15
6 1 14 4
6 1 14 6
6 4 14 6
6 4 17 15
8 4 12 6
8 4 12 11
8 6 12 11
8 4 14 6
9 11 12 15
9 11 14 15
9 11 14 17
9 15 14 17
12 1 14 4
12 1 14 6
12 4 14 6
12 11 14 15
12 4 17 15
