22 22
0000011111111000000000
0000010000001000000000
0000010000001000000000
0000010000001000000000
0000010000001000000000
0000010000001000000000
0000010000001000000000
0000010000001000000000
0000010000001000000000
0000010000001000000000
0000010000001000000000
0000011111111000000000
0000000000000000000000
0000000000000000000000
0000000000000000000000
0000000000000000000000
0000000000000000000000
0000000000000000000000
0000000000000000000000
0000000000000000000000
0000000000000000000000
0000000000000000000000
1
1 6 12 13
