24 18
000000011100000000
000011111111111111
000010010111110101
000010010110110101
000010010110110101
000010010110110101
001111111111111111
001011110110110101
001010111111111101
001111111111111111
000010110111111101
000010110100111101
000010110100111101
000010111111111101
000010111100111101
000010111100111101
000010111100111101
000010111111111111
000010110000111100
000011111111111100
000010110000010000
000011110000010000
000000100000010000
000000111111110000
436
1 8 7 10
1 8 9 10
1 8 10 10
1 8 14 10
1 8 15 10
1 8 16 10
1 8 17 10
1 8 18 10
2 5 7 8
2 5 7 10
2 5 7 11
2 5 7 13
2 5 7 14
2 5 7 16
2 5 7 18
2 8 7 10
2 8 7 11
2 8 7 13
2 8 7 14
2 8 7 16
2 8 7 18
2 10 7 13
2 10 7 14
2 10 7 16
2 10 7 18
2 11 7 13
2 11 7 14
2 11 7 16
2 11 7 18
2 13 7 16
2 13 7 18
2 14 7 16
2 14 7 18
2 16 7 18
2 5 8 8
2 8 9 10
2 8 9 11
2 8 9 13
2 8 9 14
2 8 9 16
2 10 9 13
2 10 9 14
2 10 9 16
2 11 9 13
2 11 9 14
2 11 9 16
2 13 9 16
2 14 9 16
2 5 10 8
2 5 10 10
2 5 10 11
2 5 10 13
2 5 10 14
2 5 10 16
2 5 10 18
2 8 10 10
2 8 10 11
2 8 10 13
2 8 10 14
2 8 10 16
2 8 10 18
2 10 10 13
2 10 10 14
2 10 10 16
2 10 10 18
2 11 10 13
2 11 10 14
2 11 10 16
2 11 10 18
2 13 10 16
2 13 10 18
2 14 10 16
2 14 10 18
2 16 10 18
2 10 11 13
2 10 11 14
2 10 11 16
2 11 11 13
2 11 11 14
2 11 11 16
2 13 11 16
2 14 11 16
2 13 12 16
2 14 12 16
2 13 13 16
2 14 13 16
2 8 14 10
2 8 14 13
2 8 14 14
2 8 14 16
2 10 14 13
2 10 14 14
2 10 14 16
2 13 14 16
2 14 14 16
2 8 15 10
2 13 15 16
2 14 15 16
2 8 16 10
2 13 16 16
2 14 16 16
2 8 17 10
2 13 17 16
2 14 17 16
2 8 18 10
2 8 18 13
2 8 18 14
2 8 18 16
2 8 18 18
2 10 18 13
2 10 18 14
2 10 18 16
2 10 18 18
2 13 18 16
2 13 18 18
2 14 18 16
2 14 18 18
2 16 18 18
2 13 19 16
2 14 19 16
2 5 20 8
2 5 20 13
2 5 20 14
2 5 20 16
2 8 20 13
2 8 20 14
2 8 20 16
2 13 20 16
2 14 20 16
2 5 22 8
3 10 7 13
3 10 7 14
3 11 7 13
3 11 7 14
3 10 9 13
3 10 9 14
3 11 9 13
3 11 9 14
3 10 10 13
3 10 10 14
3 11 10 13
3 11 10 14
3 10 11 13
3 10 11 14
3 11 11 13
3 11 11 14
3 10 14 13
3 10 14 14
3 10 18 13
3 10 18 14
7 7 9 10
7 7 9 11
7 7 9 13
7 7 9 14
7 7 9 16
7 8 9 10
7 8 9 11
7 8 9 13
7 8 9 14
7 8 9 16
7 10 9 13
7 10 9 14
7 10 9 16
7 11 9 13
7 11 9 14
7 11 9 16
7 13 9 16
7 14 9 16
7 3 10 5
7 3 10 7
7 3 10 8
7 3 10 10
7 3 10 11
7 3 10 13
7 3 10 14
7 3 10 16
7 3 10 18
7 5 10 7
7 5 10 8
7 5 10 10
7 5 10 11
7 5 10 13
7 5 10 14
7 5 10 16
7 5 10 18
7 7 10 10
7 7 10 11
7 7 10 13
7 7 10 14
7 7 10 16
7 7 10 18
7 8 10 10
7 8 10 11
7 8 10 13
7 8 10 14
7 8 10 16
7 8 10 18
7 10 10 13
7 10 10 14
7 10 10 16
7 10 10 18
7 11 10 13
7 11 10 14
7 11 10 16
7 11 10 18
7 13 10 16
7 13 10 18
7 14 10 16
7 14 10 18
7 16 10 18
7 10 11 13
7 10 11 14
7 10 11 16
7 11 11 13
7 11 11 14
7 11 11 16
7 13 11 16
7 14 11 16
7 13 12 16
7 14 12 16
7 13 13 16
7 14 13 16
7 7 14 10
7 7 14 13
7 7 14 14
7 7 14 16
7 8 14 10
7 8 14 13
7 8 14 14
7 8 14 16
7 10 14 13
7 10 14 14
7 10 14 16
7 13 14 16
7 14 14 16
7 7 15 10
7 8 15 10
7 13 15 16
7 14 15 16
7 7 16 10
7 8 16 10
7 13 16 16
7 14 16 16
7 7 17 10
7 8 17 10
7 13 17 16
7 14 17 16
7 7 18 10
7 7 18 13
7 7 18 14
7 7 18 16
7 7 18 18
7 8 18 10
7 8 18 13
7 8 18 14
7 8 18 16
7 8 18 18
7 10 18 13
7 10 18 14
7 10 18 16
7 10 18 18
7 13 18 16
7 13 18 18
7 14 18 16
7 14 18 18
7 16 18 18
7 13 19 16
7 14 19 16
7 5 20 7
7 5 20 8
7 5 20 13
7 5 20 14
7 5 20 16
7 7 20 13
7 7 20 14
7 7 20 16
7 8 20 13
7 8 20 14
7 8 20 16
7 13 20 16
7 14 20 16
7 5 22 7
7 5 22 8
7 7 24 14
8 5 10 7
8 5 10 8
8 5 20 7
8 5 20 8
8 5 22 7
8 5 22 8
9 7 14 10
9 7 14 13
9 7 14 14
9 7 14 15
9 7 14 16
9 8 14 10
9 8 14 13
9 8 14 14
9 8 14 15
9 8 14 16
9 10 14 13
9 10 14 14
9 10 14 15
9 10 14 16
9 7 15 10
9 8 15 10
9 7 16 10
9 8 16 10
9 7 17 10
9 8 17 10
9 7 18 10
9 7 18 13
9 7 18 14
9 7 18 15
9 7 18 16
9 8 18 10
9 8 18 13
9 8 18 14
9 8 18 15
9 8 18 16
9 10 18 13
9 10 18 14
9 10 18 15
9 10 18 16
9 7 20 13
9 7 20 14
9 7 20 15
9 7 20 16
9 8 20 13
9 8 20 14
9 8 20 15
9 8 20 16
9 7 24 14
10 7 14 10
10 7 14 13
10 7 14 14
10 7 14 15
10 7 14 16
10 8 14 10
10 8 14 13
10 8 14 14
10 8 14 15
10 8 14 16
10 10 14 13
10 10 14 14
10 10 14 15
10 10 14 16
10 7 15 10
10 8 15 10
10 7 16 10
10 8 16 10
10 7 17 10
10 8 17 10
10 7 18 10
10 7 18 13
10 7 18 14
10 7 18 15
10 7 18 16
10 7 18 18
10 8 18 10
10 8 18 13
10 8 18 14
10 8 18 15
10 8 18 16
10 8 18 18
10 10 18 13
10 10 18 14
10 10 18 15
10 10 18 16
10 10 18 18
10 13 18 18
10 14 18 18
10 15 18 18
10 16 18 18
10 5 20 7
10 5 20 8
10 5 20 13
10 5 20 14
10 5 20 15
10 5 20 16
10 7 20 13
10 7 20 14
10 7 20 15
10 7 20 16
10 8 20 13
10 8 20 14
10 8 20 15
10 8 20 16
10 5 22 7
10 5 22 8
10 7 24 14
11 10 14 13
11 10 14 14
11 10 14 15
11 10 14 16
11 10 18 13
11 10 18 14
11 10 18 15
11 10 18 16
14 7 18 13
14 7 18 14
14 7 18 15
14 7 18 16
14 8 18 13
14 8 18 14
14 8 18 15
14 8 18 16
14 9 18 13
14 9 18 14
14 9 18 15
14 9 18 16
14 10 18 13
14 10 18 14
14 10 18 15
14 10 18 16
14 7 20 13
14 7 20 14
14 7 20 15
14 7 20 16
14 8 20 13
14 8 20 14
14 8 20 15
14 8 20 16
14 7 24 14
18 7 20 13
18 7 20 14
18 7 20 15
18 7 20 16
18 8 20 13
18 8 20 14
18 8 20 15
18 8 20 16
18 7 24 14
20 5 22 7
20 5 22 8
20 7 24 14
