24 17
11111111000111110
10111111111100010
11110111111111010
11111111111111010
11111111111111010
11111101010111010
11111111111111010
11111111111111010
11101111111111010
11101101011111010
11101101011111010
11111111111111010
11111111111111110
11111111111111010
11111111111111110
11111111111111010
11111111111111110
11101111111111110
11111111111111110
11101011111111110
11101011111100110
11111111111111110
11111111101100010
11111111111111110
3183
1 1 3 3
1 1 3 4
1 1 4 3
1 1 4 4
1 1 4 6
1 1 4 7
1 1 4 8
1 3 4 6
1 3 4 7
1 3 4 8
1 4 4 6
1 4 4 7
1 4 4 8
1 1 5 3
1 1 5 4
1 1 5 6
1 1 5 7
1 1 5 8
1 3 5 6
1 3 5 7
1 3 5 8
1 4 5 6
1 4 5 7
1 4 5 8
1 1 6 3
1 1 6 4
1 1 6 6
1 3 6 6
1 4 6 6
1 1 7 3
1 1 7 4
1 1 7 6
1 1 7 8
1 3 7 6
1 3 7 8
1 4 7 6
1 4 7 8
1 6 7 8
1 1 8 3
1 1 8 4
1 1 8 6
1 1 8 8
1 3 8 6
1 3 8 8
1 4 8 6
1 4 8 8
1 6 8 8
1 1 9 3
1 6 9 8
1 1 10 3
1 1 11 3
1 1 12 3
1 1 12 6
1 1 12 8
1 3 12 6
1 3 12 8
1 6 12 8
1 1 13 3
1 1 13 6
1 1 13 8
1 3 13 6
1 3 13 8
1 6 13 8
1 12 13 16
1 1 14 3
1 1 14 6
1 1 14 8
1 3 14 6
1 3 14 8
1 6 14 8
1 1 15 3
1 1 15 6
1 1 15 8
1 3 15 6
1 3 15 8
1 6 15 8
1 12 15 16
1 1 16 3
1 1 16 6
1 1 16 8
1 3 16 6
1 3 16 8
1 6 16 8
1 1 17 3
1 1 17 6
1 1 17 8
1 3 17 6
1 3 17 8
1 6 17 8
1 12 17 16
1 1 18 3
1 6 18 8
1 12 18 16
1 1 19 3
1 1 19 6
1 1 19 8
1 3 19 6
1 3 19 8
1 6 19 8
1 12 19 16
1 1 20 3
1 12 20 16
1 1 21 3
1 1 22 3
1 1 22 8
1 3 22 8
1 12 22 16
1 1 23 3
1 1 23 8
1 3 23 8
1 1 24 3
1 1 24 8
1 3 24 8
1 12 24 16
2 3 4 6
2 3 4 7
2 3 4 8
2 3 4 9
2 3 4 10
2 3 4 11
2 3 4 12
2 4 4 6
2 4 4 7
2 4 4 8
2 4 4 9
2 4 4 10
2 4 4 11
2 4 4 12
2 3 5 6
2 3 5 7
2 3 5 8
2 3 5 9
2 3 5 10
2 3 5 11
2 3 5 12
2 4 5 6
2 4 5 7
2 4 5 8
2 4 5 9
2 4 5 10
2 4 5 11
2 4 5 12
2 3 6 6
2 4 6 6
2 3 7 6
2 3 7 8
2 3 7 10
2 3 7 12
2 4 7 6
2 4 7 8
2 4 7 10
2 4 7 12
2 6 7 8
2 6 7 10
2 6 7 12
2 8 7 10
2 8 7 12
2 10 7 12
2 3 8 6
2 3 8 8
2 3 8 10
2 3 8 12
2 4 8 6
2 4 8 8
2 4 8 10
2 4 8 12
2 6 8 8
2 6 8 10
2 6 8 12
2 8 8 10
2 8 8 12
2 10 8 12
2 6 9 8
2 6 9 10
2 6 9 12
2 8 9 10
2 8 9 12
2 10 9 12
2 10 10 12
2 10 11 12
2 3 12 6
2 3 12 8
2 3 12 10
2 3 12 12
2 6 12 8
2 6 12 10
2 6 12 12
2 8 12 10
2 8 12 12
2 10 12 12
2 3 13 6
2 3 13 8
2 3 13 10
2 3 13 12
2 6 13 8
2 6 13 10
2 6 13 12
2 8 13 10
2 8 13 12
2 10 13 12
2 3 14 6
2 3 14 8
2 3 14 10
2 3 14 12
2 6 14 8
2 6 14 10
2 6 14 12
2 8 14 10
2 8 14 12
2 10 14 12
2 3 15 6
2 3 15 8
2 3 15 10
2 3 15 12
2 6 15 8
2 6 15 10
2 6 15 12
2 8 15 10
2 8 15 12
2 10 15 12
2 3 16 6
2 3 16 8
2 3 16 10
2 3 16 12
2 6 16 8
2 6 16 10
2 6 16 12
2 8 16 10
2 8 16 12
2 10 16 12
2 3 17 6
2 3 17 8
2 3 17 10
2 3 17 12
2 6 17 8
2 6 17 10
2 6 17 12
2 8 17 10
2 8 17 12
2 10 17 12
2 6 18 8
2 6 18 10
2 6 18 12
2 8 18 10
2 8 18 12
2 10 18 12
2 3 19 6
2 3 19 8
2 3 19 10
2 3 19 12
2 6 19 8
2 6 19 10
2 6 19 12
2 8 19 10
2 8 19 12
2 10 19 12
2 8 20 10
2 8 20 12
2 10 20 12
2 8 21 10
2 8 21 12
2 10 21 12
2 3 22 8
2 3 22 10
2 3 22 12
2 8 22 10
2 8 22 12
2 10 22 12
2 3 23 8
2 3 24 8
2 3 24 12
2 8 24 12
3 6 7 8
3 6 7 10
3 6 7 12
3 6 7 13
3 6 7 14
3 8 7 10
3 8 7 12
3 8 7 13
3 8 7 14
3 10 7 12
3 10 7 13
3 10 7 14
3 6 8 8
3 6 8 10
3 6 8 12
3 6 8 13
3 6 8 14
3 8 8 10
3 8 8 12
3 8 8 13
3 8 8 14
3 10 8 12
3 10 8 13
3 10 8 14
3 6 9 8
3 6 9 10
3 6 9 12
3 6 9 13
3 6 9 14
3 8 9 10
3 8 9 12
3 8 9 13
3 8 9 14
3 10 9 12
3 10 9 13
3 10 9 14
3 10 10 12
3 10 10 13
3 10 10 14
3 10 11 12
3 10 11 13
3 10 11 14
3 6 12 8
3 6 12 10
3 6 12 12
3 6 12 13
3 6 12 14
3 8 12 10
3 8 12 12
3 8 12 13
3 8 12 14
3 10 12 12
3 10 12 13
3 10 12 14
3 6 13 8
3 6 13 10
3 6 13 12
3 6 13 13
3 6 13 14
3 8 13 10
3 8 13 12
3 8 13 13
3 8 13 14
3 10 13 12
3 10 13 13
3 10 13 14
3 6 14 8
3 6 14 10
3 6 14 12
3 6 14 13
3 6 14 14
3 8 14 10
3 8 14 12
3 8 14 13
3 8 14 14
3 10 14 12
3 10 14 13
3 10 14 14
3 6 15 8
3 6 15 10
3 6 15 12
3 6 15 13
3 6 15 14
3 8 15 10
3 8 15 12
3 8 15 13
3 8 15 14
3 10 15 12
3 10 15 13
3 10 15 14
3 6 16 8
3 6 16 10
3 6 16 12
3 6 16 13
3 6 16 14
3 8 16 10
3 8 16 12
3 8 16 13
3 8 16 14
3 10 16 12
3 10 16 13
3 10 16 14
3 6 17 8
3 6 17 10
3 6 17 12
3 6 17 13
3 6 17 14
3 8 17 10
3 8 17 12
3 8 17 13
3 8 17 14
3 10 17 12
3 10 17 13
3 10 17 14
3 6 18 8
3 6 18 10
3 6 18 12
3 6 18 13
3 6 18 14
3 8 18 10
3 8 18 12
3 8 18 13
3 8 18 14
3 10 18 12
3 10 18 13
3 10 18 14
3 6 19 8
3 6 19 10
3 6 19 12
3 6 19 13
3 6 19 14
3 8 19 10
3 8 19 12
3 8 19 13
3 8 19 14
3 10 19 12
3 10 19 13
3 10 19 14
3 8 20 10
3 8 20 12
3 8 20 13
3 8 20 14
3 10 20 12
3 10 20 13
3 10 20 14
3 8 21 10
3 8 21 12
3 10 21 12
3 8 22 10
3 8 22 12
3 10 22 12
3 8 24 12
4 1 7 8
4 1 7 10
4 1 7 12
4 1 7 13
4 1 7 14
4 2 7 8
4 2 7 10
4 2 7 12
4 2 7 13
4 2 7 14
4 3 7 8
4 3 7 10
4 3 7 12
4 3 7 13
4 3 7 14
4 4 7 8
4 4 7 10
4 4 7 12
4 4 7 13
4 4 7 14
4 5 7 8
4 5 7 10
4 5 7 12
4 5 7 13
4 5 7 14
4 6 7 8
4 6 7 10
4 6 7 12
4 6 7 13
4 6 7 14
4 8 7 10
4 8 7 12
4 8 7 13
4 8 7 14
4 10 7 12
4 10 7 13
4 10 7 14
4 1 8 8
4 1 8 10
4 1 8 12
4 1 8 13
4 1 8 14
4 2 8 8
4 2 8 10
4 2 8 12
4 2 8 13
4 2 8 14
4 3 8 8
4 3 8 10
4 3 8 12
4 3 8 13
4 3 8 14
4 4 8 8
4 4 8 10
4 4 8 12
4 4 8 13
4 4 8 14
4 5 8 8
4 5 8 10
4 5 8 12
4 5 8 13
4 5 8 14
4 6 8 8
4 6 8 10
4 6 8 12
4 6 8 13
4 6 8 14
4 8 8 10
4 8 8 12
4 8 8 13
4 8 8 14
4 10 8 12
4 10 8 13
4 10 8 14
4 5 9 8
4 5 9 10
4 5 9 12
4 5 9 13
4 5 9 14
4 6 9 8
4 6 9 10
4 6 9 12
4 6 9 13
4 6 9 14
4 8 9 10
4 8 9 12
4 8 9 13
4 8 9 14
4 10 9 12
4 10 9 13
4 10 9 14
4 10 10 12
4 10 10 13
4 10 10 14
4 10 11 12
4 10 11 13
4 10 11 14
4 1 12 5
4 1 12 6
4 1 12 8
4 1 12 10
4 1 12 12
4 1 12 13
4 1 12 14
4 2 12 5
4 2 12 6
4 2 12 8
4 2 12 10
4 2 12 12
4 2 12 13
4 2 12 14
4 3 12 5
4 3 12 6
4 3 12 8
4 3 12 10
4 3 12 12
4 3 12 13
4 3 12 14
4 5 12 8
4 5 12 10
4 5 12 12
4 5 12 13
4 5 12 14
4 6 12 8
4 6 12 10
4 6 12 12
4 6 12 13
4 6 12 14
4 8 12 10
4 8 12 12
4 8 12 13
4 8 12 14
4 10 12 12
4 10 12 13
4 10 12 14
4 1 13 5
4 1 13 6
4 1 13 8
4 1 13 10
4 1 13 12
4 1 13 13
4 1 13 14
4 2 13 5
4 2 13 6
4 2 13 8
4 2 13 10
4 2 13 12
4 2 13 13
4 2 13 14
4 3 13 5
4 3 13 6
4 3 13 8
4 3 13 10
4 3 13 12
4 3 13 13
4 3 13 14
4 5 13 8
4 5 13 10
4 5 13 12
4 5 13 13
4 5 13 14
4 6 13 8
4 6 13 10
4 6 13 12
4 6 13 13
4 6 13 14
4 8 13 10
4 8 13 12
4 8 13 13
4 8 13 14
4 10 13 12
4 10 13 13
4 10 13 14
4 1 14 5
4 1 14 6
4 1 14 8
4 1 14 10
4 1 14 12
4 1 14 13
4 1 14 14
4 2 14 5
4 2 14 6
4 2 14 8
4 2 14 10
4 2 14 12
4 2 14 13
4 2 14 14
4 3 14 5
4 3 14 6
4 3 14 8
4 3 14 10
4 3 14 12
4 3 14 13
4 3 14 14
4 5 14 8
4 5 14 10
4 5 14 12
4 5 14 13
4 5 14 14
4 6 14 8
4 6 14 10
4 6 14 12
4 6 14 13
4 6 14 14
4 8 14 10
4 8 14 12
4 8 14 13
4 8 14 14
4 10 14 12
4 10 14 13
4 10 14 14
4 1 15 5
4 1 15 6
4 1 15 8
4 1 15 10
4 1 15 12
4 1 15 13
4 1 15 14
4 2 15 5
4 2 15 6
4 2 15 8
4 2 15 10
4 2 15 12
4 2 15 13
4 2 15 14
4 3 15 5
4 3 15 6
4 3 15 8
4 3 15 10
4 3 15 12
4 3 15 13
4 3 15 14
4 5 15 8
4 5 15 10
4 5 15 12
4 5 15 13
4 5 15 14
4 6 15 8
4 6 15 10
4 6 15 12
4 6 15 13
4 6 15 14
4 8 15 10
4 8 15 12
4 8 15 13
4 8 15 14
4 10 15 12
4 10 15 13
4 10 15 14
4 1 16 5
4 1 16 6
4 1 16 8
4 1 16 10
4 1 16 12
4 1 16 13
4 1 16 14
4 2 16 5
4 2 16 6
4 2 16 8
4 2 16 10
4 2 16 12
4 2 16 13
4 2 16 14
4 3 16 5
4 3 16 6
4 3 16 8
4 3 16 10
4 3 16 12
4 3 16 13
4 3 16 14
4 5 16 8
4 5 16 10
4 5 16 12
4 5 16 13
4 5 16 14
4 6 16 8
4 6 16 10
4 6 16 12
4 6 16 13
4 6 16 14
4 8 16 10
4 8 16 12
4 8 16 13
4 8 16 14
4 10 16 12
4 10 16 13
4 10 16 14
4 1 17 5
4 1 17 6
4 1 17 8
4 1 17 10
4 1 17 12
4 1 17 13
4 1 17 14
4 2 17 5
4 2 17 6
4 2 17 8
4 2 17 10
4 2 17 12
4 2 17 13
4 2 17 14
4 3 17 5
4 3 17 6
4 3 17 8
4 3 17 10
4 3 17 12
4 3 17 13
4 3 17 14
4 5 17 8
4 5 17 10
4 5 17 12
4 5 17 13
4 5 17 14
4 6 17 8
4 6 17 10
4 6 17 12
4 6 17 13
4 6 17 14
4 8 17 10
4 8 17 12
4 8 17 13
4 8 17 14
4 10 17 12
4 10 17 13
4 10 17 14
4 5 18 8
4 5 18 10
4 5 18 12
4 5 18 13
4 5 18 14
4 6 18 8
4 6 18 10
4 6 18 12
4 6 18 13
4 6 18 14
4 8 18 10
4 8 18 12
4 8 18 13
4 8 18 14
4 10 18 12
4 10 18 13
4 10 18 14
4 1 19 5
4 1 19 6
4 1 19 8
4 1 19 10
4 1 19 12
4 1 19 13
4 1 19 14
4 2 19 5
4 2 19 6
4 2 19 8
4 2 19 10
4 2 19 12
4 2 19 13
4 2 19 14
4 3 19 5
4 3 19 6
4 3 19 8
4 3 19 10
4 3 19 12
4 3 19 13
4 3 19 14
4 5 19 8
4 5 19 10
4 5 19 12
4 5 19 13
4 5 19 14
4 6 19 8
4 6 19 10
4 6 19 12
4 6 19 13
4 6 19 14
4 8 19 10
4 8 19 12
4 8 19 13
4 8 19 14
4 10 19 12
4 10 19 13
4 10 19 14
4 8 20 10
4 8 20 12
4 8 20 13
4 8 20 14
4 10 20 12
4 10 20 13
4 10 20 14
4 8 21 10
4 8 21 12
4 10 21 12
4 1 22 5
4 1 22 8
4 1 22 10
4 1 22 12
4 2 22 5
4 2 22 8
4 2 22 10
4 2 22 12
4 3 22 5
4 3 22 8
4 3 22 10
4 3 22 12
4 5 22 8
4 5 22 10
4 5 22 12
4 8 22 10
4 8 22 12
4 10 22 12
4 1 23 5
4 1 23 8
4 2 23 5
4 2 23 8
4 3 23 5
4 3 23 8
4 5 23 8
4 1 24 5
4 1 24 8
4 1 24 12
4 2 24 5
4 2 24 8
4 2 24 12
4 3 24 5
4 3 24 8
4 3 24 12
4 5 24 8
4 5 24 12
4 8 24 12
5 1 7 8
5 1 7 10
5 1 7 12
5 1 7 13
5 1 7 14
5 2 7 8
5 2 7 10
5 2 7 12
5 2 7 13
5 2 7 14
5 3 7 8
5 3 7 10
5 3 7 12
5 3 7 13
5 3 7 14
5 4 7 8
5 4 7 10
5 4 7 12
5 4 7 13
5 4 7 14
5 5 7 8
5 5 7 10
5 5 7 12
5 5 7 13
5 5 7 14
5 6 7 8
5 6 7 10
5 6 7 12
5 6 7 13
5 6 7 14
5 8 7 10
5 8 7 12
5 8 7 13
5 8 7 14
5 10 7 12
5 10 7 13
5 10 7 14
5 1 8 8
5 1 8 10
5 1 8 12
5 1 8 13
5 1 8 14
5 2 8 8
5 2 8 10
5 2 8 12
5 2 8 13
5 2 8 14
5 3 8 8
5 3 8 10
5 3 8 12
5 3 8 13
5 3 8 14
5 4 8 8
5 4 8 10
5 4 8 12
5 4 8 13
5 4 8 14
5 5 8 8
5 5 8 10
5 5 8 12
5 5 8 13
5 5 8 14
5 6 8 8
5 6 8 10
5 6 8 12
5 6 8 13
5 6 8 14
5 8 8 10
5 8 8 12
5 8 8 13
5 8 8 14
5 10 8 12
5 10 8 13
5 10 8 14
5 5 9 8
5 5 9 10
5 5 9 12
5 5 9 13
5 5 9 14
5 6 9 8
5 6 9 10
5 6 9 12
5 6 9 13
5 6 9 14
5 8 9 10
5 8 9 12
5 8 9 13
5 8 9 14
5 10 9 12
5 10 9 13
5 10 9 14
5 10 10 12
5 10 10 13
5 10 10 14
5 10 11 12
5 10 11 13
5 10 11 14
5 1 12 5
5 1 12 6
5 1 12 8
5 1 12 10
5 1 12 12
5 1 12 13
5 1 12 14
5 2 12 5
5 2 12 6
5 2 12 8
5 2 12 10
5 2 12 12
5 2 12 13
5 2 12 14
5 3 12 5
5 3 12 6
5 3 12 8
5 3 12 10
5 3 12 12
5 3 12 13
5 3 12 14
5 5 12 8
5 5 12 10
5 5 12 12
5 5 12 13
5 5 12 14
5 6 12 8
5 6 12 10
5 6 12 12
5 6 12 13
5 6 12 14
5 8 12 10
5 8 12 12
5 8 12 13
5 8 12 14
5 10 12 12
5 10 12 13
5 10 12 14
5 1 13 5
5 1 13 6
5 1 13 8
5 1 13 10
5 1 13 12
5 1 13 13
5 1 13 14
5 2 13 5
5 2 13 6
5 2 13 8
5 2 13 10
5 2 13 12
5 2 13 13
5 2 13 14
5 3 13 5
5 3 13 6
5 3 13 8
5 3 13 10
5 3 13 12
5 3 13 13
5 3 13 14
5 5 13 8
5 5 13 10
5 5 13 12
5 5 13 13
5 5 13 14
5 6 13 8
5 6 13 10
5 6 13 12
5 6 13 13
5 6 13 14
5 8 13 10
5 8 13 12
5 8 13 13
5 8 13 14
5 10 13 12
5 10 13 13
5 10 13 14
5 1 14 5
5 1 14 6
5 1 14 8
5 1 14 10
5 1 14 12
5 1 14 13
5 1 14 14
5 2 14 5
5 2 14 6
5 2 14 8
5 2 14 10
5 2 14 12
5 2 14 13
5 2 14 14
5 3 14 5
5 3 14 6
5 3 14 8
5 3 14 10
5 3 14 12
5 3 14 13
5 3 14 14
5 5 14 8
5 5 14 10
5 5 14 12
5 5 14 13
5 5 14 14
5 6 14 8
5 6 14 10
5 6 14 12
5 6 14 13
5 6 14 14
5 8 14 10
5 8 14 12
5 8 14 13
5 8 14 14
5 10 14 12
5 10 14 13
5 10 14 14
5 1 15 5
5 1 15 6
5 1 15 8
5 1 15 10
5 1 15 12
5 1 15 13
5 1 15 14
5 2 15 5
5 2 15 6
5 2 15 8
5 2 15 10
5 2 15 12
5 2 15 13
5 2 15 14
5 3 15 5
5 3 15 6
5 3 15 8
5 3 15 10
5 3 15 12
5 3 15 13
5 3 15 14
5 5 15 8
5 5 15 10
5 5 15 12
5 5 15 13
5 5 15 14
5 6 15 8
5 6 15 10
5 6 15 12
5 6 15 13
5 6 15 14
5 8 15 10
5 8 15 12
5 8 15 13
5 8 15 14
5 10 15 12
5 10 15 13
5 10 15 14
5 1 16 5
5 1 16 6
5 1 16 8
5 1 16 10
5 1 16 12
5 1 16 13
5 1 16 14
5 2 16 5
5 2 16 6
5 2 16 8
5 2 16 10
5 2 16 12
5 2 16 13
5 2 16 14
5 3 16 5
5 3 16 6
5 3 16 8
5 3 16 10
5 3 16 12
5 3 16 13
5 3 16 14
5 5 16 8
5 5 16 10
5 5 16 12
5 5 16 13
5 5 16 14
5 6 16 8
5 6 16 10
5 6 16 12
5 6 16 13
5 6 16 14
5 8 16 10
5 8 16 12
5 8 16 13
5 8 16 14
5 10 16 12
5 10 16 13
5 10 16 14
5 1 17 5
5 1 17 6
5 1 17 8
5 1 17 10
5 1 17 12
5 1 17 13
5 1 17 14
5 2 17 5
5 2 17 6
5 2 17 8
5 2 17 10
5 2 17 12
5 2 17 13
5 2 17 14
5 3 17 5
5 3 17 6
5 3 17 8
5 3 17 10
5 3 17 12
5 3 17 13
5 3 17 14
5 5 17 8
5 5 17 10
5 5 17 12
5 5 17 13
5 5 17 14
5 6 17 8
5 6 17 10
5 6 17 12
5 6 17 13
5 6 17 14
5 8 17 10
5 8 17 12
5 8 17 13
5 8 17 14
5 10 17 12
5 10 17 13
5 10 17 14
5 5 18 8
5 5 18 10
5 5 18 12
5 5 18 13
5 5 18 14
5 6 18 8
5 6 18 10
5 6 18 12
5 6 18 13
5 6 18 14
5 8 18 10
5 8 18 12
5 8 18 13
5 8 18 14
5 10 18 12
5 10 18 13
5 10 18 14
5 1 19 5
5 1 19 6
5 1 19 8
5 1 19 10
5 1 19 12
5 1 19 13
5 1 19 14
5 2 19 5
5 2 19 6
5 2 19 8
5 2 19 10
5 2 19 12
5 2 19 13
5 2 19 14
5 3 19 5
5 3 19 6
5 3 19 8
5 3 19 10
5 3 19 12
5 3 19 13
5 3 19 14
5 5 19 8
5 5 19 10
5 5 19 12
5 5 19 13
5 5 19 14
5 6 19 8
5 6 19 10
5 6 19 12
5 6 19 13
5 6 19 14
5 8 19 10
5 8 19 12
5 8 19 13
5 8 19 14
5 10 19 12
5 10 19 13
5 10 19 14
5 8 20 10
5 8 20 12
5 8 20 13
5 8 20 14
5 10 20 12
5 10 20 13
5 10 20 14
5 8 21 10
5 8 21 12
5 10 21 12
5 1 22 5
5 1 22 8
5 1 22 10
5 1 22 12
5 2 22 5
5 2 22 8
5 2 22 10
5 2 22 12
5 3 22 5
5 3 22 8
5 3 22 10
5 3 22 12
5 5 22 8
5 5 22 10
5 5 22 12
5 8 22 10
5 8 22 12
5 10 22 12
5 1 23 5
5 1 23 8
5 2 23 5
5 2 23 8
5 3 23 5
5 3 23 8
5 5 23 8
5 1 24 5
5 1 24 8
5 1 24 12
5 2 24 5
5 2 24 8
5 2 24 12
5 3 24 5
5 3 24 8
5 3 24 12
5 5 24 8
5 5 24 12
5 8 24 12
6 1 12 5
6 1 12 6
6 2 12 5
6 2 12 6
6 3 12 5
6 3 12 6
6 1 13 5
6 1 13 6
6 2 13 5
6 2 13 6
6 3 13 5
6 3 13 6
6 1 14 5
6 1 14 6
6 2 14 5
6 2 14 6
6 3 14 5
6 3 14 6
6 1 15 5
6 1 15 6
6 2 15 5
6 2 15 6
6 3 15 5
6 3 15 6
6 1 16 5
6 1 16 6
6 2 16 5
6 2 16 6
6 3 16 5
6 3 16 6
6 1 17 5
6 1 17 6
6 2 17 5
6 2 17 6
6 3 17 5
6 3 17 6
6 1 19 5
6 1 19 6
6 2 19 5
6 2 19 6
6 3 19 5
6 3 19 6
6 1 22 5
6 2 22 5
6 3 22 5
6 1 23 5
6 2 23 5
6 3 23 5
6 1 24 5
6 2 24 5
6 3 24 5
7 1 12 5
7 1 12 6
7 1 12 8
7 1 12 10
7 1 12 11
7 1 12 12
7 1 12 13
7 1 12 14
7 2 12 5
7 2 12 6
7 2 12 8
7 2 12 10
7 2 12 11
7 2 12 12
7 2 12 13
7 2 12 14
7 3 12 5
7 3 12 6
7 3 12 8
7 3 12 10
7 3 12 11
7 3 12 12
7 3 12 13
7 3 12 14
7 5 12 8
7 5 12 10
7 5 12 11
7 5 12 12
7 5 12 13
7 5 12 14
7 6 12 8
7 6 12 10
7 6 12 11
7 6 12 12
7 6 12 13
7 6 12 14
7 8 12 10
7 8 12 11
7 8 12 12
7 8 12 13
7 8 12 14
7 1 13 5
7 1 13 6
7 1 13 8
7 1 13 10
7 1 13 11
7 1 13 12
7 1 13 13
7 1 13 14
7 2 13 5
7 2 13 6
7 2 13 8
7 2 13 10
7 2 13 11
7 2 13 12
7 2 13 13
7 2 13 14
7 3 13 5
7 3 13 6
7 3 13 8
7 3 13 10
7 3 13 11
7 3 13 12
7 3 13 13
7 3 13 14
7 5 13 8
7 5 13 10
7 5 13 11
7 5 13 12
7 5 13 13
7 5 13 14
7 6 13 8
7 6 13 10
7 6 13 11
7 6 13 12
7 6 13 13
7 6 13 14
7 8 13 10
7 8 13 11
7 8 13 12
7 8 13 13
7 8 13 14
7 1 14 5
7 1 14 6
7 1 14 8
7 1 14 10
7 1 14 11
7 1 14 12
7 1 14 13
7 1 14 14
7 2 14 5
7 2 14 6
7 2 14 8
7 2 14 10
7 2 14 11
7 2 14 12
7 2 14 13
7 2 14 14
7 3 14 5
7 3 14 6
7 3 14 8
7 3 14 10
7 3 14 11
7 3 14 12
7 3 14 13
7 3 14 14
7 5 14 8
7 5 14 10
7 5 14 11
7 5 14 12
7 5 14 13
7 5 14 14
7 6 14 8
7 6 14 10
7 6 14 11
7 6 14 12
7 6 14 13
7 6 14 14
7 8 14 10
7 8 14 11
7 8 14 12
7 8 14 13
7 8 14 14
7 1 15 5
7 1 15 6
7 1 15 8
7 1 15 10
7 1 15 11
7 1 15 12
7 1 15 13
7 1 15 14
7 2 15 5
7 2 15 6
7 2 15 8
7 2 15 10
7 2 15 11
7 2 15 12
7 2 15 13
7 2 15 14
7 3 15 5
7 3 15 6
7 3 15 8
7 3 15 10
7 3 15 11
7 3 15 12
7 3 15 13
7 3 15 14
7 5 15 8
7 5 15 10
7 5 15 11
7 5 15 12
7 5 15 13
7 5 15 14
7 6 15 8
7 6 15 10
7 6 15 11
7 6 15 12
7 6 15 13
7 6 15 14
7 8 15 10
7 8 15 11
7 8 15 12
7 8 15 13
7 8 15 14
7 1 16 5
7 1 16 6
7 1 16 8
7 1 16 10
7 1 16 11
7 1 16 12
7 1 16 13
7 1 16 14
7 2 16 5
7 2 16 6
7 2 16 8
7 2 16 10
7 2 16 11
7 2 16 12
7 2 16 13
7 2 16 14
7 3 16 5
7 3 16 6
7 3 16 8
7 3 16 10
7 3 16 11
7 3 16 12
7 3 16 13
7 3 16 14
7 5 16 8
7 5 16 10
7 5 16 11
7 5 16 12
7 5 16 13
7 5 16 14
7 6 16 8
7 6 16 10
7 6 16 11
7 6 16 12
7 6 16 13
7 6 16 14
7 8 16 10
7 8 16 11
7 8 16 12
7 8 16 13
7 8 16 14
7 1 17 5
7 1 17 6
7 1 17 8
7 1 17 10
7 1 17 11
7 1 17 12
7 1 17 13
7 1 17 14
7 2 17 5
7 2 17 6
7 2 17 8
7 2 17 10
7 2 17 11
7 2 17 12
7 2 17 13
7 2 17 14
7 3 17 5
7 3 17 6
7 3 17 8
7 3 17 10
7 3 17 11
7 3 17 12
7 3 17 13
7 3 17 14
7 5 17 8
7 5 17 10
7 5 17 11
7 5 17 12
7 5 17 13
7 5 17 14
7 6 17 8
7 6 17 10
7 6 17 11
7 6 17 12
7 6 17 13
7 6 17 14
7 8 17 10
7 8 17 11
7 8 17 12
7 8 17 13
7 8 17 14
7 5 18 8
7 5 18 10
7 5 18 11
7 5 18 12
7 5 18 13
7 5 18 14
7 6 18 8
7 6 18 10
7 6 18 11
7 6 18 12
7 6 18 13
7 6 18 14
7 8 18 10
7 8 18 11
7 8 18 12
7 8 18 13
7 8 18 14
7 1 19 5
7 1 19 6
7 1 19 8
7 1 19 10
7 1 19 11
7 1 19 12
7 1 19 13
7 1 19 14
7 2 19 5
7 2 19 6
7 2 19 8
7 2 19 10
7 2 19 11
7 2 19 12
7 2 19 13
7 2 19 14
7 3 19 5
7 3 19 6
7 3 19 8
7 3 19 10
7 3 19 11
7 3 19 12
7 3 19 13
7 3 19 14
7 5 19 8
7 5 19 10
7 5 19 11
7 5 19 12
7 5 19 13
7 5 19 14
7 6 19 8
7 6 19 10
7 6 19 11
7 6 19 12
7 6 19 13
7 6 19 14
7 8 19 10
7 8 19 11
7 8 19 12
7 8 19 13
7 8 19 14
7 8 20 10
7 8 20 11
7 8 20 12
7 8 20 13
7 8 20 14
7 8 21 10
7 8 21 11
7 8 21 12
7 1 22 5
7 1 22 8
7 1 22 10
7 1 22 11
7 1 22 12
7 2 22 5
7 2 22 8
7 2 22 10
7 2 22 11
7 2 22 12
7 3 22 5
7 3 22 8
7 3 22 10
7 3 22 11
7 3 22 12
7 5 22 8
7 5 22 10
7 5 22 11
7 5 22 12
7 8 22 10
7 8 22 11
7 8 22 12
7 1 23 5
7 1 23 8
7 2 23 5
7 2 23 8
7 3 23 5
7 3 23 8
7 5 23 8
7 1 24 5
7 1 24 8
7 1 24 11
7 1 24 12
7 2 24 5
7 2 24 8
7 2 24 11
7 2 24 12
7 3 24 5
7 3 24 8
7 3 24 11
7 3 24 12
7 5 24 8
7 5 24 11
7 5 24 12
7 8 24 11
7 8 24 12
8 1 12 5
8 1 12 6
8 1 12 8
8 1 12 10
8 1 12 11
8 1 12 12
8 1 12 13
8 1 12 14
8 2 12 5
8 2 12 6
8 2 12 8
8 2 12 10
8 2 12 11
8 2 12 12
8 2 12 13
8 2 12 14
8 3 12 5
8 3 12 6
8 3 12 8
8 3 12 10
8 3 12 11
8 3 12 12
8 3 12 13
8 3 12 14
8 5 12 8
8 5 12 10
8 5 12 11
8 5 12 12
8 5 12 13
8 5 12 14
8 6 12 8
8 6 12 10
8 6 12 11
8 6 12 12
8 6 12 13
8 6 12 14
8 8 12 10
8 8 12 11
8 8 12 12
8 8 12 13
8 8 12 14
8 1 13 5
8 1 13 6
8 1 13 8
8 1 13 10
8 1 13 11
8 1 13 12
8 1 13 13
8 1 13 14
8 2 13 5
8 2 13 6
8 2 13 8
8 2 13 10
8 2 13 11
8 2 13 12
8 2 13 13
8 2 13 14
8 3 13 5
8 3 13 6
8 3 13 8
8 3 13 10
8 3 13 11
8 3 13 12
8 3 13 13
8 3 13 14
8 5 13 8
8 5 13 10
8 5 13 11
8 5 13 12
8 5 13 13
8 5 13 14
8 6 13 8
8 6 13 10
8 6 13 11
8 6 13 12
8 6 13 13
8 6 13 14
8 8 13 10
8 8 13 11
8 8 13 12
8 8 13 13
8 8 13 14
8 1 14 5
8 1 14 6
8 1 14 8
8 1 14 10
8 1 14 11
8 1 14 12
8 1 14 13
8 1 14 14
8 2 14 5
8 2 14 6
8 2 14 8
8 2 14 10
8 2 14 11
8 2 14 12
8 2 14 13
8 2 14 14
8 3 14 5
8 3 14 6
8 3 14 8
8 3 14 10
8 3 14 11
8 3 14 12
8 3 14 13
8 3 14 14
8 5 14 8
8 5 14 10
8 5 14 11
8 5 14 12
8 5 14 13
8 5 14 14
8 6 14 8
8 6 14 10
8 6 14 11
8 6 14 12
8 6 14 13
8 6 14 14
8 8 14 10
8 8 14 11
8 8 14 12
8 8 14 13
8 8 14 14
8 1 15 5
8 1 15 6
8 1 15 8
8 1 15 10
8 1 15 11
8 1 15 12
8 1 15 13
8 1 15 14
8 2 15 5
8 2 15 6
8 2 15 8
8 2 15 10
8 2 15 11
8 2 15 12
8 2 15 13
8 2 15 14
8 3 15 5
8 3 15 6
8 3 15 8
8 3 15 10
8 3 15 11
8 3 15 12
8 3 15 13
8 3 15 14
8 5 15 8
8 5 15 10
8 5 15 11
8 5 15 12
8 5 15 13
8 5 15 14
8 6 15 8
8 6 15 10
8 6 15 11
8 6 15 12
8 6 15 13
8 6 15 14
8 8 15 10
8 8 15 11
8 8 15 12
8 8 15 13
8 8 15 14
8 1 16 5
8 1 16 6
8 1 16 8
8 1 16 10
8 1 16 11
8 1 16 12
8 1 16 13
8 1 16 14
8 2 16 5
8 2 16 6
8 2 16 8
8 2 16 10
8 2 16 11
8 2 16 12
8 2 16 13
8 2 16 14
8 3 16 5
8 3 16 6
8 3 16 8
8 3 16 10
8 3 16 11
8 3 16 12
8 3 16 13
8 3 16 14
8 5 16 8
8 5 16 10
8 5 16 11
8 5 16 12
8 5 16 13
8 5 16 14
8 6 16 8
8 6 16 10
8 6 16 11
8 6 16 12
8 6 16 13
8 6 16 14
8 8 16 10
8 8 16 11
8 8 16 12
8 8 16 13
8 8 16 14
8 1 17 5
8 1 17 6
8 1 17 8
8 1 17 10
8 1 17 11
8 1 17 12
8 1 17 13
8 1 17 14
8 2 17 5
8 2 17 6
8 2 17 8
8 2 17 10
8 2 17 11
8 2 17 12
8 2 17 13
8 2 17 14
8 3 17 5
8 3 17 6
8 3 17 8
8 3 17 10
8 3 17 11
8 3 17 12
8 3 17 13
8 3 17 14
8 5 17 8
8 5 17 10
8 5 17 11
8 5 17 12
8 5 17 13
8 5 17 14
8 6 17 8
8 6 17 10
8 6 17 11
8 6 17 12
8 6 17 13
8 6 17 14
8 8 17 10
8 8 17 11
8 8 17 12
8 8 17 13
8 8 17 14
8 5 18 8
8 5 18 10
8 5 18 11
8 5 18 12
8 5 18 13
8 5 18 14
8 6 18 8
8 6 18 10
8 6 18 11
8 6 18 12
8 6 18 13
8 6 18 14
8 8 18 10
8 8 18 11
8 8 18 12
8 8 18 13
8 8 18 14
8 1 19 5
8 1 19 6
8 1 19 8
8 1 19 10
8 1 19 11
8 1 19 12
8 1 19 13
8 1 19 14
8 2 19 5
8 2 19 6
8 2 19 8
8 2 19 10
8 2 19 11
8 2 19 12
8 2 19 13
8 2 19 14
8 3 19 5
8 3 19 6
8 3 19 8
8 3 19 10
8 3 19 11
8 3 19 12
8 3 19 13
8 3 19 14
8 5 19 8
8 5 19 10
8 5 19 11
8 5 19 12
8 5 19 13
8 5 19 14
8 6 19 8
8 6 19 10
8 6 19 11
8 6 19 12
8 6 19 13
8 6 19 14
8 8 19 10
8 8 19 11
8 8 19 12
8 8 19 13
8 8 19 14
8 8 20 10
8 8 20 11
8 8 20 12
8 8 20 13
8 8 20 14
8 8 21 10
8 8 21 11
8 8 21 12
8 1 22 5
8 1 22 8
8 1 22 10
8 1 22 11
8 1 22 12
8 2 22 5
8 2 22 8
8 2 22 10
8 2 22 11
8 2 22 12
8 3 22 5
8 3 22 8
8 3 22 10
8 3 22 11
8 3 22 12
8 5 22 8
8 5 22 10
8 5 22 11
8 5 22 12
8 8 22 10
8 8 22 11
8 8 22 12
8 1 23 5
8 1 23 8
8 2 23 5
8 2 23 8
8 3 23 5
8 3 23 8
8 5 23 8
8 1 24 5
8 1 24 8
8 1 24 11
8 1 24 12
8 2 24 5
8 2 24 8
8 2 24 11
8 2 24 12
8 3 24 5
8 3 24 8
8 3 24 11
8 3 24 12
8 5 24 8
8 5 24 11
8 5 24 12
8 8 24 11
8 8 24 12
9 5 12 8
9 5 12 10
9 5 12 11
9 5 12 12
9 5 12 13
9 5 12 14
9 6 12 8
9 6 12 10
9 6 12 11
9 6 12 12
9 6 12 13
9 6 12 14
9 8 12 10
9 8 12 11
9 8 12 12
9 8 12 13
9 8 12 14
9 5 13 8
9 5 13 10
9 5 13 11
9 5 13 12
9 5 13 13
9 5 13 14
9 6 13 8
9 6 13 10
9 6 13 11
9 6 13 12
9 6 13 13
9 6 13 14
9 8 13 10
9 8 13 11
9 8 13 12
9 8 13 13
9 8 13 14
9 5 14 8
9 5 14 10
9 5 14 11
9 5 14 12
9 5 14 13
9 5 14 14
9 6 14 8
9 6 14 10
9 6 14 11
9 6 14 12
9 6 14 13
9 6 14 14
9 8 14 10
9 8 14 11
9 8 14 12
9 8 14 13
9 8 14 14
9 5 15 8
9 5 15 10
9 5 15 11
9 5 15 12
9 5 15 13
9 5 15 14
9 6 15 8
9 6 15 10
9 6 15 11
9 6 15 12
9 6 15 13
9 6 15 14
9 8 15 10
9 8 15 11
9 8 15 12
9 8 15 13
9 8 15 14
9 5 16 8
9 5 16 10
9 5 16 11
9 5 16 12
9 5 16 13
9 5 16 14
9 6 16 8
9 6 16 10
9 6 16 11
9 6 16 12
9 6 16 13
9 6 16 14
9 8 16 10
9 8 16 11
9 8 16 12
9 8 16 13
9 8 16 14
9 5 17 8
9 5 17 10
9 5 17 11
9 5 17 12
9 5 17 13
9 5 17 14
9 6 17 8
9 6 17 10
9 6 17 11
9 6 17 12
9 6 17 13
9 6 17 14
9 8 17 10
9 8 17 11
9 8 17 12
9 8 17 13
9 8 17 14
9 5 18 8
9 5 18 10
9 5 18 11
9 5 18 12
9 5 18 13
9 5 18 14
9 6 18 8
9 6 18 10
9 6 18 11
9 6 18 12
9 6 18 13
9 6 18 14
9 8 18 10
9 8 18 11
9 8 18 12
9 8 18 13
9 8 18 14
9 5 19 8
9 5 19 10
9 5 19 11
9 5 19 12
9 5 19 13
9 5 19 14
9 6 19 8
9 6 19 10
9 6 19 11
9 6 19 12
9 6 19 13
9 6 19 14
9 8 19 10
9 8 19 11
9 8 19 12
9 8 19 13
9 8 19 14
9 8 20 10
9 8 20 11
9 8 20 12
9 8 20 13
9 8 20 14
9 8 21 10
9 8 21 11
9 8 21 12
9 5 22 8
9 5 22 10
9 5 22 11
9 5 22 12
9 8 22 10
9 8 22 11
9 8 22 12
9 5 23 8
9 5 24 8
9 5 24 11
9 5 24 12
9 8 24 11
9 8 24 12
12 1 19 5
12 1 19 6
12 1 19 7
12 1 19 8
12 1 19 9
12 1 19 10
12 1 19 11
12 1 19 12
12 1 19 13
12 1 19 14
12 2 19 5
12 2 19 6
12 2 19 7
12 2 19 8
12 2 19 9
12 2 19 10
12 2 19 11
12 2 19 12
12 2 19 13
12 2 19 14
12 3 19 5
12 3 19 6
12 3 19 7
12 3 19 8
12 3 19 9
12 3 19 10
12 3 19 11
12 3 19 12
12 3 19 13
12 3 19 14
12 1 22 5
12 1 22 7
12 1 22 8
12 1 22 9
12 1 22 10
12 1 22 11
12 1 22 12
12 2 22 5
12 2 22 7
12 2 22 8
12 2 22 9
12 2 22 10
12 2 22 11
12 2 22 12
12 3 22 5
12 3 22 7
12 3 22 8
12 3 22 9
12 3 22 10
12 3 22 11
12 3 22 12
12 5 22 7
12 5 22 8
12 5 22 9
12 5 22 10
12 5 22 11
12 5 22 12
12 1 23 5
12 1 23 7
12 1 23 8
12 1 23 9
12 2 23 5
12 2 23 7
12 2 23 8
12 2 23 9
12 3 23 5
12 3 23 7
12 3 23 8
12 3 23 9
12 5 23 7
12 5 23 8
12 5 23 9
12 1 24 5
12 1 24 7
12 1 24 8
12 1 24 9
12 1 24 11
12 1 24 12
12 2 24 5
12 2 24 7
12 2 24 8
12 2 24 9
12 2 24 11
12 2 24 12
12 3 24 5
12 3 24 7
12 3 24 8
12 3 24 9
12 3 24 11
12 3 24 12
12 5 24 7
12 5 24 8
12 5 24 9
12 5 24 11
12 5 24 12
12 7 24 11
12 7 24 12
12 8 24 11
12 8 24 12
12 9 24 11
12 9 24 12
13 1 15 16
13 2 15 16
13 3 15 16
13 4 15 16
13 5 15 16
13 6 15 16
13 7 15 16
13 8 15 16
13 9 15 16
13 10 15 16
13 11 15 16
13 12 15 16
13 13 15 16
13 14 15 16
13 1 17 16
13 2 17 16
13 3 17 16
13 4 17 16
13 5 17 16
13 6 17 16
13 7 17 16
13 8 17 16
13 9 17 16
13 10 17 16
13 11 17 16
13 12 17 16
13 13 17 16
13 14 17 16
13 5 18 16
13 6 18 16
13 7 18 16
13 8 18 16
13 9 18 16
13 10 18 16
13 11 18 16
13 12 18 16
13 13 18 16
13 14 18 16
13 1 19 5
13 1 19 6
13 1 19 7
13 1 19 8
13 1 19 9
13 1 19 10
13 1 19 11
13 1 19 12
13 1 19 13
13 1 19 14
13 1 19 16
13 2 19 5
13 2 19 6
13 2 19 7
13 2 19 8
13 2 19 9
13 2 19 10
13 2 19 11
13 2 19 12
13 2 19 13
13 2 19 14
13 2 19 16
13 3 19 5
13 3 19 6
13 3 19 7
13 3 19 8
13 3 19 9
13 3 19 10
13 3 19 11
13 3 19 12
13 3 19 13
13 3 19 14
13 3 19 16
13 5 19 16
13 6 19 16
13 7 19 16
13 8 19 16
13 9 19 16
13 10 19 16
13 11 19 16
13 12 19 16
13 13 19 16
13 14 19 16
13 7 20 16
13 8 20 16
13 9 20 16
13 10 20 16
13 11 20 16
13 12 20 16
13 13 20 16
13 14 20 16
13 1 22 5
13 1 22 7
13 1 22 8
13 1 22 9
13 1 22 10
13 1 22 11
13 1 22 12
13 1 22 16
13 2 22 5
13 2 22 7
13 2 22 8
13 2 22 9
13 2 22 10
13 2 22 11
13 2 22 12
13 2 22 16
13 3 22 5
13 3 22 7
13 3 22 8
13 3 22 9
13 3 22 10
13 3 22 11
13 3 22 12
13 3 22 16
13 5 22 7
13 5 22 8
13 5 22 9
13 5 22 10
13 5 22 11
13 5 22 12
13 5 22 16
13 7 22 16
13 8 22 16
13 9 22 16
13 10 22 16
13 11 22 16
13 12 22 16
13 1 23 5
13 1 23 7
13 1 23 8
13 1 23 9
13 2 23 5
13 2 23 7
13 2 23 8
13 2 23 9
13 3 23 5
13 3 23 7
13 3 23 8
13 3 23 9
13 5 23 7
13 5 23 8
13 5 23 9
13 1 24 5
13 1 24 7
13 1 24 8
13 1 24 9
13 1 24 11
13 1 24 12
13 1 24 16
13 2 24 5
13 2 24 7
13 2 24 8
13 2 24 9
13 2 24 11
13 2 24 12
13 2 24 16
13 3 24 5
13 3 24 7
13 3 24 8
13 3 24 9
13 3 24 11
13 3 24 12
13 3 24 16
13 5 24 7
13 5 24 8
13 5 24 9
13 5 24 11
13 5 24 12
13 5 24 16
13 7 24 11
13 7 24 12
13 7 24 16
13 8 24 11
13 8 24 12
13 8 24 16
13 9 24 11
13 9 24 12
13 9 24 16
13 11 24 16
13 12 24 16
14 1 19 5
14 1 19 6
14 1 19 7
14 1 19 8
14 1 19 9
14 1 19 10
14 1 19 11
14 1 19 12
14 1 19 13
14 1 19 14
14 2 19 5
14 2 19 6
14 2 19 7
14 2 19 8
14 2 19 9
14 2 19 10
14 2 19 11
14 2 19 12
14 2 19 13
14 2 19 14
14 3 19 5
14 3 19 6
14 3 19 7
14 3 19 8
14 3 19 9
14 3 19 10
14 3 19 11
14 3 19 12
14 3 19 13
14 3 19 14
14 1 22 5
14 1 22 7
14 1 22 8
14 1 22 9
14 1 22 10
14 1 22 11
14 1 22 12
14 2 22 5
14 2 22 7
14 2 22 8
14 2 22 9
14 2 22 10
14 2 22 11
14 2 22 12
14 3 22 5
14 3 22 7
14 3 22 8
14 3 22 9
14 3 22 10
14 3 22 11
14 3 22 12
14 5 22 7
14 5 22 8
14 5 22 9
14 5 22 10
14 5 22 11
14 5 22 12
14 1 23 5
14 1 23 7
14 1 23 8
14 1 23 9
14 2 23 5
14 2 23 7
14 2 23 8
14 2 23 9
14 3 23 5
14 3 23 7
14 3 23 8
14 3 23 9
14 5 23 7
14 5 23 8
14 5 23 9
14 1 24 5
14 1 24 7
14 1 24 8
14 1 24 9
14 1 24 11
14 1 24 12
14 2 24 5
14 2 24 7
14 2 24 8
14 2 24 9
14 2 24 11
14 2 24 12
14 3 24 5
14 3 24 7
14 3 24 8
14 3 24 9
14 3 24 11
14 3 24 12
14 5 24 7
14 5 24 8
14 5 24 9
14 5 24 11
14 5 24 12
14 7 24 11
14 7 24 12
14 8 24 11
14 8 24 12
14 9 24 11
14 9 24 12
15 1 17 16
15 2 17 16
15 3 17 16
15 4 17 16
15 5 17 16
15 6 17 16
15 7 17 16
15 8 17 16
15 9 17 16
15 10 17 16
15 11 17 16
15 12 17 16
15 13 17 16
15 14 17 16
15 5 18 16
15 6 18 16
15 7 18 16
15 8 18 16
15 9 18 16
15 10 18 16
15 11 18 16
15 12 18 16
15 13 18 16
15 14 18 16
15 1 19 5
15 1 19 6
15 1 19 7
15 1 19 8
15 1 19 9
15 1 19 10
15 1 19 11
15 1 19 12
15 1 19 13
15 1 19 14
15 1 19 16
15 2 19 5
15 2 19 6
15 2 19 7
15 2 19 8
15 2 19 9
15 2 19 10
15 2 19 11
15 2 19 12
15 2 19 13
15 2 19 14
15 2 19 16
15 3 19 5
15 3 19 6
15 3 19 7
15 3 19 8
15 3 19 9
15 3 19 10
15 3 19 11
15 3 19 12
15 3 19 13
15 3 19 14
15 3 19 16
15 5 19 16
15 6 19 16
15 7 19 16
15 8 19 16
15 9 19 16
15 10 19 16
15 11 19 16
15 12 19 16
15 13 19 16
15 14 19 16
15 7 20 16
15 8 20 16
15 9 20 16
15 10 20 16
15 11 20 16
15 12 20 16
15 13 20 16
15 14 20 16
15 1 22 5
15 1 22 7
15 1 22 8
15 1 22 9
15 1 22 10
15 1 22 11
15 1 22 12
15 1 22 16
15 2 22 5
15 2 22 7
15 2 22 8
15 2 22 9
15 2 22 10
15 2 22 11
15 2 22 12
15 2 22 16
15 3 22 5
15 3 22 7
15 3 22 8
15 3 22 9
15 3 22 10
15 3 22 11
15 3 22 12
15 3 22 16
15 5 22 7
15 5 22 8
15 5 22 9
15 5 22 10
15 5 22 11
15 5 22 12
15 5 22 16
15 7 22 16
15 8 22 16
15 9 22 16
15 10 22 16
15 11 22 16
15 12 22 16
15 1 23 5
15 1 23 7
15 1 23 8
15 1 23 9
15 2 23 5
15 2 23 7
15 2 23 8
15 2 23 9
15 3 23 5
15 3 23 7
15 3 23 8
15 3 23 9
15 5 23 7
15 5 23 8
15 5 23 9
15 1 24 5
15 1 24 7
15 1 24 8
15 1 24 9
15 1 24 11
15 1 24 12
15 1 24 16
15 2 24 5
15 2 24 7
15 2 24 8
15 2 24 9
15 2 24 11
15 2 24 12
15 2 24 16
15 3 24 5
15 3 24 7
15 3 24 8
15 3 24 9
15 3 24 11
15 3 24 12
15 3 24 16
15 5 24 7
15 5 24 8
15 5 24 9
15 5 24 11
15 5 24 12
15 5 24 16
15 7 24 11
15 7 24 12
15 7 24 16
15 8 24 11
15 8 24 12
15 8 24 16
15 9 24 11
15 9 24 12
15 9 24 16
15 11 24 16
15 12 24 16
16 1 19 5
16 1 19 6
16 1 19 7
16 1 19 8
16 1 19 9
16 1 19 10
16 1 19 11
16 1 19 12
16 1 19 13
16 1 19 14
16 2 19 5
16 2 19 6
16 2 19 7
16 2 19 8
16 2 19 9
16 2 19 10
16 2 19 11
16 2 19 12
16 2 19 13
16 2 19 14
16 3 19 5
16 3 19 6
16 3 19 7
16 3 19 8
16 3 19 9
16 3 19 10
16 3 19 11
16 3 19 12
16 3 19 13
16 3 19 14
16 1 22 5
16 1 22 7
16 1 22 8
16 1 22 9
16 1 22 10
16 1 22 11
16 1 22 12
16 2 22 5
16 2 22 7
16 2 22 8
16 2 22 9
16 2 22 10
16 2 22 11
16 2 22 12
16 3 22 5
16 3 22 7
16 3 22 8
16 3 22 9
16 3 22 10
16 3 22 11
16 3 22 12
16 5 22 7
16 5 22 8
16 5 22 9
16 5 22 10
16 5 22 11
16 5 22 12
16 1 23 5
16 1 23 7
16 1 23 8
16 1 23 9
16 2 23 5
16 2 23 7
16 2 23 8
16 2 23 9
16 3 23 5
16 3 23 7
16 3 23 8
16 3 23 9
16 5 23 7
16 5 23 8
16 5 23 9
16 1 24 5
16 1 24 7
16 1 24 8
16 1 24 9
16 1 24 11
16 1 24 12
16 2 24 5
16 2 24 7
16 2 24 8
16 2 24 9
16 2 24 11
16 2 24 12
16 3 24 5
16 3 24 7
16 3 24 8
16 3 24 9
16 3 24 11
16 3 24 12
16 5 24 7
16 5 24 8
16 5 24 9
16 5 24 11
16 5 24 12
16 7 24 11
16 7 24 12
16 8 24 11
16 8 24 12
16 9 24 11
16 9 24 12
17 1 19 5
17 1 19 6
17 1 19 7
17 1 19 8
17 1 19 9
17 1 19 10
17 1 19 11
17 1 19 12
17 1 19 13
17 1 19 14
17 1 19 15
17 1 19 16
17 2 19 5
17 2 19 6
17 2 19 7
17 2 19 8
17 2 19 9
17 2 19 10
17 2 19 11
17 2 19 12
17 2 19 13
17 2 19 14
17 2 19 15
17 2 19 16
17 3 19 5
17 3 19 6
17 3 19 7
17 3 19 8
17 3 19 9
17 3 19 10
17 3 19 11
17 3 19 12
17 3 19 13
17 3 19 14
17 3 19 15
17 3 19 16
17 1 22 5
17 1 22 7
17 1 22 8
17 1 22 9
17 1 22 10
17 1 22 11
17 1 22 12
17 1 22 15
17 1 22 16
17 2 22 5
17 2 22 7
17 2 22 8
17 2 22 9
17 2 22 10
17 2 22 11
17 2 22 12
17 2 22 15
17 2 22 16
17 3 22 5
17 3 22 7
17 3 22 8
17 3 22 9
17 3 22 10
17 3 22 11
17 3 22 12
17 3 22 15
17 3 22 16
17 5 22 7
17 5 22 8
17 5 22 9
17 5 22 10
17 5 22 11
17 5 22 12
17 5 22 15
17 5 22 16
17 7 22 15
17 7 22 16
17 8 22 15
17 8 22 16
17 9 22 15
17 9 22 16
17 10 22 15
17 10 22 16
17 11 22 15
17 11 22 16
17 12 22 15
17 12 22 16
17 1 23 5
17 1 23 7
17 1 23 8
17 1 23 9
17 2 23 5
17 2 23 7
17 2 23 8
17 2 23 9
17 3 23 5
17 3 23 7
17 3 23 8
17 3 23 9
17 5 23 7
17 5 23 8
17 5 23 9
17 1 24 5
17 1 24 7
17 1 24 8
17 1 24 9
17 1 24 11
17 1 24 12
17 1 24 16
17 2 24 5
17 2 24 7
17 2 24 8
17 2 24 9
17 2 24 11
17 2 24 12
17 2 24 16
17 3 24 5
17 3 24 7
17 3 24 8
17 3 24 9
17 3 24 11
17 3 24 12
17 3 24 16
17 5 24 7
17 5 24 8
17 5 24 9
17 5 24 11
17 5 24 12
17 5 24 16
17 7 24 11
17 7 24 12
17 7 24 16
17 8 24 11
17 8 24 12
17 8 24 16
17 9 24 11
17 9 24 12
17 9 24 16
17 11 24 16
17 12 24 16
18 5 22 7
18 5 22 8
18 5 22 9
18 5 22 10
18 5 22 11
18 5 22 12
18 5 22 15
18 5 22 16
18 7 22 15
18 7 22 16
18 8 22 15
18 8 22 16
18 9 22 15
18 9 22 16
18 10 22 15
18 10 22 16
18 11 22 15
18 11 22 16
18 12 22 15
18 12 22 16
18 5 23 7
18 5 23 8
18 5 23 9
18 5 24 7
18 5 24 8
18 5 24 9
18 5 24 11
18 5 24 12
18 5 24 16
18 7 24 11
18 7 24 12
18 7 24 16
18 8 24 11
18 8 24 12
18 8 24 16
18 9 24 11
18 9 24 12
18 9 24 16
18 11 24 16
18 12 24 16
19 1 22 5
19 1 22 7
19 1 22 8
19 1 22 9
19 1 22 10
19 1 22 11
19 1 22 12
19 1 22 15
19 1 22 16
19 2 22 5
19 2 22 7
19 2 22 8
19 2 22 9
19 2 22 10
19 2 22 11
19 2 22 12
19 2 22 15
19 2 22 16
19 3 22 5
19 3 22 7
19 3 22 8
19 3 22 9
19 3 22 10
19 3 22 11
19 3 22 12
19 3 22 15
19 3 22 16
19 5 22 7
19 5 22 8
19 5 22 9
19 5 22 10
19 5 22 11
19 5 22 12
19 5 22 15
19 5 22 16
19 7 22 15
19 7 22 16
19 8 22 15
19 8 22 16
19 9 22 15
19 9 22 16
19 10 22 15
19 10 22 16
19 11 22 15
19 11 22 16
19 12 22 15
19 12 22 16
19 1 23 5
19 1 23 7
19 1 23 8
19 1 23 9
19 2 23 5
19 2 23 7
19 2 23 8
19 2 23 9
19 3 23 5
19 3 23 7
19 3 23 8
19 3 23 9
19 5 23 7
19 5 23 8
19 5 23 9
19 1 24 5
19 1 24 7
19 1 24 8
19 1 24 9
19 1 24 11
19 1 24 12
19 1 24 16
19 2 24 5
19 2 24 7
19 2 24 8
19 2 24 9
19 2 24 11
19 2 24 12
19 2 24 16
19 3 24 5
19 3 24 7
19 3 24 8
19 3 24 9
19 3 24 11
19 3 24 12
19 3 24 16
19 5 24 7
19 5 24 8
19 5 24 9
19 5 24 11
19 5 24 12
19 5 24 16
19 7 24 11
19 7 24 12
19 7 24 16
19 8 24 11
19 8 24 12
19 8 24 16
19 9 24 11
19 9 24 12
19 9 24 16
19 11 24 16
19 12 24 16
20 7 22 15
20 7 22 16
20 8 22 15
20 8 22 16
20 9 22 15
20 9 22 16
20 10 22 15
20 10 22 16
20 11 22 15
20 11 22 16
20 12 22 15
20 12 22 16
20 7 24 11
20 7 24 12
20 7 24 16
20 8 24 11
20 8 24 12
20 8 24 16
20 9 24 11
20 9 24 12
20 9 24 16
20 11 24 16
20 12 24 16
21 7 24 11
21 7 24 12
21 8 24 11
21 8 24 12
21 9 24 11
21 9 24 12
22 1 24 11
22 1 24 12
22 1 24 16
22 2 24 11
22 2 24 12
22 2 24 16
22 3 24 11
22 3 24 12
22 3 24 16
22 4 24 11
22 4 24 12
22 4 24 16
22 5 24 11
22 5 24 12
22 5 24 16
22 6 24 11
22 6 24 12
22 6 24 16
22 7 24 11
22 7 24 12
22 7 24 16
22 8 24 11
22 8 24 12
22 8 24 16
22 9 24 11
22 9 24 12
22 9 24 16
22 11 24 16
22 12 24 16
