20 25
0000000000000000000000000
0000000000000000000000000
0000000000000000000000000
0000000000000000000000000
0000011111000000000000000
0000010111101111111111100
0000011111101000000000100
0000000101101000000000100
0001111111111110000000100
0001000101101010000000100
0001000101101111111111100
0001000101100010000000000
0001000101100011111111110
0001000101100011000001010
0001000111100011000001010
0001000100100011000001010
0001000100100011000001010
0001000111100011000001110
0001000000000011000000010
0001111111111111111111110
25
5 6 7 8
5 6 7 9
5 6 7 10
5 8 9 10
5 8 15 10
6 8 9 10
6 8 9 11
6 13 11 23
6 8 15 10
6 8 15 11
6 8 18 11
7 8 9 10
7 8 9 11
7 8 15 10
7 8 15 11
7 8 18 11
9 13 11 15
9 8 15 10
9 8 15 11
9 8 18 11
9 4 20 15
13 22 18 24
13 15 20 24
13 16 20 24
15 8 18 11
