23 17
00000000000000000
00011100000000000
00111111111111111
00110100000001101
00110100000001101
00110111111111111
00110100000001111
00110100011111111
00110100010001111
00110111111111111
11111111111111101
11111111111111111
11010101010101000
11010101010101000
11111111111101000
11011101010101000
11000001010101000
11000001010101000
11111111111101000
01000001110001000
01000000000001000
01111111111111000
00000000000000000
163
2 4 11 6
2 4 12 6
2 4 15 6
2 4 16 6
3 6 6 14
3 6 6 15
3 6 6 17
3 14 6 17
3 15 6 17
3 14 7 17
3 15 7 17
3 14 8 17
3 15 8 17
3 14 9 17
3 15 9 17
3 6 10 14
3 6 10 15
3 6 10 17
3 14 10 17
3 15 10 17
3 3 11 6
3 3 11 14
3 3 11 15
3 4 11 6
3 4 11 14
3 4 11 15
3 6 11 14
3 6 11 15
3 3 12 6
3 3 12 14
3 3 12 15
3 3 12 17
3 4 12 6
3 4 12 14
3 4 12 15
3 4 12 17
3 6 12 14
3 6 12 15
3 6 12 17
3 14 12 17
3 15 12 17
3 4 15 6
3 4 16 6
6 6 10 14
6 6 10 15
6 6 10 16
6 6 10 17
6 6 11 14
6 6 11 15
6 6 12 14
6 6 12 15
6 6 12 17
6 14 12 17
6 15 12 17
7 14 12 17
7 15 12 17
8 10 10 14
8 10 10 15
8 10 10 16
8 10 10 17
8 10 11 14
8 10 11 15
8 10 12 14
8 10 12 15
8 10 12 17
8 14 12 17
8 15 12 17
9 14 12 17
9 15 12 17
10 6 12 17
10 7 12 17
10 8 12 17
10 9 12 17
10 10 12 17
10 11 12 17
10 12 12 17
10 13 12 17
10 14 12 17
10 15 12 17
10 6 15 8
10 6 15 10
10 6 15 12
10 8 15 10
10 8 15 12
10 10 15 12
10 8 19 10
10 8 19 12
10 10 19 12
10 8 20 10
11 1 15 4
11 1 15 6
11 1 15 8
11 1 15 10
11 1 15 12
11 2 15 4
11 2 15 6
11 2 15 8
11 2 15 10
11 2 15 12
11 4 15 6
11 4 15 8
11 4 15 10
11 4 15 12
11 6 15 8
11 6 15 10
11 6 15 12
11 8 15 10
11 8 15 12
11 10 15 12
11 4 16 6
11 1 19 8
11 1 19 10
11 1 19 12
11 2 19 8
11 2 19 10
11 2 19 12
11 8 19 10
11 8 19 12
11 10 19 12
11 8 20 10
11 2 22 14
12 1 15 4
12 1 15 6
12 1 15 8
12 1 15 10
12 1 15 12
12 2 15 4
12 2 15 6
12 2 15 8
12 2 15 10
12 2 15 12
12 4 15 6
12 4 15 8
12 4 15 10
12 4 15 12
12 6 15 8
12 6 15 10
12 6 15 12
12 8 15 10
12 8 15 12
12 10 15 12
12 4 16 6
12 1 19 8
12 1 19 10
12 1 19 12
12 2 19 8
12 2 19 10
12 2 19 12
12 8 19 10
12 8 19 12
12 10 19 12
12 8 20 10
12 2 22 14
15 1 19 8
15 1 19 10
15 1 19 12
15 2 19 8
15 2 19 10
15 2 19 12
15 8 19 10
15 8 19 12
15 10 19 12
15 8 20 10
