11 20
00000000000000000000
00000011111111100000
00001111111110100000
00001011111111110000
00001000011111111110
00001111111110010010
00000000011111111110
00000000010000010000
00000000011111110000
00000000000000000000
00000000000000000000
31
2 7 4 15
2 8 4 15
2 9 4 15
2 10 4 15
2 11 4 15
2 12 4 15
2 13 4 15
2 10 5 15
2 11 5 15
2 12 5 15
2 13 5 15
3 5 6 10
3 5 6 11
3 5 6 12
3 5 6 13
4 10 7 16
4 11 7 16
4 12 7 16
4 13 7 16
4 10 9 16
5 10 7 16
5 10 7 19
5 11 7 16
5 11 7 19
5 12 7 16
5 12 7 19
5 13 7 16
5 13 7 19
5 16 7 19
5 10 9 16
7 10 9 16
