22 17
00111000000000000
00101000000000000
00101000000000000
00101110000000000
00101110000000000
00101110000000000
00101110000000000
00101111111111100
00101011111111111
00111010000000101
11111111111111111
10001111111111101
10011111111010101
10011111111111101
10011111111111101
10010010011110001
10010010010000001
10010010010000001
10010011111111111
10010000010000001
11111111111111111
00011111110000000
123
1 3 10 5
1 3 11 5
4 5 11 7
4 5 12 7
4 5 13 7
4 5 14 7
4 5 15 7
5 5 11 7
5 5 12 7
5 5 13 7
5 5 14 7
5 5 15 7
6 5 11 7
6 5 12 7
6 5 13 7
6 5 14 7
6 5 15 7
7 5 11 7
7 5 12 7
7 5 13 7
7 5 14 7
7 5 15 7
8 5 11 7
8 5 11 15
8 7 11 15
8 5 12 7
8 5 12 15
8 7 12 15
8 5 13 7
8 5 14 7
8 5 14 15
8 7 14 15
8 5 15 7
8 5 15 15
8 7 15 15
9 7 11 15
9 7 11 17
9 15 11 17
9 7 12 15
9 7 14 15
9 7 15 15
9 7 19 17
11 5 14 13
11 5 14 15
11 6 14 13
11 6 14 15
11 7 14 13
11 7 14 15
11 8 14 13
11 8 14 15
11 9 14 13
11 9 14 15
11 10 14 13
11 10 14 15
11 11 14 13
11 11 14 15
11 13 14 15
11 5 15 13
11 5 15 15
11 6 15 13
11 6 15 15
11 7 15 13
11 7 15 15
11 8 15 13
11 8 15 15
11 9 15 13
11 9 15 15
11 10 15 13
11 10 15 15
11 11 15 13
11 11 15 15
11 13 15 15
11 10 16 13
11 11 16 13
11 7 19 10
11 7 19 17
11 10 19 17
11 1 21 10
11 1 21 17
11 10 21 17
12 5 14 13
12 5 14 15
12 6 14 13
12 6 14 15
12 7 14 13
12 7 14 15
12 8 14 13
12 8 14 15
12 9 14 13
12 9 14 15
12 10 14 13
12 10 14 15
12 11 14 13
12 11 14 15
12 13 14 15
12 5 15 13
12 5 15 15
12 6 15 13
12 6 15 15
12 7 15 13
12 7 15 15
12 8 15 13
12 8 15 15
12 9 15 13
12 9 15 15
12 10 15 13
12 10 15 15
12 11 15 13
12 11 15 15
12 13 15 15
12 10 16 13
12 11 16 13
12 7 19 10
13 7 19 10
13 4 21 10
13 4 22 10
14 7 19 10
14 4 21 10
14 4 22 10
15 7 19 10
15 4 21 10
15 4 22 10
19 10 21 17
