22 20
11111111000000000000
11001001000000000000
11001001000000000000
11001001000000000000
11001001000000000000
11001001000000000000
11001011111111111000
11111111000000001000
10001010000000001000
10001010000000001000
10001011111111111000
10001000000000000000
11111000000000000000
00000000000000000000
00000000000000000000
00000000000000000000
00000000000000000000
00000000000000001111
00000000000000001001
00000000000000001001
00000000000000001111
00000000000000000000
9
1 1 8 5
1 1 8 8
1 2 8 5
1 2 8 8
1 5 8 8
1 1 13 5
7 7 11 17
8 1 13 5
18 17 21 20
