11 19
0111111111111111000
1111110000000001000
1101010011111111111
1101010010000001001
1111111111111111001
1101110010000000001
1111110010000000001
0101110010000000001
0101110010000000001
0111110010000000001
0000000011111111111
45
1 2 5 4
1 2 5 6
1 2 5 16
1 4 5 6
1 4 5 16
1 6 5 16
1 4 6 6
1 2 7 4
1 2 7 6
1 4 7 6
1 4 8 6
1 4 9 6
1 2 10 4
1 2 10 6
1 4 10 6
2 1 5 4
2 1 5 6
2 2 5 4
2 2 5 6
2 4 5 6
2 4 6 6
2 1 7 4
2 1 7 6
2 2 7 4
2 2 7 6
2 4 7 6
2 4 8 6
2 4 9 6
2 2 10 4
2 2 10 6
2 4 10 6
3 9 5 16
3 9 11 19
5 1 7 4
5 1 7 5
5 1 7 6
5 2 7 4
5 2 7 5
5 2 7 6
5 2 10 4
5 2 10 5
5 2 10 6
7 2 10 4
7 2 10 5
7 2 10 6
