12 15
111111111111111
100010111111001
111111111111111
110010100011001
110010111111001
110010111110001
111111111111111
100110101000001
100110101000001
100110101000001
100111111000001
111111111111111
92
1 1 3 5
1 1 3 7
1 1 3 8
1 1 3 9
1 1 3 10
1 1 3 11
1 1 3 12
1 1 3 15
1 5 3 7
1 5 3 8
1 5 3 9
1 5 3 10
1 5 3 11
1 5 3 12
1 5 3 15
1 7 3 15
1 8 3 15
1 9 3 15
1 10 3 15
1 11 3 15
1 12 3 15
1 7 5 11
1 7 5 12
1 7 6 11
1 1 7 5
1 1 7 7
1 1 7 11
1 1 7 15
1 5 7 7
1 5 7 11
1 5 7 15
1 7 7 11
1 7 7 15
1 11 7 15
1 5 11 7
1 1 12 5
1 1 12 7
1 1 12 15
1 5 12 7
1 5 12 15
1 7 12 15
2 7 5 11
2 7 5 12
2 7 6 11
2 7 7 11
3 7 5 11
3 7 5 12
3 7 6 11
3 1 7 5
3 1 7 7
3 1 7 11
3 1 7 15
3 2 7 5
3 2 7 7
3 2 7 11
3 2 7 15
3 5 7 7
3 5 7 11
3 5 7 15
3 7 7 11
3 7 7 15
3 11 7 15
3 5 11 7
3 1 12 5
3 1 12 7
3 1 12 15
3 5 12 7
3 5 12 15
3 7 12 15
5 7 11 9
5 7 12 9
6 7 11 9
6 7 12 9
7 4 11 7
7 4 11 9
7 5 11 7
7 5 11 9
7 7 11 9
7 1 12 4
7 1 12 5
7 1 12 7
7 1 12 9
7 1 12 15
7 4 12 7
7 4 12 9
7 4 12 15
7 5 12 7
7 5 12 9
7 5 12 15
7 7 12 9
7 7 12 15
7 9 12 15
