19 12
011100000000
011111110000
010100110000
011111110000
011111111000
011100111000
011100111110
011111111010
010100111110
010100111000
111111111110
110100001010
110100001010
110100001010
110100001010
111100001010
111111111110
000000000000
000000000000
96
1 2 4 4
1 2 5 4
1 2 6 4
1 2 7 4
1 2 8 4
1 2 11 4
1 2 16 4
1 2 17 4
2 2 4 4
2 2 4 7
2 2 4 8
2 4 4 7
2 4 4 8
2 2 5 4
2 2 5 7
2 2 5 8
2 4 5 7
2 4 5 8
2 2 6 4
2 2 7 4
2 2 8 4
2 2 8 7
2 2 8 8
2 4 8 7
2 4 8 8
2 2 11 4
2 2 11 7
2 2 11 8
2 4 11 7
2 4 11 8
2 2 16 4
2 2 17 4
4 2 8 7
4 2 8 8
4 3 8 7
4 3 8 8
4 4 8 7
4 4 8 8
4 2 11 4
4 2 11 7
4 2 11 8
4 4 11 7
4 4 11 8
4 2 16 4
4 2 17 4
5 2 8 7
5 2 8 8
5 2 8 9
5 3 8 7
5 3 8 8
5 3 8 9
5 4 8 7
5 4 8 8
5 4 8 9
5 2 11 4
5 2 11 7
5 2 11 8
5 2 11 9
5 4 11 7
5 4 11 8
5 4 11 9
5 2 16 4
5 2 17 4
5 2 17 9
5 4 17 9
6 2 11 4
6 2 16 4
6 2 17 4
7 7 9 11
7 8 9 11
7 9 9 11
7 2 11 4
7 2 16 4
7 2 17 4
8 2 11 4
8 2 11 7
8 2 11 8
8 2 11 9
8 4 11 7
8 4 11 8
8 4 11 9
8 2 16 4
8 2 17 4
8 2 17 9
8 4 17 9
11 1 16 4
11 2 16 4
11 1 17 4
11 1 17 9
11 1 17 11
11 2 17 4
11 2 17 9
11 2 17 11
11 4 17 9
11 4 17 11
11 9 17 11
