21 17
00000111000000000
00011111111110000
01111111111111111
01111111111111111
11111111111111101
11111111011111101
11111111111111101
01111111111111111
01111111011111111
01111111011011101
11111111111111101
11111101011010101
11111111111111101
10111001011010101
10111001011010101
10111111111111101
10111101011010101
10111111111111101
10111111111111111
10101001010000000
11101111110000000
1551
1 6 13 8
2 4 7 10
2 4 7 11
2 4 7 12
2 4 7 13
2 5 7 10
2 5 7 11
2 5 7 12
2 5 7 13
2 6 7 10
2 6 7 11
2 6 7 12
2 6 7 13
2 7 7 10
2 7 7 11
2 7 7 12
2 7 7 13
2 8 7 10
2 8 7 11
2 8 7 12
2 8 7 13
2 4 8 10
2 4 8 11
2 4 8 12
2 4 8 13
2 5 8 10
2 5 8 11
2 5 8 12
2 5 8 13
2 6 8 10
2 6 8 11
2 6 8 12
2 6 8 13
2 7 8 10
2 7 8 11
2 7 8 12
2 7 8 13
2 8 8 10
2 8 8 11
2 8 8 12
2 8 8 13
2 4 11 10
2 4 11 11
2 4 11 13
2 5 11 10
2 5 11 11
2 5 11 13
2 6 11 10
2 6 11 11
2 6 11 13
2 7 11 10
2 7 11 11
2 7 11 13
2 8 11 10
2 8 11 11
2 8 11 13
2 10 11 13
2 11 11 13
2 4 13 8
2 4 13 10
2 4 13 11
2 4 13 13
2 5 13 8
2 5 13 10
2 5 13 11
2 5 13 13
2 6 13 8
2 6 13 10
2 6 13 11
2 6 13 13
2 8 13 10
2 8 13 11
2 8 13 13
2 10 13 13
2 11 13 13
2 4 16 8
2 4 16 10
2 4 16 11
2 4 16 13
2 5 16 8
2 5 16 10
2 5 16 11
2 5 16 13
2 8 16 10
2 8 16 11
2 8 16 13
2 10 16 13
2 11 16 13
2 4 18 8
2 4 18 10
2 4 18 11
2 4 18 13
2 5 18 8
2 5 18 10
2 5 18 11
2 5 18 13
2 8 18 10
2 8 18 11
2 8 18 13
2 10 18 13
2 11 18 13
2 4 19 8
2 4 19 10
2 4 19 11
2 4 19 13
2 5 19 8
2 5 19 10
2 5 19 11
2 5 19 13
2 8 19 10
2 8 19 11
2 8 19 13
2 10 19 13
2 11 19 13
2 5 21 8
2 5 21 10
2 8 21 10
3 2 7 10
3 2 7 11
3 2 7 12
3 2 7 13
3 2 7 14
3 2 7 15
3 3 7 10
3 3 7 11
3 3 7 12
3 3 7 13
3 3 7 14
3 3 7 15
3 4 7 10
3 4 7 11
3 4 7 12
3 4 7 13
3 4 7 14
3 4 7 15
3 5 7 10
3 5 7 11
3 5 7 12
3 5 7 13
3 5 7 14
3 5 7 15
3 6 7 10
3 6 7 11
3 6 7 12
3 6 7 13
3 6 7 14
3 6 7 15
3 7 7 10
3 7 7 11
3 7 7 12
3 7 7 13
3 7 7 14
3 7 7 15
3 8 7 10
3 8 7 11
3 8 7 12
3 8 7 13
3 8 7 14
3 8 7 15
3 2 8 10
3 2 8 11
3 2 8 12
3 2 8 13
3 2 8 14
3 2 8 15
3 2 8 17
3 3 8 10
3 3 8 11
3 3 8 12
3 3 8 13
3 3 8 14
3 3 8 15
3 3 8 17
3 4 8 10
3 4 8 11
3 4 8 12
3 4 8 13
3 4 8 14
3 4 8 15
3 4 8 17
3 5 8 10
3 5 8 11
3 5 8 12
3 5 8 13
3 5 8 14
3 5 8 15
3 5 8 17
3 6 8 10
3 6 8 11
3 6 8 12
3 6 8 13
3 6 8 14
3 6 8 15
3 6 8 17
3 7 8 10
3 7 8 11
3 7 8 12
3 7 8 13
3 7 8 14
3 7 8 15
3 7 8 17
3 8 8 10
3 8 8 11
3 8 8 12
3 8 8 13
3 8 8 14
3 8 8 15
3 8 8 17
3 10 8 17
3 11 8 17
3 12 8 17
3 13 8 17
3 14 8 17
3 15 8 17
3 10 9 17
3 11 9 17
3 12 9 17
3 13 9 17
3 14 9 17
3 15 9 17
3 2 11 10
3 2 11 11
3 2 11 13
3 2 11 14
3 2 11 15
3 3 11 10
3 3 11 11
3 3 11 13
3 3 11 14
3 3 11 15
3 4 11 10
3 4 11 11
3 4 11 13
3 4 11 14
3 4 11 15
3 5 11 10
3 5 11 11
3 5 11 13
3 5 11 14
3 5 11 15
3 6 11 10
3 6 11 11
3 6 11 13
3 6 11 14
3 6 11 15
3 7 11 10
3 7 11 11
3 7 11 13
3 7 11 14
3 7 11 15
3 8 11 10
3 8 11 11
3 8 11 13
3 8 11 14
3 8 11 15
3 10 11 13
3 10 11 14
3 10 11 15
3 11 11 13
3 11 11 14
3 11 11 15
3 2 13 8
3 2 13 10
3 2 13 11
3 2 13 13
3 2 13 15
3 3 13 8
3 3 13 10
3 3 13 11
3 3 13 13
3 3 13 15
3 4 13 8
3 4 13 10
3 4 13 11
3 4 13 13
3 4 13 15
3 5 13 8
3 5 13 10
3 5 13 11
3 5 13 13
3 5 13 15
3 6 13 8
3 6 13 10
3 6 13 11
3 6 13 13
3 6 13 15
3 8 13 10
3 8 13 11
3 8 13 13
3 8 13 15
3 10 13 13
3 10 13 15
3 11 13 13
3 11 13 15
3 13 13 15
3 3 16 8
3 3 16 10
3 3 16 11
3 3 16 13
3 3 16 15
3 4 16 8
3 4 16 10
3 4 16 11
3 4 16 13
3 4 16 15
3 5 16 8
3 5 16 10
3 5 16 11
3 5 16 13
3 5 16 15
3 8 16 10
3 8 16 11
3 8 16 13
3 8 16 15
3 10 16 13
3 10 16 15
3 11 16 13
3 11 16 15
3 13 16 15
3 3 18 8
3 3 18 10
3 3 18 11
3 3 18 13
3 3 18 15
3 4 18 8
3 4 18 10
3 4 18 11
3 4 18 13
3 4 18 15
3 5 18 8
3 5 18 10
3 5 18 11
3 5 18 13
3 5 18 15
3 8 18 10
3 8 18 11
3 8 18 13
3 8 18 15
3 10 18 13
3 10 18 15
3 11 18 13
3 11 18 15
3 13 18 15
3 3 19 8
3 3 19 10
3 3 19 11
3 3 19 13
3 3 19 15
3 3 19 17
3 4 19 8
3 4 19 10
3 4 19 11
3 4 19 13
3 4 19 15
3 4 19 17
3 5 19 8
3 5 19 10
3 5 19 11
3 5 19 13
3 5 19 15
3 5 19 17
3 8 19 10
3 8 19 11
3 8 19 13
3 8 19 15
3 8 19 17
3 10 19 13
3 10 19 15
3 10 19 17
3 11 19 13
3 11 19 15
3 11 19 17
3 13 19 15
3 13 19 17
3 15 19 17
3 5 21 8
3 5 21 10
3 8 21 10
4 2 7 10
4 2 7 11
4 2 7 12
4 2 7 13
4 2 7 14
4 2 7 15
4 3 7 10
4 3 7 11
4 3 7 12
4 3 7 13
4 3 7 14
4 3 7 15
4 4 7 10
4 4 7 11
4 4 7 12
4 4 7 13
4 4 7 14
4 4 7 15
4 5 7 10
4 5 7 11
4 5 7 12
4 5 7 13
4 5 7 14
4 5 7 15
4 6 7 10
4 6 7 11
4 6 7 12
4 6 7 13
4 6 7 14
4 6 7 15
4 7 7 10
4 7 7 11
4 7 7 12
4 7 7 13
4 7 7 14
4 7 7 15
4 8 7 10
4 8 7 11
4 8 7 12
4 8 7 13
4 8 7 14
4 8 7 15
4 2 8 10
4 2 8 11
4 2 8 12
4 2 8 13
4 2 8 14
4 2 8 15
4 2 8 17
4 3 8 10
4 3 8 11
4 3 8 12
4 3 8 13
4 3 8 14
4 3 8 15
4 3 8 17
4 4 8 10
4 4 8 11
4 4 8 12
4 4 8 13
4 4 8 14
4 4 8 15
4 4 8 17
4 5 8 10
4 5 8 11
4 5 8 12
4 5 8 13
4 5 8 14
4 5 8 15
4 5 8 17
4 6 8 10
4 6 8 11
4 6 8 12
4 6 8 13
4 6 8 14
4 6 8 15
4 6 8 17
4 7 8 10
4 7 8 11
4 7 8 12
4 7 8 13
4 7 8 14
4 7 8 15
4 7 8 17
4 8 8 10
4 8 8 11
4 8 8 12
4 8 8 13
4 8 8 14
4 8 8 15
4 8 8 17
4 10 8 17
4 11 8 17
4 12 8 17
4 13 8 17
4 14 8 17
4 15 8 17
4 10 9 17
4 11 9 17
4 12 9 17
4 13 9 17
4 14 9 17
4 15 9 17
4 2 11 10
4 2 11 11
4 2 11 13
4 2 11 14
4 2 11 15
4 3 11 10
4 3 11 11
4 3 11 13
4 3 11 14
4 3 11 15
4 4 11 10
4 4 11 11
4 4 11 13
4 4 11 14
4 4 11 15
4 5 11 10
4 5 11 11
4 5 11 13
4 5 11 14
4 5 11 15
4 6 11 10
4 6 11 11
4 6 11 13
4 6 11 14
4 6 11 15
4 7 11 10
4 7 11 11
4 7 11 13
4 7 11 14
4 7 11 15
4 8 11 10
4 8 11 11
4 8 11 13
4 8 11 14
4 8 11 15
4 10 11 13
4 10 11 14
4 10 11 15
4 11 11 13
4 11 11 14
4 11 11 15
4 2 13 8
4 2 13 10
4 2 13 11
4 2 13 13
4 2 13 15
4 3 13 8
4 3 13 10
4 3 13 11
4 3 13 13
4 3 13 15
4 4 13 8
4 4 13 10
4 4 13 11
4 4 13 13
4 4 13 15
4 5 13 8
4 5 13 10
4 5 13 11
4 5 13 13
4 5 13 15
4 6 13 8
4 6 13 10
4 6 13 11
4 6 13 13
4 6 13 15
4 8 13 10
4 8 13 11
4 8 13 13
4 8 13 15
4 10 13 13
4 10 13 15
4 11 13 13
4 11 13 15
4 13 13 15
4 3 16 8
4 3 16 10
4 3 16 11
4 3 16 13
4 3 16 15
4 4 16 8
4 4 16 10
4 4 16 11
4 4 16 13
4 4 16 15
4 5 16 8
4 5 16 10
4 5 16 11
4 5 16 13
4 5 16 15
4 8 16 10
4 8 16 11
4 8 16 13
4 8 16 15
4 10 16 13
4 10 16 15
4 11 16 13
4 11 16 15
4 13 16 15
4 3 18 8
4 3 18 10
4 3 18 11
4 3 18 13
4 3 18 15
4 4 18 8
4 4 18 10
4 4 18 11
4 4 18 13
4 4 18 15
4 5 18 8
4 5 18 10
4 5 18 11
4 5 18 13
4 5 18 15
4 8 18 10
4 8 18 11
4 8 18 13
4 8 18 15
4 10 18 13
4 10 18 15
4 11 18 13
4 11 18 15
4 13 18 15
4 3 19 8
4 3 19 10
4 3 19 11
4 3 19 13
4 3 19 15
4 3 19 17
4 4 19 8
4 4 19 10
4 4 19 11
4 4 19 13
4 4 19 15
4 4 19 17
4 5 19 8
4 5 19 10
4 5 19 11
4 5 19 13
4 5 19 15
4 5 19 17
4 8 19 10
4 8 19 11
4 8 19 13
4 8 19 15
4 8 19 17
4 10 19 13
4 10 19 15
4 10 19 17
4 11 19 13
4 11 19 15
4 11 19 17
4 13 19 15
4 13 19 17
4 15 19 17
4 5 21 8
4 5 21 10
4 8 21 10
5 1 7 10
5 1 7 11
5 1 7 12
5 1 7 13
5 1 7 14
5 1 7 15
5 2 7 10
5 2 7 11
5 2 7 12
5 2 7 13
5 2 7 14
5 2 7 15
5 3 7 10
5 3 7 11
5 3 7 12
5 3 7 13
5 3 7 14
5 3 7 15
5 4 7 10
5 4 7 11
5 4 7 12
5 4 7 13
5 4 7 14
5 4 7 15
5 5 7 10
5 5 7 11
5 5 7 12
5 5 7 13
5 5 7 14
5 5 7 15
5 6 7 10
5 6 7 11
5 6 7 12
5 6 7 13
5 6 7 14
5 6 7 15
5 7 7 10
5 7 7 11
5 7 7 12
5 7 7 13
5 7 7 14
5 7 7 15
5 8 7 10
5 8 7 11
5 8 7 12
5 8 7 13
5 8 7 14
5 8 7 15
5 2 8 10
5 2 8 11
5 2 8 12
5 2 8 13
5 2 8 14
5 2 8 15
5 3 8 10
5 3 8 11
5 3 8 12
5 3 8 13
5 3 8 14
5 3 8 15
5 4 8 10
5 4 8 11
5 4 8 12
5 4 8 13
5 4 8 14
5 4 8 15
5 5 8 10
5 5 8 11
5 5 8 12
5 5 8 13
5 5 8 14
5 5 8 15
5 6 8 10
5 6 8 11
5 6 8 12
5 6 8 13
5 6 8 14
5 6 8 15
5 7 8 10
5 7 8 11
5 7 8 12
5 7 8 13
5 7 8 14
5 7 8 15
5 8 8 10
5 8 8 11
5 8 8 12
5 8 8 13
5 8 8 14
5 8 8 15
5 2 11 10
5 2 11 11
5 2 11 13
5 2 11 14
5 2 11 15
5 3 11 10
5 3 11 11
5 3 11 13
5 3 11 14
5 3 11 15
5 4 11 10
5 4 11 11
5 4 11 13
5 4 11 14
5 4 11 15
5 5 11 10
5 5 11 11
5 5 11 13
5 5 11 14
5 5 11 15
5 6 11 10
5 6 11 11
5 6 11 13
5 6 11 14
5 6 11 15
5 7 11 10
5 7 11 11
5 7 11 13
5 7 11 14
5 7 11 15
5 8 11 10
5 8 11 11
5 8 11 13
5 8 11 14
5 8 11 15
5 10 11 13
5 10 11 14
5 10 11 15
5 11 11 13
5 11 11 14
5 11 11 15
5 2 13 8
5 2 13 10
5 2 13 11
5 2 13 13
5 2 13 15
5 3 13 8
5 3 13 10
5 3 13 11
5 3 13 13
5 3 13 15
5 4 13 8
5 4 13 10
5 4 13 11
5 4 13 13
5 4 13 15
5 5 13 8
5 5 13 10
5 5 13 11
5 5 13 13
5 5 13 15
5 6 13 8
5 6 13 10
5 6 13 11
5 6 13 13
5 6 13 15
5 8 13 10
5 8 13 11
5 8 13 13
5 8 13 15
5 10 13 13
5 10 13 15
5 11 13 13
5 11 13 15
5 13 13 15
5 3 16 8
5 3 16 10
5 3 16 11
5 3 16 13
5 3 16 15
5 4 16 8
5 4 16 10
5 4 16 11
5 4 16 13
5 4 16 15
5 5 16 8
5 5 16 10
5 5 16 11
5 5 16 13
5 5 16 15
5 8 16 10
5 8 16 11
5 8 16 13
5 8 16 15
5 10 16 13
5 10 16 15
5 11 16 13
5 11 16 15
5 13 16 15
5 3 18 8
5 3 18 10
5 3 18 11
5 3 18 13
5 3 18 15
5 4 18 8
5 4 18 10
5 4 18 11
5 4 18 13
5 4 18 15
5 5 18 8
5 5 18 10
5 5 18 11
5 5 18 13
5 5 18 15
5 8 18 10
5 8 18 11
5 8 18 13
5 8 18 15
5 10 18 13
5 10 18 15
5 11 18 13
5 11 18 15
5 13 18 15
5 3 19 8
5 3 19 10
5 3 19 11
5 3 19 13
5 3 19 15
5 4 19 8
5 4 19 10
5 4 19 11
5 4 19 13
5 4 19 15
5 5 19 8
5 5 19 10
5 5 19 11
5 5 19 13
5 5 19 15
5 8 19 10
5 8 19 11
5 8 19 13
5 8 19 15
5 10 19 13
5 10 19 15
5 11 19 13
5 11 19 15
5 13 19 15
5 5 21 8
5 5 21 10
5 8 21 10
6 10 11 13
6 10 11 14
6 10 11 15
6 11 11 13
6 11 11 14
6 11 11 15
6 2 13 8
6 3 13 8
6 4 13 8
6 5 13 8
6 6 13 8
6 10 13 13
6 10 13 15
6 11 13 13
6 11 13 15
6 13 13 15
6 3 16 8
6 4 16 8
6 5 16 8
6 10 16 13
6 10 16 15
6 11 16 13
6 11 16 15
6 13 16 15
6 3 18 8
6 4 18 8
6 5 18 8
6 10 18 13
6 10 18 15
6 11 18 13
6 11 18 15
6 13 18 15
6 3 19 8
6 4 19 8
6 5 19 8
6 10 19 13
6 10 19 15
6 11 19 13
6 11 19 15
6 13 19 15
6 5 21 8
7 2 11 10
7 2 11 11
7 2 11 13
7 2 11 14
7 2 11 15
7 3 11 10
7 3 11 11
7 3 11 13
7 3 11 14
7 3 11 15
7 4 11 10
7 4 11 11
7 4 11 13
7 4 11 14
7 4 11 15
7 5 11 10
7 5 11 11
7 5 11 13
7 5 11 14
7 5 11 15
7 6 11 10
7 6 11 11
7 6 11 13
7 6 11 14
7 6 11 15
7 7 11 10
7 7 11 11
7 7 11 13
7 7 11 14
7 7 11 15
7 8 11 10
7 8 11 11
7 8 11 13
7 8 11 14
7 8 11 15
7 10 11 13
7 10 11 14
7 10 11 15
7 11 11 13
7 11 11 14
7 11 11 15
7 2 13 8
7 2 13 10
7 2 13 11
7 2 13 13
7 2 13 15
7 3 13 8
7 3 13 10
7 3 13 11
7 3 13 13
7 3 13 15
7 4 13 8
7 4 13 10
7 4 13 11
7 4 13 13
7 4 13 15
7 5 13 8
7 5 13 10
7 5 13 11
7 5 13 13
7 5 13 15
7 6 13 8
7 6 13 10
7 6 13 11
7 6 13 13
7 6 13 15
7 8 13 10
7 8 13 11
7 8 13 13
7 8 13 15
7 10 13 13
7 10 13 15
7 11 13 13
7 11 13 15
7 13 13 15
7 3 16 8
7 3 16 10
7 3 16 11
7 3 16 13
7 3 16 15
7 4 16 8
7 4 16 10
7 4 16 11
7 4 16 13
7 4 16 15
7 5 16 8
7 5 16 10
7 5 16 11
7 5 16 13
7 5 16 15
7 8 16 10
7 8 16 11
7 8 16 13
7 8 16 15
7 10 16 13
7 10 16 15
7 11 16 13
7 11 16 15
7 13 16 15
7 3 18 8
7 3 18 10
7 3 18 11
7 3 18 13
7 3 18 15
7 4 18 8
7 4 18 10
7 4 18 11
7 4 18 13
7 4 18 15
7 5 18 8
7 5 18 10
7 5 18 11
7 5 18 13
7 5 18 15
7 8 18 10
7 8 18 11
7 8 18 13
7 8 18 15
7 10 18 13
7 10 18 15
7 11 18 13
7 11 18 15
7 13 18 15
7 3 19 8
7 3 19 10
7 3 19 11
7 3 19 13
7 3 19 15
7 4 19 8
7 4 19 10
7 4 19 11
7 4 19 13
7 4 19 15
7 5 19 8
7 5 19 10
7 5 19 11
7 5 19 13
7 5 19 15
7 8 19 10
7 8 19 11
7 8 19 13
7 8 19 15
7 10 19 13
7 10 19 15
7 11 19 13
7 11 19 15
7 13 19 15
7 5 21 8
7 5 21 10
7 8 21 10
8 2 11 10
8 2 11 11
8 2 11 13
8 2 11 14
8 2 11 15
8 3 11 10
8 3 11 11
8 3 11 13
8 3 11 14
8 3 11 15
8 4 11 10
8 4 11 11
8 4 11 13
8 4 11 14
8 4 11 15
8 5 11 10
8 5 11 11
8 5 11 13
8 5 11 14
8 5 11 15
8 6 11 10
8 6 11 11
8 6 11 13
8 6 11 14
8 6 11 15
8 7 11 10
8 7 11 11
8 7 11 13
8 7 11 14
8 7 11 15
8 8 11 10
8 8 11 11
8 8 11 13
8 8 11 14
8 8 11 15
8 10 11 13
8 10 11 14
8 10 11 15
8 11 11 13
8 11 11 14
8 11 11 15
8 2 13 8
8 2 13 10
8 2 13 11
8 2 13 13
8 2 13 15
8 3 13 8
8 3 13 10
8 3 13 11
8 3 13 13
8 3 13 15
8 4 13 8
8 4 13 10
8 4 13 11
8 4 13 13
8 4 13 15
8 5 13 8
8 5 13 10
8 5 13 11
8 5 13 13
8 5 13 15
8 6 13 8
8 6 13 10
8 6 13 11
8 6 13 13
8 6 13 15
8 8 13 10
8 8 13 11
8 8 13 13
8 8 13 15
8 10 13 13
8 10 13 15
8 11 13 13
8 11 13 15
8 13 13 15
8 3 16 8
8 3 16 10
8 3 16 11
8 3 16 13
8 3 16 15
8 4 16 8
8 4 16 10
8 4 16 11
8 4 16 13
8 4 16 15
8 5 16 8
8 5 16 10
8 5 16 11
8 5 16 13
8 5 16 15
8 8 16 10
8 8 16 11
8 8 16 13
8 8 16 15
8 10 16 13
8 10 16 15
8 11 16 13
8 11 16 15
8 13 16 15
8 3 18 8
8 3 18 10
8 3 18 11
8 3 18 13
8 3 18 15
8 4 18 8
8 4 18 10
8 4 18 11
8 4 18 13
8 4 18 15
8 5 18 8
8 5 18 10
8 5 18 11
8 5 18 13
8 5 18 15
8 8 18 10
8 8 18 11
8 8 18 13
8 8 18 15
8 10 18 13
8 10 18 15
8 11 18 13
8 11 18 15
8 13 18 15
8 3 19 8
8 3 19 10
8 3 19 11
8 3 19 13
8 3 19 15
8 3 19 17
8 4 19 8
8 4 19 10
8 4 19 11
8 4 19 13
8 4 19 15
8 4 19 17
8 5 19 8
8 5 19 10
8 5 19 11
8 5 19 13
8 5 19 15
8 5 19 17
8 8 19 10
8 8 19 11
8 8 19 13
8 8 19 15
8 8 19 17
8 10 19 13
8 10 19 15
8 10 19 17
8 11 19 13
8 11 19 15
8 11 19 17
8 13 19 15
8 13 19 17
8 15 19 17
8 5 21 8
8 5 21 10
8 8 21 10
9 10 11 13
9 10 11 14
9 10 11 15
9 11 11 13
9 11 11 14
9 11 11 15
9 2 13 8
9 3 13 8
9 4 13 8
9 5 13 8
9 6 13 8
9 10 13 13
9 10 13 15
9 11 13 13
9 11 13 15
9 13 13 15
9 3 16 8
9 4 16 8
9 5 16 8
9 10 16 13
9 10 16 15
9 11 16 13
9 11 16 15
9 13 16 15
9 3 18 8
9 4 18 8
9 5 18 8
9 10 18 13
9 10 18 15
9 11 18 13
9 11 18 15
9 13 18 15
9 3 19 8
9 4 19 8
9 5 19 8
9 10 19 13
9 10 19 15
9 10 19 17
9 11 19 13
9 11 19 15
9 11 19 17
9 13 19 15
9 13 19 17
9 15 19 17
9 5 21 8
10 2 13 8
10 3 13 8
10 4 13 8
10 5 13 8
10 6 13 8
10 13 13 15
10 3 16 8
10 4 16 8
10 5 16 8
10 13 16 15
10 3 18 8
10 4 18 8
10 5 18 8
10 13 18 15
10 3 19 8
10 4 19 8
10 5 19 8
10 13 19 15
10 5 21 8
11 1 13 8
11 1 13 10
11 1 13 11
11 1 13 13
11 1 13 15
11 2 13 8
11 2 13 10
11 2 13 11
11 2 13 13
11 2 13 15
11 3 13 8
11 3 13 10
11 3 13 11
11 3 13 13
11 3 13 15
11 4 13 8
11 4 13 10
11 4 13 11
11 4 13 13
11 4 13 15
11 5 13 8
11 5 13 10
11 5 13 11
11 5 13 13
11 5 13 15
11 6 13 8
11 6 13 10
11 6 13 11
11 6 13 13
11 6 13 15
11 8 13 10
11 8 13 11
11 8 13 13
11 8 13 15
11 10 13 13
11 10 13 15
11 11 13 13
11 11 13 15
11 13 13 15
11 3 16 8
11 3 16 10
11 3 16 11
11 3 16 13
11 3 16 15
11 4 16 8
11 4 16 10
11 4 16 11
11 4 16 13
11 4 16 15
11 5 16 8
11 5 16 10
11 5 16 11
11 5 16 13
11 5 16 15
11 8 16 10
11 8 16 11
11 8 16 13
11 8 16 15
11 10 16 13
11 10 16 15
11 11 16 13
11 11 16 15
11 13 16 15
11 3 18 8
11 3 18 10
11 3 18 11
11 3 18 13
11 3 18 15
11 4 18 8
11 4 18 10
11 4 18 11
11 4 18 13
11 4 18 15
11 5 18 8
11 5 18 10
11 5 18 11
11 5 18 13
11 5 18 15
11 8 18 10
11 8 18 11
11 8 18 13
11 8 18 15
11 10 18 13
11 10 18 15
11 11 18 13
11 11 18 15
11 13 18 15
11 3 19 8
11 3 19 10
11 3 19 11
11 3 19 13
11 3 19 15
11 4 19 8
11 4 19 10
11 4 19 11
11 4 19 13
11 4 19 15
11 5 19 8
11 5 19 10
11 5 19 11
11 5 19 13
11 5 19 15
11 8 19 10
11 8 19 11
11 8 19 13
11 8 19 15
11 10 19 13
11 10 19 15
11 11 19 13
11 11 19 15
11 13 19 15
11 1 21 3
11 5 21 8
11 5 21 10
11 8 21 10
12 1 21 3
13 3 16 8
13 3 16 10
13 3 16 11
13 3 16 13
13 3 16 15
13 4 16 8
13 4 16 10
13 4 16 11
13 4 16 13
13 4 16 15
13 5 16 8
13 5 16 10
13 5 16 11
13 5 16 13
13 5 16 15
13 8 16 10
13 8 16 11
13 8 16 13
13 8 16 15
13 10 16 13
13 10 16 15
13 11 16 13
13 11 16 15
13 13 16 15
13 3 18 8
13 3 18 10
13 3 18 11
13 3 18 13
13 3 18 15
13 4 18 8
13 4 18 10
13 4 18 11
13 4 18 13
13 4 18 15
13 5 18 8
13 5 18 10
13 5 18 11
13 5 18 13
13 5 18 15
13 8 18 10
13 8 18 11
13 8 18 13
13 8 18 15
13 10 18 13
13 10 18 15
13 11 18 13
13 11 18 15
13 13 18 15
13 3 19 8
13 3 19 10
13 3 19 11
13 3 19 13
13 3 19 15
13 4 19 8
13 4 19 10
13 4 19 11
13 4 19 13
13 4 19 15
13 5 19 8
13 5 19 10
13 5 19 11
13 5 19 13
13 5 19 15
13 8 19 10
13 8 19 11
13 8 19 13
13 8 19 15
13 10 19 13
13 10 19 15
13 11 19 13
13 11 19 15
13 13 19 15
13 1 21 3
13 5 21 8
13 5 21 10
13 8 21 10
16 3 18 8
16 3 18 10
16 3 18 11
16 3 18 13
16 3 18 15
16 4 18 8
16 4 18 10
16 4 18 11
16 4 18 13
16 4 18 15
16 5 18 8
16 5 18 10
16 5 18 11
16 5 18 13
16 5 18 15
16 6 18 8
16 6 18 10
16 6 18 11
16 6 18 13
16 6 18 15
16 8 18 10
16 8 18 11
16 8 18 13
16 8 18 15
16 10 18 13
16 10 18 15
16 11 18 13
16 11 18 15
16 13 18 15
16 3 19 8
16 3 19 10
16 3 19 11
16 3 19 13
16 3 19 15
16 4 19 8
16 4 19 10
16 4 19 11
16 4 19 13
16 4 19 15
16 5 19 8
16 5 19 10
16 5 19 11
16 5 19 13
16 5 19 15
16 6 19 8
16 6 19 10
16 6 19 11
16 6 19 13
16 6 19 15
16 8 19 10
16 8 19 11
16 8 19 13
16 8 19 15
16 10 19 13
16 10 19 15
16 11 19 13
16 11 19 15
16 13 19 15
16 5 21 8
16 5 21 10
16 8 21 10
18 5 21 8
18 5 21 10
18 8 21 10
19 5 21 8
19 5 21 10
19 8 21 10
