13 11
00000000000
00000000000
11111111111
10000100011
11111111111
11111100001
11111111111
10110101001
10110101001
11111101001
11111111111
00010000001
00011111111
65
3 1 5 6
3 1 5 10
3 1 5 11
3 6 5 10
3 6 5 11
3 1 6 6
3 1 7 6
3 1 7 11
3 6 7 11
3 1 10 6
3 1 11 6
3 1 11 11
3 6 11 11
5 1 7 11
5 2 7 11
5 3 7 11
5 4 7 11
5 5 7 11
5 6 7 11
5 1 10 3
5 1 10 4
5 1 10 6
5 3 10 6
5 4 10 6
5 1 11 3
5 1 11 4
5 1 11 6
5 1 11 11
5 3 11 6
5 3 11 11
5 4 11 6
5 4 11 11
5 6 11 11
5 4 13 11
6 1 10 3
6 1 10 4
6 1 10 6
6 3 10 6
6 4 10 6
6 1 11 3
6 1 11 4
6 1 11 6
6 3 11 6
6 4 11 6
7 1 10 3
7 1 10 4
7 1 10 6
7 3 10 6
7 4 10 6
7 1 11 3
7 1 11 4
7 1 11 6
7 1 11 8
7 1 11 11
7 3 11 6
7 3 11 8
7 3 11 11
7 4 11 6
7 4 11 8
7 4 11 11
7 6 11 8
7 6 11 11
7 8 11 11
7 4 13 11
11 4 13 11
