10 10
0000000000
0000000000
0111111000
0111111111
0111101111
0111111111
0111111111
0111111111
0111111011
0011111111
114
3 2 6 7
3 3 6 7
3 4 6 7
3 5 6 7
3 2 7 7
3 3 7 7
3 4 7 7
3 5 7 7
3 2 8 7
3 3 8 7
3 4 8 7
3 5 8 7
3 2 9 7
3 3 9 7
3 4 9 7
3 5 9 7
3 3 10 7
3 4 10 7
3 5 10 7
4 2 6 7
4 2 6 8
4 2 6 9
4 2 6 10
4 3 6 7
4 3 6 8
4 3 6 9
4 3 6 10
4 4 6 7
4 4 6 8
4 4 6 9
4 4 6 10
4 5 6 7
4 5 6 8
4 5 6 9
4 5 6 10
4 2 7 7
4 2 7 8
4 2 7 9
4 2 7 10
4 3 7 7
4 3 7 8
4 3 7 9
4 3 7 10
4 4 7 7
4 4 7 8
4 4 7 9
4 4 7 10
4 5 7 7
4 5 7 8
4 5 7 9
4 5 7 10
4 2 8 7
4 2 8 8
4 2 8 9
4 2 8 10
4 3 8 7
4 3 8 8
4 3 8 9
4 3 8 10
4 4 8 7
4 4 8 8
4 4 8 9
4 4 8 10
4 5 8 7
4 5 8 8
4 5 8 9
4 5 8 10
4 2 9 7
4 3 9 7
4 4 9 7
4 5 9 7
4 3 10 7
4 3 10 9
4 3 10 10
4 4 10 7
4 4 10 9
4 4 10 10
4 5 10 7
4 5 10 9
4 5 10 10
4 7 10 9
4 7 10 10
5 7 10 9
5 7 10 10
6 3 10 9
6 3 10 10
6 4 10 9
6 4 10 10
6 5 10 9
6 5 10 10
6 6 10 9
6 6 10 10
6 7 10 9
6 7 10 10
7 3 10 9
7 3 10 10
7 4 10 9
7 4 10 10
7 5 10 9
7 5 10 10
7 6 10 9
7 6 10 10
7 7 10 9
7 7 10 10
8 3 10 9
8 3 10 10
8 4 10 9
8 4 10 10
8 5 10 9
8 5 10 10
8 6 10 9
8 6 10 10
8 7 10 9
8 7 10 10
