22 20
01111111111111111110
01001111111111111110
11111111111100000010
11001000000100000010
11111111000100000010
11111001000100000010
11111111111111110010
11111001100100010010
11111001100100010010
11111001100100010010
11111111100100010010
11111111111111010010
11101001000101010010
11111111111111111110
11111111111101010110
11101111111111111110
11111111111111111110
11100011111111111110
11111111111111111110
10111111111100011110
10111111111111111110
11111111111111111100
1028
1 2 3 5
1 2 3 6
1 2 3 7
1 2 3 8
1 2 3 9
1 2 3 10
1 2 3 11
1 2 3 12
1 2 5 5
1 2 6 5
1 2 7 5
1 2 7 12
1 5 7 12
1 2 8 5
1 2 9 5
1 2 10 5
1 2 11 5
1 2 12 5
1 2 12 12
1 5 12 12
1 2 14 5
1 2 14 12
1 2 14 19
1 5 14 12
1 5 14 19
1 12 14 19
1 2 15 5
1 2 15 12
1 5 15 12
1 5 16 12
1 5 16 19
1 12 16 19
1 2 17 5
1 2 17 12
1 2 17 19
1 5 17 12
1 5 17 19
1 12 17 19
1 12 18 19
1 2 19 12
1 2 19 19
1 12 19 19
1 12 21 19
2 5 7 12
2 5 12 12
2 5 14 12
2 5 14 19
2 12 14 19
2 5 15 12
2 5 16 12
2 5 16 19
2 12 16 19
2 5 17 12
2 5 17 19
2 12 17 19
2 12 18 19
2 12 19 19
2 12 21 19
3 1 5 5
3 2 5 5
3 1 6 5
3 2 6 5
3 1 7 5
3 1 7 12
3 2 7 5
3 2 7 12
3 5 7 12
3 1 8 5
3 2 8 5
3 1 9 5
3 2 9 5
3 1 10 5
3 2 10 5
3 1 11 5
3 2 11 5
3 1 12 5
3 1 12 12
3 2 12 5
3 2 12 12
3 5 12 12
3 1 14 5
3 1 14 12
3 2 14 5
3 2 14 12
3 5 14 12
3 1 15 5
3 1 15 12
3 2 15 5
3 2 15 12
3 5 15 12
3 5 16 12
3 1 17 5
3 1 17 12
3 2 17 5
3 2 17 12
3 5 17 12
3 1 19 12
3 2 19 12
3 1 22 12
5 1 7 8
5 2 7 8
5 3 7 8
5 4 7 8
5 5 7 8
5 1 11 8
5 2 11 8
5 3 11 8
5 4 11 8
5 5 11 8
5 1 12 8
5 2 12 8
5 3 12 8
5 4 12 8
5 5 12 8
5 1 14 5
5 1 14 8
5 2 14 5
5 2 14 8
5 3 14 5
5 3 14 8
5 5 14 8
5 1 15 5
5 1 15 8
5 2 15 5
5 2 15 8
5 3 15 5
5 3 15 8
5 5 15 8
5 5 16 8
5 1 17 5
5 1 17 8
5 2 17 5
5 2 17 8
5 3 17 5
5 3 17 8
5 5 17 8
5 1 19 8
5 2 19 8
5 3 19 8
5 3 20 8
5 3 21 8
5 1 22 3
5 1 22 8
5 3 22 8
6 1 14 5
6 2 14 5
6 3 14 5
6 1 15 5
6 2 15 5
6 3 15 5
6 1 17 5
6 2 17 5
6 3 17 5
6 1 22 3
7 1 11 8
7 1 11 9
7 2 11 8
7 2 11 9
7 3 11 8
7 3 11 9
7 4 11 8
7 4 11 9
7 5 11 8
7 5 11 9
7 1 12 8
7 1 12 9
7 1 12 12
7 2 12 8
7 2 12 9
7 2 12 12
7 3 12 8
7 3 12 9
7 3 12 12
7 4 12 8
7 4 12 9
7 4 12 12
7 5 12 8
7 5 12 9
7 5 12 12
7 8 12 12
7 9 12 12
7 1 14 5
7 1 14 8
7 1 14 12
7 1 14 16
7 2 14 5
7 2 14 8
7 2 14 12
7 2 14 16
7 3 14 5
7 3 14 8
7 3 14 12
7 3 14 16
7 5 14 8
7 5 14 12
7 5 14 16
7 8 14 12
7 8 14 16
7 12 14 16
7 1 15 5
7 1 15 8
7 1 15 12
7 2 15 5
7 2 15 8
7 2 15 12
7 3 15 5
7 3 15 8
7 3 15 12
7 5 15 8
7 5 15 12
7 8 15 12
7 5 16 8
7 5 16 12
7 5 16 16
7 8 16 12
7 8 16 16
7 12 16 16
7 1 17 5
7 1 17 8
7 1 17 12
7 1 17 16
7 2 17 5
7 2 17 8
7 2 17 12
7 2 17 16
7 3 17 5
7 3 17 8
7 3 17 12
7 3 17 16
7 5 17 8
7 5 17 12
7 5 17 16
7 8 17 12
7 8 17 16
7 12 17 16
7 8 18 12
7 8 18 16
7 12 18 16
7 1 19 8
7 1 19 12
7 1 19 16
7 2 19 8
7 2 19 12
7 2 19 16
7 3 19 8
7 3 19 12
7 3 19 16
7 8 19 12
7 8 19 16
7 12 19 16
7 3 20 8
7 3 20 12
7 8 20 12
7 3 21 8
7 3 21 12
7 3 21 16
7 8 21 12
7 8 21 16
7 12 21 16
7 1 22 3
7 1 22 8
7 1 22 12
7 1 22 16
7 3 22 8
7 3 22 12
7 3 22 16
7 8 22 12
7 8 22 16
7 12 22 16
8 1 14 5
8 2 14 5
8 3 14 5
8 1 15 5
8 2 15 5
8 3 15 5
8 1 17 5
8 2 17 5
8 3 17 5
8 1 22 3
9 1 14 5
9 2 14 5
9 3 14 5
9 1 15 5
9 2 15 5
9 3 15 5
9 1 17 5
9 2 17 5
9 3 17 5
9 1 22 3
10 1 14 5
10 2 14 5
10 3 14 5
10 1 15 5
10 2 15 5
10 3 15 5
10 1 17 5
10 2 17 5
10 3 17 5
10 1 22 3
11 1 14 5
11 1 14 8
11 2 14 5
11 2 14 8
11 3 14 5
11 3 14 8
11 5 14 8
11 1 15 5
11 1 15 8
11 2 15 5
11 2 15 8
11 3 15 5
11 3 15 8
11 5 15 8
11 5 16 8
11 1 17 5
11 1 17 8
11 2 17 5
11 2 17 8
11 3 17 5
11 3 17 8
11 5 17 8
11 1 19 8
11 2 19 8
11 3 19 8
11 3 20 8
11 3 21 8
11 1 22 3
11 1 22 8
11 3 22 8
12 1 14 5
12 1 14 8
12 1 14 12
12 1 14 14
12 2 14 5
12 2 14 8
12 2 14 12
12 2 14 14
12 3 14 5
12 3 14 8
12 3 14 12
12 3 14 14
12 5 14 8
12 5 14 12
12 5 14 14
12 8 14 12
12 8 14 14
12 12 14 14
12 1 15 5
12 1 15 8
12 1 15 12
12 2 15 5
12 2 15 8
12 2 15 12
12 3 15 5
12 3 15 8
12 3 15 12
12 5 15 8
12 5 15 12
12 8 15 12
12 5 16 8
12 5 16 12
12 5 16 14
12 8 16 12
12 8 16 14
12 12 16 14
12 1 17 5
12 1 17 8
12 1 17 12
12 1 17 14
12 2 17 5
12 2 17 8
12 2 17 12
12 2 17 14
12 3 17 5
12 3 17 8
12 3 17 12
12 3 17 14
12 5 17 8
12 5 17 12
12 5 17 14
12 8 17 12
12 8 17 14
12 12 17 14
12 8 18 12
12 8 18 14
12 12 18 14
12 1 19 8
12 1 19 12
12 1 19 14
12 2 19 8
12 2 19 12
12 2 19 14
12 3 19 8
12 3 19 12
12 3 19 14
12 8 19 12
12 8 19 14
12 12 19 14
12 3 20 8
12 3 20 12
12 8 20 12
12 3 21 8
12 3 21 12
12 8 21 12
12 1 22 3
12 1 22 8
12 1 22 12
12 3 22 8
12 3 22 12
12 8 22 12
13 1 22 3
14 5 16 14
14 5 16 16
14 5 16 18
14 5 16 19
14 6 16 14
14 6 16 16
14 6 16 18
14 6 16 19
14 7 16 14
14 7 16 16
14 7 16 18
14 7 16 19
14 8 16 14
14 8 16 16
14 8 16 18
14 8 16 19
14 9 16 14
14 9 16 16
14 9 16 18
14 9 16 19
14 10 16 14
14 10 16 16
14 10 16 18
14 10 16 19
14 11 16 14
14 11 16 16
14 11 16 18
14 11 16 19
14 12 16 14
14 12 16 16
14 12 16 18
14 12 16 19
14 14 16 16
14 14 16 18
14 14 16 19
14 16 16 18
14 16 16 19
14 1 17 5
14 1 17 6
14 1 17 7
14 1 17 8
14 1 17 9
14 1 17 10
14 1 17 11
14 1 17 12
14 1 17 14
14 1 17 16
14 1 17 18
14 1 17 19
14 2 17 5
14 2 17 6
14 2 17 7
14 2 17 8
14 2 17 9
14 2 17 10
14 2 17 11
14 2 17 12
14 2 17 14
14 2 17 16
14 2 17 18
14 2 17 19
14 3 17 5
14 3 17 6
14 3 17 7
14 3 17 8
14 3 17 9
14 3 17 10
14 3 17 11
14 3 17 12
14 3 17 14
14 3 17 16
14 3 17 18
14 3 17 19
14 5 17 14
14 5 17 16
14 5 17 18
14 5 17 19
14 6 17 14
14 6 17 16
14 6 17 18
14 6 17 19
14 7 17 14
14 7 17 16
14 7 17 18
14 7 17 19
14 8 17 14
14 8 17 16
14 8 17 18
14 8 17 19
14 9 17 14
14 9 17 16
14 9 17 18
14 9 17 19
14 10 17 14
14 10 17 16
14 10 17 18
14 10 17 19
14 11 17 14
14 11 17 16
14 11 17 18
14 11 17 19
14 12 17 14
14 12 17 16
14 12 17 18
14 12 17 19
14 14 17 16
14 14 17 18
14 14 17 19
14 16 17 18
14 16 17 19
14 7 18 14
14 7 18 16
14 7 18 18
14 7 18 19
14 8 18 14
14 8 18 16
14 8 18 18
14 8 18 19
14 9 18 14
14 9 18 16
14 9 18 18
14 9 18 19
14 10 18 14
14 10 18 16
14 10 18 18
14 10 18 19
14 11 18 14
14 11 18 16
14 11 18 18
14 11 18 19
14 12 18 14
14 12 18 16
14 12 18 18
14 12 18 19
14 14 18 16
14 14 18 18
14 14 18 19
14 16 18 18
14 16 18 19
14 1 19 7
14 1 19 8
14 1 19 9
14 1 19 10
14 1 19 11
14 1 19 12
14 1 19 14
14 1 19 16
14 1 19 18
14 1 19 19
14 2 19 7
14 2 19 8
14 2 19 9
14 2 19 10
14 2 19 11
14 2 19 12
14 2 19 14
14 2 19 16
14 2 19 18
14 2 19 19
14 3 19 7
14 3 19 8
14 3 19 9
14 3 19 10
14 3 19 11
14 3 19 12
14 3 19 14
14 3 19 16
14 3 19 18
14 3 19 19
14 7 19 14
14 7 19 16
14 7 19 18
14 7 19 19
14 8 19 14
14 8 19 16
14 8 19 18
14 8 19 19
14 9 19 14
14 9 19 16
14 9 19 18
14 9 19 19
14 10 19 14
14 10 19 16
14 10 19 18
14 10 19 19
14 11 19 14
14 11 19 16
14 11 19 18
14 11 19 19
14 12 19 14
14 12 19 16
14 12 19 18
14 12 19 19
14 14 19 16
14 14 19 18
14 14 19 19
14 16 19 18
14 16 19 19
14 3 20 7
14 3 20 8
14 3 20 9
14 3 20 10
14 3 20 11
14 3 20 12
14 16 20 18
14 16 20 19
14 3 21 7
14 3 21 8
14 3 21 9
14 3 21 10
14 3 21 11
14 3 21 12
14 3 21 16
14 3 21 18
14 3 21 19
14 7 21 16
14 7 21 18
14 7 21 19
14 8 21 16
14 8 21 18
14 8 21 19
14 9 21 16
14 9 21 18
14 9 21 19
14 10 21 16
14 10 21 18
14 10 21 19
14 11 21 16
14 11 21 18
14 11 21 19
14 12 21 16
14 12 21 18
14 12 21 19
14 16 21 18
14 16 21 19
14 1 22 3
14 1 22 7
14 1 22 8
14 1 22 9
14 1 22 10
14 1 22 11
14 1 22 12
14 1 22 16
14 1 22 18
14 3 22 7
14 3 22 8
14 3 22 9
14 3 22 10
14 3 22 11
14 3 22 12
14 3 22 16
14 3 22 18
14 7 22 16
14 7 22 18
14 8 22 16
14 8 22 18
14 9 22 16
14 9 22 18
14 10 22 16
14 10 22 18
14 11 22 16
14 11 22 18
14 12 22 16
14 12 22 18
14 16 22 18
15 1 17 5
15 1 17 6
15 1 17 7
15 1 17 8
15 1 17 9
15 1 17 10
15 1 17 11
15 1 17 12
15 2 17 5
15 2 17 6
15 2 17 7
15 2 17 8
15 2 17 9
15 2 17 10
15 2 17 11
15 2 17 12
15 3 17 5
15 3 17 6
15 3 17 7
15 3 17 8
15 3 17 9
15 3 17 10
15 3 17 11
15 3 17 12
15 1 19 7
15 1 19 8
15 1 19 9
15 1 19 10
15 1 19 11
15 1 19 12
15 2 19 7
15 2 19 8
15 2 19 9
15 2 19 10
15 2 19 11
15 2 19 12
15 3 19 7
15 3 19 8
15 3 19 9
15 3 19 10
15 3 19 11
15 3 19 12
15 3 20 7
15 3 20 8
15 3 20 9
15 3 20 10
15 3 20 11
15 3 20 12
15 3 21 7
15 3 21 8
15 3 21 9
15 3 21 10
15 3 21 11
15 3 21 12
15 1 22 3
15 1 22 7
15 1 22 8
15 1 22 9
15 1 22 10
15 1 22 11
15 1 22 12
15 3 22 7
15 3 22 8
15 3 22 9
15 3 22 10
15 3 22 11
15 3 22 12
16 7 21 16
16 7 21 17
16 7 21 18
16 7 21 19
16 8 21 16
16 8 21 17
16 8 21 18
16 8 21 19
16 9 21 16
16 9 21 17
16 9 21 18
16 9 21 19
16 10 21 16
16 10 21 17
16 10 21 18
16 10 21 19
16 11 21 16
16 11 21 17
16 11 21 18
16 11 21 19
16 12 21 16
16 12 21 17
16 12 21 18
16 12 21 19
16 1 22 3
16 7 22 16
16 7 22 17
16 7 22 18
16 8 22 16
16 8 22 17
16 8 22 18
16 9 22 16
16 9 22 17
16 9 22 18
16 10 22 16
16 10 22 17
16 10 22 18
16 11 22 16
16 11 22 17
16 11 22 18
16 12 22 16
16 12 22 17
16 12 22 18
17 1 19 7
17 1 19 8
17 1 19 9
17 1 19 10
17 1 19 11
17 1 19 12
17 1 19 13
17 1 19 14
17 1 19 15
17 1 19 16
17 1 19 17
17 1 19 18
17 1 19 19
17 2 19 7
17 2 19 8
17 2 19 9
17 2 19 10
17 2 19 11
17 2 19 12
17 2 19 13
17 2 19 14
17 2 19 15
17 2 19 16
17 2 19 17
17 2 19 18
17 2 19 19
17 3 19 7
17 3 19 8
17 3 19 9
17 3 19 10
17 3 19 11
17 3 19 12
17 3 19 13
17 3 19 14
17 3 19 15
17 3 19 16
17 3 19 17
17 3 19 18
17 3 19 19
17 3 20 7
17 3 20 8
17 3 20 9
17 3 20 10
17 3 20 11
17 3 20 12
17 3 21 7
17 3 21 8
17 3 21 9
17 3 21 10
17 3 21 11
17 3 21 12
17 3 21 16
17 3 21 17
17 3 21 18
17 3 21 19
17 7 21 16
17 7 21 17
17 7 21 18
17 7 21 19
17 8 21 16
17 8 21 17
17 8 21 18
17 8 21 19
17 9 21 16
17 9 21 17
17 9 21 18
17 9 21 19
17 10 21 16
17 10 21 17
17 10 21 18
17 10 21 19
17 11 21 16
17 11 21 17
17 11 21 18
17 11 21 19
17 12 21 16
17 12 21 17
17 12 21 18
17 12 21 19
17 1 22 3
17 1 22 7
17 1 22 8
17 1 22 9
17 1 22 10
17 1 22 11
17 1 22 12
17 1 22 16
17 1 22 17
17 1 22 18
17 3 22 7
17 3 22 8
17 3 22 9
17 3 22 10
17 3 22 11
17 3 22 12
17 3 22 16
17 3 22 17
17 3 22 18
17 7 22 16
17 7 22 17
17 7 22 18
17 8 22 16
17 8 22 17
17 8 22 18
17 9 22 16
17 9 22 17
17 9 22 18
17 10 22 16
17 10 22 17
17 10 22 18
17 11 22 16
17 11 22 17
17 11 22 18
17 12 22 16
17 12 22 17
17 12 22 18
18 7 21 16
18 7 21 17
18 7 21 18
18 7 21 19
18 8 21 16
18 8 21 17
18 8 21 18
18 8 21 19
18 9 21 16
18 9 21 17
18 9 21 18
18 9 21 19
18 10 21 16
18 10 21 17
18 10 21 18
18 10 21 19
18 11 21 16
18 11 21 17
18 11 21 18
18 11 21 19
18 12 21 16
18 12 21 17
18 12 21 18
18 12 21 19
18 1 22 3
18 7 22 16
18 7 22 17
18 7 22 18
18 8 22 16
18 8 22 17
18 8 22 18
18 9 22 16
18 9 22 17
18 9 22 18
18 10 22 16
18 10 22 17
18 10 22 18
18 11 22 16
18 11 22 17
18 11 22 18
18 12 22 16
18 12 22 17
18 12 22 18
19 3 21 16
19 3 21 17
19 3 21 18
19 3 21 19
19 4 21 16
19 4 21 17
19 4 21 18
19 4 21 19
19 5 21 16
19 5 21 17
19 5 21 18
19 5 21 19
19 6 21 16
19 6 21 17
19 6 21 18
19 6 21 19
19 7 21 16
19 7 21 17
19 7 21 18
19 7 21 19
19 8 21 16
19 8 21 17
19 8 21 18
19 8 21 19
19 9 21 16
19 9 21 17
19 9 21 18
19 9 21 19
19 10 21 16
19 10 21 17
19 10 21 18
19 10 21 19
19 11 21 16
19 11 21 17
19 11 21 18
19 11 21 19
19 12 21 16
19 12 21 17
19 12 21 18
19 12 21 19
19 1 22 3
19 1 22 4
19 1 22 5
19 1 22 6
19 1 22 7
19 1 22 8
19 1 22 9
19 1 22 10
19 1 22 11
19 1 22 12
19 1 22 16
19 1 22 17
19 1 22 18
19 3 22 16
19 3 22 17
19 3 22 18
19 4 22 16
19 4 22 17
19 4 22 18
19 5 22 16
19 5 22 17
19 5 22 18
19 6 22 16
19 6 22 17
19 6 22 18
19 7 22 16
19 7 22 17
19 7 22 18
19 8 22 16
19 8 22 17
19 8 22 18
19 9 22 16
19 9 22 17
19 9 22 18
19 10 22 16
19 10 22 17
19 10 22 18
19 11 22 16
19 11 22 17
19 11 22 18
19 12 22 16
19 12 22 17
19 12 22 18
