15 16
0111111111111110
0101111111111010
0101010000011110
0101010000011110
0101010000011110
0101111111111110
0111111111111110
0100111111111110
0111111111111110
0000110000011010
0000110000011110
0000110000001010
0000111111111110
0000101111111110
0000111111111110
147
1 12 3 15
1 13 3 15
1 12 4 15
1 13 4 15
1 12 5 15
1 13 5 15
1 4 6 6
1 4 6 12
1 4 6 13
1 4 6 15
1 6 6 12
1 6 6 13
1 6 6 15
1 12 6 15
1 13 6 15
1 2 7 4
1 2 7 6
1 2 7 12
1 2 7 13
1 2 7 15
1 4 7 6
1 4 7 12
1 4 7 13
1 4 7 15
1 6 7 12
1 6 7 13
1 6 7 15
1 12 7 15
1 13 7 15
1 6 8 12
1 6 8 13
1 6 8 15
1 12 8 15
1 13 8 15
1 2 9 6
1 2 9 12
1 2 9 13
1 2 9 15
1 6 9 12
1 6 9 13
1 6 9 15
1 12 9 15
1 13 9 15
1 12 11 15
1 13 11 15
1 6 13 13
1 6 13 15
1 13 13 15
1 13 14 15
1 13 15 15
2 4 6 6
2 4 6 12
2 4 6 13
2 6 6 12
2 6 6 13
2 4 7 6
2 4 7 12
2 4 7 13
2 6 7 12
2 6 7 13
2 6 8 12
2 6 8 13
2 6 9 12
2 6 9 13
2 6 13 13
3 12 11 15
3 13 11 15
3 13 13 15
3 13 14 15
3 13 15 15
4 12 11 15
4 13 11 15
4 13 13 15
4 13 14 15
4 13 15 15
5 12 11 15
5 13 11 15
5 13 13 15
5 13 14 15
5 13 15 15
6 12 11 15
6 13 11 15
6 5 13 13
6 5 13 15
6 6 13 13
6 6 13 15
6 13 13 15
6 13 14 15
6 5 15 13
6 5 15 15
6 13 15 15
7 2 9 5
7 2 9 6
7 2 9 7
7 2 9 8
7 2 9 9
7 2 9 10
7 2 9 11
7 2 9 12
7 2 9 13
7 2 9 14
7 2 9 15
7 12 11 15
7 13 11 15
7 5 13 13
7 5 13 15
7 6 13 13
7 6 13 15
7 13 13 15
7 13 14 15
7 5 15 13
7 5 15 15
7 13 15 15
8 12 11 15
8 13 11 15
8 5 13 13
8 5 13 15
8 6 13 13
8 6 13 15
8 13 13 15
8 13 14 15
8 5 15 13
8 5 15 15
8 13 15 15
9 12 11 15
9 13 11 15
9 5 13 13
9 5 13 15
9 6 13 13
9 6 13 15
9 13 13 15
9 13 14 15
9 5 15 13
9 5 15 15
9 13 15 15
11 13 13 15
11 13 14 15
11 13 15 15
13 5 15 7
13 5 15 8
13 5 15 9
13 5 15 10
13 5 15 11
13 5 15 12
13 5 15 13
13 5 15 14
13 5 15 15
