18 25
0000001111111111111111110
0000001000000000000000010
1111111111111111100000010
1000001111111111110000010
1000001100000111111110010
1000001100000111110010010
1000001100000111110010010
1000001111111111111010010
1111111111111111111010010
1000001100000111011010010
1011111111111111011010010
1111111111111111111111110
1110001100011111110000110
1110001100011111000000110
1111111111111111111111110
1010001000001001000000010
1111111111111111000000010
0011111111111111111111110
333
1 7 12 24
1 7 15 24
1 7 18 24
3 7 8 14
3 7 8 15
3 7 8 16
3 7 8 17
3 8 8 14
3 8 8 15
3 8 8 16
3 8 8 17
3 1 9 7
3 1 9 8
3 1 9 14
3 1 9 15
3 1 9 16
3 1 9 17
3 7 9 14
3 7 9 15
3 7 9 16
3 7 9 17
3 8 9 14
3 8 9 15
3 8 9 16
3 8 9 17
3 7 11 14
3 7 11 15
3 7 11 16
3 8 11 14
3 8 11 15
3 8 11 16
3 1 12 7
3 1 12 8
3 1 12 14
3 1 12 15
3 1 12 16
3 7 12 14
3 7 12 15
3 7 12 16
3 8 12 14
3 8 12 15
3 8 12 16
3 1 15 7
3 1 15 8
3 1 15 14
3 1 15 15
3 1 15 16
3 7 15 14
3 7 15 15
3 7 15 16
3 8 15 14
3 8 15 15
3 8 15 16
3 1 17 7
3 1 17 16
3 7 17 16
3 7 18 16
4 7 8 14
4 7 8 15
4 7 8 16
4 7 8 17
4 7 8 18
4 8 8 14
4 8 8 15
4 8 8 16
4 8 8 17
4 8 8 18
4 7 9 14
4 7 9 15
4 7 9 16
4 7 9 17
4 7 9 18
4 8 9 14
4 8 9 15
4 8 9 16
4 8 9 17
4 8 9 18
4 7 11 14
4 7 11 15
4 7 11 16
4 8 11 14
4 8 11 15
4 8 11 16
4 7 12 14
4 7 12 15
4 7 12 16
4 7 12 18
4 8 12 14
4 8 12 15
4 8 12 16
4 8 12 18
4 14 12 18
4 15 12 18
4 16 12 18
4 14 13 18
4 15 13 18
4 16 13 18
4 7 15 14
4 7 15 15
4 7 15 16
4 8 15 14
4 8 15 15
4 8 15 16
4 7 17 16
4 7 18 16
5 14 12 18
5 14 12 21
5 15 12 18
5 15 12 21
5 16 12 18
5 16 12 21
5 18 12 21
5 14 13 18
5 15 13 18
5 16 13 18
6 14 12 18
6 15 12 18
6 16 12 18
6 14 13 18
6 15 13 18
6 16 13 18
7 14 12 18
7 15 12 18
7 16 12 18
7 14 13 18
7 15 13 18
7 16 13 18
8 7 11 14
8 7 11 15
8 7 11 16
8 8 11 14
8 8 11 15
8 8 11 16
8 7 12 14
8 7 12 15
8 7 12 16
8 7 12 18
8 7 12 19
8 8 12 14
8 8 12 15
8 8 12 16
8 8 12 18
8 8 12 19
8 14 12 18
8 14 12 19
8 15 12 18
8 15 12 19
8 16 12 18
8 16 12 19
8 14 13 18
8 15 13 18
8 16 13 18
8 7 15 14
8 7 15 15
8 7 15 16
8 8 15 14
8 8 15 15
8 8 15 16
8 7 17 16
8 7 18 16
9 7 11 14
9 7 11 15
9 7 11 16
9 8 11 14
9 8 11 15
9 8 11 16
9 1 12 7
9 1 12 8
9 1 12 14
9 1 12 15
9 1 12 16
9 1 12 18
9 1 12 19
9 7 12 14
9 7 12 15
9 7 12 16
9 7 12 18
9 7 12 19
9 8 12 14
9 8 12 15
9 8 12 16
9 8 12 18
9 8 12 19
9 14 12 18
9 14 12 19
9 15 12 18
9 15 12 19
9 16 12 18
9 16 12 19
9 14 13 18
9 15 13 18
9 16 13 18
9 1 15 7
9 1 15 8
9 1 15 14
9 1 15 15
9 1 15 16
9 7 15 14
9 7 15 15
9 7 15 16
9 8 15 14
9 8 15 15
9 8 15 16
9 1 17 7
9 1 17 16
9 7 17 16
9 7 18 16
11 3 15 7
11 3 15 8
11 3 15 12
11 3 15 13
11 3 15 14
11 3 15 15
11 3 15 16
11 7 15 12
11 7 15 13
11 7 15 14
11 7 15 15
11 7 15 16
11 8 15 12
11 8 15 13
11 8 15 14
11 8 15 15
11 8 15 16
11 3 17 7
11 3 17 13
11 3 17 16
11 7 17 13
11 7 17 16
11 13 17 16
11 3 18 7
11 3 18 13
11 3 18 16
11 7 18 13
11 7 18 16
11 13 18 16
12 1 15 7
12 1 15 8
12 1 15 12
12 1 15 13
12 1 15 14
12 1 15 15
12 1 15 16
12 1 15 23
12 1 15 24
12 2 15 7
12 2 15 8
12 2 15 12
12 2 15 13
12 2 15 14
12 2 15 15
12 2 15 16
12 2 15 23
12 2 15 24
12 3 15 7
12 3 15 8
12 3 15 12
12 3 15 13
12 3 15 14
12 3 15 15
12 3 15 16
12 3 15 23
12 3 15 24
12 7 15 12
12 7 15 13
12 7 15 14
12 7 15 15
12 7 15 16
12 7 15 23
12 7 15 24
12 8 15 12
12 8 15 13
12 8 15 14
12 8 15 15
12 8 15 16
12 8 15 23
12 8 15 24
12 12 15 23
12 12 15 24
12 13 15 23
12 13 15 24
12 14 15 23
12 14 15 24
12 15 15 23
12 15 15 24
12 16 15 23
12 16 15 24
12 1 17 3
12 1 17 7
12 1 17 13
12 1 17 16
12 3 17 7
12 3 17 13
12 3 17 16
12 7 17 13
12 7 17 16
12 13 17 16
12 3 18 7
12 3 18 13
12 3 18 16
12 3 18 24
12 7 18 13
12 7 18 16
12 7 18 24
12 13 18 16
12 13 18 24
12 16 18 24
13 1 17 3
13 13 17 16
13 13 18 16
14 1 17 3
14 13 17 16
14 13 18 16
15 1 17 3
15 1 17 7
15 1 17 13
15 1 17 16
15 3 17 7
15 3 17 13
15 3 17 16
15 7 17 13
15 7 17 16
15 13 17 16
15 3 18 7
15 3 18 13
15 3 18 16
15 3 18 24
15 7 18 13
15 7 18 16
15 7 18 24
15 13 18 16
15 13 18 24
15 16 18 24
