20 24
000000000001111100000000
000000000001001111111100
000000000001001100000100
000000000001111111111100
000111111100000000000000
000111000100000000000000
000111000100000000000000
000111000100000000000000
000111000100000000000000
000111000100000000000000
000111000100000000000000
000111111111111111111100
000111111111111110000100
000101100000000010000100
000101100000000010000100
000101111111111111111100
000101000000000010000000
000111111111111110000000
000000000000000000000000
000000000000000000000000
31
1 12 4 15
1 12 4 16
2 15 4 22
2 16 4 22
5 4 12 10
5 5 12 10
5 6 12 10
5 4 13 10
5 5 13 10
5 6 13 10
5 4 18 6
6 4 18 6
7 4 18 6
8 4 18 6
9 4 18 6
10 4 18 6
11 4 18 6
12 6 16 17
12 6 16 22
12 7 16 17
12 7 16 22
12 17 16 22
12 4 18 6
12 4 18 17
12 6 18 17
13 6 16 17
13 7 16 17
13 4 18 6
13 4 18 17
13 6 18 17
16 6 18 17
