21 25
0000000000000000000000000
0000000000000000000000000
0000000000000000000000000
0000000000000000000000000
0000000000000000000000000
0000000000000000000000000
0000000111111111111000000
0000000100000000001000000
0000000100000000001000000
0011111111100000001000000
0010000100100000001000000
0010000111111111111000000
0010000000100000000000000
0010000000100000000000000
0010000000100000000000000
0010000000100000000000000
0010000000100000000000000
0010000000100000000000000
0010000000100000000000000
0010000000100000000000000
0011111111100000000000000
3
7 8 12 19
10 8 12 11
10 3 21 11
