23 20
00000000000000000000
11111111100111111111
11111111111111111101
11100000110100010101
11100000110100010101
11100000111111110101
11111110100101111111
11100010100101000111
11100010100101000111
11100010100101000111
11111111111111111111
10100010100101000011
10100010100101000011
10111110100101000011
11111111111111111111
10100000010100000101
10100000011111111111
10100000000000000000
11111000000000000000
11101000000000000000
11111000000000000000
11100000000000000000
00000000000000000000
148
2 12 6 16
2 16 7 18
2 16 7 20
2 18 7 20
2 18 8 20
2 18 9 20
2 18 10 20
2 1 11 9
2 2 11 9
2 3 11 9
2 12 11 18
2 12 11 20
2 18 11 20
2 1 15 3
2 1 15 9
2 3 15 9
2 12 15 20
2 12 17 20
2 1 19 3
2 1 20 3
2 1 21 3
2 1 22 3
3 9 6 12
3 9 6 16
3 10 6 12
3 10 6 16
3 12 6 16
3 16 7 18
3 1 11 9
3 1 11 12
3 1 11 18
3 2 11 9
3 2 11 12
3 2 11 18
3 3 11 9
3 3 11 12
3 3 11 18
3 9 11 12
3 9 11 18
3 12 11 18
3 1 15 3
3 1 15 9
3 1 15 12
3 3 15 9
3 3 15 12
3 9 15 12
3 1 19 3
3 1 20 3
3 1 21 3
3 1 22 3
4 1 15 3
4 1 19 3
4 1 20 3
4 1 21 3
4 1 22 3
5 1 15 3
5 1 19 3
5 1 20 3
5 1 21 3
5 1 22 3
6 9 11 12
6 9 11 14
6 12 11 14
6 1 15 3
6 9 15 12
6 9 15 14
6 12 15 14
6 1 19 3
6 1 20 3
6 1 21 3
6 1 22 3
7 1 11 7
7 2 11 7
7 3 11 7
7 14 11 18
7 14 11 19
7 14 11 20
7 3 14 7
7 1 15 3
7 1 15 7
7 3 15 7
7 14 15 19
7 14 15 20
7 1 19 3
7 1 20 3
7 1 21 3
7 1 22 3
8 1 15 3
8 1 19 3
8 1 20 3
8 1 21 3
8 1 22 3
9 1 15 3
9 1 19 3
9 1 20 3
9 1 21 3
9 1 22 3
10 1 15 3
10 1 19 3
10 1 20 3
10 1 21 3
10 1 22 3
11 3 14 7
11 1 15 3
11 1 15 7
11 1 15 9
11 1 15 12
11 1 15 14
11 1 15 19
11 1 15 20
11 3 15 7
11 3 15 9
11 3 15 12
11 3 15 14
11 3 15 19
11 3 15 20
11 7 15 9
11 7 15 12
11 7 15 14
11 7 15 19
11 7 15 20
11 9 15 12
11 9 15 14
11 9 15 19
11 9 15 20
11 12 15 14
11 12 15 19
11 12 15 20
11 14 15 19
11 14 15 20
11 12 17 20
11 1 19 3
11 1 20 3
11 1 21 3
11 1 22 3
15 10 17 12
15 10 17 18
15 10 17 20
15 12 17 18
15 12 17 20
15 18 17 20
15 1 19 3
15 1 20 3
15 1 21 3
15 1 22 3
19 1 21 5
19 2 21 5
19 3 21 5
