22 19
0000111000000000000
0000101001111110000
0000101001000010000
0111111001000010000
0100111001000010000
0111111111110010000
0000111111111111110
0000101001010010010
0000101001111111110
0011111111111111110
0010111001110111110
0010111001110111110
0010111001111111110
0010111000110101110
0011111111111111110
0000111111111111100
0000101000100000100
0011111111111111100
0010101000000000100
0010111000000000100
0010000000000000100
0011111111111111100
278
1 5 4 7
1 5 5 7
1 5 6 7
1 5 7 7
1 5 10 7
1 5 11 7
1 5 12 7
1 5 13 7
1 5 14 7
1 5 15 7
1 5 16 7
1 5 18 7
1 5 20 7
2 10 7 15
2 10 9 15
2 10 10 15
2 10 13 15
4 2 6 5
4 2 6 6
4 2 6 7
4 5 10 7
4 5 11 7
4 5 12 7
4 5 13 7
4 5 14 7
4 5 15 7
4 5 16 7
4 5 18 7
4 5 20 7
5 5 10 7
5 5 11 7
5 5 12 7
5 5 13 7
5 5 14 7
5 5 15 7
5 5 16 7
5 5 18 7
5 5 20 7
6 10 9 12
6 5 10 7
6 5 10 10
6 5 10 12
6 7 10 10
6 7 10 12
6 10 10 12
6 5 11 7
6 10 11 12
6 5 12 7
6 10 12 12
6 5 13 7
6 10 13 12
6 5 14 7
6 5 15 7
6 5 15 12
6 7 15 12
6 5 16 7
6 5 16 12
6 7 16 12
6 5 18 7
6 5 20 7
7 10 9 12
7 10 9 15
7 10 9 18
7 12 9 15
7 12 9 18
7 15 9 18
7 5 10 7
7 5 10 10
7 5 10 12
7 5 10 15
7 5 10 18
7 7 10 10
7 7 10 12
7 7 10 15
7 7 10 18
7 10 10 12
7 10 10 15
7 10 10 18
7 12 10 15
7 12 10 18
7 15 10 18
7 5 11 7
7 10 11 12
7 15 11 18
7 5 12 7
7 10 12 12
7 15 12 18
7 5 13 7
7 10 13 12
7 10 13 15
7 10 13 18
7 12 13 15
7 12 13 18
7 15 13 18
7 5 14 7
7 5 15 7
7 5 15 12
7 5 15 18
7 7 15 12
7 7 15 18
7 12 15 18
7 5 16 7
7 5 16 12
7 7 16 12
7 5 18 7
7 5 20 7
9 10 13 14
9 10 13 15
9 10 13 16
9 10 13 17
9 10 13 18
9 11 13 14
9 11 13 15
9 11 13 16
9 11 13 17
9 11 13 18
9 12 13 14
9 12 13 15
9 12 13 16
9 12 13 17
9 12 13 18
9 11 15 14
9 11 15 16
9 11 15 17
9 11 15 18
9 12 15 14
9 12 15 16
9 12 15 17
9 12 15 18
9 14 15 16
9 14 15 17
9 14 15 18
9 11 16 14
9 11 16 16
9 11 16 17
9 12 16 14
9 12 16 16
9 12 16 17
9 14 16 16
9 14 16 17
9 11 18 17
10 10 13 14
10 10 13 15
10 10 13 16
10 10 13 17
10 10 13 18
10 11 13 14
10 11 13 15
10 11 13 16
10 11 13 17
10 11 13 18
10 12 13 14
10 12 13 15
10 12 13 16
10 12 13 17
10 12 13 18
10 3 15 5
10 3 15 6
10 3 15 7
10 3 15 11
10 3 15 12
10 3 15 14
10 3 15 16
10 3 15 17
10 3 15 18
10 5 15 11
10 5 15 12
10 5 15 14
10 5 15 16
10 5 15 17
10 5 15 18
10 6 15 11
10 6 15 12
10 6 15 14
10 6 15 16
10 6 15 17
10 6 15 18
10 7 15 11
10 7 15 12
10 7 15 14
10 7 15 16
10 7 15 17
10 7 15 18
10 11 15 14
10 11 15 16
10 11 15 17
10 11 15 18
10 12 15 14
10 12 15 16
10 12 15 17
10 12 15 18
10 14 15 16
10 14 15 17
10 14 15 18
10 5 16 11
10 5 16 12
10 5 16 14
10 5 16 16
10 5 16 17
10 6 16 11
10 6 16 12
10 6 16 14
10 6 16 16
10 6 16 17
10 7 16 11
10 7 16 12
10 7 16 14
10 7 16 16
10 7 16 17
10 11 16 14
10 11 16 16
10 11 16 17
10 12 16 14
10 12 16 16
10 12 16 17
10 14 16 16
10 14 16 17
10 5 18 7
10 5 18 11
10 5 18 17
10 7 18 11
10 7 18 17
10 11 18 17
10 5 20 7
11 14 15 16
11 14 15 17
11 14 15 18
11 14 16 16
11 14 16 17
11 5 18 7
11 5 20 7
12 14 15 16
12 14 15 17
12 14 15 18
12 14 16 16
12 14 16 17
12 5 18 7
12 5 20 7
13 11 15 14
13 11 15 16
13 11 15 17
13 11 15 18
13 12 15 14
13 12 15 16
13 12 15 17
13 12 15 18
13 14 15 16
13 14 15 17
13 14 15 18
13 11 16 14
13 11 16 16
13 11 16 17
13 12 16 14
13 12 16 16
13 12 16 17
13 14 16 16
13 14 16 17
13 5 18 7
13 11 18 17
13 5 20 7
14 5 18 7
14 5 20 7
15 5 18 7
15 5 18 11
15 5 18 17
15 7 18 11
15 7 18 17
15 11 18 17
15 5 20 7
16 5 18 7
16 5 18 11
16 5 18 17
16 7 18 11
16 7 18 17
16 11 18 17
16 5 20 7
18 5 20 7
18 3 22 17
