20 16
0000000000000000
0001111111111100
1111111110011111
1011111111110101
1011101110110101
1011101110111111
1011101110111101
1111111110111111
1011111110110101
1111111111111101
1011111110111111
1111111010100000
1001111111100000
1001001010100000
1001001010100000
1001001010100000
1111111111100000
1111111110000000
0001111000000000
0000000000000000
343
2 4 4 12
2 5 4 12
2 6 4 12
2 7 4 12
2 8 4 12
2 9 4 12
2 12 6 14
2 12 7 14
2 4 8 7
2 4 8 8
2 4 8 9
2 5 8 7
2 5 8 8
2 5 8 9
2 12 8 14
2 4 9 7
2 4 9 8
2 4 9 9
2 5 9 7
2 5 9 8
2 5 9 9
2 4 10 7
2 4 10 8
2 4 10 9
2 4 10 12
2 4 10 14
2 5 10 7
2 5 10 8
2 5 10 9
2 5 10 12
2 5 10 14
2 7 10 12
2 7 10 14
2 8 10 12
2 8 10 14
2 9 10 12
2 9 10 14
2 12 10 14
2 4 11 7
2 4 11 8
2 4 11 9
2 5 11 7
2 5 11 8
2 5 11 9
2 12 11 14
2 4 12 7
2 5 12 7
2 4 13 7
2 4 13 9
2 5 13 7
2 5 13 9
2 7 13 9
2 4 17 7
2 4 17 9
2 7 17 9
2 4 18 7
2 4 18 9
2 7 18 9
2 4 19 7
3 12 6 14
3 12 6 16
3 14 6 16
3 12 7 14
3 1 8 3
3 1 8 4
3 1 8 5
3 1 8 7
3 1 8 8
3 1 8 9
3 3 8 7
3 3 8 8
3 3 8 9
3 4 8 7
3 4 8 8
3 4 8 9
3 5 8 7
3 5 8 8
3 5 8 9
3 12 8 14
3 12 8 16
3 14 8 16
3 3 9 7
3 3 9 8
3 3 9 9
3 4 9 7
3 4 9 8
3 4 9 9
3 5 9 7
3 5 9 8
3 5 9 9
3 1 10 3
3 1 10 4
3 1 10 5
3 1 10 7
3 1 10 8
3 1 10 9
3 3 10 7
3 3 10 8
3 3 10 9
3 4 10 7
3 4 10 8
3 4 10 9
3 5 10 7
3 5 10 8
3 5 10 9
3 12 10 14
3 3 11 7
3 3 11 8
3 3 11 9
3 4 11 7
3 4 11 8
3 4 11 9
3 5 11 7
3 5 11 8
3 5 11 9
3 12 11 14
3 12 11 16
3 14 11 16
3 1 12 3
3 1 12 4
3 1 12 5
3 1 12 7
3 3 12 7
3 4 12 7
3 5 12 7
3 4 13 7
3 4 13 9
3 5 13 7
3 5 13 9
3 7 13 9
3 1 17 4
3 1 17 7
3 1 17 9
3 4 17 7
3 4 17 9
3 7 17 9
3 1 18 4
3 1 18 7
3 1 18 9
3 4 18 7
3 4 18 9
3 7 18 9
3 4 19 7
4 3 8 7
4 3 8 8
4 3 8 9
4 4 8 7
4 4 8 8
4 4 8 9
4 5 8 7
4 5 8 8
4 5 8 9
4 3 9 7
4 3 9 8
4 3 9 9
4 4 9 7
4 4 9 8
4 4 9 9
4 5 9 7
4 5 9 8
4 5 9 9
4 3 10 7
4 3 10 8
4 3 10 9
4 3 10 11
4 3 10 12
4 4 10 7
4 4 10 8
4 4 10 9
4 4 10 11
4 4 10 12
4 5 10 7
4 5 10 8
4 5 10 9
4 5 10 11
4 5 10 12
4 7 10 11
4 7 10 12
4 8 10 11
4 8 10 12
4 9 10 11
4 9 10 12
4 3 11 7
4 3 11 8
4 3 11 9
4 4 11 7
4 4 11 8
4 4 11 9
4 5 11 7
4 5 11 8
4 5 11 9
4 3 12 7
4 4 12 7
4 5 12 7
4 4 13 7
4 4 13 9
4 4 13 11
4 5 13 7
4 5 13 9
4 5 13 11
4 7 13 9
4 7 13 11
4 9 13 11
4 4 17 7
4 4 17 9
4 4 17 11
4 7 17 9
4 7 17 11
4 9 17 11
4 4 18 7
4 4 18 9
4 7 18 9
4 4 19 7
5 7 13 9
5 7 17 9
5 7 18 9
6 11 8 16
6 12 8 16
6 13 8 16
6 14 8 16
6 11 10 14
6 12 10 14
6 11 11 14
6 11 11 16
6 12 11 14
6 12 11 16
6 14 11 16
6 7 13 9
6 7 17 9
6 7 18 9
7 11 10 14
7 12 10 14
7 11 11 14
7 12 11 14
7 7 13 9
7 7 17 9
7 7 18 9
8 1 10 3
8 1 10 4
8 1 10 5
8 1 10 6
8 1 10 7
8 1 10 8
8 1 10 9
8 11 10 14
8 12 10 14
8 11 11 14
8 11 11 16
8 12 11 14
8 12 11 16
8 14 11 16
8 1 12 3
8 1 12 4
8 1 12 5
8 1 12 6
8 1 12 7
8 4 13 9
8 5 13 9
8 6 13 9
8 7 13 9
8 1 17 4
8 1 17 7
8 1 17 9
8 4 17 7
8 4 17 9
8 7 17 9
8 1 18 4
8 1 18 7
8 1 18 9
8 4 18 7
8 4 18 9
8 7 18 9
8 4 19 7
9 4 13 9
9 5 13 9
9 6 13 9
9 7 13 9
9 4 17 7
9 4 17 9
9 7 17 9
9 4 18 7
9 4 18 9
9 7 18 9
9 4 19 7
10 1 12 3
10 1 12 4
10 1 12 5
10 1 12 6
10 1 12 7
10 4 13 9
10 4 13 11
10 5 13 9
10 5 13 11
10 6 13 9
10 6 13 11
10 7 13 9
10 7 13 11
10 9 13 11
10 1 17 4
10 1 17 7
10 1 17 9
10 1 17 11
10 4 17 7
10 4 17 9
10 4 17 11
10 7 17 9
10 7 17 11
10 9 17 11
10 1 18 4
10 1 18 7
10 1 18 9
10 4 18 7
10 4 18 9
10 7 18 9
10 4 19 7
11 4 13 9
11 5 13 9
11 6 13 9
11 7 13 9
11 4 17 7
11 4 17 9
11 7 17 9
11 4 18 7
11 4 18 9
11 7 18 9
11 4 19 7
12 1 17 4
12 1 17 7
12 4 17 7
12 1 18 4
12 1 18 7
12 4 18 7
12 4 19 7
13 4 17 7
13 4 17 9
13 4 17 11
13 7 17 9
13 7 17 11
13 9 17 11
13 4 18 7
13 4 18 9
13 7 18 9
13 4 19 7
