23 14
00000111100000
00000100100000
00000100100000
00000100100000
00111111100000
00100100100000
00100100100000
00100100100000
00100100100000
01111111111000
01100100101000
01100100101000
01100100101000
01100111101000
01100000101000
01100000101000
01111000101000
01101000101000
01101000101000
01101000101000
01111111111000
01111000100000
00111111100000
24
1 6 5 9
1 6 10 9
1 6 14 9
5 3 10 6
5 3 10 9
5 6 10 9
5 6 14 9
5 3 21 9
5 3 23 9
10 6 14 9
10 2 21 9
10 2 21 11
10 3 21 9
10 3 21 11
10 9 21 11
10 3 23 9
17 2 21 5
17 3 21 5
17 2 22 5
17 3 22 5
17 3 23 5
21 3 23 9
21 4 23 9
21 5 23 9
