24 23
00000000000000000000000
00000000000000000000000
00000000000000000000000
00000000000000000000000
00000000000000011111110
00000000000000010000010
00000000001111111000010
00000000001000011000010
00000000001000011000010
00000000001000011000010
00000000001000011000010
00011110001000011000010
00010010001000011000010
00011110001000011000010
00010110001000011000010
00010111111111111111110
00010111000001001111111
00010111000001001000001
00010111000001001111111
00011111000001000000000
00010101111111000000000
00010100000000000000000
00011100000000000000000
00000000000000000000000
11
5 16 16 22
7 11 16 16
7 11 16 17
12 4 14 7
12 4 20 7
14 4 20 6
14 4 20 7
14 4 23 6
16 8 21 14
17 17 19 23
20 4 23 6
