25 15
011111110000000
010000010111110
010000010100010
010011111110010
010111110110010
010111111111111
011111111110011
010110111110011
010110111110011
010110111110011
010110111110011
010111111110011
010111111111111
010011111110111
011111111111111
010011101110110
111111111111111
111111111110111
100111111111111
100111111111101
100111111111101
111111111111101
100111111111101
100111111111111
111111111111100
1102
1 2 7 8
1 2 15 8
2 10 6 14
2 10 13 14
2 10 15 14
2 10 17 14
2 10 19 14
4 5 6 10
4 5 6 11
4 6 6 10
4 6 6 11
4 7 6 10
4 7 6 11
4 8 6 10
4 8 6 11
4 5 7 10
4 5 7 11
4 6 7 10
4 6 7 11
4 7 7 10
4 7 7 11
4 8 7 10
4 8 7 11
4 7 8 10
4 7 8 11
4 8 8 10
4 8 8 11
4 7 9 10
4 7 9 11
4 8 9 10
4 8 9 11
4 7 10 10
4 7 10 11
4 8 10 10
4 8 10 11
4 7 11 10
4 7 11 11
4 8 11 10
4 8 11 11
4 5 12 7
4 5 12 8
4 5 12 10
4 5 12 11
4 7 12 10
4 7 12 11
4 8 12 10
4 8 12 11
4 5 13 7
4 5 13 8
4 5 13 10
4 5 13 11
4 7 13 10
4 7 13 11
4 8 13 10
4 8 13 11
4 5 14 7
4 5 14 8
4 5 14 10
4 5 14 11
4 7 14 10
4 7 14 11
4 8 14 10
4 8 14 11
4 5 15 7
4 5 15 8
4 5 15 10
4 5 15 11
4 7 15 10
4 7 15 11
4 8 15 10
4 8 15 11
4 5 16 7
4 5 17 7
4 5 17 10
4 5 17 11
4 7 17 10
4 7 17 11
4 5 18 7
4 5 18 10
4 5 18 11
4 7 18 10
4 7 18 11
4 5 19 7
4 5 19 10
4 5 19 11
4 7 19 10
4 7 19 11
4 5 20 7
4 5 20 10
4 5 20 11
4 7 20 10
4 7 20 11
4 5 21 7
4 5 21 10
4 5 21 11
4 7 21 10
4 7 21 11
4 5 22 7
4 5 22 10
4 5 22 11
4 7 22 10
4 7 22 11
4 5 23 7
4 5 23 10
4 5 23 11
4 7 23 10
4 7 23 11
4 5 24 7
4 5 24 10
4 5 24 11
4 7 24 10
4 7 24 11
4 5 25 7
4 5 25 10
4 5 25 11
4 7 25 10
4 7 25 11
5 4 12 7
5 4 12 8
5 5 12 7
5 5 12 8
5 4 13 7
5 4 13 8
5 5 13 7
5 5 13 8
5 5 14 7
5 5 14 8
5 5 15 7
5 5 15 8
5 5 16 7
5 5 17 7
5 5 18 7
5 5 19 7
5 5 20 7
5 5 21 7
5 5 22 7
5 5 23 7
5 5 24 7
5 5 25 7
6 4 12 7
6 4 12 8
6 4 12 9
6 4 12 10
6 4 12 11
6 5 12 7
6 5 12 8
6 5 12 9
6 5 12 10
6 5 12 11
6 4 13 7
6 4 13 8
6 4 13 9
6 4 13 10
6 4 13 11
6 4 13 14
6 4 13 15
6 5 13 7
6 5 13 8
6 5 13 9
6 5 13 10
6 5 13 11
6 5 13 14
6 5 13 15
6 7 13 14
6 7 13 15
6 8 13 14
6 8 13 15
6 9 13 14
6 9 13 15
6 10 13 14
6 10 13 15
6 11 13 14
6 11 13 15
6 5 14 7
6 5 14 8
6 5 14 9
6 5 14 10
6 5 14 11
6 5 15 7
6 5 15 8
6 5 15 9
6 5 15 10
6 5 15 11
6 5 15 14
6 5 15 15
6 7 15 14
6 7 15 15
6 8 15 14
6 8 15 15
6 9 15 14
6 9 15 15
6 10 15 14
6 10 15 15
6 11 15 14
6 11 15 15
6 5 16 7
6 5 17 7
6 5 17 9
6 5 17 10
6 5 17 11
6 5 17 14
6 7 17 9
6 7 17 10
6 7 17 11
6 7 17 14
6 9 17 14
6 10 17 14
6 11 17 14
6 5 18 7
6 5 18 9
6 5 18 10
6 5 18 11
6 7 18 9
6 7 18 10
6 7 18 11
6 5 19 7
6 5 19 9
6 5 19 10
6 5 19 11
6 5 19 14
6 7 19 9
6 7 19 10
6 7 19 11
6 7 19 14
6 9 19 14
6 10 19 14
6 11 19 14
6 5 20 7
6 5 20 9
6 5 20 10
6 5 20 11
6 7 20 9
6 7 20 10
6 7 20 11
6 5 21 7
6 5 21 9
6 5 21 10
6 5 21 11
6 7 21 9
6 7 21 10
6 7 21 11
6 5 22 7
6 5 22 9
6 5 22 10
6 5 22 11
6 7 22 9
6 7 22 10
6 7 22 11
6 5 23 7
6 5 23 9
6 5 23 10
6 5 23 11
6 7 23 9
6 7 23 10
6 7 23 11
6 5 24 7
6 5 24 9
6 5 24 10
6 5 24 11
6 7 24 9
6 7 24 10
6 7 24 11
6 5 25 7
6 5 25 9
6 5 25 10
6 5 25 11
6 7 25 9
6 7 25 10
6 7 25 11
7 4 12 7
7 4 12 8
7 4 12 9
7 4 12 10
7 4 12 11
7 5 12 7
7 5 12 8
7 5 12 9
7 5 12 10
7 5 12 11
7 4 13 7
7 4 13 8
7 4 13 9
7 4 13 10
7 4 13 11
7 5 13 7
7 5 13 8
7 5 13 9
7 5 13 10
7 5 13 11
7 5 14 7
7 5 14 8
7 5 14 9
7 5 14 10
7 5 14 11
7 2 15 5
7 2 15 7
7 2 15 8
7 2 15 9
7 2 15 10
7 2 15 11
7 5 15 7
7 5 15 8
7 5 15 9
7 5 15 10
7 5 15 11
7 5 16 7
7 2 17 5
7 2 17 7
7 2 17 9
7 2 17 10
7 2 17 11
7 5 17 7
7 5 17 9
7 5 17 10
7 5 17 11
7 7 17 9
7 7 17 10
7 7 17 11
7 2 18 5
7 2 18 7
7 2 18 9
7 2 18 10
7 2 18 11
7 5 18 7
7 5 18 9
7 5 18 10
7 5 18 11
7 7 18 9
7 7 18 10
7 7 18 11
7 5 19 7
7 5 19 9
7 5 19 10
7 5 19 11
7 7 19 9
7 7 19 10
7 7 19 11
7 5 20 7
7 5 20 9
7 5 20 10
7 5 20 11
7 7 20 9
7 7 20 10
7 7 20 11
7 5 21 7
7 5 21 9
7 5 21 10
7 5 21 11
7 7 21 9
7 7 21 10
7 7 21 11
7 5 22 7
7 5 22 9
7 5 22 10
7 5 22 11
7 7 22 9
7 7 22 10
7 7 22 11
7 5 23 7
7 5 23 9
7 5 23 10
7 5 23 11
7 7 23 9
7 7 23 10
7 7 23 11
7 5 24 7
7 5 24 9
7 5 24 10
7 5 24 11
7 7 24 9
7 7 24 10
7 7 24 11
7 5 25 7
7 5 25 9
7 5 25 10
7 5 25 11
7 7 25 9
7 7 25 10
7 7 25 11
8 7 17 9
8 7 17 10
8 7 17 11
8 7 18 9
8 7 18 10
8 7 18 11
8 7 19 9
8 7 19 10
8 7 19 11
8 7 20 9
8 7 20 10
8 7 20 11
8 7 21 9
8 7 21 10
8 7 21 11
8 7 22 9
8 7 22 10
8 7 22 11
8 7 23 9
8 7 23 10
8 7 23 11
8 7 24 9
8 7 24 10
8 7 24 11
8 7 25 9
8 7 25 10
8 7 25 11
9 7 17 9
9 7 17 10
9 7 17 11
9 7 18 9
9 7 18 10
9 7 18 11
9 7 19 9
9 7 19 10
9 7 19 11
9 7 20 9
9 7 20 10
9 7 20 11
9 7 21 9
9 7 21 10
9 7 21 11
9 7 22 9
9 7 22 10
9 7 22 11
9 7 23 9
9 7 23 10
9 7 23 11
9 7 24 9
9 7 24 10
9 7 24 11
9 7 25 9
9 7 25 10
9 7 25 11
10 7 17 9
10 7 17 10
10 7 17 11
10 7 18 9
10 7 18 10
10 7 18 11
10 7 19 9
10 7 19 10
10 7 19 11
10 7 20 9
10 7 20 10
10 7 20 11
10 7 21 9
10 7 21 10
10 7 21 11
10 7 22 9
10 7 22 10
10 7 22 11
10 7 23 9
10 7 23 10
10 7 23 11
10 7 24 9
10 7 24 10
10 7 24 11
10 7 25 9
10 7 25 10
10 7 25 11
11 7 17 9
11 7 17 10
11 7 17 11
11 7 18 9
11 7 18 10
11 7 18 11
11 7 19 9
11 7 19 10
11 7 19 11
11 7 20 9
11 7 20 10
11 7 20 11
11 7 21 9
11 7 21 10
11 7 21 11
11 7 22 9
11 7 22 10
11 7 22 11
11 7 23 9
11 7 23 10
11 7 23 11
11 7 24 9
11 7 24 10
11 7 24 11
11 7 25 9
11 7 25 10
11 7 25 11
12 5 17 9
12 5 17 10
12 5 17 11
12 6 17 9
12 6 17 10
12 6 17 11
12 7 17 9
12 7 17 10
12 7 17 11
12 5 18 9
12 5 18 10
12 5 18 11
12 6 18 9
12 6 18 10
12 6 18 11
12 7 18 9
12 7 18 10
12 7 18 11
12 5 19 9
12 5 19 10
12 5 19 11
12 6 19 9
12 6 19 10
12 6 19 11
12 7 19 9
12 7 19 10
12 7 19 11
12 5 20 9
12 5 20 10
12 5 20 11
12 6 20 9
12 6 20 10
12 6 20 11
12 7 20 9
12 7 20 10
12 7 20 11
12 5 21 9
12 5 21 10
12 5 21 11
12 6 21 9
12 6 21 10
12 6 21 11
12 7 21 9
12 7 21 10
12 7 21 11
12 5 22 9
12 5 22 10
12 5 22 11
12 6 22 9
12 6 22 10
12 6 22 11
12 7 22 9
12 7 22 10
12 7 22 11
12 5 23 9
12 5 23 10
12 5 23 11
12 6 23 9
12 6 23 10
12 6 23 11
12 7 23 9
12 7 23 10
12 7 23 11
12 5 24 9
12 5 24 10
12 5 24 11
12 6 24 9
12 6 24 10
12 6 24 11
12 7 24 9
12 7 24 10
12 7 24 11
12 5 25 9
12 5 25 10
12 5 25 11
12 6 25 9
12 6 25 10
12 6 25 11
12 7 25 9
12 7 25 10
12 7 25 11
13 5 15 13
13 5 15 14
13 5 15 15
13 6 15 13
13 6 15 14
13 6 15 15
13 7 15 13
13 7 15 14
13 7 15 15
13 8 15 13
13 8 15 14
13 8 15 15
13 9 15 13
13 9 15 14
13 9 15 15
13 10 15 13
13 10 15 14
13 10 15 15
13 11 15 13
13 11 15 14
13 11 15 15
13 5 17 9
13 5 17 10
13 5 17 11
13 5 17 13
13 5 17 14
13 6 17 9
13 6 17 10
13 6 17 11
13 6 17 13
13 6 17 14
13 7 17 9
13 7 17 10
13 7 17 11
13 7 17 13
13 7 17 14
13 9 17 13
13 9 17 14
13 10 17 13
13 10 17 14
13 11 17 13
13 11 17 14
13 5 18 9
13 5 18 10
13 5 18 11
13 6 18 9
13 6 18 10
13 6 18 11
13 7 18 9
13 7 18 10
13 7 18 11
13 5 19 9
13 5 19 10
13 5 19 11
13 5 19 13
13 5 19 14
13 6 19 9
13 6 19 10
13 6 19 11
13 6 19 13
13 6 19 14
13 7 19 9
13 7 19 10
13 7 19 11
13 7 19 13
13 7 19 14
13 9 19 13
13 9 19 14
13 10 19 13
13 10 19 14
13 11 19 13
13 11 19 14
13 5 20 9
13 5 20 10
13 5 20 11
13 5 20 13
13 6 20 9
13 6 20 10
13 6 20 11
13 6 20 13
13 7 20 9
13 7 20 10
13 7 20 11
13 7 20 13
13 9 20 13
13 10 20 13
13 11 20 13
13 5 21 9
13 5 21 10
13 5 21 11
13 5 21 13
13 6 21 9
13 6 21 10
13 6 21 11
13 6 21 13
13 7 21 9
13 7 21 10
13 7 21 11
13 7 21 13
13 9 21 13
13 10 21 13
13 11 21 13
13 5 22 9
13 5 22 10
13 5 22 11
13 5 22 13
13 6 22 9
13 6 22 10
13 6 22 11
13 6 22 13
13 7 22 9
13 7 22 10
13 7 22 11
13 7 22 13
13 9 22 13
13 10 22 13
13 11 22 13
13 5 23 9
13 5 23 10
13 5 23 11
13 5 23 13
13 6 23 9
13 6 23 10
13 6 23 11
13 6 23 13
13 7 23 9
13 7 23 10
13 7 23 11
13 7 23 13
13 9 23 13
13 10 23 13
13 11 23 13
13 5 24 9
13 5 24 10
13 5 24 11
13 5 24 13
13 6 24 9
13 6 24 10
13 6 24 11
13 6 24 13
13 7 24 9
13 7 24 10
13 7 24 11
13 7 24 13
13 9 24 13
13 10 24 13
13 11 24 13
13 5 25 9
13 5 25 10
13 5 25 11
13 5 25 13
13 6 25 9
13 6 25 10
13 6 25 11
13 6 25 13
13 7 25 9
13 7 25 10
13 7 25 11
13 7 25 13
13 9 25 13
13 10 25 13
13 11 25 13
14 5 17 9
14 5 17 10
14 5 17 11
14 6 17 9
14 6 17 10
14 6 17 11
14 7 17 9
14 7 17 10
14 7 17 11
14 5 18 9
14 5 18 10
14 5 18 11
14 6 18 9
14 6 18 10
14 6 18 11
14 7 18 9
14 7 18 10
14 7 18 11
14 5 19 9
14 5 19 10
14 5 19 11
14 6 19 9
14 6 19 10
14 6 19 11
14 7 19 9
14 7 19 10
14 7 19 11
14 5 20 9
14 5 20 10
14 5 20 11
14 6 20 9
14 6 20 10
14 6 20 11
14 7 20 9
14 7 20 10
14 7 20 11
14 5 21 9
14 5 21 10
14 5 21 11
14 6 21 9
14 6 21 10
14 6 21 11
14 7 21 9
14 7 21 10
14 7 21 11
14 5 22 9
14 5 22 10
14 5 22 11
14 6 22 9
14 6 22 10
14 6 22 11
14 7 22 9
14 7 22 10
14 7 22 11
14 5 23 9
14 5 23 10
14 5 23 11
14 6 23 9
14 6 23 10
14 6 23 11
14 7 23 9
14 7 23 10
14 7 23 11
14 5 24 9
14 5 24 10
14 5 24 11
14 6 24 9
14 6 24 10
14 6 24 11
14 7 24 9
14 7 24 10
14 7 24 11
14 5 25 9
14 5 25 10
14 5 25 11
14 6 25 9
14 6 25 10
14 6 25 11
14 7 25 9
14 7 25 10
14 7 25 11
15 2 17 5
15 2 17 6
15 2 17 7
15 2 17 9
15 2 17 10
15 2 17 11
15 2 17 13
15 2 17 14
15 5 17 9
15 5 17 10
15 5 17 11
15 5 17 13
15 5 17 14
15 6 17 9
15 6 17 10
15 6 17 11
15 6 17 13
15 6 17 14
15 7 17 9
15 7 17 10
15 7 17 11
15 7 17 13
15 7 17 14
15 9 17 13
15 9 17 14
15 10 17 13
15 10 17 14
15 11 17 13
15 11 17 14
15 2 18 5
15 2 18 6
15 2 18 7
15 2 18 9
15 2 18 10
15 2 18 11
15 5 18 9
15 5 18 10
15 5 18 11
15 6 18 9
15 6 18 10
15 6 18 11
15 7 18 9
15 7 18 10
15 7 18 11
15 5 19 9
15 5 19 10
15 5 19 11
15 5 19 13
15 5 19 14
15 6 19 9
15 6 19 10
15 6 19 11
15 6 19 13
15 6 19 14
15 7 19 9
15 7 19 10
15 7 19 11
15 7 19 13
15 7 19 14
15 9 19 13
15 9 19 14
15 10 19 13
15 10 19 14
15 11 19 13
15 11 19 14
15 5 20 9
15 5 20 10
15 5 20 11
15 5 20 13
15 6 20 9
15 6 20 10
15 6 20 11
15 6 20 13
15 7 20 9
15 7 20 10
15 7 20 11
15 7 20 13
15 9 20 13
15 10 20 13
15 11 20 13
15 5 21 9
15 5 21 10
15 5 21 11
15 5 21 13
15 6 21 9
15 6 21 10
15 6 21 11
15 6 21 13
15 7 21 9
15 7 21 10
15 7 21 11
15 7 21 13
15 9 21 13
15 10 21 13
15 11 21 13
15 5 22 9
15 5 22 10
15 5 22 11
15 5 22 13
15 6 22 9
15 6 22 10
15 6 22 11
15 6 22 13
15 7 22 9
15 7 22 10
15 7 22 11
15 7 22 13
15 9 22 13
15 10 22 13
15 11 22 13
15 5 23 9
15 5 23 10
15 5 23 11
15 5 23 13
15 6 23 9
15 6 23 10
15 6 23 11
15 6 23 13
15 7 23 9
15 7 23 10
15 7 23 11
15 7 23 13
15 9 23 13
15 10 23 13
15 11 23 13
15 5 24 9
15 5 24 10
15 5 24 11
15 5 24 13
15 6 24 9
15 6 24 10
15 6 24 11
15 6 24 13
15 7 24 9
15 7 24 10
15 7 24 11
15 7 24 13
15 9 24 13
15 10 24 13
15 11 24 13
15 5 25 9
15 5 25 10
15 5 25 11
15 5 25 13
15 6 25 9
15 6 25 10
15 6 25 11
15 6 25 13
15 7 25 9
15 7 25 10
15 7 25 11
15 7 25 13
15 9 25 13
15 10 25 13
15 11 25 13
17 4 19 13
17 4 19 14
17 4 19 15
17 5 19 13
17 5 19 14
17 5 19 15
17 6 19 13
17 6 19 14
17 6 19 15
17 7 19 13
17 7 19 14
17 7 19 15
17 8 19 13
17 8 19 14
17 8 19 15
17 9 19 13
17 9 19 14
17 9 19 15
17 10 19 13
17 10 19 14
17 10 19 15
17 11 19 13
17 11 19 14
17 11 19 15
17 4 20 13
17 5 20 13
17 6 20 13
17 7 20 13
17 8 20 13
17 9 20 13
17 10 20 13
17 11 20 13
17 4 21 13
17 5 21 13
17 6 21 13
17 7 21 13
17 8 21 13
17 9 21 13
17 10 21 13
17 11 21 13
17 1 22 4
17 1 22 5
17 1 22 6
17 1 22 7
17 1 22 8
17 1 22 9
17 1 22 10
17 1 22 11
17 1 22 13
17 4 22 13
17 5 22 13
17 6 22 13
17 7 22 13
17 8 22 13
17 9 22 13
17 10 22 13
17 11 22 13
17 4 23 13
17 5 23 13
17 6 23 13
17 7 23 13
17 8 23 13
17 9 23 13
17 10 23 13
17 11 23 13
17 4 24 13
17 4 24 15
17 5 24 13
17 5 24 15
17 6 24 13
17 6 24 15
17 7 24 13
17 7 24 15
17 8 24 13
17 8 24 15
17 9 24 13
17 9 24 15
17 10 24 13
17 10 24 15
17 11 24 13
17 11 24 15
17 13 24 15
17 1 25 4
17 1 25 5
17 1 25 6
17 1 25 7
17 1 25 8
17 1 25 9
17 1 25 10
17 1 25 11
17 1 25 13
17 4 25 13
17 5 25 13
17 6 25 13
17 7 25 13
17 8 25 13
17 9 25 13
17 10 25 13
17 11 25 13
18 1 22 4
18 1 22 5
18 1 22 6
18 1 22 7
18 1 22 8
18 1 22 9
18 1 22 10
18 1 22 11
18 13 24 15
18 1 25 4
18 1 25 5
18 1 25 6
18 1 25 7
18 1 25 8
18 1 25 9
18 1 25 10
18 1 25 11
19 4 24 15
19 5 24 15
19 6 24 15
19 7 24 15
19 8 24 15
19 9 24 15
19 10 24 15
19 11 24 15
19 12 24 15
19 13 24 15
22 1 25 4
22 1 25 5
22 1 25 6
22 1 25 7
22 1 25 8
22 1 25 9
22 1 25 10
22 1 25 11
22 1 25 12
22 1 25 13
