24 15
000011110000000
000010011111100
000010011000100
000010011000100
000010011000100
000010011000100
000010011111100
011111111111000
010110110001000
010110110001000
010110110001000
010110110001000
010110110001000
010110110001000
011111110001000
000110010001000
000110010001000
000110010001000
000110010001000
000110010001000
000111111111000
000000000000000
000000000000000
000000000000000
21
1 5 8 8
1 5 15 8
1 5 21 8
2 8 7 13
2 9 7 13
7 8 21 12
8 2 15 4
8 2 15 5
8 2 15 7
8 2 15 8
8 4 15 7
8 4 15 8
8 5 15 7
8 5 15 8
8 4 21 8
8 4 21 12
8 5 21 8
8 5 21 12
8 8 21 12
15 4 21 8
15 5 21 8
