19 10
0000000000
1111111110
1110000110
1111111110
1010001110
1010001110
1110001110
1010001110
1010001110
1111111110
1111111111
1110000011
1011111111
1010000001
1010000001
1110000001
1110000001
1111111111
0000000000
70
2 1 4 8
2 1 4 9
2 2 4 8
2 2 4 9
2 3 4 8
2 3 4 9
2 1 7 3
2 1 10 3
2 1 10 8
2 1 10 9
2 3 10 8
2 3 10 9
2 1 11 3
2 1 11 8
2 1 11 9
2 3 11 8
2 3 11 9
2 1 12 3
2 3 13 9
2 1 16 3
2 1 17 3
2 1 18 3
3 1 7 3
3 1 10 3
3 1 11 3
3 1 12 3
3 1 16 3
3 1 17 3
3 1 18 3
4 1 7 3
4 1 10 3
4 1 10 7
4 1 10 8
4 1 10 9
4 3 10 7
4 3 10 8
4 3 10 9
4 1 11 3
4 1 11 7
4 1 11 8
4 1 11 9
4 3 11 7
4 3 11 8
4 3 11 9
4 1 12 3
4 3 13 9
4 1 16 3
4 1 17 3
4 1 18 3
7 1 10 3
7 1 11 3
7 1 12 3
7 1 16 3
7 1 17 3
7 1 18 3
10 3 13 9
10 1 16 3
10 1 17 3
10 1 18 3
11 3 13 9
11 3 13 10
11 1 16 3
11 1 17 3
11 1 18 3
11 1 18 10
11 3 18 10
12 1 16 3
12 1 17 3
12 1 18 3
13 3 18 10
