12 15
000011111111111
001111111111111
001111111110001
001011111111111
001111111111111
001011111111111
001011111111010
001111111111110
000000011111110
000000000100010
000000000100010
000000000111110
124
1 5 4 15
1 6 4 15
1 7 4 15
1 8 4 15
1 9 4 15
1 10 4 15
1 11 4 15
1 5 5 15
1 6 5 15
1 7 5 15
1 8 5 15
1 9 5 15
1 10 5 15
1 11 5 15
1 5 6 15
1 6 6 15
1 7 6 15
1 8 6 15
1 9 6 15
1 10 6 15
1 11 6 15
2 5 4 15
2 6 4 15
2 7 4 15
2 8 4 15
2 9 4 15
2 10 4 15
2 11 4 15
2 3 5 5
2 3 5 6
2 3 5 7
2 3 5 8
2 3 5 9
2 3 5 10
2 3 5 11
2 3 5 15
2 5 5 15
2 6 5 15
2 7 5 15
2 8 5 15
2 9 5 15
2 10 5 15
2 11 5 15
2 5 6 15
2 6 6 15
2 7 6 15
2 8 6 15
2 9 6 15
2 10 6 15
2 11 6 15
2 3 8 5
2 3 8 6
2 3 8 7
2 3 8 8
2 3 8 9
2 3 8 10
2 3 8 11
3 3 5 5
3 3 5 6
3 3 5 7
3 3 5 8
3 3 5 9
3 3 5 10
3 3 5 11
3 3 8 5
3 3 8 6
3 3 8 7
3 3 8 8
3 3 8 9
3 3 8 10
3 3 8 11
4 5 8 14
4 6 8 14
4 7 8 14
4 8 8 14
4 9 8 14
4 10 8 14
4 11 8 14
4 12 8 14
4 8 9 14
4 9 9 14
4 10 9 14
4 11 9 14
4 12 9 14
4 10 12 14
5 3 8 5
5 3 8 6
5 3 8 7
5 3 8 8
5 3 8 9
5 3 8 10
5 3 8 11
5 3 8 12
5 3 8 14
5 5 8 14
5 6 8 14
5 7 8 14
5 8 8 14
5 9 8 14
5 10 8 14
5 11 8 14
5 12 8 14
5 8 9 14
5 9 9 14
5 10 9 14
5 11 9 14
5 12 9 14
5 10 12 14
6 5 8 14
6 6 8 14
6 7 8 14
6 8 8 14
6 9 8 14
6 10 8 14
6 11 8 14
6 12 8 14
6 8 9 14
6 9 9 14
6 10 9 14
6 11 9 14
6 12 9 14
6 10 12 14
8 10 12 14
9 10 12 14
