23 18
000000000000000000
011111110011111111
010001110010000001
010001110010000001
011111111110000001
000011010110000001
000111111110000001
000111110110000001
000110000111111111
000110000110000000
000110000110000000
000110000110000000
000111111110000000
000111111110000000
000010000110000000
000011111110000000
000010000010000000
000011111110000000
000000000000000000
000000000000000000
000000000000000000
000000000000000000
000000000000000000
45
2 2 5 6
2 2 5 7
2 2 5 8
2 6 7 8
2 6 8 8
2 11 9 18
3 6 7 8
3 6 8 8
4 6 7 8
4 6 8 8
5 5 7 8
5 5 7 10
5 5 7 11
5 6 7 8
5 6 7 10
5 6 7 11
5 8 7 10
5 8 7 11
5 5 8 8
5 6 8 8
5 5 13 10
5 5 13 11
5 5 14 10
5 5 14 11
5 5 16 10
5 5 16 11
5 5 18 11
7 4 13 10
7 4 13 11
7 5 13 10
7 5 13 11
7 4 14 10
7 4 14 11
7 5 14 10
7 5 14 11
7 5 16 10
7 5 16 11
7 5 18 11
13 5 16 10
13 5 16 11
13 5 18 11
14 5 16 10
14 5 16 11
14 5 18 11
16 5 18 11
