14 18
000000000000000000
011111111111111111
011010011111111111
011010011100001001
011010011100001001
011010011111111001
011010011100011001
011010011111111001
011111111111111111
011110000100001000
000000000100001000
000000000111111000
000000000000000000
000000000000000000
62
2 8 6 15
2 9 6 15
2 10 6 15
2 8 8 15
2 9 8 15
2 10 8 15
2 2 9 5
2 2 9 8
2 2 9 9
2 2 9 10
2 2 9 15
2 2 9 18
2 3 9 5
2 3 9 8
2 3 9 9
2 3 9 10
2 3 9 15
2 3 9 18
2 5 9 8
2 5 9 9
2 5 9 10
2 5 9 15
2 5 9 18
2 8 9 15
2 8 9 18
2 9 9 15
2 9 9 18
2 10 9 15
2 10 9 18
2 15 9 18
2 2 10 5
2 3 10 5
2 10 12 15
3 8 6 15
3 9 6 15
3 10 6 15
3 8 8 15
3 9 8 15
3 10 8 15
3 8 9 15
3 8 9 18
3 9 9 15
3 9 9 18
3 10 9 15
3 10 9 18
3 15 9 18
3 10 12 15
6 8 8 14
6 8 8 15
6 9 8 14
6 9 8 15
6 10 8 14
6 10 8 15
6 8 9 14
6 8 9 15
6 9 9 14
6 9 9 15
6 10 9 14
6 10 9 15
6 10 12 15
8 10 12 15
9 10 12 15
