24 15
000000000000000
111110000000000
100010000000000
100011111111000
100011111111100
100011111111100
100011111111100
100011111111100
100011111111100
101111111101100
101011111101100
101111111101100
111111111101100
000001111101100
000001111111100
000001110101100
000001110101100
001111111101100
001001110101100
001111111101100
000001111111100
000000000000000
000000000000000
000000000000000
238
2 1 13 5
4 6 15 12
4 7 15 12
4 8 15 12
4 9 15 12
4 10 15 12
4 6 18 10
4 7 18 10
4 8 18 10
4 6 20 10
4 7 20 10
4 8 20 10
4 6 21 10
4 6 21 12
4 7 21 10
4 7 21 12
4 8 21 10
4 8 21 12
4 10 21 12
5 6 15 12
5 6 15 13
5 7 15 12
5 7 15 13
5 8 15 12
5 8 15 13
5 9 15 12
5 9 15 13
5 10 15 12
5 10 15 13
5 6 18 10
5 7 18 10
5 8 18 10
5 6 20 10
5 7 20 10
5 8 20 10
5 6 21 10
5 6 21 12
5 6 21 13
5 7 21 10
5 7 21 12
5 7 21 13
5 8 21 10
5 8 21 12
5 8 21 13
5 10 21 12
5 10 21 13
6 6 15 12
6 6 15 13
6 7 15 12
6 7 15 13
6 8 15 12
6 8 15 13
6 9 15 12
6 9 15 13
6 10 15 12
6 10 15 13
6 6 18 10
6 7 18 10
6 8 18 10
6 6 20 10
6 7 20 10
6 8 20 10
6 6 21 10
6 6 21 12
6 6 21 13
6 7 21 10
6 7 21 12
6 7 21 13
6 8 21 10
6 8 21 12
6 8 21 13
6 10 21 12
6 10 21 13
7 6 15 12
7 6 15 13
7 7 15 12
7 7 15 13
7 8 15 12
7 8 15 13
7 9 15 12
7 9 15 13
7 10 15 12
7 10 15 13
7 6 18 10
7 7 18 10
7 8 18 10
7 6 20 10
7 7 20 10
7 8 20 10
7 6 21 10
7 6 21 12
7 6 21 13
7 7 21 10
7 7 21 12
7 7 21 13
7 8 21 10
7 8 21 12
7 8 21 13
7 10 21 12
7 10 21 13
8 6 15 12
8 6 15 13
8 7 15 12
8 7 15 13
8 8 15 12
8 8 15 13
8 9 15 12
8 9 15 13
8 10 15 12
8 10 15 13
8 6 18 10
8 7 18 10
8 8 18 10
8 6 20 10
8 7 20 10
8 8 20 10
8 6 21 10
8 6 21 12
8 6 21 13
8 7 21 10
8 7 21 12
8 7 21 13
8 8 21 10
8 8 21 12
8 8 21 13
8 10 21 12
8 10 21 13
9 6 15 12
9 6 15 13
9 7 15 12
9 7 15 13
9 8 15 12
9 8 15 13
9 9 15 12
9 9 15 13
9 10 15 12
9 10 15 13
9 6 18 10
9 7 18 10
9 8 18 10
9 6 20 10
9 7 20 10
9 8 20 10
9 6 21 10
9 6 21 12
9 6 21 13
9 7 21 10
9 7 21 12
9 7 21 13
9 8 21 10
9 8 21 12
9 8 21 13
9 10 21 12
9 10 21 13
10 3 12 5
10 3 12 6
10 3 12 7
10 3 12 8
10 3 12 9
10 3 12 10
10 3 13 5
10 3 13 6
10 3 13 7
10 3 13 8
10 3 13 9
10 3 13 10
10 6 18 10
10 7 18 10
10 8 18 10
10 6 20 10
10 7 20 10
10 8 20 10
10 6 21 10
10 7 21 10
10 8 21 10
11 6 18 10
11 7 18 10
11 8 18 10
11 6 20 10
11 7 20 10
11 8 20 10
11 6 21 10
11 7 21 10
11 8 21 10
12 6 18 10
12 7 18 10
12 8 18 10
12 6 20 10
12 7 20 10
12 8 20 10
12 6 21 10
12 7 21 10
12 8 21 10
13 6 18 10
13 7 18 10
13 8 18 10
13 6 20 10
13 7 20 10
13 8 20 10
13 6 21 10
13 7 21 10
13 8 21 10
14 6 18 10
14 7 18 10
14 8 18 10
14 6 20 10
14 7 20 10
14 8 20 10
14 6 21 10
14 7 21 10
14 8 21 10
15 6 18 10
15 7 18 10
15 8 18 10
15 6 20 10
15 7 20 10
15 8 20 10
15 6 21 10
15 6 21 12
15 6 21 13
15 7 21 10
15 7 21 12
15 7 21 13
15 8 21 10
15 8 21 12
15 8 21 13
15 10 21 12
15 10 21 13
18 3 20 6
18 3 20 7
18 3 20 8
18 3 20 10
18 6 20 10
18 7 20 10
18 8 20 10
18 6 21 10
18 7 21 10
18 8 21 10
