15 10
1111111111
1011100001
1011100001
1011100001
1011111001
1111111101
0111101101
0111111111
0111100100
0111111100
0111111100
0110100100
0111100100
0111111100
0111100000
96
1 1 6 3
1 1 6 4
1 1 6 5
1 3 8 10
1 4 8 10
1 5 8 10
1 3 13 5
1 3 14 5
1 3 15 5
2 3 13 5
2 3 14 5
2 3 15 5
3 3 13 5
3 3 14 5
3 3 15 5
4 3 13 5
4 3 14 5
4 3 15 5
5 3 8 7
5 4 8 7
5 5 8 7
5 3 13 5
5 3 14 5
5 3 15 5
6 2 8 7
6 2 8 8
6 3 8 7
6 3 8 8
6 4 8 7
6 4 8 8
6 5 8 7
6 5 8 8
6 2 10 8
6 3 10 8
6 4 10 8
6 5 10 8
6 2 11 8
6 3 11 8
6 4 11 8
6 5 11 8
6 2 13 5
6 3 13 5
6 2 14 5
6 2 14 8
6 3 14 5
6 3 14 8
6 5 14 8
6 2 15 5
6 3 15 5
7 2 13 5
7 3 13 5
7 2 14 5
7 3 14 5
7 2 15 5
7 3 15 5
8 2 10 8
8 3 10 8
8 4 10 8
8 5 10 8
8 2 11 8
8 3 11 8
8 4 11 8
8 5 11 8
8 2 13 5
8 3 13 5
8 2 14 5
8 2 14 8
8 3 14 5
8 3 14 8
8 5 14 8
8 2 15 5
8 3 15 5
9 2 13 5
9 3 13 5
9 2 14 5
9 3 14 5
9 2 15 5
9 3 15 5
10 2 13 5
10 3 13 5
10 2 14 5
10 2 14 8
10 3 14 5
10 3 14 8
10 5 14 8
10 2 15 5
10 3 15 5
11 2 13 5
11 3 13 5
11 2 14 5
11 2 14 8
11 3 14 5
11 3 14 8
11 5 14 8
11 2 15 5
11 3 15 5
