10 10
0000000000
1111100000
1111111110
1111111110
1111110110
1111111111
1111111111
1010111111
1111111111
0011111111
147
2 1 9 3
2 1 9 5
2 3 9 5
2 3 10 5
3 1 6 8
3 1 6 9
3 2 6 8
3 2 6 9
3 3 6 8
3 3 6 9
3 4 6 8
3 4 6 9
3 5 6 8
3 5 6 9
3 6 6 8
3 6 6 9
3 1 7 8
3 1 7 9
3 2 7 8
3 2 7 9
3 3 7 8
3 3 7 9
3 4 7 8
3 4 7 9
3 5 7 8
3 5 7 9
3 6 7 8
3 6 7 9
3 5 8 8
3 5 8 9
3 6 8 8
3 6 8 9
3 1 9 3
3 1 9 5
3 1 9 6
3 1 9 8
3 1 9 9
3 3 9 5
3 3 9 6
3 3 9 8
3 3 9 9
3 5 9 8
3 5 9 9
3 6 9 8
3 6 9 9
3 3 10 5
3 3 10 6
3 3 10 8
3 3 10 9
3 5 10 8
3 5 10 9
3 6 10 8
3 6 10 9
4 1 6 8
4 1 6 9
4 2 6 8
4 2 6 9
4 3 6 8
4 3 6 9
4 4 6 8
4 4 6 9
4 5 6 8
4 5 6 9
4 6 6 8
4 6 6 9
4 1 7 8
4 1 7 9
4 2 7 8
4 2 7 9
4 3 7 8
4 3 7 9
4 4 7 8
4 4 7 9
4 5 7 8
4 5 7 9
4 6 7 8
4 6 7 9
4 5 8 8
4 5 8 9
4 6 8 8
4 6 8 9
4 1 9 3
4 1 9 5
4 1 9 6
4 1 9 8
4 1 9 9
4 3 9 5
4 3 9 6
4 3 9 8
4 3 9 9
4 5 9 8
4 5 9 9
4 6 9 8
4 6 9 9
4 3 10 5
4 3 10 6
4 3 10 8
4 3 10 9
4 5 10 8
4 5 10 9
4 6 10 8
4 6 10 9
5 1 9 3
5 1 9 5
5 1 9 6
5 3 9 5
5 3 9 6
5 3 10 5
5 3 10 6
6 1 9 3
6 1 9 5
6 1 9 6
6 1 9 7
6 1 9 8
6 1 9 9
6 1 9 10
6 3 9 5
6 3 9 6
6 3 9 7
6 3 9 8
6 3 9 9
6 3 9 10
6 3 10 5
6 3 10 6
6 3 10 7
6 3 10 8
6 3 10 9
6 3 10 10
7 1 9 3
7 1 9 5
7 1 9 6
7 1 9 7
7 1 9 8
7 1 9 9
7 1 9 10
7 3 9 5
7 3 9 6
7 3 9 7
7 3 9 8
7 3 9 9
7 3 9 10
7 3 10 5
7 3 10 6
7 3 10 7
7 3 10 8
7 3 10 9
7 3 10 10
