25 15
000000000000000
000000000000000
000000000000000
000000000000000
000000000000000
000000000000000
000111111111000
000111111101110
000110010101010
000110010101010
001111111111111
001111111111011
001111111101011
001111111111111
000100010000000
000100010000000
000100010000000
000100010000000
000100010000000
000100010000000
000100010000000
000100010000000
000100010000000
000100010000000
000111110000000
94
7 4 11 8
7 4 11 10
7 4 11 12
7 5 11 8
7 5 11 10
7 5 11 12
7 8 11 10
7 8 11 12
7 10 11 12
7 4 12 8
7 4 12 10
7 4 12 12
7 5 12 8
7 5 12 10
7 5 12 12
7 8 12 10
7 8 12 12
7 10 12 12
7 4 13 8
7 4 13 10
7 5 13 8
7 5 13 10
7 8 13 10
7 4 14 8
7 4 14 10
7 4 14 12
7 5 14 8
7 5 14 10
7 5 14 12
7 8 14 10
7 8 14 12
7 10 14 12
7 4 25 8
8 4 11 8
8 4 11 10
8 5 11 8
8 5 11 10
8 8 11 10
8 12 11 14
8 4 12 8
8 4 12 10
8 5 12 8
8 5 12 10
8 8 12 10
8 4 13 8
8 4 13 10
8 5 13 8
8 5 13 10
8 8 13 10
8 4 14 8
8 4 14 10
8 5 14 8
8 5 14 10
8 8 14 10
8 12 14 14
8 4 25 8
11 3 14 12
11 3 14 14
11 3 14 15
11 4 14 12
11 4 14 14
11 4 14 15
11 5 14 12
11 5 14 14
11 5 14 15
11 6 14 12
11 6 14 14
11 6 14 15
11 7 14 12
11 7 14 14
11 7 14 15
11 8 14 12
11 8 14 14
11 8 14 15
11 9 14 12
11 9 14 14
11 9 14 15
11 10 14 12
11 10 14 14
11 10 14 15
11 12 14 14
11 12 14 15
11 4 25 8
12 3 14 12
12 4 14 12
12 5 14 12
12 6 14 12
12 7 14 12
12 8 14 12
12 9 14 12
12 10 14 12
12 4 25 8
13 4 25 8
14 4 25 8
