19 23
00000000000000000000000
01111111111100000000000
11111111110100000000000
11100000110100000000000
11111111111111111111000
11100000110100000011000
11100000110100000011110
11100000110100000011010
11111111111111111111110
10111111111111111111100
11111111110010100000100
00011111111111111111100
00001000000010100000000
00001000000010100000000
00001000000010100000000
00001000000010100000000
00001111111111100000000
00000000000000000000000
00000000000000000000000
154
2 2 5 9
2 2 5 10
2 2 5 12
2 3 5 9
2 3 5 10
2 3 5 12
2 9 5 12
2 10 5 12
2 2 9 9
2 2 9 10
2 2 9 12
2 3 9 9
2 3 9 10
2 3 9 12
2 9 9 12
2 10 9 12
2 3 10 9
2 3 10 10
2 3 10 12
2 9 10 12
2 10 10 12
2 3 11 9
2 3 11 10
3 1 5 9
3 1 5 10
3 2 5 9
3 2 5 10
3 3 5 9
3 3 5 10
3 1 9 9
3 1 9 10
3 2 9 9
3 2 9 10
3 3 9 9
3 3 9 10
3 3 10 9
3 3 10 10
3 1 11 3
3 1 11 9
3 1 11 10
3 3 11 9
3 3 11 10
4 1 11 3
5 1 9 9
5 1 9 10
5 1 9 12
5 1 9 19
5 1 9 20
5 2 9 9
5 2 9 10
5 2 9 12
5 2 9 19
5 2 9 20
5 3 9 9
5 3 9 10
5 3 9 12
5 3 9 19
5 3 9 20
5 9 9 12
5 9 9 19
5 9 9 20
5 10 9 12
5 10 9 19
5 10 9 20
5 12 9 19
5 12 9 20
5 3 10 9
5 3 10 10
5 3 10 12
5 3 10 19
5 3 10 20
5 9 10 12
5 9 10 19
5 9 10 20
5 10 10 12
5 10 10 19
5 10 10 20
5 12 10 19
5 12 10 20
5 1 11 3
5 1 11 9
5 1 11 10
5 3 11 9
5 3 11 10
6 1 11 3
7 19 9 22
7 20 9 22
7 1 11 3
8 1 11 3
9 1 11 3
9 1 11 4
9 1 11 5
9 1 11 6
9 1 11 7
9 1 11 8
9 1 11 9
9 1 11 10
9 4 12 13
9 4 12 15
9 4 12 21
9 5 12 13
9 5 12 15
9 5 12 21
9 6 12 13
9 6 12 15
9 6 12 21
9 7 12 13
9 7 12 15
9 7 12 21
9 8 12 13
9 8 12 15
9 8 12 21
9 9 12 13
9 9 12 15
9 9 12 21
9 10 12 13
9 10 12 15
9 10 12 21
9 13 12 15
9 13 12 21
9 15 12 21
9 5 17 13
9 5 17 15
9 13 17 15
10 4 12 13
10 4 12 15
10 4 12 21
10 5 12 13
10 5 12 15
10 5 12 21
10 6 12 13
10 6 12 15
10 6 12 21
10 7 12 13
10 7 12 15
10 7 12 21
10 8 12 13
10 8 12 15
10 8 12 21
10 9 12 13
10 9 12 15
10 9 12 21
10 10 12 13
10 10 12 15
10 10 12 21
10 13 12 15
10 13 12 21
10 15 12 21
10 5 17 13
10 5 17 15
10 13 17 15
12 5 17 13
12 5 17 15
12 13 17 15
