19 19
0000000000000000000
0000000011111111000
0000001111111111110
0000001010000001010
0000001011111111010
0000001111100001010
1111111111111111110
1000001011100001000
1000001011100001000
1000001011100001000
1000001011100001000
1000001111100001000
1001111111111111000
1001000101000000000
1001000101000000000
1001000101000000000
1111111111000000000
0001000100000000000
0001111100000000000
44
2 9 5 16
2 9 7 16
2 9 13 16
3 9 5 16
3 7 6 9
3 7 7 9
3 7 7 16
3 7 7 18
3 9 7 16
3 9 7 18
3 16 7 18
3 7 12 9
3 7 13 9
3 7 13 16
3 9 13 16
5 9 7 16
5 10 7 16
5 11 7 16
5 9 13 16
5 10 13 16
5 11 13 16
6 7 12 9
6 7 12 10
6 7 12 11
6 7 13 9
6 7 13 10
6 7 13 11
7 7 12 9
7 7 12 10
7 7 12 11
7 7 13 9
7 7 13 10
7 7 13 11
7 7 13 16
7 9 13 16
7 10 13 16
7 11 13 16
7 1 17 10
12 8 17 10
13 4 17 8
13 4 17 10
13 8 17 10
13 4 19 8
17 4 19 8
