17 11
11111000000
11111100000
10111100000
10111111111
11111100001
11111100001
11111000001
10111000001
10111111111
10111000000
10111111100
10111100100
11111100100
11111100100
00000100100
00000100100
00000111100
54
1 1 5 3
1 1 5 4
1 1 5 5
1 1 6 3
1 1 6 4
1 1 6 5
1 1 7 3
1 1 7 4
1 1 7 5
1 1 13 3
1 1 13 4
1 1 13 5
1 1 14 3
1 1 14 4
1 1 14 5
2 1 5 3
2 1 5 4
2 1 5 5
2 1 5 6
2 1 6 3
2 1 6 4
2 1 6 5
2 1 6 6
2 1 7 3
2 1 7 4
2 1 7 5
2 1 13 3
2 1 13 4
2 1 13 5
2 1 14 3
2 1 14 4
2 1 14 5
4 3 9 11
4 4 9 11
4 5 9 11
5 1 13 3
5 1 13 4
5 1 13 5
5 1 14 3
5 1 14 4
5 1 14 5
6 1 13 3
6 1 13 4
6 1 13 5
6 1 14 3
6 1 14 4
6 1 14 5
7 1 13 3
7 1 13 4
7 1 13 5
7 1 14 3
7 1 14 4
7 1 14 5
11 6 17 9
