15 19
0111111111111111110
0101000011000000010
0101111111111111110
0101111111010101010
0101001010011101010
0101111110000001010
0100101100000001010
0100111111111111010
0100000011111010010
0100000010001010010
0100000011111010010
0111111111111111110
0000000000001110000
0000000000000000000
0000000000000000000
26
1 4 3 9
1 4 3 10
1 4 3 18
1 9 3 18
1 10 3 18
1 4 4 9
1 4 4 10
1 4 6 9
1 2 12 18
3 12 5 14
3 4 6 7
3 4 6 9
3 7 6 9
3 7 8 16
4 4 6 7
4 4 6 9
4 7 6 9
6 5 8 7
6 5 8 8
8 9 11 13
8 9 12 13
8 9 12 15
8 13 12 15
8 13 13 15
9 9 11 13
9 9 12 13
