11 18
000000011111111110
011111111111100010
010000011110100010
010000111111111110
010001111111111110
111111111111111110
110001111111111110
110001111110101010
110001111111111110
110000101111111000
111111111111111000
265
1 8 4 13
1 8 4 17
1 9 4 13
1 9 4 17
1 10 4 13
1 10 4 17
1 11 4 13
1 11 4 17
1 13 4 17
1 8 5 13
1 8 5 17
1 9 5 13
1 9 5 17
1 10 5 13
1 10 5 17
1 11 5 13
1 11 5 17
1 13 5 17
1 8 6 13
1 8 6 17
1 9 6 13
1 9 6 17
1 10 6 13
1 10 6 17
1 11 6 13
1 11 6 17
1 13 6 17
1 8 7 13
1 8 7 17
1 9 7 13
1 9 7 17
1 10 7 13
1 10 7 17
1 11 7 13
1 11 7 17
1 13 7 17
1 8 9 13
1 8 9 17
1 9 9 13
1 9 9 17
1 10 9 13
1 10 9 17
1 11 9 13
1 11 9 17
1 13 9 17
1 9 10 13
1 10 10 13
1 11 10 13
1 9 11 13
1 10 11 13
1 11 11 13
2 8 4 13
2 9 4 13
2 10 4 13
2 11 4 13
2 8 5 13
2 9 5 13
2 10 5 13
2 11 5 13
2 2 6 8
2 2 6 9
2 2 6 10
2 2 6 11
2 2 6 13
2 8 6 13
2 9 6 13
2 10 6 13
2 11 6 13
2 8 7 13
2 9 7 13
2 10 7 13
2 11 7 13
2 8 9 13
2 9 9 13
2 10 9 13
2 11 9 13
2 9 10 13
2 10 10 13
2 11 10 13
2 2 11 9
2 2 11 10
2 2 11 11
2 2 11 13
2 9 11 13
2 10 11 13
2 11 11 13
4 7 9 13
4 7 9 15
4 7 9 17
4 8 9 13
4 8 9 15
4 8 9 17
4 9 9 13
4 9 9 15
4 9 9 17
4 10 9 13
4 10 9 15
4 10 9 17
4 11 9 13
4 11 9 15
4 11 9 17
4 13 9 15
4 13 9 17
4 15 9 17
4 9 10 13
4 9 10 15
4 10 10 13
4 10 10 15
4 11 10 13
4 11 10 15
4 13 10 15
4 7 11 9
4 7 11 10
4 7 11 11
4 7 11 13
4 7 11 15
4 9 11 13
4 9 11 15
4 10 11 13
4 10 11 15
4 11 11 13
4 11 11 15
4 13 11 15
5 6 9 13
5 6 9 15
5 6 9 17
5 7 9 13
5 7 9 15
5 7 9 17
5 8 9 13
5 8 9 15
5 8 9 17
5 9 9 13
5 9 9 15
5 9 9 17
5 10 9 13
5 10 9 15
5 10 9 17
5 11 9 13
5 11 9 15
5 11 9 17
5 13 9 15
5 13 9 17
5 15 9 17
5 9 10 13
5 9 10 15
5 10 10 13
5 10 10 15
5 11 10 13
5 11 10 15
5 13 10 15
5 7 11 9
5 7 11 10
5 7 11 11
5 7 11 13
5 7 11 15
5 9 11 13
5 9 11 15
5 10 11 13
5 10 11 15
5 11 11 13
5 11 11 15
5 13 11 15
6 6 9 13
6 6 9 15
6 6 9 17
6 7 9 13
6 7 9 15
6 7 9 17
6 8 9 13
6 8 9 15
6 8 9 17
6 9 9 13
6 9 9 15
6 9 9 17
6 10 9 13
6 10 9 15
6 10 9 17
6 11 9 13
6 11 9 15
6 11 9 17
6 13 9 15
6 13 9 17
6 15 9 17
6 9 10 13
6 9 10 15
6 10 10 13
6 10 10 15
6 11 10 13
6 11 10 15
6 13 10 15
6 1 11 7
6 1 11 9
6 1 11 10
6 1 11 11
6 1 11 13
6 1 11 15
6 2 11 7
6 2 11 9
6 2 11 10
6 2 11 11
6 2 11 13
6 2 11 15
6 7 11 9
6 7 11 10
6 7 11 11
6 7 11 13
6 7 11 15
6 9 11 13
6 9 11 15
6 10 11 13
6 10 11 15
6 11 11 13
6 11 11 15
6 13 11 15
7 6 9 13
7 6 9 15
7 6 9 17
7 7 9 13
7 7 9 15
7 7 9 17
7 8 9 13
7 8 9 15
7 8 9 17
7 9 9 13
7 9 9 15
7 9 9 17
7 10 9 13
7 10 9 15
7 10 9 17
7 11 9 13
7 11 9 15
7 11 9 17
7 13 9 15
7 13 9 17
7 15 9 17
7 9 10 13
7 9 10 15
7 10 10 13
7 10 10 15
7 11 10 13
7 11 10 15
7 13 10 15
7 7 11 9
7 7 11 10
7 7 11 11
7 7 11 13
7 7 11 15
7 9 11 13
7 9 11 15
7 10 11 13
7 10 11 15
7 11 11 13
7 11 11 15
7 13 11 15
8 7 11 9
8 7 11 10
8 7 11 11
9 7 11 9
9 7 11 10
9 7 11 11
9 7 11 12
9 7 11 13
9 7 11 14
9 7 11 15
