17 22
0000000000000000000000
0000011111111111110000
0000010000000000010000
0011111111111111111111
0010111000100100010001
0010111111100100010001
0010011000000100010001
0010011000000100010001
0010011000000100010001
0011111111000111111101
0011011001000100010101
0011011001000100010101
0011111111000111111101
0010011000000100010001
0010011000000100010001
0010011111111111110001
0011111111111111111111
50
2 6 4 18
2 6 16 18
2 6 17 18
4 5 6 11
4 6 6 11
4 7 6 11
4 3 10 6
4 3 10 7
4 14 10 18
4 3 13 6
4 3 13 7
4 14 13 18
4 6 16 14
4 6 16 18
4 7 16 14
4 7 16 18
4 14 16 18
4 3 17 6
4 3 17 7
4 3 17 14
4 3 17 18
4 3 17 22
4 6 17 14
4 6 17 18
4 6 17 22
4 7 17 14
4 7 17 18
4 7 17 22
4 14 17 18
4 14 17 22
4 18 17 22
10 3 13 6
10 3 13 7
10 3 13 10
10 4 13 6
10 4 13 7
10 4 13 10
10 6 13 10
10 7 13 10
10 14 13 18
10 14 13 20
10 18 13 20
10 14 16 18
10 3 17 6
10 3 17 7
10 14 17 18
13 14 16 18
13 3 17 6
13 3 17 7
13 14 17 18
