19 22
0000111111111111111111
0000100000000001010001
0000100000000001010001
0000100000000001010001
0000100000000001010001
0000100000000001010001
0000100000000001010001
0000100000000001010001
0000111111111111111111
0000110011000111110011
0000111111111111111111
0000100111111111010100
0000100101000011010100
0111111111111111111110
0100111111000011010110
0100000111111111111110
0111111111111111111110
0010000010000011110000
0011111110000001110000
228
1 5 9 16
1 5 9 18
1 5 9 22
1 16 9 18
1 16 9 22
1 18 9 22
1 16 10 18
1 5 11 16
1 5 11 18
1 5 11 22
1 16 11 18
1 16 11 22
1 18 11 22
1 5 14 16
1 5 14 18
1 16 14 18
1 16 16 18
1 16 17 18
1 16 18 18
1 16 19 18
9 5 11 9
9 5 11 10
9 5 11 14
9 5 11 15
9 5 11 16
9 5 11 17
9 5 11 18
9 5 11 21
9 5 11 22
9 6 11 9
9 6 11 10
9 6 11 14
9 6 11 15
9 6 11 16
9 6 11 17
9 6 11 18
9 6 11 21
9 6 11 22
9 9 11 14
9 9 11 15
9 9 11 16
9 9 11 17
9 9 11 18
9 9 11 21
9 9 11 22
9 10 11 14
9 10 11 15
9 10 11 16
9 10 11 17
9 10 11 18
9 10 11 21
9 10 11 22
9 14 11 21
9 14 11 22
9 15 11 21
9 15 11 22
9 16 11 21
9 16 11 22
9 17 11 21
9 17 11 22
9 18 11 21
9 18 11 22
9 9 12 14
9 9 12 15
9 9 12 16
9 10 12 14
9 10 12 15
9 10 12 16
9 5 14 10
9 5 14 15
9 5 14 16
9 5 14 18
9 10 14 15
9 10 14 16
9 10 14 18
9 15 14 18
9 16 14 18
9 5 15 10
9 10 16 15
9 10 16 16
9 10 16 18
9 15 16 18
9 16 16 18
9 10 17 15
9 10 17 16
9 10 17 18
9 15 17 18
9 16 17 18
9 15 18 18
9 16 18 18
9 16 19 18
10 15 14 18
10 16 14 18
10 15 16 18
10 16 16 18
10 15 17 18
10 16 17 18
10 15 18 18
10 16 18 18
10 16 19 18
11 5 14 8
11 5 14 10
11 5 14 15
11 5 14 16
11 5 14 18
11 5 14 20
11 8 14 10
11 8 14 15
11 8 14 16
11 8 14 18
11 8 14 20
11 10 14 15
11 10 14 16
11 10 14 18
11 10 14 20
11 15 14 18
11 15 14 20
11 16 14 18
11 16 14 20
11 18 14 20
11 5 15 8
11 5 15 10
11 8 15 10
11 8 16 10
11 8 16 15
11 8 16 16
11 8 16 18
11 8 16 20
11 10 16 15
11 10 16 16
11 10 16 18
11 10 16 20
11 15 16 18
11 15 16 20
11 16 16 18
11 16 16 20
11 18 16 20
11 8 17 10
11 8 17 15
11 8 17 16
11 8 17 18
11 8 17 20
11 10 17 15
11 10 17 16
11 10 17 18
11 10 17 20
11 15 17 18
11 15 17 20
11 16 17 18
11 16 17 20
11 18 17 20
11 15 18 18
11 16 18 18
11 16 19 18
12 8 14 10
12 8 14 15
12 8 14 16
12 10 14 15
12 10 14 16
12 8 15 10
12 8 16 10
12 8 16 15
12 8 16 16
12 10 16 15
12 10 16 16
12 8 17 10
12 8 17 15
12 8 17 16
12 10 17 15
12 10 17 16
14 8 16 15
14 8 16 16
14 8 16 18
14 8 16 20
14 8 16 21
14 9 16 15
14 9 16 16
14 9 16 18
14 9 16 20
14 9 16 21
14 10 16 15
14 10 16 16
14 10 16 18
14 10 16 20
14 10 16 21
14 15 16 18
14 15 16 20
14 15 16 21
14 16 16 18
14 16 16 20
14 16 16 21
14 18 16 20
14 18 16 21
14 2 17 8
14 2 17 9
14 2 17 10
14 2 17 15
14 2 17 16
14 2 17 18
14 2 17 20
14 2 17 21
14 8 17 15
14 8 17 16
14 8 17 18
14 8 17 20
14 8 17 21
14 9 17 15
14 9 17 16
14 9 17 18
14 9 17 20
14 9 17 21
14 10 17 15
14 10 17 16
14 10 17 18
14 10 17 20
14 10 17 21
14 15 17 18
14 15 17 20
14 15 17 21
14 16 17 18
14 16 17 20
14 16 17 21
14 18 17 20
14 18 17 21
14 15 18 18
14 16 18 18
14 16 19 18
17 3 19 9
