13 19
0000000000000000000
0111111111111111111
1111111111111111111
1111010111111111111
1111011111011110011
1111111111111111111
0111011111111111111
0111010111111111111
0111010110011111111
0111111111111111111
0111011111111111001
0111111111111111111
0000000000000011111
950
2 6 5 8
2 6 5 9
2 6 5 10
2 2 6 6
2 2 6 8
2 2 6 9
2 2 6 10
2 2 6 12
2 2 6 13
2 2 6 14
2 2 6 15
2 2 6 18
2 2 6 19
2 3 6 6
2 3 6 8
2 3 6 9
2 3 6 10
2 3 6 12
2 3 6 13
2 3 6 14
2 3 6 15
2 3 6 18
2 3 6 19
2 4 6 6
2 4 6 8
2 4 6 9
2 4 6 10
2 4 6 12
2 4 6 13
2 4 6 14
2 4 6 15
2 4 6 18
2 4 6 19
2 6 6 8
2 6 6 9
2 6 6 10
2 6 6 12
2 6 6 13
2 6 6 14
2 6 6 15
2 6 6 18
2 6 6 19
2 8 6 12
2 8 6 13
2 8 6 14
2 8 6 15
2 8 6 18
2 8 6 19
2 9 6 12
2 9 6 13
2 9 6 14
2 9 6 15
2 9 6 18
2 9 6 19
2 10 6 12
2 10 6 13
2 10 6 14
2 10 6 15
2 10 6 18
2 10 6 19
2 12 6 18
2 12 6 19
2 13 6 18
2 13 6 19
2 14 6 18
2 14 6 19
2 15 6 18
2 15 6 19
2 6 7 8
2 6 7 9
2 6 7 10
2 6 7 12
2 6 7 13
2 6 7 14
2 6 7 15
2 6 7 18
2 6 7 19
2 8 7 12
2 8 7 13
2 8 7 14
2 8 7 15
2 8 7 18
2 8 7 19
2 9 7 12
2 9 7 13
2 9 7 14
2 9 7 15
2 9 7 18
2 9 7 19
2 10 7 12
2 10 7 13
2 10 7 14
2 10 7 15
2 10 7 18
2 10 7 19
2 12 7 18
2 12 7 19
2 13 7 18
2 13 7 19
2 14 7 18
2 14 7 19
2 15 7 18
2 15 7 19
2 8 8 12
2 8 8 13
2 8 8 14
2 8 8 15
2 8 8 18
2 8 8 19
2 9 8 12
2 9 8 13
2 9 8 14
2 9 8 15
2 9 8 18
2 9 8 19
2 10 8 12
2 10 8 13
2 10 8 14
2 10 8 15
2 10 8 18
2 10 8 19
2 12 8 18
2 12 8 19
2 13 8 18
2 13 8 19
2 14 8 18
2 14 8 19
2 15 8 18
2 15 8 19
2 12 9 18
2 12 9 19
2 13 9 18
2 13 9 19
2 14 9 18
2 14 9 19
2 15 9 18
2 15 9 19
2 2 10 6
2 2 10 8
2 2 10 9
2 2 10 12
2 2 10 13
2 2 10 14
2 2 10 15
2 2 10 18
2 2 10 19
2 3 10 6
2 3 10 8
2 3 10 9
2 3 10 12
2 3 10 13
2 3 10 14
2 3 10 15
2 3 10 18
2 3 10 19
2 4 10 6
2 4 10 8
2 4 10 9
2 4 10 12
2 4 10 13
2 4 10 14
2 4 10 15
2 4 10 18
2 4 10 19
2 6 10 8
2 6 10 9
2 6 10 12
2 6 10 13
2 6 10 14
2 6 10 15
2 6 10 18
2 6 10 19
2 8 10 12
2 8 10 13
2 8 10 14
2 8 10 15
2 8 10 18
2 8 10 19
2 9 10 12
2 9 10 13
2 9 10 14
2 9 10 15
2 9 10 18
2 9 10 19
2 12 10 18
2 12 10 19
2 13 10 18
2 13 10 19
2 14 10 18
2 14 10 19
2 15 10 18
2 15 10 19
2 6 11 8
2 6 11 9
2 6 11 12
2 6 11 13
2 6 11 14
2 6 11 15
2 8 11 12
2 8 11 13
2 8 11 14
2 8 11 15
2 9 11 12
2 9 11 13
2 9 11 14
2 9 11 15
2 2 12 6
2 2 12 8
2 2 12 9
2 2 12 12
2 2 12 13
2 2 12 14
2 2 12 15
2 2 12 19
2 3 12 6
2 3 12 8
2 3 12 9
2 3 12 12
2 3 12 13
2 3 12 14
2 3 12 15
2 3 12 19
2 4 12 6
2 4 12 8
2 4 12 9
2 4 12 12
2 4 12 13
2 4 12 14
2 4 12 15
2 4 12 19
2 6 12 8
2 6 12 9
2 6 12 12
2 6 12 13
2 6 12 14
2 6 12 15
2 6 12 19
2 8 12 12
2 8 12 13
2 8 12 14
2 8 12 15
2 8 12 19
2 9 12 12
2 9 12 13
2 9 12 14
2 9 12 15
2 9 12 19
2 12 12 19
2 13 12 19
2 14 12 19
2 15 12 19
2 15 13 19
3 6 5 8
3 6 5 9
3 6 5 10
3 1 6 6
3 1 6 8
3 1 6 9
3 1 6 10
3 1 6 12
3 1 6 13
3 1 6 14
3 1 6 15
3 1 6 18
3 1 6 19
3 2 6 6
3 2 6 8
3 2 6 9
3 2 6 10
3 2 6 12
3 2 6 13
3 2 6 14
3 2 6 15
3 2 6 18
3 2 6 19
3 3 6 6
3 3 6 8
3 3 6 9
3 3 6 10
3 3 6 12
3 3 6 13
3 3 6 14
3 3 6 15
3 3 6 18
3 3 6 19
3 4 6 6
3 4 6 8
3 4 6 9
3 4 6 10
3 4 6 12
3 4 6 13
3 4 6 14
3 4 6 15
3 4 6 18
3 4 6 19
3 6 6 8
3 6 6 9
3 6 6 10
3 6 6 12
3 6 6 13
3 6 6 14
3 6 6 15
3 6 6 18
3 6 6 19
3 8 6 12
3 8 6 13
3 8 6 14
3 8 6 15
3 8 6 18
3 8 6 19
3 9 6 12
3 9 6 13
3 9 6 14
3 9 6 15
3 9 6 18
3 9 6 19
3 10 6 12
3 10 6 13
3 10 6 14
3 10 6 15
3 10 6 18
3 10 6 19
3 12 6 18
3 12 6 19
3 13 6 18
3 13 6 19
3 14 6 18
3 14 6 19
3 15 6 18
3 15 6 19
3 6 7 8
3 6 7 9
3 6 7 10
3 6 7 12
3 6 7 13
3 6 7 14
3 6 7 15
3 6 7 18
3 6 7 19
3 8 7 12
3 8 7 13
3 8 7 14
3 8 7 15
3 8 7 18
3 8 7 19
3 9 7 12
3 9 7 13
3 9 7 14
3 9 7 15
3 9 7 18
3 9 7 19
3 10 7 12
3 10 7 13
3 10 7 14
3 10 7 15
3 10 7 18
3 10 7 19
3 12 7 18
3 12 7 19
3 13 7 18
3 13 7 19
3 14 7 18
3 14 7 19
3 15 7 18
3 15 7 19
3 8 8 12
3 8 8 13
3 8 8 14
3 8 8 15
3 8 8 18
3 8 8 19
3 9 8 12
3 9 8 13
3 9 8 14
3 9 8 15
3 9 8 18
3 9 8 19
3 10 8 12
3 10 8 13
3 10 8 14
3 10 8 15
3 10 8 18
3 10 8 19
3 12 8 18
3 12 8 19
3 13 8 18
3 13 8 19
3 14 8 18
3 14 8 19
3 15 8 18
3 15 8 19
3 12 9 18
3 12 9 19
3 13 9 18
3 13 9 19
3 14 9 18
3 14 9 19
3 15 9 18
3 15 9 19
3 2 10 6
3 2 10 8
3 2 10 9
3 2 10 12
3 2 10 13
3 2 10 14
3 2 10 15
3 2 10 18
3 2 10 19
3 3 10 6
3 3 10 8
3 3 10 9
3 3 10 12
3 3 10 13
3 3 10 14
3 3 10 15
3 3 10 18
3 3 10 19
3 4 10 6
3 4 10 8
3 4 10 9
3 4 10 12
3 4 10 13
3 4 10 14
3 4 10 15
3 4 10 18
3 4 10 19
3 6 10 8
3 6 10 9
3 6 10 12
3 6 10 13
3 6 10 14
3 6 10 15
3 6 10 18
3 6 10 19
3 8 10 12
3 8 10 13
3 8 10 14
3 8 10 15
3 8 10 18
3 8 10 19
3 9 10 12
3 9 10 13
3 9 10 14
3 9 10 15
3 9 10 18
3 9 10 19
3 12 10 18
3 12 10 19
3 13 10 18
3 13 10 19
3 14 10 18
3 14 10 19
3 15 10 18
3 15 10 19
3 6 11 8
3 6 11 9
3 6 11 12
3 6 11 13
3 6 11 14
3 6 11 15
3 8 11 12
3 8 11 13
3 8 11 14
3 8 11 15
3 9 11 12
3 9 11 13
3 9 11 14
3 9 11 15
3 2 12 6
3 2 12 8
3 2 12 9
3 2 12 12
3 2 12 13
3 2 12 14
3 2 12 15
3 2 12 19
3 3 12 6
3 3 12 8
3 3 12 9
3 3 12 12
3 3 12 13
3 3 12 14
3 3 12 15
3 3 12 19
3 4 12 6
3 4 12 8
3 4 12 9
3 4 12 12
3 4 12 13
3 4 12 14
3 4 12 15
3 4 12 19
3 6 12 8
3 6 12 9
3 6 12 12
3 6 12 13
3 6 12 14
3 6 12 15
3 6 12 19
3 8 12 12
3 8 12 13
3 8 12 14
3 8 12 15
3 8 12 19
3 9 12 12
3 9 12 13
3 9 12 14
3 9 12 15
3 9 12 19
3 12 12 19
3 13 12 19
3 14 12 19
3 15 12 19
3 15 13 19
4 8 6 12
4 8 6 13
4 8 6 14
4 8 6 15
4 8 6 18
4 8 6 19
4 9 6 12
4 9 6 13
4 9 6 14
4 9 6 15
4 9 6 18
4 9 6 19
4 10 6 12
4 10 6 13
4 10 6 14
4 10 6 15
4 10 6 18
4 10 6 19
4 12 6 18
4 12 6 19
4 13 6 18
4 13 6 19
4 14 6 18
4 14 6 19
4 15 6 18
4 15 6 19
4 8 7 12
4 8 7 13
4 8 7 14
4 8 7 15
4 8 7 18
4 8 7 19
4 9 7 12
4 9 7 13
4 9 7 14
4 9 7 15
4 9 7 18
4 9 7 19
4 10 7 12
4 10 7 13
4 10 7 14
4 10 7 15
4 10 7 18
4 10 7 19
4 12 7 18
4 12 7 19
4 13 7 18
4 13 7 19
4 14 7 18
4 14 7 19
4 15 7 18
4 15 7 19
4 8 8 12
4 8 8 13
4 8 8 14
4 8 8 15
4 8 8 18
4 8 8 19
4 9 8 12
4 9 8 13
4 9 8 14
4 9 8 15
4 9 8 18
4 9 8 19
4 10 8 12
4 10 8 13
4 10 8 14
4 10 8 15
4 10 8 18
4 10 8 19
4 12 8 18
4 12 8 19
4 13 8 18
4 13 8 19
4 14 8 18
4 14 8 19
4 15 8 18
4 15 8 19
4 12 9 18
4 12 9 19
4 13 9 18
4 13 9 19
4 14 9 18
4 14 9 19
4 15 9 18
4 15 9 19
4 8 10 12
4 8 10 13
4 8 10 14
4 8 10 15
4 8 10 18
4 8 10 19
4 9 10 12
4 9 10 13
4 9 10 14
4 9 10 15
4 9 10 18
4 9 10 19
4 12 10 18
4 12 10 19
4 13 10 18
4 13 10 19
4 14 10 18
4 14 10 19
4 15 10 18
4 15 10 19
4 8 11 12
4 8 11 13
4 8 11 14
4 8 11 15
4 9 11 12
4 9 11 13
4 9 11 14
4 9 11 15
4 8 12 12
4 8 12 13
4 8 12 14
4 8 12 15
4 8 12 19
4 9 12 12
4 9 12 13
4 9 12 14
4 9 12 15
4 9 12 19
4 12 12 19
4 13 12 19
4 14 12 19
4 15 12 19
4 15 13 19
5 6 10 8
5 6 10 9
5 6 11 8
5 6 11 9
5 6 12 8
5 6 12 9
6 2 10 6
6 2 10 8
6 2 10 9
6 2 10 12
6 2 10 13
6 2 10 14
6 2 10 15
6 2 10 16
6 2 10 17
6 2 10 18
6 2 10 19
6 3 10 6
6 3 10 8
6 3 10 9
6 3 10 12
6 3 10 13
6 3 10 14
6 3 10 15
6 3 10 16
6 3 10 17
6 3 10 18
6 3 10 19
6 4 10 6
6 4 10 8
6 4 10 9
6 4 10 12
6 4 10 13
6 4 10 14
6 4 10 15
6 4 10 16
6 4 10 17
6 4 10 18
6 4 10 19
6 6 10 8
6 6 10 9
6 6 10 12
6 6 10 13
6 6 10 14
6 6 10 15
6 6 10 16
6 6 10 17
6 6 10 18
6 6 10 19
6 8 10 12
6 8 10 13
6 8 10 14
6 8 10 15
6 8 10 16
6 8 10 17
6 8 10 18
6 8 10 19
6 9 10 12
6 9 10 13
6 9 10 14
6 9 10 15
6 9 10 16
6 9 10 17
6 9 10 18
6 9 10 19
6 6 11 8
6 6 11 9
6 6 11 12
6 6 11 13
6 6 11 14
6 6 11 15
6 6 11 16
6 8 11 12
6 8 11 13
6 8 11 14
6 8 11 15
6 8 11 16
6 9 11 12
6 9 11 13
6 9 11 14
6 9 11 15
6 9 11 16
6 2 12 6
6 2 12 8
6 2 12 9
6 2 12 12
6 2 12 13
6 2 12 14
6 2 12 15
6 2 12 16
6 2 12 19
6 3 12 6
6 3 12 8
6 3 12 9
6 3 12 12
6 3 12 13
6 3 12 14
6 3 12 15
6 3 12 16
6 3 12 19
6 4 12 6
6 4 12 8
6 4 12 9
6 4 12 12
6 4 12 13
6 4 12 14
6 4 12 15
6 4 12 16
6 4 12 19
6 6 12 8
6 6 12 9
6 6 12 12
6 6 12 13
6 6 12 14
6 6 12 15
6 6 12 16
6 6 12 19
6 8 12 12
6 8 12 13
6 8 12 14
6 8 12 15
6 8 12 16
6 8 12 19
6 9 12 12
6 9 12 13
6 9 12 14
6 9 12 15
6 9 12 16
6 9 12 19
6 12 12 19
6 13 12 19
6 14 12 19
6 15 12 19
6 16 12 19
6 15 13 19
6 16 13 19
7 6 10 8
7 6 10 9
7 6 10 12
7 6 10 13
7 6 10 14
7 6 10 15
7 6 10 16
7 6 10 17
7 6 10 18
7 6 10 19
7 8 10 12
7 8 10 13
7 8 10 14
7 8 10 15
7 8 10 16
7 8 10 17
7 8 10 18
7 8 10 19
7 9 10 12
7 9 10 13
7 9 10 14
7 9 10 15
7 9 10 16
7 9 10 17
7 9 10 18
7 9 10 19
7 6 11 8
7 6 11 9
7 6 11 12
7 6 11 13
7 6 11 14
7 6 11 15
7 6 11 16
7 8 11 12
7 8 11 13
7 8 11 14
7 8 11 15
7 8 11 16
7 9 11 12
7 9 11 13
7 9 11 14
7 9 11 15
7 9 11 16
7 6 12 8
7 6 12 9
7 6 12 12
7 6 12 13
7 6 12 14
7 6 12 15
7 6 12 16
7 6 12 19
7 8 12 12
7 8 12 13
7 8 12 14
7 8 12 15
7 8 12 16
7 8 12 19
7 9 12 12
7 9 12 13
7 9 12 14
7 9 12 15
7 9 12 16
7 9 12 19
7 12 12 19
7 13 12 19
7 14 12 19
7 15 12 19
7 16 12 19
7 15 13 19
7 16 13 19
8 8 10 12
8 8 10 13
8 8 10 14
8 8 10 15
8 8 10 16
8 8 10 17
8 8 10 18
8 8 10 19
8 9 10 12
8 9 10 13
8 9 10 14
8 9 10 15
8 9 10 16
8 9 10 17
8 9 10 18
8 9 10 19
8 8 11 12
8 8 11 13
8 8 11 14
8 8 11 15
8 8 11 16
8 9 11 12
8 9 11 13
8 9 11 14
8 9 11 15
8 9 11 16
8 8 12 12
8 8 12 13
8 8 12 14
8 8 12 15
8 8 12 16
8 8 12 19
8 9 12 12
8 9 12 13
8 9 12 14
8 9 12 15
8 9 12 16
8 9 12 19
8 12 12 19
8 13 12 19
8 14 12 19
8 15 12 19
8 16 12 19
8 15 13 19
8 16 13 19
9 12 12 19
9 13 12 19
9 14 12 19
9 15 12 19
9 16 12 19
9 15 13 19
9 16 13 19
10 2 12 6
10 2 12 7
10 2 12 8
10 2 12 9
10 2 12 10
10 2 12 11
10 2 12 12
10 2 12 13
10 2 12 14
10 2 12 15
10 2 12 16
10 2 12 19
10 3 12 6
10 3 12 7
10 3 12 8
10 3 12 9
10 3 12 10
10 3 12 11
10 3 12 12
10 3 12 13
10 3 12 14
10 3 12 15
10 3 12 16
10 3 12 19
10 4 12 6
10 4 12 7
10 4 12 8
10 4 12 9
10 4 12 10
10 4 12 11
10 4 12 12
10 4 12 13
10 4 12 14
10 4 12 15
10 4 12 16
10 4 12 19
10 6 12 19
10 7 12 19
10 8 12 19
10 9 12 19
10 10 12 19
10 11 12 19
10 12 12 19
10 13 12 19
10 14 12 19
10 15 12 19
10 16 12 19
10 15 13 19
10 16 13 19
