13 18
000011111111000000
000010000001000000
000010000001000000
011111111111001111
011111111111111111
011111111111111101
011110001111101101
011110001111101101
011110001011101101
011111111111111111
011111111111111111
001010000011111111
001111111111111111
314
1 5 4 12
1 5 5 12
1 5 6 12
1 5 10 12
1 5 11 12
1 5 13 12
4 2 10 9
4 2 10 11
4 2 10 12
4 3 10 9
4 3 10 11
4 3 10 12
4 4 10 9
4 4 10 11
4 4 10 12
4 5 10 9
4 5 10 11
4 5 10 12
4 9 10 11
4 9 10 12
4 15 10 18
4 16 10 18
4 2 11 9
4 2 11 11
4 2 11 12
4 3 11 9
4 3 11 11
4 3 11 12
4 4 11 9
4 4 11 11
4 4 11 12
4 5 11 9
4 5 11 11
4 5 11 12
4 9 11 11
4 9 11 12
4 15 11 18
4 16 11 18
4 15 12 18
4 16 12 18
4 3 13 5
4 3 13 11
4 3 13 12
4 5 13 11
4 5 13 12
4 15 13 18
4 16 13 18
5 2 10 9
5 2 10 11
5 2 10 12
5 2 10 13
5 2 10 15
5 2 10 16
5 2 10 18
5 3 10 9
5 3 10 11
5 3 10 12
5 3 10 13
5 3 10 15
5 3 10 16
5 3 10 18
5 4 10 9
5 4 10 11
5 4 10 12
5 4 10 13
5 4 10 15
5 4 10 16
5 4 10 18
5 5 10 9
5 5 10 11
5 5 10 12
5 5 10 13
5 5 10 15
5 5 10 16
5 5 10 18
5 9 10 11
5 9 10 12
5 9 10 13
5 9 10 15
5 9 10 16
5 9 10 18
5 11 10 15
5 11 10 16
5 11 10 18
5 12 10 15
5 12 10 16
5 12 10 18
5 13 10 15
5 13 10 16
5 13 10 18
5 15 10 18
5 16 10 18
5 2 11 9
5 2 11 11
5 2 11 12
5 2 11 13
5 2 11 15
5 2 11 16
5 2 11 18
5 3 11 9
5 3 11 11
5 3 11 12
5 3 11 13
5 3 11 15
5 3 11 16
5 3 11 18
5 4 11 9
5 4 11 11
5 4 11 12
5 4 11 13
5 4 11 15
5 4 11 16
5 4 11 18
5 5 11 9
5 5 11 11
5 5 11 12
5 5 11 13
5 5 11 15
5 5 11 16
5 5 11 18
5 9 11 11
5 9 11 12
5 9 11 13
5 9 11 15
5 9 11 16
5 9 11 18
5 11 11 15
5 11 11 16
5 11 11 18
5 12 11 15
5 12 11 16
5 12 11 18
5 13 11 15
5 13 11 16
5 13 11 18
5 15 11 18
5 16 11 18
5 11 12 15
5 11 12 16
5 11 12 18
5 12 12 15
5 12 12 16
5 12 12 18
5 13 12 15
5 13 12 16
5 13 12 18
5 15 12 18
5 16 12 18
5 3 13 5
5 3 13 11
5 3 13 12
5 3 13 13
5 3 13 15
5 3 13 16
5 3 13 18
5 5 13 11
5 5 13 12
5 5 13 13
5 5 13 15
5 5 13 16
5 5 13 18
5 11 13 15
5 11 13 16
5 11 13 18
5 12 13 15
5 12 13 16
5 12 13 18
5 13 13 15
5 13 13 16
5 13 13 18
5 15 13 18
5 16 13 18
6 2 10 9
6 2 10 11
6 2 10 12
6 2 10 13
6 2 10 15
6 2 10 16
6 3 10 9
6 3 10 11
6 3 10 12
6 3 10 13
6 3 10 15
6 3 10 16
6 4 10 9
6 4 10 11
6 4 10 12
6 4 10 13
6 4 10 15
6 4 10 16
6 5 10 9
6 5 10 11
6 5 10 12
6 5 10 13
6 5 10 15
6 5 10 16
6 9 10 11
6 9 10 12
6 9 10 13
6 9 10 15
6 9 10 16
6 11 10 15
6 11 10 16
6 12 10 15
6 12 10 16
6 13 10 15
6 13 10 16
6 2 11 9
6 2 11 11
6 2 11 12
6 2 11 13
6 2 11 15
6 2 11 16
6 3 11 9
6 3 11 11
6 3 11 12
6 3 11 13
6 3 11 15
6 3 11 16
6 4 11 9
6 4 11 11
6 4 11 12
6 4 11 13
6 4 11 15
6 4 11 16
6 5 11 9
6 5 11 11
6 5 11 12
6 5 11 13
6 5 11 15
6 5 11 16
6 9 11 11
6 9 11 12
6 9 11 13
6 9 11 15
6 9 11 16
6 11 11 15
6 11 11 16
6 12 11 15
6 12 11 16
6 13 11 15
6 13 11 16
6 11 12 15
6 11 12 16
6 12 12 15
6 12 12 16
6 13 12 15
6 13 12 16
6 3 13 5
6 3 13 11
6 3 13 12
6 3 13 13
6 3 13 15
6 3 13 16
6 5 13 11
6 5 13 12
6 5 13 13
6 5 13 15
6 5 13 16
6 11 13 15
6 11 13 16
6 12 13 15
6 12 13 16
6 13 13 15
6 13 13 16
7 9 10 11
7 9 10 12
7 9 10 13
7 9 11 11
7 9 11 12
7 9 11 13
7 3 13 5
8 9 10 11
8 9 10 12
8 9 10 13
8 9 11 11
8 9 11 12
8 9 11 13
8 3 13 5
9 3 13 5
10 3 13 5
10 3 13 11
10 3 13 12
10 3 13 13
10 3 13 14
10 3 13 15
10 3 13 16
10 3 13 17
10 3 13 18
10 5 13 11
10 5 13 12
10 5 13 13
10 5 13 14
10 5 13 15
10 5 13 16
10 5 13 17
10 5 13 18
11 3 13 5
11 3 13 11
11 3 13 12
11 3 13 13
11 3 13 14
11 3 13 15
11 3 13 16
11 3 13 17
11 3 13 18
11 5 13 11
11 5 13 12
11 5 13 13
11 5 13 14
11 5 13 15
11 5 13 16
11 5 13 17
11 5 13 18
