14 24
001111111111100000000000
001000000011111000000000
001000000010101000000000
001000000010101000000000
001000001111111111000000
001000001010101001000000
001000001010101001000000
001000001010101001000000
111111111111111111111100
101000001010101001000100
111111111111111111111100
001000001011111001000000
001111111111111111000000
000000000000000000000000
123
1 11 5 13
1 3 9 11
1 3 9 13
1 11 9 13
1 3 11 11
1 3 11 13
1 11 11 13
1 11 12 13
1 3 13 11
1 3 13 13
1 11 13 13
2 11 5 13
2 11 5 15
2 13 5 15
2 11 9 13
2 11 9 15
2 13 9 15
2 11 11 13
2 11 11 15
2 13 11 15
2 11 12 13
2 11 12 15
2 13 12 15
2 11 13 13
2 11 13 15
2 13 13 15
5 9 9 11
5 9 9 13
5 9 9 15
5 9 9 18
5 11 9 13
5 11 9 15
5 11 9 18
5 13 9 15
5 13 9 18
5 15 9 18
5 9 11 11
5 9 11 13
5 9 11 15
5 9 11 18
5 11 11 13
5 11 11 15
5 11 11 18
5 13 11 15
5 13 11 18
5 15 11 18
5 11 12 13
5 11 12 15
5 13 12 15
5 9 13 11
5 9 13 13
5 9 13 15
5 9 13 18
5 11 13 13
5 11 13 15
5 11 13 18
5 13 13 15
5 13 13 18
5 15 13 18
9 1 11 3
9 1 11 9
9 1 11 11
9 1 11 13
9 1 11 15
9 1 11 18
9 1 11 22
9 3 11 9
9 3 11 11
9 3 11 13
9 3 11 15
9 3 11 18
9 3 11 22
9 9 11 11
9 9 11 13
9 9 11 15
9 9 11 18
9 9 11 22
9 11 11 13
9 11 11 15
9 11 11 18
9 11 11 22
9 13 11 15
9 13 11 18
9 13 11 22
9 15 11 18
9 15 11 22
9 18 11 22
9 11 12 13
9 11 12 15
9 13 12 15
9 3 13 9
9 3 13 11
9 3 13 13
9 3 13 15
9 3 13 18
9 9 13 11
9 9 13 13
9 9 13 15
9 9 13 18
9 11 13 13
9 11 13 15
9 11 13 18
9 13 13 15
9 13 13 18
9 15 13 18
11 3 13 9
11 3 13 11
11 3 13 12
11 3 13 13
11 3 13 14
11 3 13 15
11 3 13 18
11 9 13 11
11 9 13 12
11 9 13 13
11 9 13 14
11 9 13 15
11 9 13 18
11 11 13 18
11 12 13 18
11 13 13 18
11 14 13 18
11 15 13 18
