15 13
0111111100000
0111111111000
0111000101000
0111000101000
0111111111110
0111010101010
0111111111010
0111110111110
0111111111110
0111111110110
0111110010110
0101111110110
0101111111110
0111111111110
0111000000000
201
1 2 5 8
1 3 5 8
1 4 5 8
1 2 7 8
1 3 7 8
1 4 7 8
1 2 9 8
1 3 9 8
1 4 9 8
1 2 10 8
1 3 10 8
1 4 10 8
1 2 14 4
1 2 15 4
2 2 5 8
2 2 5 10
2 3 5 8
2 3 5 10
2 4 5 8
2 4 5 10
2 8 5 10
2 2 7 8
2 2 7 10
2 3 7 8
2 3 7 10
2 4 7 8
2 4 7 10
2 8 7 10
2 8 8 10
2 2 9 8
2 2 9 10
2 3 9 8
2 3 9 10
2 4 9 8
2 4 9 10
2 8 9 10
2 2 10 8
2 3 10 8
2 4 10 8
2 2 14 4
2 2 15 4
3 2 14 4
3 2 15 4
4 2 14 4
4 2 15 4
5 2 7 6
5 2 7 8
5 2 7 10
5 3 7 6
5 3 7 8
5 3 7 10
5 4 7 6
5 4 7 8
5 4 7 10
5 6 7 8
5 6 7 10
5 8 7 10
5 2 8 6
5 3 8 6
5 4 8 6
5 8 8 10
5 8 8 12
5 10 8 12
5 2 9 6
5 2 9 8
5 2 9 10
5 2 9 12
5 3 9 6
5 3 9 8
5 3 9 10
5 3 9 12
5 4 9 6
5 4 9 8
5 4 9 10
5 4 9 12
5 6 9 8
5 6 9 10
5 6 9 12
5 8 9 10
5 8 9 12
5 10 9 12
5 2 10 6
5 2 10 8
5 3 10 6
5 3 10 8
5 4 10 6
5 4 10 8
5 6 10 8
5 2 11 6
5 3 11 6
5 4 11 6
5 4 12 6
5 4 13 6
5 4 13 12
5 6 13 12
5 2 14 4
5 2 14 6
5 2 14 12
5 4 14 6
5 4 14 12
5 6 14 12
5 2 15 4
6 2 14 4
6 2 15 4
7 2 9 8
7 2 9 9
7 2 9 10
7 3 9 8
7 3 9 9
7 3 9 10
7 4 9 8
7 4 9 9
7 4 9 10
7 5 9 8
7 5 9 9
7 5 9 10
7 6 9 8
7 6 9 9
7 6 9 10
7 2 10 8
7 2 10 9
7 3 10 8
7 3 10 9
7 4 10 8
7 4 10 9
7 5 10 8
7 5 10 9
7 6 10 8
7 6 10 9
7 4 12 9
7 5 12 9
7 6 12 9
7 4 13 9
7 5 13 9
7 6 13 9
7 2 14 4
7 2 14 5
7 2 14 6
7 2 14 9
7 4 14 9
7 5 14 9
7 6 14 9
7 2 15 4
8 9 13 11
8 9 13 12
8 2 14 4
8 2 14 5
8 2 14 6
8 9 14 11
8 9 14 12
8 2 15 4
9 4 12 9
9 5 12 9
9 6 12 9
9 4 13 9
9 4 13 11
9 4 13 12
9 5 13 9
9 5 13 11
9 5 13 12
9 6 13 9
9 6 13 11
9 6 13 12
9 9 13 11
9 9 13 12
9 2 14 4
9 2 14 5
9 2 14 6
9 2 14 9
9 2 14 11
9 2 14 12
9 4 14 9
9 4 14 11
9 4 14 12
9 5 14 9
9 5 14 11
9 5 14 12
9 6 14 9
9 6 14 11
9 6 14 12
9 9 14 11
9 9 14 12
9 2 15 4
10 4 12 9
10 5 12 9
10 6 12 9
10 4 13 9
10 5 13 9
10 6 13 9
10 2 14 4
10 2 14 5
10 2 14 6
10 2 14 9
10 4 14 9
10 5 14 9
10 6 14 9
10 2 15 4
11 2 14 4
11 2 14 5
11 2 14 6
11 2 15 4
