17 15
000000000000000
000000000001111
000000000001111
000000000001001
011111111111001
010111111111111
111111111111111
111111101101001
111101101101001
111111101111001
101101100111111
101101111111111
101100100001111
101100100000000
111111100000000
111111100000000
000000000000000
123
2 12 6 15
2 12 7 15
2 12 11 15
2 12 12 15
2 12 13 15
3 12 6 15
3 12 7 15
3 12 11 15
3 12 12 15
3 12 13 15
5 2 7 4
5 2 7 5
5 2 7 6
5 2 7 7
5 2 7 8
5 2 7 9
5 2 7 10
5 2 7 11
5 2 7 12
5 2 8 4
5 2 8 5
5 2 8 6
5 2 8 7
5 2 9 4
5 2 10 4
5 2 10 6
5 2 10 7
5 4 10 6
5 4 10 7
5 9 10 12
5 10 10 12
5 10 11 12
5 6 12 10
5 6 12 12
5 7 12 10
5 7 12 12
5 10 12 12
5 4 15 7
5 4 16 7
6 4 10 6
6 4 10 7
6 9 10 12
6 10 10 12
6 10 11 12
6 10 11 15
6 12 11 15
6 6 12 10
6 6 12 12
6 6 12 15
6 7 12 10
6 7 12 12
6 7 12 15
6 10 12 12
6 10 12 15
6 12 12 15
6 12 13 15
6 4 15 7
6 4 16 7
7 1 10 6
7 1 10 7
7 2 10 6
7 2 10 7
7 3 10 6
7 3 10 7
7 4 10 6
7 4 10 7
7 9 10 12
7 10 10 12
7 10 11 12
7 10 11 15
7 12 11 15
7 6 12 10
7 6 12 12
7 6 12 15
7 7 12 10
7 7 12 12
7 7 12 15
7 10 12 12
7 10 12 15
7 12 12 15
7 12 13 15
7 1 15 3
7 1 15 4
7 1 15 7
7 3 15 7
7 4 15 7
7 1 16 3
7 1 16 4
7 1 16 7
7 3 16 7
7 4 16 7
8 1 10 6
8 1 10 7
8 2 10 6
8 2 10 7
8 3 10 6
8 3 10 7
8 4 10 6
8 4 10 7
8 1 15 3
8 1 15 4
8 1 15 7
8 3 15 7
8 4 15 7
8 1 16 3
8 1 16 4
8 1 16 7
8 3 16 7
8 4 16 7
9 1 15 3
9 1 15 4
9 1 16 3
9 1 16 4
10 1 15 3
10 1 15 4
10 1 15 7
10 3 15 7
10 4 15 7
10 1 16 3
10 1 16 4
10 1 16 7
10 3 16 7
10 4 16 7
