14 21
000000000001111111000
000000000001000001000
011111111111111111100
011111111111111111100
011111111111011001100
011000010101011001100
011000010101011001100
011111111111111111100
011111111111110101100
011111111111111111100
010000000101000101000
010000000101000101000
011111111111111111000
000000000000000000000
257
1 12 3 18
1 12 4 18
1 12 8 18
1 12 10 18
1 12 13 18
3 2 8 8
3 2 8 10
3 2 8 12
3 2 8 14
3 2 8 15
3 2 8 18
3 2 8 19
3 3 8 8
3 3 8 10
3 3 8 12
3 3 8 14
3 3 8 15
3 3 8 18
3 3 8 19
3 8 8 10
3 8 8 12
3 8 8 14
3 8 8 15
3 8 8 18
3 8 8 19
3 10 8 12
3 10 8 14
3 10 8 15
3 10 8 18
3 10 8 19
3 12 8 14
3 12 8 15
3 12 8 18
3 12 8 19
3 14 8 18
3 14 8 19
3 15 8 18
3 15 8 19
3 2 9 8
3 2 9 10
3 2 9 12
3 2 9 14
3 3 9 8
3 3 9 10
3 3 9 12
3 3 9 14
3 8 9 10
3 8 9 12
3 8 9 14
3 10 9 12
3 10 9 14
3 12 9 14
3 2 10 8
3 2 10 10
3 2 10 12
3 2 10 14
3 2 10 18
3 2 10 19
3 3 10 8
3 3 10 10
3 3 10 12
3 3 10 14
3 3 10 18
3 3 10 19
3 8 10 10
3 8 10 12
3 8 10 14
3 8 10 18
3 8 10 19
3 10 10 12
3 10 10 14
3 10 10 18
3 10 10 19
3 12 10 14
3 12 10 18
3 12 10 19
3 14 10 18
3 14 10 19
3 2 13 10
3 2 13 12
3 2 13 18
3 10 13 12
3 10 13 18
3 12 13 18
4 2 8 8
4 2 8 10
4 2 8 12
4 2 8 14
4 2 8 15
4 2 8 18
4 2 8 19
4 3 8 8
4 3 8 10
4 3 8 12
4 3 8 14
4 3 8 15
4 3 8 18
4 3 8 19
4 8 8 10
4 8 8 12
4 8 8 14
4 8 8 15
4 8 8 18
4 8 8 19
4 10 8 12
4 10 8 14
4 10 8 15
4 10 8 18
4 10 8 19
4 12 8 14
4 12 8 15
4 12 8 18
4 12 8 19
4 14 8 18
4 14 8 19
4 15 8 18
4 15 8 19
4 2 9 8
4 2 9 10
4 2 9 12
4 2 9 14
4 3 9 8
4 3 9 10
4 3 9 12
4 3 9 14
4 8 9 10
4 8 9 12
4 8 9 14
4 10 9 12
4 10 9 14
4 12 9 14
4 2 10 8
4 2 10 10
4 2 10 12
4 2 10 14
4 2 10 18
4 2 10 19
4 3 10 8
4 3 10 10
4 3 10 12
4 3 10 14
4 3 10 18
4 3 10 19
4 8 10 10
4 8 10 12
4 8 10 14
4 8 10 18
4 8 10 19
4 10 10 12
4 10 10 14
4 10 10 18
4 10 10 19
4 12 10 14
4 12 10 18
4 12 10 19
4 14 10 18
4 14 10 19
4 2 13 10
4 2 13 12
4 2 13 18
4 10 13 12
4 10 13 18
4 12 13 18
5 2 8 8
5 2 8 10
5 2 8 12
5 3 8 8
5 3 8 10
5 3 8 12
5 8 8 10
5 8 8 12
5 10 8 12
5 2 9 8
5 2 9 10
5 2 9 12
5 3 9 8
5 3 9 10
5 3 9 12
5 8 9 10
5 8 9 12
5 10 9 12
5 2 10 8
5 2 10 10
5 2 10 12
5 3 10 8
5 3 10 10
5 3 10 12
5 8 10 10
5 8 10 12
5 10 10 12
5 2 13 10
5 2 13 12
5 10 13 12
8 2 10 16
8 2 10 18
8 2 10 19
8 3 10 16
8 3 10 18
8 3 10 19
8 4 10 16
8 4 10 18
8 4 10 19
8 5 10 16
8 5 10 18
8 5 10 19
8 6 10 16
8 6 10 18
8 6 10 19
8 7 10 16
8 7 10 18
8 7 10 19
8 8 10 16
8 8 10 18
8 8 10 19
8 9 10 16
8 9 10 18
8 9 10 19
8 10 10 16
8 10 10 18
8 10 10 19
8 11 10 16
8 11 10 18
8 11 10 19
8 12 10 16
8 12 10 18
8 12 10 19
8 13 10 16
8 13 10 18
8 13 10 19
8 14 10 16
8 14 10 18
8 14 10 19
8 16 10 18
8 16 10 19
8 2 13 10
8 2 13 12
8 2 13 16
8 2 13 18
8 10 13 12
8 10 13 16
8 10 13 18
8 12 13 16
8 12 13 18
8 16 13 18
9 2 13 10
9 2 13 12
9 10 13 12
10 2 13 10
10 2 13 12
10 2 13 16
10 2 13 18
10 10 13 12
10 10 13 16
10 10 13 18
10 12 13 16
10 12 13 18
10 16 13 18
