24 12
011111111100
010000000100
010000000100
010000000100
010000000100
010111111110
011111111110
011110000110
011111111111
011111111111
011111100101
011111111101
011111111111
011100100111
011100100111
011100100111
011111111111
011100111111
011100110111
011111111111
000100011111
000100000010
000111111110
000000000000
243
1 2 7 10
1 2 9 10
1 2 10 10
1 2 12 10
1 2 13 10
1 2 17 10
1 2 20 10
6 4 9 10
6 4 9 11
6 5 9 10
6 5 9 11
6 4 10 10
6 4 10 11
6 5 10 10
6 5 10 11
6 4 12 10
6 5 12 10
6 4 13 10
6 5 13 10
6 4 17 10
6 4 20 10
7 2 9 10
7 2 9 11
7 3 9 10
7 3 9 11
7 4 9 10
7 4 9 11
7 5 9 10
7 5 9 11
7 2 10 10
7 2 10 11
7 3 10 10
7 3 10 11
7 4 10 10
7 4 10 11
7 5 10 10
7 5 10 11
7 2 12 10
7 3 12 10
7 4 12 10
7 5 12 10
7 2 13 10
7 3 13 10
7 4 13 10
7 5 13 10
7 2 17 10
7 3 17 10
7 4 17 10
7 2 20 10
7 3 20 10
7 4 20 10
9 2 12 10
9 3 12 10
9 4 12 10
9 5 12 10
9 6 12 10
9 7 12 10
9 2 13 10
9 2 13 12
9 3 13 10
9 3 13 12
9 4 13 10
9 4 13 12
9 5 13 10
9 5 13 12
9 6 13 10
9 6 13 12
9 7 13 10
9 7 13 12
9 10 13 12
9 10 14 12
9 10 15 12
9 10 16 12
9 2 17 7
9 2 17 10
9 2 17 12
9 3 17 7
9 3 17 10
9 3 17 12
9 4 17 7
9 4 17 10
9 4 17 12
9 7 17 10
9 7 17 12
9 10 17 12
9 7 18 10
9 7 18 12
9 10 18 12
9 10 19 12
9 2 20 7
9 2 20 10
9 2 20 12
9 3 20 7
9 3 20 10
9 3 20 12
9 4 20 7
9 4 20 10
9 4 20 12
9 7 20 10
9 7 20 12
9 10 20 12
9 10 21 12
10 2 12 10
10 3 12 10
10 4 12 10
10 5 12 10
10 6 12 10
10 7 12 10
10 2 13 10
10 2 13 12
10 3 13 10
10 3 13 12
10 4 13 10
10 4 13 12
10 5 13 10
10 5 13 12
10 6 13 10
10 6 13 12
10 7 13 10
10 7 13 12
10 10 13 12
10 10 14 12
10 10 15 12
10 10 16 12
10 2 17 7
10 2 17 10
10 2 17 12
10 3 17 7
10 3 17 10
10 3 17 12
10 4 17 7
10 4 17 10
10 4 17 12
10 7 17 10
10 7 17 12
10 10 17 12
10 7 18 10
10 7 18 12
10 10 18 12
10 10 19 12
10 2 20 7
10 2 20 10
10 2 20 12
10 3 20 7
10 3 20 10
10 3 20 12
10 4 20 7
10 4 20 10
10 4 20 12
10 7 20 10
10 7 20 12
10 10 20 12
10 10 21 12
11 2 17 7
11 3 17 7
11 4 17 7
11 2 20 7
11 3 20 7
11 4 20 7
12 2 17 7
12 2 17 10
12 3 17 7
12 3 17 10
12 4 17 7
12 4 17 10
12 7 17 10
12 7 18 10
12 2 20 7
12 2 20 10
12 3 20 7
12 3 20 10
12 4 20 7
12 4 20 10
12 7 20 10
13 2 17 7
13 2 17 10
13 2 17 11
13 2 17 12
13 3 17 7
13 3 17 10
13 3 17 11
13 3 17 12
13 4 17 7
13 4 17 10
13 4 17 11
13 4 17 12
13 7 17 10
13 7 17 11
13 7 17 12
13 7 18 10
13 7 18 11
13 7 18 12
13 2 20 7
13 2 20 10
13 2 20 11
13 2 20 12
13 3 20 7
13 3 20 10
13 3 20 11
13 3 20 12
13 4 20 7
13 4 20 10
13 4 20 11
13 4 20 12
13 7 20 10
13 7 20 11
13 7 20 12
13 4 23 11
17 2 20 7
17 2 20 8
17 2 20 10
17 2 20 11
17 2 20 12
17 3 20 7
17 3 20 8
17 3 20 10
17 3 20 11
17 3 20 12
17 4 20 7
17 4 20 8
17 4 20 10
17 4 20 11
17 4 20 12
17 7 20 10
17 7 20 11
17 7 20 12
17 8 20 10
17 8 20 11
17 8 20 12
17 8 21 10
17 8 21 11
17 8 21 12
17 4 23 11
18 7 20 10
18 7 20 11
18 7 20 12
18 8 20 10
18 8 20 11
18 8 20 12
18 8 21 10
18 8 21 11
18 8 21 12
20 4 23 11
