14 14
00001111111000
00001010001000
00001010001000
00111010001110
00101111111110
00101110001010
00101111111110
00111110001010
00001111111010
00001110001110
00001111111110
00001111111110
00001000000010
00001111111110
76
1 5 5 7
1 5 5 11
1 7 5 11
1 5 6 7
1 5 7 7
1 5 7 11
1 7 7 11
1 5 8 7
1 5 9 7
1 5 9 11
1 7 9 11
1 5 10 7
1 5 11 7
1 5 11 11
1 7 11 11
1 5 12 7
1 5 12 11
1 7 12 11
4 11 7 13
4 3 8 5
4 11 10 13
4 11 11 13
4 11 12 13
5 5 7 11
5 5 7 13
5 6 7 11
5 6 7 13
5 7 7 11
5 7 7 13
5 11 7 13
5 5 9 11
5 6 9 11
5 7 9 11
5 11 10 13
5 5 11 11
5 5 11 13
5 6 11 11
5 6 11 13
5 7 11 11
5 7 11 13
5 11 11 13
5 5 12 11
5 5 12 13
5 6 12 11
5 6 12 13
5 7 12 11
5 7 12 13
5 11 12 13
5 5 14 13
7 5 9 11
7 6 9 11
7 7 9 11
7 11 10 13
7 5 11 11
7 5 11 13
7 6 11 11
7 6 11 13
7 7 11 11
7 7 11 13
7 11 11 13
7 5 12 11
7 5 12 13
7 6 12 11
7 6 12 13
7 7 12 11
7 7 12 13
7 11 12 13
7 5 14 13
9 5 11 11
9 6 11 11
9 7 11 11
9 5 12 11
9 6 12 11
9 7 12 11
11 5 14 13
12 5 14 13
