11 19
0111111111111111000
0100001110000001000
1111111111111111000
1110000110100101000
1110000110100101000
1111111111111111000
1110000110010101000
1111111111110101000
0111111111111111000
0100000110000001000
0111111111111111000
114
1 2 3 7
1 2 3 8
1 2 3 9
1 2 3 16
1 7 3 16
1 8 3 16
1 9 3 16
1 2 6 8
1 2 6 9
1 2 6 16
1 8 6 16
1 9 6 16
1 2 8 8
1 2 8 9
1 2 9 8
1 2 9 9
1 2 9 16
1 8 9 16
1 9 9 16
1 2 11 8
1 2 11 9
1 2 11 16
1 8 11 16
1 9 11 16
3 1 6 8
3 1 6 9
3 1 6 11
3 1 6 14
3 1 6 16
3 2 6 8
3 2 6 9
3 2 6 11
3 2 6 14
3 2 6 16
3 3 6 8
3 3 6 9
3 3 6 11
3 3 6 14
3 3 6 16
3 8 6 11
3 8 6 14
3 8 6 16
3 9 6 11
3 9 6 14
3 9 6 16
3 11 6 14
3 11 6 16
3 14 6 16
3 1 8 8
3 1 8 9
3 2 8 8
3 2 8 9
3 3 8 8
3 3 8 9
3 2 9 8
3 2 9 9
3 2 9 14
3 2 9 16
3 3 9 8
3 3 9 9
3 3 9 14
3 3 9 16
3 8 9 14
3 8 9 16
3 9 9 14
3 9 9 16
3 14 9 16
3 2 11 8
3 2 11 9
3 2 11 16
3 8 11 16
3 9 11 16
6 1 8 8
6 1 8 9
6 1 8 12
6 2 8 8
6 2 8 9
6 2 8 12
6 3 8 8
6 3 8 9
6 3 8 12
6 8 8 12
6 9 8 12
6 2 9 8
6 2 9 9
6 2 9 12
6 2 9 14
6 2 9 16
6 3 9 8
6 3 9 9
6 3 9 12
6 3 9 14
6 3 9 16
6 8 9 12
6 8 9 14
6 8 9 16
6 9 9 12
6 9 9 14
6 9 9 16
6 12 9 14
6 12 9 16
6 14 9 16
6 2 11 8
6 2 11 9
6 2 11 16
6 8 11 16
6 9 11 16
8 2 11 8
8 2 11 9
9 2 11 8
9 2 11 9
9 2 11 16
9 8 11 16
9 9 11 16
