23 12
000000000000
000000000000
111111111100
111111111100
100000111100
100000101100
100000111100
100000111100
100000111100
100000111100
100000111100
111111111100
100000111100
100000101000
100000101000
100000101000
100000101000
111110111000
110010001000
111110001000
100000001000
100000001000
111111111000
63
3 7 7 9
3 7 7 10
3 7 8 9
3 7 8 10
3 7 9 9
3 7 9 10
3 7 10 9
3 7 10 10
3 7 11 9
3 7 11 10
3 1 12 7
3 1 12 9
3 1 12 10
3 7 12 9
3 7 12 10
3 7 13 9
3 7 13 10
3 7 18 9
3 1 23 9
4 7 7 9
4 7 7 10
4 7 8 9
4 7 8 10
4 7 9 9
4 7 9 10
4 7 10 9
4 7 10 10
4 7 11 9
4 7 11 10
4 1 12 7
4 1 12 9
4 1 12 10
4 7 12 9
4 7 12 10
4 7 13 9
4 7 13 10
4 7 18 9
4 1 23 9
5 7 7 9
5 7 7 10
5 7 8 9
5 7 8 10
5 7 9 9
5 7 9 10
5 7 10 9
5 7 10 10
5 7 11 9
5 7 11 10
5 7 12 9
5 7 12 10
5 7 13 9
5 7 13 10
5 7 18 9
7 7 18 9
8 7 18 9
9 7 18 9
10 7 18 9
11 7 18 9
12 7 18 9
12 1 23 9
13 7 18 9
18 1 20 5
18 2 20 5
