21 14
00000000000000
11110000000000
10010000000000
10010111111100
10010100011110
10010100010110
10010100010110
10010111111110
11111111111110
11010000100110
11110000100110
11111111111111
11111111111111
00000000100011
00000000100011
00000000100011
00000000100011
00000000100011
00000000100011
00000000111111
00000000111111
58
2 1 9 4
2 1 11 4
2 1 12 4
2 1 13 4
4 6 8 10
4 6 8 12
4 10 8 12
4 6 9 10
4 6 9 12
4 10 9 12
5 10 8 12
5 10 8 13
5 10 9 12
5 10 9 13
8 9 12 12
8 9 12 13
8 9 13 12
8 9 13 13
8 9 20 13
8 9 21 13
9 1 11 4
9 2 11 4
9 1 12 4
9 1 12 9
9 1 12 12
9 1 12 13
9 2 12 4
9 2 12 9
9 2 12 12
9 2 12 13
9 4 12 9
9 4 12 12
9 4 12 13
9 9 12 12
9 9 12 13
9 1 13 4
9 1 13 9
9 1 13 12
9 1 13 13
9 2 13 4
9 2 13 9
9 2 13 12
9 2 13 13
9 4 13 9
9 4 13 12
9 4 13 13
9 9 13 12
9 9 13 13
9 9 20 13
9 9 21 13
12 9 20 13
12 9 20 14
12 9 21 13
12 9 21 14
13 9 20 13
13 9 20 14
13 9 21 13
13 9 21 14
