21 24
011111000000000000000000
010001000000000000000000
010001000000000000000000
010001000000000000000000
010001000000000000000000
010001000000011111110000
010001000000010000010000
010001000000010000010000
010001000000011111110000
010001000000000000000000
010001000000000000000000
010001000000000000000000
010001000000000000000000
010001000000000000000000
010001000000000000000000
010001000000000000000000
011111000000000000000000
000000000000000000000000
000000000000000000000000
000000000000000000000000
000000000000000000000000
2
1 2 17 6
6 14 9 20
