14 11
00011110000
00010010000
00011111110
00011010010
11111111010
10111111110
11111111000
10111111000
10110011000
10111111000
10111111110
11111111010
11111111010
00111111110
134
1 4 3 7
1 4 5 7
1 4 6 7
1 4 7 7
1 4 8 7
1 4 10 7
1 4 11 7
1 4 12 7
1 4 13 7
1 4 14 7
3 4 5 7
3 5 5 7
3 4 6 7
3 4 6 10
3 5 6 7
3 5 6 10
3 7 6 10
3 4 7 7
3 5 7 7
3 4 8 7
3 5 8 7
3 4 10 7
3 4 11 7
3 4 12 7
3 4 13 7
3 4 14 7
5 1 7 3
5 1 7 4
5 1 7 5
5 1 7 6
5 1 7 7
5 1 7 8
5 3 10 7
5 3 10 8
5 4 10 7
5 4 10 8
5 3 11 7
5 3 11 8
5 4 11 7
5 4 11 8
5 1 12 3
5 1 12 4
5 1 12 7
5 1 12 8
5 3 12 7
5 3 12 8
5 4 12 7
5 4 12 8
5 1 13 3
5 1 13 4
5 1 13 7
5 1 13 8
5 3 13 7
5 3 13 8
5 4 13 7
5 4 13 8
5 3 14 7
5 3 14 8
5 4 14 7
5 4 14 8
6 3 10 7
6 3 10 8
6 4 10 7
6 4 10 8
6 3 11 7
6 3 11 8
6 4 11 7
6 4 11 8
6 3 12 7
6 3 12 8
6 4 12 7
6 4 12 8
6 3 13 7
6 3 13 8
6 4 13 7
6 4 13 8
6 3 14 7
6 3 14 8
6 4 14 7
6 4 14 8
7 3 10 7
7 3 10 8
7 4 10 7
7 4 10 8
7 3 11 7
7 3 11 8
7 4 11 7
7 4 11 8
7 1 12 3
7 1 12 4
7 1 12 7
7 1 12 8
7 3 12 7
7 3 12 8
7 4 12 7
7 4 12 8
7 1 13 3
7 1 13 4
7 1 13 7
7 1 13 8
7 3 13 7
7 3 13 8
7 4 13 7
7 4 13 8
7 3 14 7
7 3 14 8
7 4 14 7
7 4 14 8
8 3 10 7
8 3 10 8
8 4 10 7
8 4 10 8
8 3 11 7
8 3 11 8
8 4 11 7
8 4 11 8
8 3 12 7
8 3 12 8
8 4 12 7
8 4 12 8
8 3 13 7
8 3 13 8
8 4 13 7
8 4 13 8
8 3 14 7
8 3 14 8
8 4 14 7
8 4 14 8
11 3 14 10
11 4 14 10
11 5 14 10
11 6 14 10
11 7 14 10
11 8 14 10
