21 16
1111111111110000
1001011111110000
1111111111110000
0001011111111110
0001011010100010
0001011010100010
0001011010100010
0001111111100010
0001111010100010
1111111111110010
1001111010110010
1001111010110010
1001111111111110
1111111111111100
1101110010110100
1101110010110100
1101111111110100
1101100010110100
1101100010110100
1111111111110100
0111111111111100
388
1 1 3 4
1 1 3 6
1 1 3 7
1 1 3 8
1 1 3 9
1 1 3 10
1 1 3 11
1 1 3 12
1 4 3 6
1 4 3 7
1 4 3 8
1 4 3 9
1 4 3 10
1 4 3 11
1 4 3 12
1 4 8 6
1 4 8 7
1 4 8 9
1 4 8 11
1 6 8 9
1 6 8 11
1 7 8 9
1 7 8 11
1 9 8 11
1 4 9 6
1 4 9 7
1 4 10 6
1 4 10 7
1 4 10 9
1 4 10 11
1 6 10 9
1 6 10 11
1 7 10 9
1 7 10 11
1 9 10 11
1 4 11 6
1 4 11 7
1 4 12 6
1 4 12 7
1 4 13 6
1 4 13 7
1 4 13 9
1 4 13 11
1 6 13 9
1 6 13 11
1 7 13 9
1 7 13 11
1 9 13 11
1 4 14 6
1 4 14 7
1 4 14 9
1 4 14 11
1 6 14 9
1 6 14 11
1 7 14 9
1 7 14 11
1 9 14 11
1 4 15 6
1 4 16 6
1 4 17 6
1 4 17 9
1 4 17 11
1 6 17 9
1 6 17 11
1 9 17 11
1 4 20 9
1 4 20 11
1 9 20 11
1 4 21 9
1 4 21 11
1 9 21 11
2 6 8 9
2 6 8 11
2 7 8 9
2 7 8 11
2 9 8 11
2 6 10 9
2 6 10 11
2 7 10 9
2 7 10 11
2 9 10 11
2 6 13 9
2 6 13 11
2 7 13 9
2 7 13 11
2 9 13 11
2 6 14 9
2 6 14 11
2 7 14 9
2 7 14 11
2 9 14 11
2 6 17 9
2 6 17 11
2 9 17 11
2 9 20 11
2 9 21 11
3 4 8 6
3 4 8 7
3 4 8 9
3 4 8 11
3 6 8 9
3 6 8 11
3 7 8 9
3 7 8 11
3 9 8 11
3 4 9 6
3 4 9 7
3 4 10 6
3 4 10 7
3 4 10 9
3 4 10 11
3 6 10 9
3 6 10 11
3 7 10 9
3 7 10 11
3 9 10 11
3 4 11 6
3 4 11 7
3 4 12 6
3 4 12 7
3 4 13 6
3 4 13 7
3 4 13 9
3 4 13 11
3 6 13 9
3 6 13 11
3 7 13 9
3 7 13 11
3 9 13 11
3 4 14 6
3 4 14 7
3 4 14 9
3 4 14 11
3 6 14 9
3 6 14 11
3 7 14 9
3 7 14 11
3 9 14 11
3 4 15 6
3 4 16 6
3 4 17 6
3 4 17 9
3 4 17 11
3 6 17 9
3 6 17 11
3 9 17 11
3 4 20 9
3 4 20 11
3 9 20 11
3 4 21 9
3 4 21 11
3 9 21 11
4 6 8 9
4 6 8 11
4 7 8 9
4 7 8 11
4 9 8 11
4 6 10 9
4 6 10 11
4 7 10 9
4 7 10 11
4 9 10 11
4 6 13 9
4 6 13 11
4 6 13 15
4 7 13 9
4 7 13 11
4 7 13 15
4 9 13 11
4 9 13 15
4 11 13 15
4 6 14 9
4 6 14 11
4 7 14 9
4 7 14 11
4 9 14 11
4 6 17 9
4 6 17 11
4 9 17 11
4 9 20 11
4 9 21 11
8 4 10 9
8 4 10 11
8 5 10 9
8 5 10 11
8 6 10 9
8 6 10 11
8 7 10 9
8 7 10 11
8 9 10 11
8 4 13 9
8 4 13 11
8 5 13 9
8 5 13 11
8 6 13 9
8 6 13 11
8 7 13 9
8 7 13 11
8 9 13 11
8 4 14 9
8 4 14 11
8 5 14 9
8 5 14 11
8 6 14 9
8 6 14 11
8 7 14 9
8 7 14 11
8 9 14 11
8 4 17 9
8 4 17 11
8 5 17 9
8 5 17 11
8 6 17 9
8 6 17 11
8 9 17 11
8 4 20 9
8 4 20 11
8 5 20 9
8 5 20 11
8 9 20 11
8 4 21 9
8 4 21 11
8 5 21 9
8 5 21 11
8 9 21 11
10 4 13 9
10 4 13 11
10 4 13 12
10 5 13 9
10 5 13 11
10 5 13 12
10 6 13 9
10 6 13 11
10 6 13 12
10 7 13 9
10 7 13 11
10 7 13 12
10 9 13 11
10 9 13 12
10 1 14 4
10 1 14 5
10 1 14 6
10 1 14 7
10 1 14 9
10 1 14 11
10 1 14 12
10 4 14 9
10 4 14 11
10 4 14 12
10 5 14 9
10 5 14 11
10 5 14 12
10 6 14 9
10 6 14 11
10 6 14 12
10 7 14 9
10 7 14 11
10 7 14 12
10 9 14 11
10 9 14 12
10 4 17 9
10 4 17 11
10 4 17 12
10 5 17 9
10 5 17 11
10 5 17 12
10 6 17 9
10 6 17 11
10 6 17 12
10 9 17 11
10 9 17 12
10 1 20 4
10 1 20 5
10 1 20 9
10 1 20 11
10 1 20 12
10 4 20 9
10 4 20 11
10 4 20 12
10 5 20 9
10 5 20 11
10 5 20 12
10 9 20 11
10 9 20 12
10 4 21 9
10 4 21 11
10 4 21 12
10 5 21 9
10 5 21 11
10 5 21 12
10 9 21 11
10 9 21 12
13 4 17 9
13 4 17 11
13 4 17 12
13 5 17 9
13 5 17 11
13 5 17 12
13 6 17 9
13 6 17 11
13 6 17 12
13 9 17 11
13 9 17 12
13 4 20 9
13 4 20 11
13 4 20 12
13 5 20 9
13 5 20 11
13 5 20 12
13 9 20 11
13 9 20 12
13 4 21 9
13 4 21 11
13 4 21 12
13 4 21 14
13 5 21 9
13 5 21 11
13 5 21 12
13 5 21 14
13 9 21 11
13 9 21 12
13 9 21 14
13 11 21 14
13 12 21 14
14 4 17 9
14 4 17 11
14 4 17 12
14 5 17 9
14 5 17 11
14 5 17 12
14 6 17 9
14 6 17 11
14 6 17 12
14 9 17 11
14 9 17 12
14 1 20 4
14 1 20 5
14 1 20 9
14 1 20 11
14 1 20 12
14 2 20 4
14 2 20 5
14 2 20 9
14 2 20 11
14 2 20 12
14 4 20 9
14 4 20 11
14 4 20 12
14 5 20 9
14 5 20 11
14 5 20 12
14 9 20 11
14 9 20 12
14 2 21 4
14 2 21 5
14 2 21 9
14 2 21 11
14 2 21 12
14 2 21 14
14 4 21 9
14 4 21 11
14 4 21 12
14 4 21 14
14 5 21 9
14 5 21 11
14 5 21 12
14 5 21 14
14 9 21 11
14 9 21 12
14 9 21 14
14 11 21 14
14 12 21 14
17 4 20 9
17 4 20 11
17 4 20 12
17 5 20 9
17 5 20 11
17 5 20 12
17 9 20 11
17 9 20 12
17 4 21 9
17 4 21 11
17 4 21 12
17 5 21 9
17 5 21 11
17 5 21 12
17 9 21 11
17 9 21 12
