21 11
01111000000
01011000000
01011111000
01011001000
11111111111
11011001101
11111111101
01111111111
01101001101
01101001101
01101001101
01101001101
01101001101
01101001101
01101001101
01111001101
00101111111
00101000111
00111111111
00001000010
00001111110
76
1 2 5 4
1 2 5 5
1 2 7 4
1 2 7 5
1 2 8 4
1 2 8 5
1 2 16 5
3 4 5 8
3 5 5 8
3 4 7 8
3 5 7 8
3 4 8 8
3 5 8 8
3 5 17 8
5 1 7 4
5 1 7 5
5 1 7 8
5 1 7 9
5 2 7 4
5 2 7 5
5 2 7 8
5 2 7 9
5 4 7 8
5 4 7 9
5 5 7 8
5 5 7 9
5 2 8 4
5 2 8 5
5 2 8 8
5 2 8 9
5 2 8 11
5 4 8 8
5 4 8 9
5 4 8 11
5 5 8 8
5 5 8 9
5 5 8 11
5 8 8 11
5 9 8 11
5 2 16 5
5 5 17 8
5 5 17 9
5 5 17 11
5 8 17 11
5 9 17 11
5 9 18 11
5 5 19 9
5 5 19 11
5 9 19 11
7 2 16 5
7 3 16 5
7 5 17 8
7 5 17 9
7 3 19 5
7 3 19 9
7 5 19 9
8 2 16 5
8 3 16 5
8 5 17 8
8 5 17 9
8 5 17 11
8 8 17 11
8 9 17 11
8 9 18 11
8 3 19 5
8 3 19 9
8 3 19 11
8 5 19 9
8 5 19 11
8 9 19 11
16 3 19 5
17 5 19 9
17 5 19 10
17 5 19 11
17 5 21 10
19 5 21 10
