25 21
000000000011111111100
000000000010011111110
000000000010010000110
000001111111111111110
000001000010010000110
000001000010010000110
000001000010010000110
000111111111110000110
000101000010011111110
000101000010011001110
000111111111111111110
000000000010011001110
000000000010011001110
000000000010011001110
000000000010011001110
000000000010011111110
000000000010010000110
000000000011111111110
000000000010010001110
000000000010010001110
000000000010010001110
000000000010010001110
000000000010010001110
000000000011111111110
000000000000011111110
118
1 11 4 14
1 11 4 19
1 14 4 19
1 11 8 14
1 14 9 19
1 11 11 14
1 11 11 19
1 14 11 19
1 14 16 19
1 11 18 14
1 11 18 19
1 14 18 19
1 11 24 14
1 11 24 19
1 14 24 19
1 14 25 19
2 14 4 19
2 14 4 20
2 14 9 19
2 14 9 20
2 14 11 19
2 14 11 20
2 14 16 19
2 14 16 20
2 14 18 19
2 14 18 20
2 14 24 19
2 14 24 20
2 14 25 19
2 14 25 20
4 6 8 11
4 6 8 14
4 11 8 14
4 14 9 19
4 14 9 20
4 6 11 11
4 6 11 14
4 6 11 19
4 6 11 20
4 11 11 14
4 11 11 19
4 11 11 20
4 14 11 19
4 14 11 20
4 14 16 19
4 14 16 20
4 11 18 14
4 11 18 19
4 11 18 20
4 14 18 19
4 14 18 20
4 11 24 14
4 11 24 19
4 11 24 20
4 14 24 19
4 14 24 20
4 14 25 19
4 14 25 20
8 4 11 6
8 4 11 11
8 4 11 14
8 6 11 11
8 6 11 14
8 11 11 14
8 11 18 14
8 11 24 14
9 14 11 18
9 14 11 19
9 14 11 20
9 15 11 18
9 15 11 19
9 15 11 20
9 14 16 18
9 14 16 19
9 14 16 20
9 15 16 18
9 15 16 19
9 15 16 20
9 14 18 19
9 14 18 20
9 14 24 19
9 14 24 20
9 14 25 19
9 14 25 20
11 14 16 18
11 14 16 19
11 14 16 20
11 15 16 18
11 15 16 19
11 15 16 20
11 11 18 14
11 11 18 19
11 11 18 20
11 14 18 19
11 14 18 20
11 11 24 14
11 11 24 19
11 11 24 20
11 14 24 19
11 14 24 20
11 14 25 19
11 14 25 20
16 14 18 19
16 14 18 20
16 14 24 19
16 14 24 20
16 14 25 19
16 14 25 20
18 11 24 14
18 11 24 18
18 11 24 19
18 11 24 20
18 14 24 18
18 14 24 19
18 14 24 20
18 14 25 18
18 14 25 19
18 14 25 20
