21 15
000000000000000
000000000111111
000111111111111
000100000111011
000100000101011
000100000101011
000100000101011
000100000101011
000100000111111
000100000101010
000100000101010
000111111111110
000000000101000
000000000101000
000000000101000
000000000111000
000000000000000
000000000000000
000000000000000
000000000000000
000000000000000
29
2 10 9 12
2 10 9 14
2 10 9 15
2 12 9 14
2 12 9 15
2 10 12 12
2 10 12 14
2 12 12 14
2 10 16 12
3 10 9 12
3 10 9 14
3 10 9 15
3 12 9 14
3 12 9 15
3 4 12 10
3 4 12 12
3 4 12 14
3 10 12 12
3 10 12 14
3 12 12 14
3 10 16 12
4 10 9 12
4 10 12 12
4 10 16 12
9 10 12 12
9 10 12 14
9 12 12 14
9 10 16 12
12 10 16 12
