21 23
00000000000000000000000
00000000000000000000000
00000000000000000000000
00000000000001111111111
00011111110001000000001
00010000010001000000001
00010000111101111100001
00010000111111111100001
00010000110101000100001
00010000110101111111111
00111111110101000100000
00110001110101000100000
00110011111111111111000
00110011111101101101000
00110011111111111101000
00110001010001100101000
00110001010001100101000
00111111010001111101000
00011111110000111111000
00000000000000000000000
00000000000000000000000
83
4 14 10 23
5 4 11 10
5 4 19 10
7 14 10 18
7 9 13 12
7 10 13 12
7 14 13 18
7 9 14 12
7 10 14 12
7 9 15 12
7 10 15 12
7 14 15 18
7 14 18 18
8 14 10 18
8 9 13 12
8 9 13 14
8 9 13 18
8 10 13 12
8 10 13 14
8 10 13 18
8 12 13 14
8 12 13 18
8 14 13 18
8 9 14 12
8 10 14 12
8 9 15 12
8 9 15 14
8 9 15 18
8 10 15 12
8 10 15 14
8 10 15 18
8 12 15 14
8 12 15 18
8 14 15 18
8 14 18 18
10 14 13 18
10 14 15 18
10 14 18 18
11 3 18 8
11 4 18 8
11 4 19 8
11 4 19 10
11 8 19 10
12 8 19 10
13 7 15 14
13 7 15 15
13 7 15 17
13 7 15 18
13 8 15 14
13 8 15 15
13 8 15 17
13 8 15 18
13 9 15 14
13 9 15 15
13 9 15 17
13 9 15 18
13 10 15 14
13 10 15 15
13 10 15 17
13 10 15 18
13 11 15 14
13 11 15 15
13 11 15 17
13 11 15 18
13 12 15 14
13 12 15 15
13 12 15 17
13 12 15 18
13 14 15 17
13 14 15 18
13 15 15 17
13 15 15 18
13 14 18 18
13 15 18 18
13 8 19 10
13 15 19 18
13 15 19 20
13 18 19 20
14 8 19 10
15 14 18 18
15 15 18 18
15 8 19 10
15 15 19 18
