14 19
0000000000000000000
0111001111111100000
0101001001111111000
0101111111111111110
0101101001000101010
0101101111111101010
1111111111111111110
1101000101000101000
1101000101000101000
1111000101111111000
1111111111111100000
1000000100000000000
1111111100000000000
0000000000000000000
78
2 7 4 10
2 7 4 11
2 7 4 12
2 7 4 13
2 7 4 14
2 7 6 10
2 7 6 14
2 10 6 14
2 2 7 4
2 7 7 10
2 7 7 14
2 10 7 14
2 2 10 4
2 10 10 14
2 2 11 4
2 10 11 14
3 10 6 14
3 10 7 14
3 10 7 16
3 14 7 16
3 10 10 14
3 10 10 16
3 14 10 16
3 10 11 14
4 7 6 10
4 7 6 14
4 10 6 14
4 4 7 7
4 4 7 10
4 4 7 14
4 4 7 16
4 4 7 18
4 5 7 7
4 5 7 10
4 5 7 14
4 5 7 16
4 5 7 18
4 7 7 10
4 7 7 14
4 7 7 16
4 7 7 18
4 10 7 14
4 10 7 16
4 10 7 18
4 14 7 16
4 14 7 18
4 16 7 18
4 10 10 14
4 10 10 16
4 14 10 16
4 4 11 10
4 4 11 14
4 10 11 14
6 10 10 14
6 8 11 10
6 8 11 14
6 10 11 14
7 1 10 4
7 2 10 4
7 10 10 14
7 10 10 16
7 14 10 16
7 1 11 4
7 1 11 8
7 1 11 10
7 1 11 14
7 2 11 4
7 2 11 8
7 2 11 10
7 2 11 14
7 4 11 8
7 4 11 10
7 4 11 14
7 8 11 10
7 8 11 14
7 10 11 14
7 1 13 8
11 1 13 8
