21 24
000000011111111111110000
000000010011110000010000
000111111111111110010000
000110011010010010010000
001111111111111111111100
001110011010010010010100
111111111111111111111100
101110011110011010010000
101110011110011010010000
111111111111111110010000
101111111110010010010000
101111111111111111110000
100111010010010010010000
100111010010010010010000
100111111111111110010000
111111110011111010010000
100011111111111010010000
111111111110011010010000
000011111111111110010000
000001111111111111110000
000000111111111000000000
815
1 8 3 11
1 8 3 12
1 8 3 13
1 8 3 14
1 8 5 11
1 8 5 14
1 8 5 20
1 11 5 14
1 11 5 20
1 14 5 20
1 8 7 11
1 8 7 14
1 8 7 20
1 11 7 14
1 11 7 20
1 14 7 20
1 8 8 11
1 8 9 11
1 8 10 11
1 8 10 14
1 11 10 14
1 8 11 11
1 8 12 11
1 8 12 14
1 8 12 20
1 11 12 14
1 11 12 20
1 14 12 20
1 8 15 11
1 8 15 14
1 11 15 14
1 11 16 14
1 8 17 11
1 8 17 14
1 11 17 14
1 8 18 11
1 8 19 11
1 8 19 14
1 11 19 14
1 8 20 11
1 8 20 14
1 8 20 20
1 11 20 14
1 11 20 20
1 14 20 20
1 8 21 11
1 8 21 14
1 11 21 14
2 11 5 14
2 11 7 14
2 11 10 14
2 11 12 14
2 11 15 14
2 11 16 14
2 11 17 14
2 11 19 14
2 11 20 14
2 11 21 14
3 4 5 8
3 4 5 9
3 4 5 11
3 4 5 14
3 4 5 17
3 5 5 8
3 5 5 9
3 5 5 11
3 5 5 14
3 5 5 17
3 8 5 11
3 8 5 14
3 8 5 17
3 9 5 11
3 9 5 14
3 9 5 17
3 11 5 14
3 11 5 17
3 14 5 17
3 4 7 8
3 4 7 9
3 4 7 11
3 4 7 14
3 4 7 17
3 5 7 8
3 5 7 9
3 5 7 11
3 5 7 14
3 5 7 17
3 8 7 11
3 8 7 14
3 8 7 17
3 9 7 11
3 9 7 14
3 9 7 17
3 11 7 14
3 11 7 17
3 14 7 17
3 8 8 11
3 9 8 11
3 8 9 11
3 9 9 11
3 4 10 8
3 4 10 9
3 4 10 11
3 4 10 14
3 4 10 17
3 5 10 8
3 5 10 9
3 5 10 11
3 5 10 14
3 5 10 17
3 8 10 11
3 8 10 14
3 8 10 17
3 9 10 11
3 9 10 14
3 9 10 17
3 11 10 14
3 11 10 17
3 14 10 17
3 4 11 8
3 4 11 9
3 4 11 11
3 5 11 8
3 5 11 9
3 5 11 11
3 8 11 11
3 9 11 11
3 4 12 8
3 4 12 9
3 4 12 11
3 4 12 14
3 4 12 17
3 5 12 8
3 5 12 9
3 5 12 11
3 5 12 14
3 5 12 17
3 8 12 11
3 8 12 14
3 8 12 17
3 9 12 11
3 9 12 14
3 9 12 17
3 11 12 14
3 11 12 17
3 14 12 17
3 4 15 8
3 4 15 11
3 4 15 14
3 4 15 17
3 5 15 8
3 5 15 11
3 5 15 14
3 5 15 17
3 8 15 11
3 8 15 14
3 8 15 17
3 11 15 14
3 11 15 17
3 14 15 17
3 4 16 8
3 5 16 8
3 11 16 14
3 5 17 8
3 5 17 11
3 5 17 14
3 8 17 11
3 8 17 14
3 11 17 14
3 5 18 8
3 5 18 11
3 8 18 11
3 5 19 8
3 5 19 11
3 5 19 14
3 5 19 17
3 8 19 11
3 8 19 14
3 8 19 17
3 11 19 14
3 11 19 17
3 14 19 17
3 8 20 11
3 8 20 14
3 8 20 17
3 11 20 14
3 11 20 17
3 14 20 17
3 8 21 11
3 8 21 14
3 11 21 14
5 3 7 8
5 3 7 9
5 3 7 11
5 3 7 14
5 3 7 17
5 3 7 20
5 3 7 22
5 4 7 8
5 4 7 9
5 4 7 11
5 4 7 14
5 4 7 17
5 4 7 20
5 4 7 22
5 5 7 8
5 5 7 9
5 5 7 11
5 5 7 14
5 5 7 17
5 5 7 20
5 5 7 22
5 8 7 11
5 8 7 14
5 8 7 17
5 8 7 20
5 8 7 22
5 9 7 11
5 9 7 14
5 9 7 17
5 9 7 20
5 9 7 22
5 11 7 14
5 11 7 17
5 11 7 20
5 11 7 22
5 14 7 17
5 14 7 20
5 14 7 22
5 17 7 20
5 17 7 22
5 20 7 22
5 8 8 11
5 9 8 11
5 8 9 11
5 9 9 11
5 3 10 8
5 3 10 9
5 3 10 11
5 3 10 14
5 3 10 17
5 4 10 8
5 4 10 9
5 4 10 11
5 4 10 14
5 4 10 17
5 5 10 8
5 5 10 9
5 5 10 11
5 5 10 14
5 5 10 17
5 8 10 11
5 8 10 14
5 8 10 17
5 9 10 11
5 9 10 14
5 9 10 17
5 11 10 14
5 11 10 17
5 14 10 17
5 3 11 8
5 3 11 9
5 3 11 11
5 4 11 8
5 4 11 9
5 4 11 11
5 5 11 8
5 5 11 9
5 5 11 11
5 8 11 11
5 9 11 11
5 3 12 8
5 3 12 9
5 3 12 11
5 3 12 14
5 3 12 17
5 3 12 20
5 4 12 8
5 4 12 9
5 4 12 11
5 4 12 14
5 4 12 17
5 4 12 20
5 5 12 8
5 5 12 9
5 5 12 11
5 5 12 14
5 5 12 17
5 5 12 20
5 8 12 11
5 8 12 14
5 8 12 17
5 8 12 20
5 9 12 11
5 9 12 14
5 9 12 17
5 9 12 20
5 11 12 14
5 11 12 17
5 11 12 20
5 14 12 17
5 14 12 20
5 17 12 20
5 4 15 8
5 4 15 11
5 4 15 14
5 4 15 17
5 5 15 8
5 5 15 11
5 5 15 14
5 5 15 17
5 8 15 11
5 8 15 14
5 8 15 17
5 11 15 14
5 11 15 17
5 14 15 17
5 4 16 8
5 5 16 8
5 11 16 14
5 5 17 8
5 5 17 11
5 5 17 14
5 8 17 11
5 8 17 14
5 11 17 14
5 5 18 8
5 5 18 11
5 8 18 11
5 5 19 8
5 5 19 11
5 5 19 14
5 5 19 17
5 8 19 11
5 8 19 14
5 8 19 17
5 11 19 14
5 11 19 17
5 14 19 17
5 8 20 11
5 8 20 14
5 8 20 17
5 8 20 20
5 11 20 14
5 11 20 17
5 11 20 20
5 14 20 17
5 14 20 20
5 17 20 20
5 8 21 11
5 8 21 14
5 11 21 14
7 1 10 3
7 1 10 4
7 1 10 5
7 1 10 8
7 1 10 9
7 1 10 10
7 1 10 11
7 1 10 14
7 1 10 15
7 1 10 17
7 3 10 8
7 3 10 9
7 3 10 10
7 3 10 11
7 3 10 14
7 3 10 15
7 3 10 17
7 4 10 8
7 4 10 9
7 4 10 10
7 4 10 11
7 4 10 14
7 4 10 15
7 4 10 17
7 5 10 8
7 5 10 9
7 5 10 10
7 5 10 11
7 5 10 14
7 5 10 15
7 5 10 17
7 8 10 14
7 8 10 15
7 8 10 17
7 9 10 14
7 9 10 15
7 9 10 17
7 10 10 14
7 10 10 15
7 10 10 17
7 11 10 14
7 11 10 15
7 11 10 17
7 14 10 17
7 15 10 17
7 3 11 8
7 3 11 9
7 3 11 10
7 3 11 11
7 4 11 8
7 4 11 9
7 4 11 10
7 4 11 11
7 5 11 8
7 5 11 9
7 5 11 10
7 5 11 11
7 3 12 8
7 3 12 9
7 3 12 10
7 3 12 11
7 3 12 14
7 3 12 17
7 3 12 20
7 4 12 8
7 4 12 9
7 4 12 10
7 4 12 11
7 4 12 14
7 4 12 17
7 4 12 20
7 5 12 8
7 5 12 9
7 5 12 10
7 5 12 11
7 5 12 14
7 5 12 17
7 5 12 20
7 8 12 14
7 8 12 17
7 8 12 20
7 9 12 14
7 9 12 17
7 9 12 20
7 10 12 14
7 10 12 17
7 10 12 20
7 11 12 14
7 11 12 17
7 11 12 20
7 14 12 17
7 14 12 20
7 17 12 20
7 4 15 8
7 4 15 11
7 4 15 14
7 4 15 17
7 5 15 8
7 5 15 11
7 5 15 14
7 5 15 17
7 8 15 11
7 8 15 14
7 8 15 17
7 11 15 14
7 11 15 17
7 14 15 17
7 1 16 4
7 1 16 5
7 1 16 8
7 4 16 8
7 5 16 8
7 11 16 14
7 5 17 8
7 5 17 11
7 5 17 14
7 8 17 11
7 8 17 14
7 11 17 14
7 1 18 5
7 1 18 8
7 1 18 11
7 5 18 8
7 5 18 11
7 8 18 11
7 5 19 8
7 5 19 11
7 5 19 14
7 5 19 17
7 8 19 11
7 8 19 14
7 8 19 17
7 11 19 14
7 11 19 17
7 14 19 17
7 8 20 11
7 8 20 14
7 8 20 17
7 8 20 20
7 11 20 14
7 11 20 17
7 11 20 20
7 14 20 17
7 14 20 20
7 17 20 20
7 8 21 11
7 8 21 14
7 11 21 14
8 8 15 11
8 8 17 11
8 8 18 11
8 8 19 11
8 8 20 11
8 8 21 11
9 8 15 11
9 8 17 11
9 8 18 11
9 8 19 11
9 8 20 11
9 8 21 11
10 3 12 14
10 3 12 17
10 4 12 14
10 4 12 17
10 5 12 14
10 5 12 17
10 6 12 14
10 6 12 17
10 7 12 14
10 7 12 17
10 8 12 14
10 8 12 17
10 9 12 14
10 9 12 17
10 10 12 14
10 10 12 17
10 11 12 14
10 11 12 17
10 14 12 17
10 4 15 8
10 4 15 11
10 4 15 14
10 4 15 17
10 5 15 8
10 5 15 11
10 5 15 14
10 5 15 17
10 6 15 8
10 6 15 11
10 6 15 14
10 6 15 17
10 8 15 11
10 8 15 14
10 8 15 17
10 11 15 14
10 11 15 17
10 14 15 17
10 1 16 4
10 1 16 5
10 1 16 6
10 1 16 8
10 4 16 8
10 5 16 8
10 6 16 8
10 11 16 14
10 5 17 8
10 5 17 11
10 5 17 14
10 6 17 8
10 6 17 11
10 6 17 14
10 8 17 11
10 8 17 14
10 11 17 14
10 1 18 5
10 1 18 6
10 1 18 8
10 1 18 11
10 5 18 8
10 5 18 11
10 6 18 8
10 6 18 11
10 8 18 11
10 5 19 8
10 5 19 11
10 5 19 14
10 5 19 17
10 6 19 8
10 6 19 11
10 6 19 14
10 6 19 17
10 8 19 11
10 8 19 14
10 8 19 17
10 11 19 14
10 11 19 17
10 14 19 17
10 6 20 8
10 6 20 11
10 6 20 14
10 6 20 17
10 8 20 11
10 8 20 14
10 8 20 17
10 11 20 14
10 11 20 17
10 14 20 17
10 8 21 11
10 8 21 14
10 11 21 14
11 4 15 8
11 4 15 11
11 5 15 8
11 5 15 11
11 6 15 8
11 6 15 11
11 8 15 11
11 4 16 8
11 5 16 8
11 6 16 8
11 5 17 8
11 5 17 11
11 6 17 8
11 6 17 11
11 8 17 11
11 5 18 8
11 5 18 11
11 6 18 8
11 6 18 11
11 8 18 11
11 5 19 8
11 5 19 11
11 6 19 8
11 6 19 11
11 8 19 11
11 6 20 8
11 6 20 11
11 8 20 11
11 8 21 11
12 4 15 8
12 4 15 11
12 4 15 14
12 4 15 17
12 5 15 8
12 5 15 11
12 5 15 14
12 5 15 17
12 6 15 8
12 6 15 11
12 6 15 14
12 6 15 17
12 8 15 11
12 8 15 14
12 8 15 17
12 11 15 14
12 11 15 17
12 14 15 17
12 4 16 8
12 5 16 8
12 6 16 8
12 11 16 14
12 5 17 8
12 5 17 11
12 5 17 14
12 6 17 8
12 6 17 11
12 6 17 14
12 8 17 11
12 8 17 14
12 11 17 14
12 5 18 8
12 5 18 11
12 6 18 8
12 6 18 11
12 8 18 11
12 5 19 8
12 5 19 11
12 5 19 14
12 5 19 17
12 6 19 8
12 6 19 11
12 6 19 14
12 6 19 17
12 8 19 11
12 8 19 14
12 8 19 17
12 11 19 14
12 11 19 17
12 14 19 17
12 6 20 8
12 6 20 11
12 6 20 14
12 6 20 17
12 6 20 20
12 8 20 11
12 8 20 14
12 8 20 17
12 8 20 20
12 11 20 14
12 11 20 17
12 11 20 20
12 14 20 17
12 14 20 20
12 17 20 20
12 8 21 11
12 8 21 14
12 11 21 14
15 5 17 11
15 5 17 12
15 5 17 13
15 5 17 14
15 5 17 15
15 6 17 11
15 6 17 12
15 6 17 13
15 6 17 14
15 6 17 15
15 7 17 11
15 7 17 12
15 7 17 13
15 7 17 14
15 7 17 15
15 8 17 11
15 8 17 12
15 8 17 13
15 8 17 14
15 8 17 15
15 5 18 11
15 6 18 11
15 7 18 11
15 8 18 11
15 5 19 11
15 5 19 14
15 5 19 15
15 5 19 17
15 6 19 11
15 6 19 14
15 6 19 15
15 6 19 17
15 7 19 11
15 7 19 14
15 7 19 15
15 7 19 17
15 8 19 11
15 8 19 14
15 8 19 15
15 8 19 17
15 11 19 14
15 11 19 15
15 11 19 17
15 14 19 17
15 15 19 17
15 6 20 11
15 6 20 14
15 6 20 15
15 6 20 17
15 7 20 11
15 7 20 14
15 7 20 15
15 7 20 17
15 8 20 11
15 8 20 14
15 8 20 15
15 8 20 17
15 11 20 14
15 11 20 15
15 11 20 17
15 14 20 17
15 15 20 17
15 7 21 11
15 7 21 14
15 7 21 15
15 8 21 11
15 8 21 14
15 8 21 15
15 11 21 14
15 11 21 15
16 1 18 5
16 1 18 6
16 1 18 7
16 1 18 8
16 11 19 14
16 11 19 15
16 11 20 14
16 11 20 15
16 11 21 14
16 11 21 15
17 5 19 14
17 5 19 15
17 6 19 14
17 6 19 15
17 7 19 14
17 7 19 15
17 8 19 14
17 8 19 15
17 9 19 14
17 9 19 15
17 10 19 14
17 10 19 15
17 11 19 14
17 11 19 15
17 6 20 14
17 6 20 15
17 7 20 14
17 7 20 15
17 8 20 14
17 8 20 15
17 9 20 14
17 9 20 15
17 10 20 14
17 10 20 15
17 11 20 14
17 11 20 15
17 7 21 14
17 7 21 15
17 8 21 14
17 8 21 15
17 9 21 14
17 9 21 15
17 10 21 14
17 10 21 15
17 11 21 14
17 11 21 15
