24 16
0000000000000000
1111111100000000
1111111111111110
1001000100011010
1001001111011010
1001001101011010
1001001101011010
1001001101011010
1001001101011010
1001001101011010
1111111111111110
1111111111111110
1111111101000110
0111111111111110
1111100111111110
1001100000000010
1011111111111010
1111100000001010
0011000000001010
0011111111111110
0001000010000110
0001111111111110
0000000000000000
0000000000000000
125
2 1 11 4
2 1 11 8
2 4 11 8
2 1 12 4
2 1 12 8
2 4 12 8
2 1 13 4
2 1 13 8
2 4 13 8
2 4 14 8
3 1 11 4
3 1 11 8
3 1 11 12
3 1 11 13
3 1 11 15
3 4 11 8
3 4 11 12
3 4 11 13
3 4 11 15
3 8 11 12
3 8 11 13
3 8 11 15
3 12 11 15
3 13 11 15
3 1 12 4
3 1 12 8
3 1 12 12
3 1 12 13
3 1 12 15
3 4 12 8
3 4 12 12
3 4 12 13
3 4 12 15
3 8 12 12
3 8 12 13
3 8 12 15
3 12 12 15
3 13 12 15
3 1 13 4
3 1 13 8
3 4 13 8
3 4 14 8
3 4 14 15
3 8 14 15
3 8 15 15
3 4 20 15
3 4 22 15
5 7 11 10
5 8 11 10
5 7 12 10
5 8 12 10
5 7 14 10
5 8 14 10
5 8 15 10
11 2 14 10
11 2 14 14
11 2 14 15
11 3 14 10
11 3 14 14
11 3 14 15
11 4 14 10
11 4 14 14
11 4 14 15
11 5 14 10
11 5 14 14
11 5 14 15
11 6 14 10
11 6 14 14
11 6 14 15
11 7 14 10
11 7 14 14
11 7 14 15
11 8 14 10
11 8 14 14
11 8 14 15
11 10 14 14
11 10 14 15
11 8 15 10
11 8 15 14
11 8 15 15
11 10 15 14
11 10 15 15
11 4 20 15
11 4 22 15
12 2 14 10
12 2 14 14
12 2 14 15
12 3 14 10
12 3 14 14
12 3 14 15
12 4 14 10
12 4 14 14
12 4 14 15
12 5 14 10
12 5 14 14
12 5 14 15
12 6 14 10
12 6 14 14
12 6 14 15
12 7 14 10
12 7 14 14
12 7 14 15
12 8 14 10
12 8 14 14
12 8 14 15
12 10 14 14
12 10 14 15
12 8 15 10
12 8 15 14
12 8 15 15
12 10 15 14
12 10 15 15
12 4 20 15
12 4 22 15
14 4 20 15
14 4 22 15
15 1 18 4
15 1 18 5
17 3 20 13
17 4 20 13
20 4 22 9
20 4 22 14
20 4 22 15
20 9 22 14
20 9 22 15
