23 15
011111111000000
010000001000000
010000001000000
011111111111100
000100001111100
000100001001100
000100001001100
011111111111100
010100111111100
011111111111100
010100000000100
011111111111100
000000000000000
000000000000000
000000000000000
000000000000000
000000000000000
000000000000000
000000000000000
000000000000000
000000000000000
000000000000000
000000000000000
41
1 2 4 9
4 4 8 9
4 4 8 12
4 4 8 13
4 9 8 12
4 9 8 13
4 9 9 12
4 9 9 13
4 4 10 9
4 4 10 12
4 4 10 13
4 9 10 12
4 9 10 13
4 4 12 13
5 9 8 12
5 9 8 13
5 9 9 12
5 9 9 13
5 9 10 12
5 9 10 13
8 2 10 4
8 2 10 7
8 2 10 8
8 2 10 9
8 2 10 10
8 2 10 11
8 2 10 12
8 2 10 13
8 4 10 7
8 4 10 8
8 4 10 9
8 4 10 10
8 4 10 11
8 4 10 12
8 4 10 13
8 2 12 4
8 2 12 13
8 4 12 13
10 2 12 4
10 2 12 13
10 4 12 13
