20 17
00000000000000000
00111000000000000
00101000001111100
00111110001000100
00101011111111100
00101010111101100
00101010111101100
00101111111111100
00111010111100100
00101010111100100
00111110111111111
11101010110100101
10101010110100101
11101010110100101
00001010110100101
00001010110111101
00001010111111111
00001011110000000
00001111100000000
00000000000000000
76
2 3 4 5
2 3 9 5
2 3 11 5
3 11 5 15
3 11 8 15
3 11 11 15
4 5 8 7
4 3 9 5
4 3 11 5
4 3 11 7
4 5 11 7
4 5 19 7
5 7 8 9
5 7 8 10
5 7 8 11
5 7 8 12
5 7 8 14
5 7 8 15
5 9 8 14
5 9 8 15
5 10 8 14
5 10 8 15
5 11 8 14
5 11 8 15
5 12 8 14
5 12 8 15
5 9 11 15
5 10 11 15
5 11 11 15
5 12 11 15
5 12 16 15
5 9 17 12
5 9 17 15
5 10 17 12
5 10 17 15
5 12 17 15
5 7 18 9
5 7 18 10
5 7 19 9
6 9 17 12
6 10 17 12
7 9 17 12
7 10 17 12
8 5 11 7
8 9 11 15
8 10 11 15
8 11 11 15
8 12 11 15
8 12 16 15
8 9 17 12
8 9 17 15
8 10 17 12
8 10 17 15
8 12 17 15
8 7 18 9
8 7 18 10
8 5 19 7
8 5 19 9
8 7 19 9
9 3 11 5
9 9 17 12
9 10 17 12
10 9 17 12
10 10 17 12
11 12 16 15
11 9 17 12
11 9 17 15
11 9 17 17
11 10 17 12
11 10 17 15
11 10 17 17
11 12 17 15
11 12 17 17
11 15 17 17
11 5 19 7
12 1 14 3
