18 24
000000000000000000000000
000001111111111111110000
001111111111111111111110
001001000000000000010010
001001000000000000010010
001001110000000000010010
001001111111111111110010
001111111111111111111110
000001010000111111111000
000001010000100000001000
000001010011111111101000
000001010010100000101000
000001010010111111101000
000111111111111001101000
000101110011111111101000
000111111111111111111000
000000000000000000000000
000000000000000000000000
73
2 6 7 20
2 6 8 20
3 6 7 20
3 3 8 6
3 3 8 20
3 3 8 23
3 6 8 20
3 6 8 23
3 20 8 23
6 6 14 8
6 6 15 8
6 6 16 8
7 6 14 8
7 6 14 13
7 8 14 13
7 6 15 8
7 6 16 8
7 6 16 13
7 8 16 13
8 6 14 8
8 6 14 13
8 8 14 13
8 6 15 8
8 6 16 8
8 6 16 13
8 6 16 21
8 8 16 13
8 8 16 21
8 13 16 21
9 13 16 21
11 13 13 19
11 11 14 13
11 11 15 13
11 11 15 19
11 13 15 19
11 11 16 13
11 11 16 19
11 13 16 19
13 13 15 18
13 13 15 19
13 14 15 18
13 14 15 19
13 15 15 18
13 15 15 19
13 13 16 18
13 13 16 19
13 14 16 18
13 14 16 19
13 15 16 18
13 15 16 19
14 4 16 6
14 4 16 7
14 4 16 8
14 4 16 11
14 4 16 12
14 4 16 13
14 4 16 14
14 4 16 15
14 6 16 11
14 6 16 12
14 6 16 13
14 6 16 14
14 6 16 15
14 7 16 11
14 7 16 12
14 7 16 13
14 7 16 14
14 7 16 15
14 8 16 11
14 8 16 12
14 8 16 13
14 8 16 14
14 8 16 15
