22 23
00000000000000000000000
00000000000000000111100
00000000000000000100100
00000000011111111111110
00000000010000000100110
00000000010000000100110
00000001111111111111111
00011111111111111100111
00011111110011001100111
00010001010011001111111
00010001010011001000011
00010001010011001000011
00011111110011001000011
00011111111111001000011
00010001010011111111111
00011111111111111000010
00111111111111111111111
00100001111111111111111
00100001100001000000001
00111111111111111111111
00000000100001000000000
00000000111111000000000
201
2 18 4 21
2 18 7 21
2 18 10 21
4 10 7 18
4 10 7 21
4 10 7 22
4 18 7 21
4 18 7 22
4 10 8 18
4 18 10 21
4 18 10 22
4 10 17 22
4 10 18 22
7 17 10 21
7 17 10 22
7 17 10 23
7 18 10 21
7 18 10 22
7 18 10 23
7 8 13 10
7 8 14 10
7 8 14 13
7 8 14 14
7 10 14 13
7 10 14 14
7 13 15 17
7 13 15 22
7 13 15 23
7 14 15 17
7 14 15 22
7 14 15 23
7 17 15 22
7 17 15 23
7 8 16 10
7 8 16 13
7 8 16 14
7 8 16 17
7 10 16 13
7 10 16 14
7 10 16 17
7 13 16 17
7 14 16 17
7 8 17 10
7 8 17 13
7 8 17 14
7 8 17 17
7 8 17 22
7 10 17 13
7 10 17 14
7 10 17 17
7 10 17 22
7 13 17 17
7 13 17 22
7 14 17 17
7 14 17 22
7 17 17 22
7 8 18 10
7 8 18 13
7 8 18 14
7 8 18 17
7 8 18 22
7 10 18 13
7 10 18 14
7 10 18 17
7 10 18 22
7 13 18 17
7 13 18 22
7 14 18 17
7 14 18 22
7 17 18 22
7 8 20 14
8 4 13 8
8 4 13 10
8 8 13 10
8 4 14 8
8 4 14 10
8 4 14 13
8 4 14 14
8 8 14 10
8 8 14 13
8 8 14 14
8 10 14 13
8 10 14 14
8 13 15 17
8 14 15 17
8 4 16 8
8 4 16 10
8 4 16 13
8 4 16 14
8 4 16 17
8 8 16 10
8 8 16 13
8 8 16 14
8 8 16 17
8 10 16 13
8 10 16 14
8 10 16 17
8 13 16 17
8 14 16 17
8 4 17 8
8 4 17 10
8 4 17 13
8 4 17 14
8 4 17 17
8 8 17 10
8 8 17 13
8 8 17 14
8 8 17 17
8 10 17 13
8 10 17 14
8 10 17 17
8 13 17 17
8 14 17 17
8 8 18 10
8 8 18 13
8 8 18 14
8 8 18 17
8 10 18 13
8 10 18 14
8 10 18 17
8 13 18 17
8 14 18 17
8 8 20 14
9 4 13 8
9 4 13 10
9 8 13 10
9 4 14 8
9 4 14 10
9 8 14 10
9 4 16 8
9 4 16 10
9 8 16 10
9 4 17 8
9 4 17 10
9 8 17 10
9 8 18 10
10 17 15 22
10 17 15 23
10 17 17 22
10 17 18 22
13 4 16 8
13 4 16 10
13 8 16 10
13 4 17 8
13 4 17 10
13 8 17 10
13 8 18 10
14 4 16 8
14 4 16 10
14 4 16 13
14 4 16 14
14 8 16 10
14 8 16 13
14 8 16 14
14 10 16 13
14 10 16 14
14 4 17 8
14 4 17 10
14 4 17 13
14 4 17 14
14 8 17 10
14 8 17 13
14 8 17 14
14 10 17 13
14 10 17 14
14 8 18 10
14 8 18 13
14 8 18 14
14 10 18 13
14 10 18 14
14 8 20 14
15 13 17 22
15 14 17 22
15 15 17 22
15 16 17 22
15 17 17 22
15 13 18 22
15 14 18 22
15 15 18 22
15 16 18 22
15 17 18 22
16 8 20 14
16 9 20 14
16 9 22 14
17 3 20 8
17 3 20 9
17 3 20 14
17 3 20 23
17 8 20 14
17 8 20 23
17 9 20 14
17 9 20 23
17 14 20 23
17 9 22 14
18 8 20 14
18 8 20 23
18 9 20 14
18 9 20 23
18 14 20 23
18 9 22 14
20 9 22 14
