19 24
000000000000000000000000
000000000000000000000000
000000000000000000000000
011111111111111111111111
010000000000000000010001
010000000000000000010001
010011111000000000011111
010010001000000000010000
010010001000000000010000
010011111111111000010000
010010001000001000010000
010010001000001000010000
010011111000001000010000
010010000000001000010000
011111111111111111110000
000010000000001000000000
000011111111111000000000
000000000000000000000000
000000000000000000000000
8
4 20 7 24
4 2 15 20
7 5 10 9
7 5 13 9
10 5 13 9
10 5 15 15
10 5 17 15
15 5 17 15
