11 18
001111111111111111
001000001001111011
001000001001011011
001000001001011011
001111111111111011
011111111111111111
010000001011111111
011111111111111111
000000001001010001
000000001111111111
000000000001111111
118
1 3 5 9
1 3 5 12
1 3 5 14
1 3 5 15
1 9 5 12
1 9 5 14
1 9 5 15
1 12 5 14
1 12 5 15
1 3 6 9
1 3 6 12
1 3 6 14
1 3 6 15
1 3 6 17
1 3 6 18
1 9 6 12
1 9 6 14
1 9 6 15
1 9 6 17
1 9 6 18
1 12 6 14
1 12 6 15
1 12 6 17
1 12 6 18
1 14 6 17
1 14 6 18
1 15 6 17
1 15 6 18
1 12 7 14
1 12 7 15
1 12 7 17
1 12 7 18
1 14 7 17
1 14 7 18
1 15 7 17
1 15 7 18
1 9 8 12
1 9 8 14
1 9 8 15
1 9 8 17
1 9 8 18
1 12 8 14
1 12 8 15
1 12 8 17
1 12 8 18
1 14 8 17
1 14 8 18
1 15 8 17
1 15 8 18
1 9 10 12
1 9 10 14
1 9 10 18
1 12 10 14
1 12 10 18
1 14 10 18
1 12 11 14
1 12 11 18
1 14 11 18
2 12 5 14
2 12 5 15
2 12 6 14
2 12 6 15
2 12 7 14
2 12 7 15
2 12 8 14
2 12 8 15
2 12 10 14
2 12 11 14
5 9 8 11
5 9 8 12
5 9 8 13
5 9 8 14
5 9 8 15
5 9 10 12
5 9 10 14
5 12 10 14
5 12 11 14
6 2 8 9
6 2 8 11
6 2 8 12
6 2 8 13
6 2 8 14
6 2 8 15
6 2 8 16
6 2 8 17
6 2 8 18
6 9 8 11
6 9 8 12
6 9 8 13
6 9 8 14
6 9 8 15
6 9 8 16
6 9 8 17
6 9 8 18
6 9 10 12
6 9 10 14
6 9 10 18
6 12 10 14
6 12 10 18
6 14 10 18
6 12 11 14
6 12 11 18
6 14 11 18
7 12 10 14
7 12 10 18
7 14 10 18
7 12 11 14
7 12 11 18
7 14 11 18
8 9 10 12
8 9 10 14
8 9 10 18
8 12 10 14
8 12 10 18
8 14 10 18
8 12 11 14
8 12 11 18
8 14 11 18
