21 24
000000000000000000000000
000000000000000000000000
000001111111111111111000
001111111111111111101000
001001000000000101101000
001001000000000101101000
111111111111111111101000
101111111111111111101000
100001000000000110101000
100001111111111110101000
100001000000001110101000
100001000000001110101000
100001000000001110101000
100001000000001110101000
100001000000001110101000
100001000000001110101000
100001111111111111111000
100001000000001010000000
100001111111111010000000
111111111111111110000000
000000000000000000000000
74
3 6 7 16
3 6 7 18
3 6 7 19
3 16 7 18
3 16 7 19
3 6 8 16
3 6 8 18
3 6 8 19
3 16 8 18
3 16 8 19
3 6 10 16
3 6 17 16
3 6 17 19
3 6 17 21
3 16 17 19
3 16 17 21
3 19 17 21
4 3 7 6
4 3 7 16
4 3 7 18
4 3 7 19
4 6 7 16
4 6 7 18
4 6 7 19
4 16 7 18
4 16 7 19
4 3 8 6
4 3 8 16
4 3 8 18
4 3 8 19
4 6 8 16
4 6 8 18
4 6 8 19
4 16 8 18
4 16 8 19
4 6 10 16
4 6 17 16
4 6 17 19
4 16 17 19
7 6 10 16
7 6 10 17
7 6 17 16
7 6 17 17
7 6 17 19
7 16 17 19
7 17 17 19
7 1 20 6
7 1 20 17
7 6 20 17
8 6 10 16
8 6 10 17
8 6 17 16
8 6 17 17
8 6 17 19
8 16 17 19
8 17 17 19
8 6 20 17
10 6 17 15
10 6 17 16
10 6 17 17
10 6 19 15
10 6 20 15
10 6 20 17
10 15 20 17
11 15 20 17
12 15 20 17
13 15 20 17
14 15 20 17
15 15 20 17
16 15 20 17
17 6 19 15
17 6 20 15
17 6 20 17
17 15 20 17
