17 19
0000000111111111110
0000000101000000010
0000011111111110010
0011111111011111110
0010010101011111110
0010010101011010110
0010011111111111110
0011111111111111110
0011111111001010110
0001011101001010110
0001011111111111110
0001001111111111110
0001111111111110110
0000000100001000110
0000000111111111110
0000000000001000010
0000000000001111110
298
1 8 3 10
1 8 4 10
1 8 7 10
1 8 7 18
1 10 7 18
1 8 8 10
1 8 8 18
1 10 8 18
1 8 9 10
1 8 11 10
1 8 11 18
1 10 11 18
1 8 12 10
1 8 12 18
1 10 12 18
1 8 13 10
1 8 15 18
3 6 7 8
3 6 7 10
3 6 7 12
3 6 7 13
3 6 7 15
3 8 7 10
3 8 7 12
3 8 7 13
3 8 7 15
3 10 7 12
3 10 7 13
3 10 7 15
3 12 7 15
3 13 7 15
3 6 8 8
3 6 8 10
3 6 8 12
3 6 8 13
3 6 8 15
3 8 8 10
3 8 8 12
3 8 8 13
3 8 8 15
3 10 8 12
3 10 8 13
3 10 8 15
3 12 8 15
3 13 8 15
3 6 9 8
3 6 9 10
3 8 9 10
3 6 10 8
3 6 11 8
3 6 11 10
3 6 11 13
3 6 11 15
3 8 11 10
3 8 11 13
3 8 11 15
3 10 11 13
3 10 11 15
3 13 11 15
3 8 12 10
3 8 12 13
3 8 12 15
3 10 12 13
3 10 12 15
3 13 12 15
3 8 13 10
3 8 13 13
3 8 13 15
3 10 13 13
3 10 13 15
3 13 13 15
3 8 15 13
4 6 7 8
4 6 7 10
4 8 7 10
4 12 7 15
4 12 7 17
4 12 7 18
4 13 7 15
4 13 7 17
4 13 7 18
4 15 7 17
4 15 7 18
4 3 8 6
4 3 8 8
4 3 8 10
4 6 8 8
4 6 8 10
4 8 8 10
4 12 8 15
4 12 8 17
4 12 8 18
4 13 8 15
4 13 8 17
4 13 8 18
4 15 8 17
4 15 8 18
4 3 9 6
4 3 9 8
4 3 9 10
4 6 9 8
4 6 9 10
4 8 9 10
4 6 10 8
4 6 11 8
4 6 11 10
4 8 11 10
4 13 11 15
4 13 11 17
4 13 11 18
4 15 11 17
4 15 11 18
4 8 12 10
4 13 12 15
4 13 12 17
4 13 12 18
4 15 12 17
4 15 12 18
4 8 13 10
4 13 13 15
4 13 15 17
4 13 15 18
4 13 17 18
5 12 7 15
5 12 7 17
5 12 7 18
5 13 7 15
5 13 7 17
5 13 7 18
5 15 7 17
5 15 7 18
5 12 8 15
5 12 8 17
5 12 8 18
5 13 8 15
5 13 8 17
5 13 8 18
5 15 8 17
5 15 8 18
5 13 11 15
5 13 11 17
5 13 11 18
5 15 11 17
5 15 11 18
5 13 12 15
5 13 12 17
5 13 12 18
5 15 12 17
5 15 12 18
5 13 13 15
5 13 15 17
5 13 15 18
5 13 17 18
7 6 11 10
7 6 11 13
7 6 11 15
7 6 11 17
7 6 11 18
7 7 11 10
7 7 11 13
7 7 11 15
7 7 11 17
7 7 11 18
7 8 11 10
7 8 11 13
7 8 11 15
7 8 11 17
7 8 11 18
7 10 11 13
7 10 11 15
7 10 11 17
7 10 11 18
7 13 11 15
7 13 11 17
7 13 11 18
7 15 11 17
7 15 11 18
7 7 12 10
7 7 12 13
7 7 12 15
7 7 12 17
7 7 12 18
7 8 12 10
7 8 12 13
7 8 12 15
7 8 12 17
7 8 12 18
7 10 12 13
7 10 12 15
7 10 12 17
7 10 12 18
7 13 12 15
7 13 12 17
7 13 12 18
7 15 12 17
7 15 12 18
7 7 13 10
7 7 13 13
7 7 13 15
7 8 13 10
7 8 13 13
7 8 13 15
7 10 13 13
7 10 13 15
7 13 13 15
7 8 15 13
7 8 15 17
7 8 15 18
7 13 15 17
7 13 15 18
7 13 17 18
8 6 11 10
8 6 11 13
8 6 11 15
8 6 11 17
8 6 11 18
8 7 11 10
8 7 11 13
8 7 11 15
8 7 11 17
8 7 11 18
8 8 11 10
8 8 11 13
8 8 11 15
8 8 11 17
8 8 11 18
8 10 11 13
8 10 11 15
8 10 11 17
8 10 11 18
8 13 11 15
8 13 11 17
8 13 11 18
8 15 11 17
8 15 11 18
8 7 12 10
8 7 12 13
8 7 12 15
8 7 12 17
8 7 12 18
8 8 12 10
8 8 12 13
8 8 12 15
8 8 12 17
8 8 12 18
8 10 12 13
8 10 12 15
8 10 12 17
8 10 12 18
8 13 12 15
8 13 12 17
8 13 12 18
8 15 12 17
8 15 12 18
8 4 13 7
8 4 13 8
8 4 13 10
8 4 13 13
8 4 13 15
8 7 13 10
8 7 13 13
8 7 13 15
8 8 13 10
8 8 13 13
8 8 13 15
8 10 13 13
8 10 13 15
8 13 13 15
8 8 15 13
8 8 15 17
8 8 15 18
8 13 15 17
8 13 15 18
8 13 17 18
9 6 11 10
9 7 11 10
9 8 11 10
9 7 12 10
9 8 12 10
9 4 13 7
9 4 13 8
9 4 13 10
9 7 13 10
9 8 13 10
11 8 15 13
11 8 15 17
11 8 15 18
11 13 15 17
11 13 15 18
11 13 17 18
12 8 15 13
12 8 15 17
12 8 15 18
12 13 15 17
12 13 15 18
12 13 17 18
13 8 15 13
15 13 17 18
