15 13
0000111111110
0000100010110
0000100010110
0000100010110
0000111111110
0000100010110
0000111111110
0011111111110
0010110011110
0111111111110
0110111011110
0111111111110
0100111111110
0111111111110
0000111111110
252
1 5 5 9
1 5 5 11
1 5 5 12
1 9 5 11
1 9 5 12
1 5 7 9
1 5 7 11
1 5 7 12
1 9 7 11
1 9 7 12
1 5 8 9
1 5 8 11
1 5 8 12
1 9 8 11
1 9 8 12
1 9 9 11
1 9 9 12
1 5 10 9
1 5 10 11
1 5 10 12
1 9 10 11
1 9 10 12
1 9 11 11
1 9 11 12
1 5 12 9
1 5 12 11
1 5 12 12
1 9 12 11
1 9 12 12
1 5 13 9
1 5 13 11
1 5 13 12
1 9 13 11
1 9 13 12
1 5 14 9
1 5 14 11
1 5 14 12
1 9 14 11
1 9 14 12
1 5 15 9
1 5 15 11
1 5 15 12
1 9 15 11
1 9 15 12
5 5 7 9
5 5 7 11
5 5 7 12
5 9 7 11
5 9 7 12
5 5 8 9
5 5 8 11
5 5 8 12
5 9 8 11
5 9 8 12
5 9 9 11
5 9 9 12
5 5 10 9
5 5 10 11
5 5 10 12
5 9 10 11
5 9 10 12
5 9 11 11
5 9 11 12
5 5 12 9
5 5 12 11
5 5 12 12
5 9 12 11
5 9 12 12
5 5 13 9
5 5 13 11
5 5 13 12
5 9 13 11
5 9 13 12
5 5 14 9
5 5 14 11
5 5 14 12
5 9 14 11
5 9 14 12
5 5 15 9
5 5 15 11
5 5 15 12
5 9 15 11
5 9 15 12
7 5 10 9
7 5 10 10
7 5 10 11
7 5 10 12
7 6 10 9
7 6 10 10
7 6 10 11
7 6 10 12
7 5 12 9
7 5 12 10
7 5 12 11
7 5 12 12
7 6 12 9
7 6 12 10
7 6 12 11
7 6 12 12
7 5 13 9
7 5 13 10
7 5 13 11
7 5 13 12
7 6 13 9
7 6 13 10
7 6 13 11
7 6 13 12
7 5 14 9
7 5 14 10
7 5 14 11
7 5 14 12
7 6 14 9
7 6 14 10
7 6 14 11
7 6 14 12
7 5 15 9
7 5 15 10
7 5 15 11
7 5 15 12
7 6 15 9
7 6 15 10
7 6 15 11
7 6 15 12
8 3 10 5
8 3 10 6
8 3 10 9
8 3 10 10
8 3 10 11
8 3 10 12
8 5 10 9
8 5 10 10
8 5 10 11
8 5 10 12
8 6 10 9
8 6 10 10
8 6 10 11
8 6 10 12
8 3 12 5
8 3 12 6
8 3 12 9
8 3 12 10
8 3 12 11
8 3 12 12
8 5 12 9
8 5 12 10
8 5 12 11
8 5 12 12
8 6 12 9
8 6 12 10
8 6 12 11
8 6 12 12
8 5 13 9
8 5 13 10
8 5 13 11
8 5 13 12
8 6 13 9
8 6 13 10
8 6 13 11
8 6 13 12
8 5 14 9
8 5 14 10
8 5 14 11
8 5 14 12
8 6 14 9
8 6 14 10
8 6 14 11
8 6 14 12
8 5 15 9
8 5 15 10
8 5 15 11
8 5 15 12
8 6 15 9
8 6 15 10
8 6 15 11
8 6 15 12
10 2 12 5
10 2 12 6
10 2 12 7
10 2 12 9
10 2 12 10
10 2 12 11
10 2 12 12
10 3 12 5
10 3 12 6
10 3 12 7
10 3 12 9
10 3 12 10
10 3 12 11
10 3 12 12
10 5 12 9
10 5 12 10
10 5 12 11
10 5 12 12
10 6 12 9
10 6 12 10
10 6 12 11
10 6 12 12
10 7 12 9
10 7 12 10
10 7 12 11
10 7 12 12
10 5 13 9
10 5 13 10
10 5 13 11
10 5 13 12
10 6 13 9
10 6 13 10
10 6 13 11
10 6 13 12
10 7 13 9
10 7 13 10
10 7 13 11
10 7 13 12
10 2 14 5
10 2 14 6
10 2 14 7
10 2 14 9
10 2 14 10
10 2 14 11
10 2 14 12
10 5 14 9
10 5 14 10
10 5 14 11
10 5 14 12
10 6 14 9
10 6 14 10
10 6 14 11
10 6 14 12
10 7 14 9
10 7 14 10
10 7 14 11
10 7 14 12
10 5 15 9
10 5 15 10
10 5 15 11
10 5 15 12
10 6 15 9
10 6 15 10
10 6 15 11
10 6 15 12
10 7 15 9
10 7 15 10
10 7 15 11
10 7 15 12
12 2 14 5
12 2 14 6
12 2 14 7
12 2 14 8
12 2 14 9
12 2 14 10
12 2 14 11
12 2 14 12
