20 10
0011111100
1111111111
1011010111
1111111111
1111111101
0011010101
0011011101
0011111101
0001111111
0001110101
0001110101
0001110101
0001110101
0001111101
0001111111
0000100001
0000100001
0000100001
0000100001
0000111111
146
1 3 4 6
1 3 4 8
1 4 4 6
1 4 4 8
1 6 4 8
1 3 5 6
1 3 5 8
1 4 5 6
1 4 5 8
1 6 5 8
1 6 7 8
1 3 8 6
1 3 8 8
1 4 8 6
1 4 8 8
1 6 8 8
1 4 9 6
1 4 9 8
1 6 9 8
1 4 10 6
1 4 11 6
1 4 12 6
1 4 13 6
1 4 14 6
1 4 14 8
1 6 14 8
1 4 15 6
1 4 15 8
1 6 15 8
2 1 4 3
2 1 4 4
2 1 4 6
2 1 4 8
2 1 4 9
2 1 4 10
2 3 4 6
2 3 4 8
2 3 4 9
2 3 4 10
2 4 4 6
2 4 4 8
2 4 4 9
2 4 4 10
2 6 4 8
2 6 4 9
2 6 4 10
2 1 5 3
2 1 5 4
2 1 5 6
2 1 5 8
2 3 5 6
2 3 5 8
2 4 5 6
2 4 5 8
2 6 5 8
2 6 7 8
2 3 8 6
2 3 8 8
2 4 8 6
2 4 8 8
2 6 8 8
2 4 9 6
2 4 9 8
2 4 9 10
2 6 9 8
2 6 9 10
2 8 9 10
2 4 10 6
2 4 11 6
2 4 12 6
2 4 13 6
2 4 14 6
2 4 14 8
2 6 14 8
2 4 15 6
2 4 15 8
2 4 15 10
2 6 15 8
2 6 15 10
2 8 15 10
3 8 9 10
3 8 15 10
4 6 7 8
4 3 8 6
4 3 8 8
4 4 8 6
4 4 8 8
4 6 8 8
4 4 9 6
4 4 9 8
4 4 9 10
4 6 9 8
4 6 9 10
4 8 9 10
4 4 10 6
4 4 11 6
4 4 12 6
4 4 13 6
4 4 14 6
4 4 14 8
4 6 14 8
4 4 15 6
4 4 15 8
4 4 15 10
4 6 15 8
4 6 15 10
4 8 15 10
5 6 7 8
5 3 8 6
5 3 8 8
5 4 8 6
5 4 8 8
5 6 8 8
5 4 9 6
5 4 9 8
5 6 9 8
5 4 10 6
5 4 11 6
5 4 12 6
5 4 13 6
5 4 14 6
5 4 14 8
5 6 14 8
5 4 15 6
5 4 15 8
5 6 15 8
7 6 14 8
7 6 15 8
8 4 14 8
8 5 14 8
8 6 14 8
8 4 15 8
8 5 15 8
8 6 15 8
9 4 14 8
9 5 14 8
9 6 14 8
9 4 15 8
9 4 15 10
9 5 15 8
9 5 15 10
9 6 15 8
9 6 15 10
9 8 15 10
9 5 20 10
15 5 20 10
