12 19
0000000000001111000
0000000000111111000
0000000000111111111
0000000000111111001
0000011110111111001
0000010011111111001
1111111111111111001
1000000011111111001
1000011111111001001
1111111111111111111
1000010000011000011
1111111111111111111
58
1 13 10 16
2 11 10 16
2 12 10 16
2 13 10 16
3 11 10 16
3 11 10 19
3 12 10 16
3 12 10 19
3 13 10 16
3 13 10 19
3 16 10 19
3 12 12 19
3 13 12 19
4 11 10 16
4 12 10 16
4 13 10 16
5 6 7 9
5 11 10 16
5 12 10 16
5 13 10 16
6 9 10 16
6 10 10 16
6 11 10 16
6 12 10 16
6 13 10 16
7 1 10 9
7 1 10 10
7 1 10 11
7 1 10 12
7 1 10 13
7 1 10 16
7 9 10 16
7 10 10 16
7 11 10 16
7 12 10 16
7 13 10 16
7 1 12 12
7 1 12 13
8 9 10 16
8 10 10 16
8 11 10 16
8 12 10 16
8 13 10 16
9 6 12 12
9 6 12 13
10 1 12 6
10 1 12 12
10 1 12 13
10 1 12 18
10 1 12 19
10 6 12 12
10 6 12 13
10 6 12 18
10 6 12 19
10 12 12 18
10 12 12 19
10 13 12 18
10 13 12 19
