20 20
00000000000000000000
00000000000000000000
00000111000000000000
01111111111111111110
01111111111111111010
01111111111111111111
01110101001110001011
01110111111111111111
01110101001110001010
01110101001110001010
01110111001110001010
01110000001110001010
01110000001110001010
01110000001110001010
01111111111110001010
01100000001100001010
01100000001111111010
01111111111111111110
00111111111111111000
00000000000000000000
173
3 6 8 8
3 6 11 8
4 2 6 19
4 3 6 19
4 4 6 19
4 5 6 19
4 6 6 19
4 7 6 19
4 8 6 19
4 9 6 19
4 10 6 19
4 11 6 19
4 12 6 19
4 13 6 19
4 14 6 19
4 15 6 19
4 16 6 19
4 17 6 19
4 6 8 8
4 6 8 11
4 6 8 12
4 6 8 13
4 6 8 17
4 6 8 19
4 8 8 11
4 8 8 12
4 8 8 13
4 8 8 17
4 8 8 19
4 11 8 17
4 11 8 19
4 12 8 17
4 12 8 19
4 13 8 17
4 13 8 19
4 17 8 19
4 6 11 8
4 2 15 11
4 2 15 12
4 2 15 13
4 3 15 11
4 3 15 12
4 3 15 13
4 4 15 11
4 4 15 12
4 4 15 13
4 11 17 17
4 12 17 17
4 2 18 11
4 2 18 12
4 2 18 17
4 2 18 19
4 3 18 11
4 3 18 12
4 3 18 17
4 3 18 19
4 11 18 17
4 11 18 19
4 12 18 17
4 12 18 19
4 17 18 19
4 3 19 11
4 3 19 12
4 3 19 17
4 11 19 17
4 12 19 17
5 6 8 8
5 6 8 11
5 6 8 12
5 6 8 13
5 6 8 17
5 8 8 11
5 8 8 12
5 8 8 13
5 8 8 17
5 11 8 17
5 12 8 17
5 13 8 17
5 6 11 8
5 2 15 11
5 2 15 12
5 2 15 13
5 3 15 11
5 3 15 12
5 3 15 13
5 4 15 11
5 4 15 12
5 4 15 13
5 11 17 17
5 12 17 17
5 2 18 11
5 2 18 12
5 2 18 17
5 3 18 11
5 3 18 12
5 3 18 17
5 11 18 17
5 12 18 17
5 3 19 11
5 3 19 12
5 3 19 17
5 11 19 17
5 12 19 17
6 6 8 8
6 6 8 11
6 6 8 12
6 6 8 13
6 6 8 17
6 6 8 19
6 6 8 20
6 8 8 11
6 8 8 12
6 8 8 13
6 8 8 17
6 8 8 19
6 8 8 20
6 11 8 17
6 11 8 19
6 11 8 20
6 12 8 17
6 12 8 19
6 12 8 20
6 13 8 17
6 13 8 19
6 13 8 20
6 17 8 19
6 17 8 20
6 6 11 8
6 2 15 11
6 2 15 12
6 2 15 13
6 3 15 11
6 3 15 12
6 3 15 13
6 4 15 11
6 4 15 12
6 4 15 13
6 11 17 17
6 12 17 17
6 2 18 11
6 2 18 12
6 2 18 17
6 2 18 19
6 3 18 11
6 3 18 12
6 3 18 17
6 3 18 19
6 11 18 17
6 11 18 19
6 12 18 17
6 12 18 19
6 17 18 19
6 3 19 11
6 3 19 12
6 3 19 17
6 11 19 17
6 12 19 17
8 6 11 8
8 11 17 17
8 12 17 17
8 11 18 17
8 11 18 19
8 12 18 17
8 12 18 19
8 17 18 19
8 11 19 17
8 12 19 17
15 2 18 11
15 2 18 12
15 3 18 11
15 3 18 12
15 3 19 11
15 3 19 12
