25 14
00000000000000
00000000000000
01111111111000
01000000001000
01000000001000
01000000001000
01000000001000
01000000001000
01011111101000
11111110101000
11111111111000
11110010111000
11110010111000
11111111111000
11111110111000
01110000111000
01110000111000
01111111111000
01010000101000
01011111111000
01111111111000
00000000000000
00000000000000
00000000000000
00000000000000
107
3 2 11 11
3 2 14 11
3 2 18 11
3 2 21 11
9 4 11 9
9 5 11 9
9 6 11 9
9 7 11 9
9 4 14 7
9 4 14 9
9 7 14 9
9 4 15 7
9 4 18 9
9 4 20 9
9 4 21 9
10 1 14 7
10 2 14 7
10 3 14 7
10 4 14 7
10 1 15 7
10 2 15 7
10 3 15 7
10 4 15 7
10 2 21 4
11 1 14 7
11 1 14 9
11 1 14 10
11 1 14 11
11 2 14 7
11 2 14 9
11 2 14 10
11 2 14 11
11 3 14 7
11 3 14 9
11 3 14 10
11 3 14 11
11 4 14 7
11 4 14 9
11 4 14 10
11 4 14 11
11 7 14 9
11 7 14 10
11 7 14 11
11 1 15 7
11 2 15 7
11 3 15 7
11 4 15 7
11 2 18 9
11 2 18 10
11 2 18 11
11 3 18 9
11 3 18 10
11 3 18 11
11 4 18 9
11 4 18 10
11 4 18 11
11 4 20 9
11 4 20 11
11 9 20 11
11 2 21 4
11 2 21 9
11 2 21 11
11 4 21 9
11 4 21 11
11 9 21 11
12 9 20 11
12 2 21 4
12 9 21 11
13 9 20 11
13 2 21 4
13 9 21 11
14 2 18 9
14 2 18 10
14 2 18 11
14 3 18 9
14 3 18 10
14 3 18 11
14 4 18 9
14 4 18 10
14 4 18 11
14 4 20 9
14 4 20 11
14 9 20 11
14 2 21 4
14 2 21 9
14 2 21 11
14 4 21 9
14 4 21 11
14 9 21 11
15 9 20 11
15 2 21 4
15 9 21 11
16 9 20 11
16 2 21 4
16 9 21 11
17 9 20 11
17 2 21 4
17 9 21 11
18 4 20 9
18 4 20 11
18 9 20 11
18 2 21 4
18 2 21 9
18 2 21 11
18 4 21 9
18 4 21 11
18 9 21 11
