24 23
11111111111111111111100
10000000000000001100100
10000011111111111111100
10000010000000111101100
10000111111000111101100
10000111111111111111100
11111111111111111111100
11111111111111111111000
10100111111111111111000
10100111111111111111100
10100111111111111111111
10100110001110111111101
11111111111111111111101
10100110101111110111101
11111111111111111111101
10100111111111111111111
10100110100111111111111
10100110100111110101101
10100110100110110101101
11111111100111111111111
10111111111111111111100
10000110000100100000100
10000111111111111111100
11111100000000000000000
1984
1 17 3 21
1 18 3 21
1 17 6 21
1 18 6 21
1 1 7 17
1 1 7 18
1 1 7 21
1 17 7 21
1 18 7 21
1 1 8 17
1 1 8 18
1 1 13 17
1 1 13 18
1 1 15 18
3 7 6 15
3 7 6 16
3 7 6 17
3 7 6 18
3 7 6 20
3 7 6 21
3 15 6 20
3 15 6 21
3 16 6 20
3 16 6 21
3 17 6 20
3 17 6 21
3 18 6 20
3 18 6 21
3 7 7 15
3 7 7 16
3 7 7 17
3 7 7 18
3 7 7 20
3 7 7 21
3 15 7 20
3 15 7 21
3 16 7 20
3 16 7 21
3 17 7 20
3 17 7 21
3 18 7 20
3 18 7 21
3 7 8 15
3 7 8 16
3 7 8 17
3 7 8 18
3 7 8 20
3 15 8 20
3 16 8 20
3 17 8 20
3 18 8 20
3 7 9 15
3 7 9 16
3 7 9 17
3 7 9 18
3 7 9 20
3 15 9 20
3 16 9 20
3 17 9 20
3 18 9 20
3 7 10 15
3 7 10 16
3 7 10 17
3 7 10 18
3 7 10 20
3 15 10 20
3 16 10 20
3 17 10 20
3 18 10 20
3 7 11 15
3 7 11 16
3 7 11 17
3 7 11 18
3 7 11 20
3 15 11 20
3 16 11 20
3 17 11 20
3 18 11 20
3 15 12 20
3 16 12 20
3 17 12 20
3 18 12 20
3 7 13 15
3 7 13 16
3 7 13 17
3 7 13 18
3 7 13 20
3 15 13 20
3 16 13 20
3 17 13 20
3 18 13 20
3 18 14 20
3 7 15 15
3 7 15 16
3 7 15 18
3 7 15 20
3 15 15 18
3 15 15 20
3 16 15 18
3 16 15 20
3 18 15 20
3 7 16 15
3 7 16 16
3 7 16 18
3 7 16 20
3 15 16 18
3 15 16 20
3 16 16 18
3 16 16 20
3 18 16 20
3 15 17 18
3 15 17 20
3 16 17 18
3 16 17 20
3 18 17 20
3 15 20 18
3 15 20 20
3 16 20 18
3 16 20 20
3 18 20 20
3 7 21 15
3 7 21 16
3 7 21 18
3 7 21 20
3 15 21 18
3 15 21 20
3 16 21 18
3 16 21 20
3 18 21 20
3 7 23 15
4 15 15 18
4 16 15 18
4 15 16 18
4 16 16 18
4 15 17 18
4 16 17 18
4 15 20 18
4 16 20 18
4 15 21 18
4 16 21 18
5 6 13 11
5 7 13 11
5 6 15 11
5 7 15 11
5 15 15 18
5 16 15 18
5 6 16 11
5 7 16 11
5 15 16 18
5 16 16 18
5 15 17 18
5 16 17 18
5 15 20 18
5 16 20 18
5 15 21 18
5 16 21 18
6 6 13 11
6 6 13 12
6 6 13 13
6 6 13 15
6 6 13 16
6 6 13 17
6 6 13 18
6 6 13 19
6 6 13 20
6 7 13 11
6 7 13 12
6 7 13 13
6 7 13 15
6 7 13 16
6 7 13 17
6 7 13 18
6 7 13 19
6 7 13 20
6 11 13 15
6 11 13 16
6 11 13 17
6 11 13 18
6 11 13 19
6 11 13 20
6 12 13 15
6 12 13 16
6 12 13 17
6 12 13 18
6 12 13 19
6 12 13 20
6 13 13 15
6 13 13 16
6 13 13 17
6 13 13 18
6 13 13 19
6 13 13 20
6 11 14 15
6 11 14 16
6 12 14 15
6 12 14 16
6 13 14 15
6 13 14 16
6 6 15 11
6 6 15 12
6 6 15 13
6 6 15 15
6 6 15 16
6 6 15 18
6 6 15 19
6 6 15 20
6 7 15 11
6 7 15 12
6 7 15 13
6 7 15 15
6 7 15 16
6 7 15 18
6 7 15 19
6 7 15 20
6 11 15 15
6 11 15 16
6 11 15 18
6 11 15 19
6 11 15 20
6 12 15 15
6 12 15 16
6 12 15 18
6 12 15 19
6 12 15 20
6 13 15 15
6 13 15 16
6 13 15 18
6 13 15 19
6 13 15 20
6 15 15 18
6 15 15 19
6 15 15 20
6 16 15 18
6 16 15 19
6 16 15 20
6 6 16 11
6 6 16 12
6 6 16 13
6 6 16 15
6 6 16 16
6 6 16 18
6 6 16 19
6 6 16 20
6 7 16 11
6 7 16 12
6 7 16 13
6 7 16 15
6 7 16 16
6 7 16 18
6 7 16 19
6 7 16 20
6 11 16 15
6 11 16 16
6 11 16 18
6 11 16 19
6 11 16 20
6 12 16 15
6 12 16 16
6 12 16 18
6 12 16 19
6 12 16 20
6 13 16 15
6 13 16 16
6 13 16 18
6 13 16 19
6 13 16 20
6 15 16 18
6 15 16 19
6 15 16 20
6 16 16 18
6 16 16 19
6 16 16 20
6 12 17 15
6 12 17 16
6 12 17 18
6 12 17 19
6 12 17 20
6 13 17 15
6 13 17 16
6 13 17 18
6 13 17 19
6 13 17 20
6 15 17 18
6 15 17 19
6 15 17 20
6 16 17 18
6 16 17 19
6 16 17 20
6 12 18 15
6 12 18 16
6 13 18 15
6 13 18 16
6 12 20 15
6 12 20 16
6 12 20 18
6 12 20 20
6 13 20 15
6 13 20 16
6 13 20 18
6 13 20 20
6 15 20 18
6 15 20 20
6 16 20 18
6 16 20 20
6 18 20 20
6 6 21 12
6 6 21 13
6 6 21 15
6 6 21 16
6 6 21 18
6 6 21 20
6 7 21 12
6 7 21 13
6 7 21 15
6 7 21 16
6 7 21 18
6 7 21 20
6 12 21 15
6 12 21 16
6 12 21 18
6 12 21 20
6 13 21 15
6 13 21 16
6 13 21 18
6 13 21 20
6 15 21 18
6 15 21 20
6 16 21 18
6 16 21 20
6 18 21 20
6 6 23 12
6 6 23 15
6 7 23 12
6 7 23 15
6 12 23 15
7 1 13 3
7 1 13 6
7 1 13 7
7 1 13 11
7 1 13 12
7 1 13 13
7 1 13 15
7 1 13 16
7 1 13 17
7 1 13 18
7 1 13 19
7 1 13 20
7 3 13 6
7 3 13 7
7 3 13 11
7 3 13 12
7 3 13 13
7 3 13 15
7 3 13 16
7 3 13 17
7 3 13 18
7 3 13 19
7 3 13 20
7 6 13 11
7 6 13 12
7 6 13 13
7 6 13 15
7 6 13 16
7 6 13 17
7 6 13 18
7 6 13 19
7 6 13 20
7 7 13 11
7 7 13 12
7 7 13 13
7 7 13 15
7 7 13 16
7 7 13 17
7 7 13 18
7 7 13 19
7 7 13 20
7 11 13 15
7 11 13 16
7 11 13 17
7 11 13 18
7 11 13 19
7 11 13 20
7 12 13 15
7 12 13 16
7 12 13 17
7 12 13 18
7 12 13 19
7 12 13 20
7 13 13 15
7 13 13 16
7 13 13 17
7 13 13 18
7 13 13 19
7 13 13 20
7 11 14 15
7 11 14 16
7 12 14 15
7 12 14 16
7 13 14 15
7 13 14 16
7 1 15 3
7 1 15 6
7 1 15 7
7 1 15 11
7 1 15 12
7 1 15 13
7 1 15 15
7 1 15 16
7 1 15 18
7 1 15 19
7 1 15 20
7 3 15 6
7 3 15 7
7 3 15 11
7 3 15 12
7 3 15 13
7 3 15 15
7 3 15 16
7 3 15 18
7 3 15 19
7 3 15 20
7 6 15 11
7 6 15 12
7 6 15 13
7 6 15 15
7 6 15 16
7 6 15 18
7 6 15 19
7 6 15 20
7 7 15 11
7 7 15 12
7 7 15 13
7 7 15 15
7 7 15 16
7 7 15 18
7 7 15 19
7 7 15 20
7 11 15 15
7 11 15 16
7 11 15 18
7 11 15 19
7 11 15 20
7 12 15 15
7 12 15 16
7 12 15 18
7 12 15 19
7 12 15 20
7 13 15 15
7 13 15 16
7 13 15 18
7 13 15 19
7 13 15 20
7 15 15 18
7 15 15 19
7 15 15 20
7 16 15 18
7 16 15 19
7 16 15 20
7 6 16 11
7 6 16 12
7 6 16 13
7 6 16 15
7 6 16 16
7 6 16 18
7 6 16 19
7 6 16 20
7 7 16 11
7 7 16 12
7 7 16 13
7 7 16 15
7 7 16 16
7 7 16 18
7 7 16 19
7 7 16 20
7 11 16 15
7 11 16 16
7 11 16 18
7 11 16 19
7 11 16 20
7 12 16 15
7 12 16 16
7 12 16 18
7 12 16 19
7 12 16 20
7 13 16 15
7 13 16 16
7 13 16 18
7 13 16 19
7 13 16 20
7 15 16 18
7 15 16 19
7 15 16 20
7 16 16 18
7 16 16 19
7 16 16 20
7 12 17 15
7 12 17 16
7 12 17 18
7 12 17 19
7 12 17 20
7 13 17 15
7 13 17 16
7 13 17 18
7 13 17 19
7 13 17 20
7 15 17 18
7 15 17 19
7 15 17 20
7 16 17 18
7 16 17 19
7 16 17 20
7 12 18 15
7 12 18 16
7 13 18 15
7 13 18 16
7 1 20 3
7 1 20 6
7 1 20 7
7 3 20 6
7 3 20 7
7 12 20 15
7 12 20 16
7 12 20 18
7 12 20 20
7 13 20 15
7 13 20 16
7 13 20 18
7 13 20 20
7 15 20 18
7 15 20 20
7 16 20 18
7 16 20 20
7 18 20 20
7 3 21 6
7 3 21 7
7 3 21 12
7 3 21 13
7 3 21 15
7 3 21 16
7 3 21 18
7 3 21 20
7 6 21 12
7 6 21 13
7 6 21 15
7 6 21 16
7 6 21 18
7 6 21 20
7 7 21 12
7 7 21 13
7 7 21 15
7 7 21 16
7 7 21 18
7 7 21 20
7 12 21 15
7 12 21 16
7 12 21 18
7 12 21 20
7 13 21 15
7 13 21 16
7 13 21 18
7 13 21 20
7 15 21 18
7 15 21 20
7 16 21 18
7 16 21 20
7 18 21 20
7 6 23 12
7 6 23 15
7 7 23 12
7 7 23 15
7 12 23 15
7 1 24 6
8 1 13 3
8 1 13 6
8 1 13 7
8 1 13 11
8 1 13 12
8 1 13 13
8 1 13 15
8 1 13 16
8 1 13 17
8 1 13 18
8 1 13 19
8 1 13 20
8 3 13 6
8 3 13 7
8 3 13 11
8 3 13 12
8 3 13 13
8 3 13 15
8 3 13 16
8 3 13 17
8 3 13 18
8 3 13 19
8 3 13 20
8 6 13 11
8 6 13 12
8 6 13 13
8 6 13 15
8 6 13 16
8 6 13 17
8 6 13 18
8 6 13 19
8 6 13 20
8 7 13 11
8 7 13 12
8 7 13 13
8 7 13 15
8 7 13 16
8 7 13 17
8 7 13 18
8 7 13 19
8 7 13 20
8 11 13 15
8 11 13 16
8 11 13 17
8 11 13 18
8 11 13 19
8 11 13 20
8 12 13 15
8 12 13 16
8 12 13 17
8 12 13 18
8 12 13 19
8 12 13 20
8 13 13 15
8 13 13 16
8 13 13 17
8 13 13 18
8 13 13 19
8 13 13 20
8 11 14 15
8 11 14 16
8 12 14 15
8 12 14 16
8 13 14 15
8 13 14 16
8 1 15 3
8 1 15 6
8 1 15 7
8 1 15 11
8 1 15 12
8 1 15 13
8 1 15 15
8 1 15 16
8 1 15 18
8 1 15 19
8 1 15 20
8 3 15 6
8 3 15 7
8 3 15 11
8 3 15 12
8 3 15 13
8 3 15 15
8 3 15 16
8 3 15 18
8 3 15 19
8 3 15 20
8 6 15 11
8 6 15 12
8 6 15 13
8 6 15 15
8 6 15 16
8 6 15 18
8 6 15 19
8 6 15 20
8 7 15 11
8 7 15 12
8 7 15 13
8 7 15 15
8 7 15 16
8 7 15 18
8 7 15 19
8 7 15 20
8 11 15 15
8 11 15 16
8 11 15 18
8 11 15 19
8 11 15 20
8 12 15 15
8 12 15 16
8 12 15 18
8 12 15 19
8 12 15 20
8 13 15 15
8 13 15 16
8 13 15 18
8 13 15 19
8 13 15 20
8 15 15 18
8 15 15 19
8 15 15 20
8 16 15 18
8 16 15 19
8 16 15 20
8 6 16 11
8 6 16 12
8 6 16 13
8 6 16 15
8 6 16 16
8 6 16 18
8 6 16 19
8 6 16 20
8 7 16 11
8 7 16 12
8 7 16 13
8 7 16 15
8 7 16 16
8 7 16 18
8 7 16 19
8 7 16 20
8 11 16 15
8 11 16 16
8 11 16 18
8 11 16 19
8 11 16 20
8 12 16 15
8 12 16 16
8 12 16 18
8 12 16 19
8 12 16 20
8 13 16 15
8 13 16 16
8 13 16 18
8 13 16 19
8 13 16 20
8 15 16 18
8 15 16 19
8 15 16 20
8 16 16 18
8 16 16 19
8 16 16 20
8 12 17 15
8 12 17 16
8 12 17 18
8 12 17 19
8 12 17 20
8 13 17 15
8 13 17 16
8 13 17 18
8 13 17 19
8 13 17 20
8 15 17 18
8 15 17 19
8 15 17 20
8 16 17 18
8 16 17 19
8 16 17 20
8 12 18 15
8 12 18 16
8 13 18 15
8 13 18 16
8 1 20 3
8 1 20 6
8 1 20 7
8 3 20 6
8 3 20 7
8 12 20 15
8 12 20 16
8 12 20 18
8 12 20 20
8 13 20 15
8 13 20 16
8 13 20 18
8 13 20 20
8 15 20 18
8 15 20 20
8 16 20 18
8 16 20 20
8 18 20 20
8 3 21 6
8 3 21 7
8 3 21 12
8 3 21 13
8 3 21 15
8 3 21 16
8 3 21 18
8 3 21 20
8 6 21 12
8 6 21 13
8 6 21 15
8 6 21 16
8 6 21 18
8 6 21 20
8 7 21 12
8 7 21 13
8 7 21 15
8 7 21 16
8 7 21 18
8 7 21 20
8 12 21 15
8 12 21 16
8 12 21 18
8 12 21 20
8 13 21 15
8 13 21 16
8 13 21 18
8 13 21 20
8 15 21 18
8 15 21 20
8 16 21 18
8 16 21 20
8 18 21 20
8 6 23 12
8 6 23 15
8 7 23 12
8 7 23 15
8 12 23 15
8 1 24 6
9 6 13 11
9 6 13 12
9 6 13 13
9 6 13 15
9 6 13 16
9 6 13 17
9 6 13 18
9 6 13 19
9 6 13 20
9 7 13 11
9 7 13 12
9 7 13 13
9 7 13 15
9 7 13 16
9 7 13 17
9 7 13 18
9 7 13 19
9 7 13 20
9 11 13 15
9 11 13 16
9 11 13 17
9 11 13 18
9 11 13 19
9 11 13 20
9 12 13 15
9 12 13 16
9 12 13 17
9 12 13 18
9 12 13 19
9 12 13 20
9 13 13 15
9 13 13 16
9 13 13 17
9 13 13 18
9 13 13 19
9 13 13 20
9 11 14 15
9 11 14 16
9 12 14 15
9 12 14 16
9 13 14 15
9 13 14 16
9 6 15 11
9 6 15 12
9 6 15 13
9 6 15 15
9 6 15 16
9 6 15 18
9 6 15 19
9 6 15 20
9 7 15 11
9 7 15 12
9 7 15 13
9 7 15 15
9 7 15 16
9 7 15 18
9 7 15 19
9 7 15 20
9 11 15 15
9 11 15 16
9 11 15 18
9 11 15 19
9 11 15 20
9 12 15 15
9 12 15 16
9 12 15 18
9 12 15 19
9 12 15 20
9 13 15 15
9 13 15 16
9 13 15 18
9 13 15 19
9 13 15 20
9 15 15 18
9 15 15 19
9 15 15 20
9 16 15 18
9 16 15 19
9 16 15 20
9 6 16 11
9 6 16 12
9 6 16 13
9 6 16 15
9 6 16 16
9 6 16 18
9 6 16 19
9 6 16 20
9 7 16 11
9 7 16 12
9 7 16 13
9 7 16 15
9 7 16 16
9 7 16 18
9 7 16 19
9 7 16 20
9 11 16 15
9 11 16 16
9 11 16 18
9 11 16 19
9 11 16 20
9 12 16 15
9 12 16 16
9 12 16 18
9 12 16 19
9 12 16 20
9 13 16 15
9 13 16 16
9 13 16 18
9 13 16 19
9 13 16 20
9 15 16 18
9 15 16 19
9 15 16 20
9 16 16 18
9 16 16 19
9 16 16 20
9 12 17 15
9 12 17 16
9 12 17 18
9 12 17 19
9 12 17 20
9 13 17 15
9 13 17 16
9 13 17 18
9 13 17 19
9 13 17 20
9 15 17 18
9 15 17 19
9 15 17 20
9 16 17 18
9 16 17 19
9 16 17 20
9 12 18 15
9 12 18 16
9 13 18 15
9 13 18 16
9 12 20 15
9 12 20 16
9 12 20 18
9 12 20 20
9 13 20 15
9 13 20 16
9 13 20 18
9 13 20 20
9 15 20 18
9 15 20 20
9 16 20 18
9 16 20 20
9 18 20 20
9 6 21 12
9 6 21 13
9 6 21 15
9 6 21 16
9 6 21 18
9 6 21 20
9 7 21 12
9 7 21 13
9 7 21 15
9 7 21 16
9 7 21 18
9 7 21 20
9 12 21 15
9 12 21 16
9 12 21 18
9 12 21 20
9 13 21 15
9 13 21 16
9 13 21 18
9 13 21 20
9 15 21 18
9 15 21 20
9 16 21 18
9 16 21 20
9 18 21 20
9 6 23 12
9 6 23 15
9 7 23 12
9 7 23 15
9 12 23 15
10 6 13 11
10 6 13 12
10 6 13 13
10 6 13 15
10 6 13 16
10 6 13 17
10 6 13 18
10 6 13 19
10 6 13 20
10 6 13 21
10 7 13 11
10 7 13 12
10 7 13 13
10 7 13 15
10 7 13 16
10 7 13 17
10 7 13 18
10 7 13 19
10 7 13 20
10 7 13 21
10 11 13 15
10 11 13 16
10 11 13 17
10 11 13 18
10 11 13 19
10 11 13 20
10 11 13 21
10 12 13 15
10 12 13 16
10 12 13 17
10 12 13 18
10 12 13 19
10 12 13 20
10 12 13 21
10 13 13 15
10 13 13 16
10 13 13 17
10 13 13 18
10 13 13 19
10 13 13 20
10 13 13 21
10 11 14 15
10 11 14 16
10 12 14 15
10 12 14 16
10 13 14 15
10 13 14 16
10 6 15 11
10 6 15 12
10 6 15 13
10 6 15 15
10 6 15 16
10 6 15 18
10 6 15 19
10 6 15 20
10 6 15 21
10 7 15 11
10 7 15 12
10 7 15 13
10 7 15 15
10 7 15 16
10 7 15 18
10 7 15 19
10 7 15 20
10 7 15 21
10 11 15 15
10 11 15 16
10 11 15 18
10 11 15 19
10 11 15 20
10 11 15 21
10 12 15 15
10 12 15 16
10 12 15 18
10 12 15 19
10 12 15 20
10 12 15 21
10 13 15 15
10 13 15 16
10 13 15 18
10 13 15 19
10 13 15 20
10 13 15 21
10 15 15 18
10 15 15 19
10 15 15 20
10 15 15 21
10 16 15 18
10 16 15 19
10 16 15 20
10 16 15 21
10 6 16 11
10 6 16 12
10 6 16 13
10 6 16 15
10 6 16 16
10 6 16 18
10 6 16 19
10 6 16 20
10 6 16 21
10 7 16 11
10 7 16 12
10 7 16 13
10 7 16 15
10 7 16 16
10 7 16 18
10 7 16 19
10 7 16 20
10 7 16 21
10 11 16 15
10 11 16 16
10 11 16 18
10 11 16 19
10 11 16 20
10 11 16 21
10 12 16 15
10 12 16 16
10 12 16 18
10 12 16 19
10 12 16 20
10 12 16 21
10 13 16 15
10 13 16 16
10 13 16 18
10 13 16 19
10 13 16 20
10 13 16 21
10 15 16 18
10 15 16 19
10 15 16 20
10 15 16 21
10 16 16 18
10 16 16 19
10 16 16 20
10 16 16 21
10 12 17 15
10 12 17 16
10 12 17 18
10 12 17 19
10 12 17 20
10 12 17 21
10 13 17 15
10 13 17 16
10 13 17 18
10 13 17 19
10 13 17 20
10 13 17 21
10 15 17 18
10 15 17 19
10 15 17 20
10 15 17 21
10 16 17 18
10 16 17 19
10 16 17 20
10 16 17 21
10 12 18 15
10 12 18 16
10 13 18 15
10 13 18 16
10 12 20 15
10 12 20 16
10 12 20 18
10 12 20 20
10 12 20 21
10 13 20 15
10 13 20 16
10 13 20 18
10 13 20 20
10 13 20 21
10 15 20 18
10 15 20 20
10 15 20 21
10 16 20 18
10 16 20 20
10 16 20 21
10 18 20 20
10 18 20 21
10 6 21 12
10 6 21 13
10 6 21 15
10 6 21 16
10 6 21 18
10 6 21 20
10 6 21 21
10 7 21 12
10 7 21 13
10 7 21 15
10 7 21 16
10 7 21 18
10 7 21 20
10 7 21 21
10 12 21 15
10 12 21 16
10 12 21 18
10 12 21 20
10 12 21 21
10 13 21 15
10 13 21 16
10 13 21 18
10 13 21 20
10 13 21 21
10 15 21 18
10 15 21 20
10 15 21 21
10 16 21 18
10 16 21 20
10 16 21 21
10 18 21 20
10 18 21 21
10 6 23 12
10 6 23 15
10 6 23 21
10 7 23 12
10 7 23 15
10 7 23 21
10 12 23 15
10 12 23 21
10 15 23 21
11 6 13 11
11 6 13 12
11 6 13 13
11 6 13 15
11 6 13 16
11 6 13 17
11 6 13 18
11 6 13 19
11 6 13 20
11 6 13 21
11 7 13 11
11 7 13 12
11 7 13 13
11 7 13 15
11 7 13 16
11 7 13 17
11 7 13 18
11 7 13 19
11 7 13 20
11 7 13 21
11 11 13 15
11 11 13 16
11 11 13 17
11 11 13 18
11 11 13 19
11 11 13 20
11 11 13 21
11 12 13 15
11 12 13 16
11 12 13 17
11 12 13 18
11 12 13 19
11 12 13 20
11 12 13 21
11 13 13 15
11 13 13 16
11 13 13 17
11 13 13 18
11 13 13 19
11 13 13 20
11 13 13 21
11 11 14 15
11 11 14 16
11 12 14 15
11 12 14 16
11 13 14 15
11 13 14 16
11 6 15 11
11 6 15 12
11 6 15 13
11 6 15 15
11 6 15 16
11 6 15 18
11 6 15 19
11 6 15 20
11 6 15 21
11 7 15 11
11 7 15 12
11 7 15 13
11 7 15 15
11 7 15 16
11 7 15 18
11 7 15 19
11 7 15 20
11 7 15 21
11 11 15 15
11 11 15 16
11 11 15 18
11 11 15 19
11 11 15 20
11 11 15 21
11 12 15 15
11 12 15 16
11 12 15 18
11 12 15 19
11 12 15 20
11 12 15 21
11 13 15 15
11 13 15 16
11 13 15 18
11 13 15 19
11 13 15 20
11 13 15 21
11 15 15 18
11 15 15 19
11 15 15 20
11 15 15 21
11 16 15 18
11 16 15 19
11 16 15 20
11 16 15 21
11 6 16 11
11 6 16 12
11 6 16 13
11 6 16 15
11 6 16 16
11 6 16 18
11 6 16 19
11 6 16 20
11 6 16 21
11 6 16 23
11 7 16 11
11 7 16 12
11 7 16 13
11 7 16 15
11 7 16 16
11 7 16 18
11 7 16 19
11 7 16 20
11 7 16 21
11 7 16 23
11 11 16 15
11 11 16 16
11 11 16 18
11 11 16 19
11 11 16 20
11 11 16 21
11 11 16 23
11 12 16 15
11 12 16 16
11 12 16 18
11 12 16 19
11 12 16 20
11 12 16 21
11 12 16 23
11 13 16 15
11 13 16 16
11 13 16 18
11 13 16 19
11 13 16 20
11 13 16 21
11 13 16 23
11 15 16 18
11 15 16 19
11 15 16 20
11 15 16 21
11 15 16 23
11 16 16 18
11 16 16 19
11 16 16 20
11 16 16 21
11 16 16 23
11 18 16 23
11 19 16 23
11 20 16 23
11 21 16 23
11 12 17 15
11 12 17 16
11 12 17 18
11 12 17 19
11 12 17 20
11 12 17 21
11 12 17 23
11 13 17 15
11 13 17 16
11 13 17 18
11 13 17 19
11 13 17 20
11 13 17 21
11 13 17 23
11 15 17 18
11 15 17 19
11 15 17 20
11 15 17 21
11 15 17 23
11 16 17 18
11 16 17 19
11 16 17 20
11 16 17 21
11 16 17 23
11 18 17 23
11 19 17 23
11 20 17 23
11 21 17 23
11 12 18 15
11 12 18 16
11 13 18 15
11 13 18 16
11 12 20 15
11 12 20 16
11 12 20 18
11 12 20 20
11 12 20 21
11 12 20 23
11 13 20 15
11 13 20 16
11 13 20 18
11 13 20 20
11 13 20 21
11 13 20 23
11 15 20 18
11 15 20 20
11 15 20 21
11 15 20 23
11 16 20 18
11 16 20 20
11 16 20 21
11 16 20 23
11 18 20 20
11 18 20 21
11 18 20 23
11 20 20 23
11 21 20 23
11 6 21 12
11 6 21 13
11 6 21 15
11 6 21 16
11 6 21 18
11 6 21 20
11 6 21 21
11 7 21 12
11 7 21 13
11 7 21 15
11 7 21 16
11 7 21 18
11 7 21 20
11 7 21 21
11 12 21 15
11 12 21 16
11 12 21 18
11 12 21 20
11 12 21 21
11 13 21 15
11 13 21 16
11 13 21 18
11 13 21 20
11 13 21 21
11 15 21 18
11 15 21 20
11 15 21 21
11 16 21 18
11 16 21 20
11 16 21 21
11 18 21 20
11 18 21 21
11 6 23 12
11 6 23 15
11 6 23 21
11 7 23 12
11 7 23 15
11 7 23 21
11 12 23 15
11 12 23 21
11 15 23 21
12 15 15 18
12 15 15 19
12 15 15 20
12 15 15 21
12 16 15 18
12 16 15 19
12 16 15 20
12 16 15 21
12 15 16 18
12 15 16 19
12 15 16 20
12 15 16 21
12 16 16 18
12 16 16 19
12 16 16 20
12 16 16 21
12 15 17 18
12 15 17 19
12 15 17 20
12 15 17 21
12 16 17 18
12 16 17 19
12 16 17 20
12 16 17 21
12 15 20 18
12 15 20 20
12 15 20 21
12 16 20 18
12 16 20 20
12 16 20 21
12 18 20 20
12 18 20 21
12 15 21 18
12 15 21 20
12 15 21 21
12 16 21 18
12 16 21 20
12 16 21 21
12 18 21 20
12 18 21 21
12 15 23 21
13 1 15 3
13 1 15 6
13 1 15 7
13 1 15 9
13 1 15 11
13 1 15 12
13 1 15 13
13 1 15 14
13 1 15 15
13 1 15 16
13 1 15 18
13 1 15 19
13 1 15 20
13 1 15 21
13 3 15 6
13 3 15 7
13 3 15 9
13 3 15 11
13 3 15 12
13 3 15 13
13 3 15 14
13 3 15 15
13 3 15 16
13 3 15 18
13 3 15 19
13 3 15 20
13 3 15 21
13 6 15 9
13 6 15 11
13 6 15 12
13 6 15 13
13 6 15 14
13 6 15 15
13 6 15 16
13 6 15 18
13 6 15 19
13 6 15 20
13 6 15 21
13 7 15 9
13 7 15 11
13 7 15 12
13 7 15 13
13 7 15 14
13 7 15 15
13 7 15 16
13 7 15 18
13 7 15 19
13 7 15 20
13 7 15 21
13 9 15 11
13 9 15 12
13 9 15 13
13 9 15 14
13 9 15 15
13 9 15 16
13 9 15 18
13 9 15 19
13 9 15 20
13 9 15 21
13 11 15 18
13 11 15 19
13 11 15 20
13 11 15 21
13 12 15 18
13 12 15 19
13 12 15 20
13 12 15 21
13 13 15 18
13 13 15 19
13 13 15 20
13 13 15 21
13 14 15 18
13 14 15 19
13 14 15 20
13 14 15 21
13 15 15 18
13 15 15 19
13 15 15 20
13 15 15 21
13 16 15 18
13 16 15 19
13 16 15 20
13 16 15 21
13 6 16 9
13 6 16 11
13 6 16 12
13 6 16 13
13 6 16 14
13 6 16 15
13 6 16 16
13 6 16 18
13 6 16 19
13 6 16 20
13 6 16 21
13 7 16 9
13 7 16 11
13 7 16 12
13 7 16 13
13 7 16 14
13 7 16 15
13 7 16 16
13 7 16 18
13 7 16 19
13 7 16 20
13 7 16 21
13 9 16 11
13 9 16 12
13 9 16 13
13 9 16 14
13 9 16 15
13 9 16 16
13 9 16 18
13 9 16 19
13 9 16 20
13 9 16 21
13 11 16 18
13 11 16 19
13 11 16 20
13 11 16 21
13 12 16 18
13 12 16 19
13 12 16 20
13 12 16 21
13 13 16 18
13 13 16 19
13 13 16 20
13 13 16 21
13 14 16 18
13 14 16 19
13 14 16 20
13 14 16 21
13 15 16 18
13 15 16 19
13 15 16 20
13 15 16 21
13 16 16 18
13 16 16 19
13 16 16 20
13 16 16 21
13 12 17 18
13 12 17 19
13 12 17 20
13 12 17 21
13 13 17 18
13 13 17 19
13 13 17 20
13 13 17 21
13 14 17 18
13 14 17 19
13 14 17 20
13 14 17 21
13 15 17 18
13 15 17 19
13 15 17 20
13 15 17 21
13 16 17 18
13 16 17 19
13 16 17 20
13 16 17 21
13 1 20 3
13 1 20 6
13 1 20 7
13 1 20 9
13 3 20 6
13 3 20 7
13 3 20 9
13 6 20 9
13 7 20 9
13 12 20 15
13 12 20 16
13 12 20 18
13 12 20 20
13 12 20 21
13 13 20 15
13 13 20 16
13 13 20 18
13 13 20 20
13 13 20 21
13 15 20 18
13 15 20 20
13 15 20 21
13 16 20 18
13 16 20 20
13 16 20 21
13 18 20 20
13 18 20 21
13 3 21 6
13 3 21 7
13 3 21 9
13 3 21 12
13 3 21 13
13 3 21 15
13 3 21 16
13 3 21 18
13 3 21 20
13 3 21 21
13 6 21 9
13 6 21 12
13 6 21 13
13 6 21 15
13 6 21 16
13 6 21 18
13 6 21 20
13 6 21 21
13 7 21 9
13 7 21 12
13 7 21 13
13 7 21 15
13 7 21 16
13 7 21 18
13 7 21 20
13 7 21 21
13 9 21 12
13 9 21 13
13 9 21 15
13 9 21 16
13 9 21 18
13 9 21 20
13 9 21 21
13 12 21 15
13 12 21 16
13 12 21 18
13 12 21 20
13 12 21 21
13 13 21 15
13 13 21 16
13 13 21 18
13 13 21 20
13 13 21 21
13 15 21 18
13 15 21 20
13 15 21 21
13 16 21 18
13 16 21 20
13 16 21 21
13 18 21 20
13 18 21 21
13 6 23 12
13 6 23 15
13 6 23 21
13 7 23 12
13 7 23 15
13 7 23 21
13 12 23 15
13 12 23 21
13 15 23 21
13 1 24 6
14 12 20 15
14 12 20 16
14 13 20 15
14 13 20 16
14 18 20 20
14 18 20 21
14 12 21 15
14 12 21 16
14 13 21 15
14 13 21 16
14 18 21 20
14 18 21 21
14 12 23 15
15 1 20 3
15 1 20 6
15 1 20 7
15 1 20 9
15 3 20 6
15 3 20 7
15 3 20 9
15 6 20 9
15 7 20 9
15 12 20 15
15 12 20 16
15 12 20 18
15 12 20 20
15 12 20 21
15 13 20 15
15 13 20 16
15 13 20 18
15 13 20 20
15 13 20 21
15 15 20 18
15 15 20 20
15 15 20 21
15 16 20 18
15 16 20 20
15 16 20 21
15 18 20 20
15 18 20 21
15 3 21 6
15 3 21 7
15 3 21 9
15 3 21 12
15 3 21 13
15 3 21 15
15 3 21 16
15 3 21 18
15 3 21 20
15 3 21 21
15 6 21 9
15 6 21 12
15 6 21 13
15 6 21 15
15 6 21 16
15 6 21 18
15 6 21 20
15 6 21 21
15 7 21 9
15 7 21 12
15 7 21 13
15 7 21 15
15 7 21 16
15 7 21 18
15 7 21 20
15 7 21 21
15 9 21 12
15 9 21 13
15 9 21 15
15 9 21 16
15 9 21 18
15 9 21 20
15 9 21 21
15 12 21 15
15 12 21 16
15 12 21 18
15 12 21 20
15 12 21 21
15 13 21 15
15 13 21 16
15 13 21 18
15 13 21 20
15 13 21 21
15 15 21 18
15 15 21 20
15 15 21 21
15 16 21 18
15 16 21 20
15 16 21 21
15 18 21 20
15 18 21 21
15 6 23 12
15 6 23 15
15 6 23 21
15 7 23 12
15 7 23 15
15 7 23 21
15 12 23 15
15 12 23 21
15 15 23 21
15 1 24 6
16 6 20 9
16 7 20 9
16 12 20 15
16 12 20 16
16 12 20 18
16 12 20 20
16 12 20 21
16 12 20 23
16 13 20 15
16 13 20 16
16 13 20 18
16 13 20 20
16 13 20 21
16 13 20 23
16 15 20 18
16 15 20 20
16 15 20 21
16 15 20 23
16 16 20 18
16 16 20 20
16 16 20 21
16 16 20 23
16 18 20 20
16 18 20 21
16 18 20 23
16 20 20 23
16 21 20 23
16 6 21 9
16 6 21 12
16 6 21 13
16 6 21 15
16 6 21 16
16 6 21 18
16 6 21 20
16 6 21 21
16 7 21 9
16 7 21 12
16 7 21 13
16 7 21 15
16 7 21 16
16 7 21 18
16 7 21 20
16 7 21 21
16 9 21 12
16 9 21 13
16 9 21 15
16 9 21 16
16 9 21 18
16 9 21 20
16 9 21 21
16 12 21 15
16 12 21 16
16 12 21 18
16 12 21 20
16 12 21 21
16 13 21 15
16 13 21 16
16 13 21 18
16 13 21 20
16 13 21 21
16 15 21 18
16 15 21 20
16 15 21 21
16 16 21 18
16 16 21 20
16 16 21 21
16 18 21 20
16 18 21 21
16 6 23 12
16 6 23 15
16 6 23 21
16 7 23 12
16 7 23 15
16 7 23 21
16 12 23 15
16 12 23 21
16 15 23 21
17 12 20 15
17 12 20 16
17 12 20 18
17 12 20 20
17 12 20 21
17 12 20 23
17 13 20 15
17 13 20 16
17 13 20 18
17 13 20 20
17 13 20 21
17 13 20 23
17 15 20 18
17 15 20 20
17 15 20 21
17 15 20 23
17 16 20 18
17 16 20 20
17 16 20 21
17 16 20 23
17 18 20 20
17 18 20 21
17 18 20 23
17 20 20 23
17 21 20 23
17 12 21 15
17 12 21 16
17 12 21 18
17 12 21 20
17 12 21 21
17 13 21 15
17 13 21 16
17 13 21 18
17 13 21 20
17 13 21 21
17 15 21 18
17 15 21 20
17 15 21 21
17 16 21 18
17 16 21 20
17 16 21 21
17 18 21 20
17 18 21 21
17 12 23 15
17 12 23 21
17 15 23 21
18 12 20 15
18 12 20 16
18 13 20 15
18 13 20 16
18 12 21 15
18 12 21 16
18 13 21 15
18 13 21 16
18 12 23 15
20 12 23 15
20 12 23 21
20 15 23 21
20 1 24 6
21 6 23 12
21 6 23 15
21 6 23 21
21 7 23 12
21 7 23 15
21 7 23 21
21 12 23 15
21 12 23 21
21 15 23 21
