10 11
00000111110
01111111111
01100101111
01111111111
01111111001
01111111111
00111111111
00000101111
00000100100
00000111100
60
1 6 4 8
1 6 4 9
1 6 4 10
1 6 5 8
1 6 6 8
1 6 7 8
2 2 4 6
2 2 4 8
2 2 4 9
2 2 4 10
2 2 4 11
2 3 4 6
2 3 4 8
2 3 4 9
2 3 4 10
2 3 4 11
2 6 4 8
2 6 4 9
2 6 4 10
2 6 4 11
2 2 5 6
2 2 5 8
2 3 5 6
2 3 5 8
2 6 5 8
2 2 6 6
2 2 6 8
2 2 6 11
2 3 6 6
2 3 6 8
2 3 6 11
2 6 6 8
2 6 6 11
2 8 6 11
2 3 7 6
2 3 7 8
2 3 7 11
2 6 7 8
2 6 7 11
2 8 7 11
2 8 8 11
3 8 6 11
3 8 7 11
3 8 8 11
4 2 6 11
4 3 6 11
4 4 6 11
4 5 6 11
4 6 6 11
4 7 6 11
4 8 6 11
4 3 7 11
4 4 7 11
4 5 7 11
4 6 7 11
4 7 7 11
4 8 7 11
4 8 8 11
6 6 10 9
7 6 10 9
