11 19
0001111111111110000
0001111111100110000
0001100000100110000
0001111111111110000
0001111000100010000
0001001000100010000
0001001000100010000
0001111111111110000
0001001000100000000
0001001000100000000
0001111111100000000
30
1 4 4 11
1 4 4 14
1 4 4 15
1 5 4 11
1 5 4 14
1 5 4 15
1 11 4 14
1 11 4 15
1 4 8 11
1 4 8 15
1 11 8 15
1 4 11 11
2 4 4 11
2 5 4 11
2 4 8 11
2 4 11 11
4 4 8 7
4 4 8 11
4 4 8 15
4 7 8 11
4 7 8 15
4 11 8 15
4 4 11 7
4 4 11 11
4 7 11 11
5 4 8 7
5 4 11 7
8 4 11 7
8 4 11 11
8 7 11 11
