24 14
01111111111111
01000111111111
01111111110011
01100101110011
01111111111111
01111101111111
01111111110111
11111111110111
11111101111111
11111111111111
11111111110111
11110111110111
11111111110111
11110111110111
11111111110111
10110111110111
11111101110111
11111101110111
11111101110111
11111111111111
11111111111111
11111111110101
11111101111101
11111111111111
1702
1 2 3 6
1 2 3 7
1 2 3 8
1 2 3 9
1 2 3 10
1 2 5 6
1 2 5 8
1 2 5 9
1 2 5 10
1 2 5 13
1 2 5 14
1 6 5 8
1 6 5 9
1 6 5 10
1 6 5 13
1 6 5 14
1 8 5 13
1 8 5 14
1 9 5 13
1 9 5 14
1 10 5 13
1 10 5 14
1 2 6 6
1 8 6 13
1 8 6 14
1 9 6 13
1 9 6 14
1 10 6 13
1 10 6 14
1 2 7 6
1 2 7 8
1 2 7 9
1 2 7 10
1 6 7 8
1 6 7 9
1 6 7 10
1 2 8 6
1 2 8 8
1 2 8 9
1 2 8 10
1 6 8 8
1 6 8 9
1 6 8 10
1 2 9 6
1 8 9 13
1 8 9 14
1 9 9 13
1 9 9 14
1 10 9 13
1 10 9 14
1 2 10 6
1 2 10 8
1 2 10 9
1 2 10 10
1 2 10 13
1 2 10 14
1 6 10 8
1 6 10 9
1 6 10 10
1 6 10 13
1 6 10 14
1 8 10 13
1 8 10 14
1 9 10 13
1 9 10 14
1 10 10 13
1 10 10 14
1 2 11 6
1 2 11 8
1 2 11 9
1 2 11 10
1 6 11 8
1 6 11 9
1 6 11 10
1 6 12 8
1 6 12 9
1 6 12 10
1 2 13 6
1 2 13 8
1 2 13 9
1 2 13 10
1 6 13 8
1 6 13 9
1 6 13 10
1 6 14 8
1 6 14 9
1 6 14 10
1 2 15 6
1 2 15 8
1 2 15 9
1 2 15 10
1 6 15 8
1 6 15 9
1 6 15 10
1 6 16 8
1 6 16 9
1 6 16 10
1 6 20 8
1 6 20 9
1 6 20 10
1 6 20 13
1 6 20 14
1 8 20 13
1 8 20 14
1 9 20 13
1 9 20 14
1 10 20 13
1 10 20 14
1 6 21 8
1 6 21 9
1 6 21 10
1 6 21 13
1 6 21 14
1 8 21 13
1 8 21 14
1 9 21 13
1 9 21 14
1 10 21 13
1 10 21 14
1 6 22 8
1 6 22 9
1 6 22 10
1 6 24 8
1 6 24 9
1 6 24 10
1 6 24 14
1 8 24 14
1 9 24 14
1 10 24 14
2 6 5 8
2 6 5 9
2 6 5 10
2 6 5 13
2 6 5 14
2 8 5 13
2 8 5 14
2 9 5 13
2 9 5 14
2 10 5 13
2 10 5 14
2 8 6 13
2 8 6 14
2 9 6 13
2 9 6 14
2 10 6 13
2 10 6 14
2 6 7 8
2 6 7 9
2 6 7 10
2 6 8 8
2 6 8 9
2 6 8 10
2 8 9 13
2 8 9 14
2 9 9 13
2 9 9 14
2 10 9 13
2 10 9 14
2 6 10 8
2 6 10 9
2 6 10 10
2 6 10 13
2 6 10 14
2 8 10 13
2 8 10 14
2 9 10 13
2 9 10 14
2 10 10 13
2 10 10 14
2 6 11 8
2 6 11 9
2 6 11 10
2 6 12 8
2 6 12 9
2 6 12 10
2 6 13 8
2 6 13 9
2 6 13 10
2 6 14 8
2 6 14 9
2 6 14 10
2 6 15 8
2 6 15 9
2 6 15 10
2 6 16 8
2 6 16 9
2 6 16 10
2 6 20 8
2 6 20 9
2 6 20 10
2 6 20 13
2 6 20 14
2 8 20 13
2 8 20 14
2 9 20 13
2 9 20 14
2 10 20 13
2 10 20 14
2 6 21 8
2 6 21 9
2 6 21 10
2 6 21 13
2 6 21 14
2 8 21 13
2 8 21 14
2 9 21 13
2 9 21 14
2 10 21 13
2 10 21 14
2 6 22 8
2 6 22 9
2 6 22 10
2 6 24 8
2 6 24 9
2 6 24 10
2 6 24 14
2 8 24 14
2 9 24 14
2 10 24 14
3 2 5 6
3 2 5 8
3 2 5 9
3 2 5 10
3 3 5 6
3 3 5 8
3 3 5 9
3 3 5 10
3 6 5 8
3 6 5 9
3 6 5 10
3 2 6 6
3 3 6 6
3 2 7 6
3 2 7 8
3 2 7 9
3 2 7 10
3 3 7 6
3 3 7 8
3 3 7 9
3 3 7 10
3 6 7 8
3 6 7 9
3 6 7 10
3 2 8 6
3 2 8 8
3 2 8 9
3 2 8 10
3 3 8 6
3 3 8 8
3 3 8 9
3 3 8 10
3 6 8 8
3 6 8 9
3 6 8 10
3 2 9 6
3 3 9 6
3 2 10 6
3 2 10 8
3 2 10 9
3 2 10 10
3 3 10 6
3 3 10 8
3 3 10 9
3 3 10 10
3 6 10 8
3 6 10 9
3 6 10 10
3 2 11 6
3 2 11 8
3 2 11 9
3 2 11 10
3 3 11 6
3 3 11 8
3 3 11 9
3 3 11 10
3 6 11 8
3 6 11 9
3 6 11 10
3 6 12 8
3 6 12 9
3 6 12 10
3 2 13 6
3 2 13 8
3 2 13 9
3 2 13 10
3 3 13 6
3 3 13 8
3 3 13 9
3 3 13 10
3 6 13 8
3 6 13 9
3 6 13 10
3 6 14 8
3 6 14 9
3 6 14 10
3 2 15 6
3 2 15 8
3 2 15 9
3 2 15 10
3 3 15 6
3 3 15 8
3 3 15 9
3 3 15 10
3 6 15 8
3 6 15 9
3 6 15 10
3 6 16 8
3 6 16 9
3 6 16 10
3 3 17 6
3 3 18 6
3 3 19 6
3 3 20 6
3 3 20 8
3 3 20 9
3 3 20 10
3 6 20 8
3 6 20 9
3 6 20 10
3 3 21 6
3 3 21 8
3 3 21 9
3 3 21 10
3 6 21 8
3 6 21 9
3 6 21 10
3 3 22 6
3 3 22 8
3 3 22 9
3 3 22 10
3 6 22 8
3 6 22 9
3 6 22 10
3 3 23 6
3 3 24 6
3 3 24 8
3 3 24 9
3 3 24 10
3 6 24 8
3 6 24 9
3 6 24 10
5 2 7 8
5 2 7 9
5 2 7 10
5 3 7 8
5 3 7 9
5 3 7 10
5 4 7 8
5 4 7 9
5 4 7 10
5 5 7 8
5 5 7 9
5 5 7 10
5 6 7 8
5 6 7 9
5 6 7 10
5 2 8 8
5 2 8 9
5 2 8 10
5 3 8 8
5 3 8 9
5 3 8 10
5 4 8 8
5 4 8 9
5 4 8 10
5 5 8 8
5 5 8 9
5 5 8 10
5 6 8 8
5 6 8 9
5 6 8 10
5 8 9 12
5 8 9 13
5 8 9 14
5 9 9 12
5 9 9 13
5 9 9 14
5 10 9 12
5 10 9 13
5 10 9 14
5 2 10 8
5 2 10 9
5 2 10 10
5 2 10 12
5 2 10 13
5 2 10 14
5 3 10 8
5 3 10 9
5 3 10 10
5 3 10 12
5 3 10 13
5 3 10 14
5 4 10 8
5 4 10 9
5 4 10 10
5 4 10 12
5 4 10 13
5 4 10 14
5 5 10 8
5 5 10 9
5 5 10 10
5 5 10 12
5 5 10 13
5 5 10 14
5 6 10 8
5 6 10 9
5 6 10 10
5 6 10 12
5 6 10 13
5 6 10 14
5 8 10 12
5 8 10 13
5 8 10 14
5 9 10 12
5 9 10 13
5 9 10 14
5 10 10 12
5 10 10 13
5 10 10 14
5 2 11 8
5 2 11 9
5 2 11 10
5 3 11 8
5 3 11 9
5 3 11 10
5 4 11 8
5 4 11 9
5 4 11 10
5 5 11 8
5 5 11 9
5 5 11 10
5 6 11 8
5 6 11 9
5 6 11 10
5 6 12 8
5 6 12 9
5 6 12 10
5 2 13 6
5 2 13 8
5 2 13 9
5 2 13 10
5 3 13 6
5 3 13 8
5 3 13 9
5 3 13 10
5 4 13 6
5 4 13 8
5 4 13 9
5 4 13 10
5 6 13 8
5 6 13 9
5 6 13 10
5 6 14 8
5 6 14 9
5 6 14 10
5 2 15 6
5 2 15 8
5 2 15 9
5 2 15 10
5 3 15 6
5 3 15 8
5 3 15 9
5 3 15 10
5 4 15 6
5 4 15 8
5 4 15 9
5 4 15 10
5 6 15 8
5 6 15 9
5 6 15 10
5 6 16 8
5 6 16 9
5 6 16 10
5 3 17 6
5 4 17 6
5 3 18 6
5 4 18 6
5 3 19 6
5 4 19 6
5 3 20 6
5 3 20 8
5 3 20 9
5 3 20 10
5 3 20 12
5 3 20 13
5 3 20 14
5 4 20 6
5 4 20 8
5 4 20 9
5 4 20 10
5 4 20 12
5 4 20 13
5 4 20 14
5 6 20 8
5 6 20 9
5 6 20 10
5 6 20 12
5 6 20 13
5 6 20 14
5 8 20 12
5 8 20 13
5 8 20 14
5 9 20 12
5 9 20 13
5 9 20 14
5 10 20 12
5 10 20 13
5 10 20 14
5 3 21 6
5 3 21 8
5 3 21 9
5 3 21 10
5 3 21 12
5 3 21 13
5 3 21 14
5 4 21 6
5 4 21 8
5 4 21 9
5 4 21 10
5 4 21 12
5 4 21 13
5 4 21 14
5 6 21 8
5 6 21 9
5 6 21 10
5 6 21 12
5 6 21 13
5 6 21 14
5 8 21 12
5 8 21 13
5 8 21 14
5 9 21 12
5 9 21 13
5 9 21 14
5 10 21 12
5 10 21 13
5 10 21 14
5 3 22 6
5 3 22 8
5 3 22 9
5 3 22 10
5 4 22 6
5 4 22 8
5 4 22 9
5 4 22 10
5 6 22 8
5 6 22 9
5 6 22 10
5 3 23 6
5 4 23 6
5 8 23 12
5 9 23 12
5 10 23 12
5 3 24 6
5 3 24 8
5 3 24 9
5 3 24 10
5 3 24 12
5 3 24 14
5 4 24 6
5 4 24 8
5 4 24 9
5 4 24 10
5 4 24 12
5 4 24 14
5 6 24 8
5 6 24 9
5 6 24 10
5 6 24 12
5 6 24 14
5 8 24 12
5 8 24 14
5 9 24 12
5 9 24 14
5 10 24 12
5 10 24 14
5 12 24 14
6 8 9 12
6 8 9 13
6 8 9 14
6 9 9 12
6 9 9 13
6 9 9 14
6 10 9 12
6 10 9 13
6 10 9 14
6 8 10 12
6 8 10 13
6 8 10 14
6 9 10 12
6 9 10 13
6 9 10 14
6 10 10 12
6 10 10 13
6 10 10 14
6 2 13 6
6 3 13 6
6 4 13 6
6 2 15 6
6 3 15 6
6 4 15 6
6 3 17 6
6 4 17 6
6 3 18 6
6 4 18 6
6 3 19 6
6 4 19 6
6 3 20 6
6 4 20 6
6 8 20 12
6 8 20 13
6 8 20 14
6 9 20 12
6 9 20 13
6 9 20 14
6 10 20 12
6 10 20 13
6 10 20 14
6 3 21 6
6 4 21 6
6 8 21 12
6 8 21 13
6 8 21 14
6 9 21 12
6 9 21 13
6 9 21 14
6 10 21 12
6 10 21 13
6 10 21 14
6 3 22 6
6 4 22 6
6 3 23 6
6 4 23 6
6 8 23 12
6 9 23 12
6 10 23 12
6 3 24 6
6 4 24 6
6 8 24 12
6 8 24 14
6 9 24 12
6 9 24 14
6 10 24 12
6 10 24 14
6 12 24 14
7 2 10 8
7 2 10 9
7 2 10 10
7 3 10 8
7 3 10 9
7 3 10 10
7 4 10 8
7 4 10 9
7 4 10 10
7 5 10 8
7 5 10 9
7 5 10 10
7 6 10 8
7 6 10 9
7 6 10 10
7 2 11 8
7 2 11 9
7 2 11 10
7 3 11 8
7 3 11 9
7 3 11 10
7 4 11 8
7 4 11 9
7 4 11 10
7 5 11 8
7 5 11 9
7 5 11 10
7 6 11 8
7 6 11 9
7 6 11 10
7 6 12 8
7 6 12 9
7 6 12 10
7 2 13 6
7 2 13 8
7 2 13 9
7 2 13 10
7 3 13 6
7 3 13 8
7 3 13 9
7 3 13 10
7 4 13 6
7 4 13 8
7 4 13 9
7 4 13 10
7 6 13 8
7 6 13 9
7 6 13 10
7 6 14 8
7 6 14 9
7 6 14 10
7 2 15 6
7 2 15 8
7 2 15 9
7 2 15 10
7 3 15 6
7 3 15 8
7 3 15 9
7 3 15 10
7 4 15 6
7 4 15 8
7 4 15 9
7 4 15 10
7 6 15 8
7 6 15 9
7 6 15 10
7 6 16 8
7 6 16 9
7 6 16 10
7 3 17 6
7 4 17 6
7 3 18 6
7 4 18 6
7 3 19 6
7 4 19 6
7 3 20 6
7 3 20 8
7 3 20 9
7 3 20 10
7 4 20 6
7 4 20 8
7 4 20 9
7 4 20 10
7 6 20 8
7 6 20 9
7 6 20 10
7 3 21 6
7 3 21 8
7 3 21 9
7 3 21 10
7 4 21 6
7 4 21 8
7 4 21 9
7 4 21 10
7 6 21 8
7 6 21 9
7 6 21 10
7 3 22 6
7 3 22 8
7 3 22 9
7 3 22 10
7 4 22 6
7 4 22 8
7 4 22 9
7 4 22 10
7 6 22 8
7 6 22 9
7 6 22 10
7 3 23 6
7 4 23 6
7 3 24 6
7 3 24 8
7 3 24 9
7 3 24 10
7 4 24 6
7 4 24 8
7 4 24 9
7 4 24 10
7 6 24 8
7 6 24 9
7 6 24 10
7 12 24 14
8 1 10 8
8 1 10 9
8 1 10 10
8 2 10 8
8 2 10 9
8 2 10 10
8 3 10 8
8 3 10 9
8 3 10 10
8 4 10 8
8 4 10 9
8 4 10 10
8 5 10 8
8 5 10 9
8 5 10 10
8 6 10 8
8 6 10 9
8 6 10 10
8 1 11 8
8 1 11 9
8 1 11 10
8 2 11 8
8 2 11 9
8 2 11 10
8 3 11 8
8 3 11 9
8 3 11 10
8 4 11 8
8 4 11 9
8 4 11 10
8 5 11 8
8 5 11 9
8 5 11 10
8 6 11 8
8 6 11 9
8 6 11 10
8 6 12 8
8 6 12 9
8 6 12 10
8 1 13 6
8 1 13 8
8 1 13 9
8 1 13 10
8 2 13 6
8 2 13 8
8 2 13 9
8 2 13 10
8 3 13 6
8 3 13 8
8 3 13 9
8 3 13 10
8 4 13 6
8 4 13 8
8 4 13 9
8 4 13 10
8 6 13 8
8 6 13 9
8 6 13 10
8 6 14 8
8 6 14 9
8 6 14 10
8 1 15 6
8 1 15 8
8 1 15 9
8 1 15 10
8 2 15 6
8 2 15 8
8 2 15 9
8 2 15 10
8 3 15 6
8 3 15 8
8 3 15 9
8 3 15 10
8 4 15 6
8 4 15 8
8 4 15 9
8 4 15 10
8 6 15 8
8 6 15 9
8 6 15 10
8 6 16 8
8 6 16 9
8 6 16 10
8 1 17 3
8 1 17 4
8 1 17 6
8 3 17 6
8 4 17 6
8 1 18 3
8 1 18 4
8 1 18 6
8 3 18 6
8 4 18 6
8 1 19 3
8 1 19 4
8 1 19 6
8 3 19 6
8 4 19 6
8 1 20 3
8 1 20 4
8 1 20 6
8 1 20 8
8 1 20 9
8 1 20 10
8 3 20 6
8 3 20 8
8 3 20 9
8 3 20 10
8 4 20 6
8 4 20 8
8 4 20 9
8 4 20 10
8 6 20 8
8 6 20 9
8 6 20 10
8 1 21 3
8 1 21 4
8 1 21 6
8 1 21 8
8 1 21 9
8 1 21 10
8 3 21 6
8 3 21 8
8 3 21 9
8 3 21 10
8 4 21 6
8 4 21 8
8 4 21 9
8 4 21 10
8 6 21 8
8 6 21 9
8 6 21 10
8 1 22 3
8 1 22 4
8 1 22 6
8 1 22 8
8 1 22 9
8 1 22 10
8 3 22 6
8 3 22 8
8 3 22 9
8 3 22 10
8 4 22 6
8 4 22 8
8 4 22 9
8 4 22 10
8 6 22 8
8 6 22 9
8 6 22 10
8 1 23 3
8 1 23 4
8 1 23 6
8 3 23 6
8 4 23 6
8 1 24 3
8 1 24 4
8 1 24 6
8 1 24 8
8 1 24 9
8 1 24 10
8 3 24 6
8 3 24 8
8 3 24 9
8 3 24 10
8 4 24 6
8 4 24 8
8 4 24 9
8 4 24 10
8 6 24 8
8 6 24 9
8 6 24 10
8 12 24 14
9 1 13 6
9 2 13 6
9 3 13 6
9 4 13 6
9 1 15 6
9 2 15 6
9 3 15 6
9 4 15 6
9 1 17 3
9 1 17 4
9 1 17 6
9 3 17 6
9 4 17 6
9 1 18 3
9 1 18 4
9 1 18 6
9 3 18 6
9 4 18 6
9 1 19 3
9 1 19 4
9 1 19 6
9 3 19 6
9 4 19 6
9 1 20 3
9 1 20 4
9 1 20 6
9 3 20 6
9 4 20 6
9 8 20 12
9 8 20 13
9 8 20 14
9 9 20 12
9 9 20 13
9 9 20 14
9 10 20 12
9 10 20 13
9 10 20 14
9 1 21 3
9 1 21 4
9 1 21 6
9 3 21 6
9 4 21 6
9 8 21 12
9 8 21 13
9 8 21 14
9 9 21 12
9 9 21 13
9 9 21 14
9 10 21 12
9 10 21 13
9 10 21 14
9 1 22 3
9 1 22 4
9 1 22 6
9 3 22 6
9 4 22 6
9 1 23 3
9 1 23 4
9 1 23 6
9 3 23 6
9 4 23 6
9 8 23 12
9 9 23 12
9 10 23 12
9 1 24 3
9 1 24 4
9 1 24 6
9 3 24 6
9 4 24 6
9 8 24 12
9 8 24 14
9 9 24 12
9 9 24 14
9 10 24 12
9 10 24 14
9 12 24 14
10 1 13 6
10 1 13 7
10 1 13 8
10 1 13 9
10 1 13 10
10 2 13 6
10 2 13 7
10 2 13 8
10 2 13 9
10 2 13 10
10 3 13 6
10 3 13 7
10 3 13 8
10 3 13 9
10 3 13 10
10 4 13 6
10 4 13 7
10 4 13 8
10 4 13 9
10 4 13 10
10 1 15 6
10 1 15 7
10 1 15 8
10 1 15 9
10 1 15 10
10 2 15 6
10 2 15 7
10 2 15 8
10 2 15 9
10 2 15 10
10 3 15 6
10 3 15 7
10 3 15 8
10 3 15 9
10 3 15 10
10 4 15 6
10 4 15 7
10 4 15 8
10 4 15 9
10 4 15 10
10 1 17 3
10 1 17 4
10 1 17 6
10 3 17 6
10 4 17 6
10 1 18 3
10 1 18 4
10 1 18 6
10 3 18 6
10 4 18 6
10 1 19 3
10 1 19 4
10 1 19 6
10 3 19 6
10 4 19 6
10 1 20 3
10 1 20 4
10 1 20 6
10 1 20 8
10 1 20 9
10 1 20 10
10 1 20 12
10 1 20 13
10 1 20 14
10 3 20 6
10 3 20 8
10 3 20 9
10 3 20 10
10 3 20 12
10 3 20 13
10 3 20 14
10 4 20 6
10 4 20 8
10 4 20 9
10 4 20 10
10 4 20 12
10 4 20 13
10 4 20 14
10 6 20 8
10 6 20 9
10 6 20 10
10 6 20 12
10 6 20 13
10 6 20 14
10 8 20 12
10 8 20 13
10 8 20 14
10 9 20 12
10 9 20 13
10 9 20 14
10 10 20 12
10 10 20 13
10 10 20 14
10 1 21 3
10 1 21 4
10 1 21 6
10 1 21 8
10 1 21 9
10 1 21 10
10 1 21 12
10 1 21 13
10 1 21 14
10 3 21 6
10 3 21 8
10 3 21 9
10 3 21 10
10 3 21 12
10 3 21 13
10 3 21 14
10 4 21 6
10 4 21 8
10 4 21 9
10 4 21 10
10 4 21 12
10 4 21 13
10 4 21 14
10 6 21 8
10 6 21 9
10 6 21 10
10 6 21 12
10 6 21 13
10 6 21 14
10 8 21 12
10 8 21 13
10 8 21 14
10 9 21 12
10 9 21 13
10 9 21 14
10 10 21 12
10 10 21 13
10 10 21 14
10 1 22 3
10 1 22 4
10 1 22 6
10 1 22 8
10 1 22 9
10 1 22 10
10 3 22 6
10 3 22 8
10 3 22 9
10 3 22 10
10 4 22 6
10 4 22 8
10 4 22 9
10 4 22 10
10 6 22 8
10 6 22 9
10 6 22 10
10 1 23 3
10 1 23 4
10 1 23 6
10 3 23 6
10 4 23 6
10 8 23 12
10 9 23 12
10 10 23 12
10 1 24 3
10 1 24 4
10 1 24 6
10 1 24 8
10 1 24 9
10 1 24 10
10 1 24 12
10 1 24 14
10 3 24 6
10 3 24 8
10 3 24 9
10 3 24 10
10 3 24 12
10 3 24 14
10 4 24 6
10 4 24 8
10 4 24 9
10 4 24 10
10 4 24 12
10 4 24 14
10 6 24 8
10 6 24 9
10 6 24 10
10 6 24 12
10 6 24 14
10 8 24 12
10 8 24 14
10 9 24 12
10 9 24 14
10 10 24 12
10 10 24 14
10 12 24 14
11 1 13 6
11 1 13 7
11 1 13 8
11 1 13 9
11 1 13 10
11 2 13 6
11 2 13 7
11 2 13 8
11 2 13 9
11 2 13 10
11 3 13 6
11 3 13 7
11 3 13 8
11 3 13 9
11 3 13 10
11 4 13 6
11 4 13 7
11 4 13 8
11 4 13 9
11 4 13 10
11 1 15 6
11 1 15 7
11 1 15 8
11 1 15 9
11 1 15 10
11 2 15 6
11 2 15 7
11 2 15 8
11 2 15 9
11 2 15 10
11 3 15 6
11 3 15 7
11 3 15 8
11 3 15 9
11 3 15 10
11 4 15 6
11 4 15 7
11 4 15 8
11 4 15 9
11 4 15 10
11 1 17 3
11 1 17 4
11 1 17 6
11 3 17 6
11 4 17 6
11 1 18 3
11 1 18 4
11 1 18 6
11 3 18 6
11 4 18 6
11 1 19 3
11 1 19 4
11 1 19 6
11 3 19 6
11 4 19 6
11 1 20 3
11 1 20 4
11 1 20 6
11 1 20 8
11 1 20 9
11 1 20 10
11 3 20 6
11 3 20 8
11 3 20 9
11 3 20 10
11 4 20 6
11 4 20 8
11 4 20 9
11 4 20 10
11 6 20 8
11 6 20 9
11 6 20 10
11 1 21 3
11 1 21 4
11 1 21 6
11 1 21 8
11 1 21 9
11 1 21 10
11 3 21 6
11 3 21 8
11 3 21 9
11 3 21 10
11 4 21 6
11 4 21 8
11 4 21 9
11 4 21 10
11 6 21 8
11 6 21 9
11 6 21 10
11 1 22 3
11 1 22 4
11 1 22 6
11 1 22 8
11 1 22 9
11 1 22 10
11 3 22 6
11 3 22 8
11 3 22 9
11 3 22 10
11 4 22 6
11 4 22 8
11 4 22 9
11 4 22 10
11 6 22 8
11 6 22 9
11 6 22 10
11 1 23 3
11 1 23 4
11 1 23 6
11 3 23 6
11 4 23 6
11 1 24 3
11 1 24 4
11 1 24 6
11 1 24 8
11 1 24 9
11 1 24 10
11 3 24 6
11 3 24 8
11 3 24 9
11 3 24 10
11 4 24 6
11 4 24 8
11 4 24 9
11 4 24 10
11 6 24 8
11 6 24 9
11 6 24 10
11 12 24 14
12 1 17 3
12 1 17 4
12 1 18 3
12 1 18 4
12 1 19 3
12 1 19 4
12 1 20 3
12 1 20 4
12 6 20 8
12 6 20 9
12 6 20 10
12 1 21 3
12 1 21 4
12 6 21 8
12 6 21 9
12 6 21 10
12 1 22 3
12 1 22 4
12 6 22 8
12 6 22 9
12 6 22 10
12 1 23 3
12 1 23 4
12 1 24 3
12 1 24 4
12 6 24 8
12 6 24 9
12 6 24 10
12 12 24 14
13 1 15 6
13 1 15 7
13 1 15 8
13 1 15 9
13 1 15 10
13 2 15 6
13 2 15 7
13 2 15 8
13 2 15 9
13 2 15 10
13 3 15 6
13 3 15 7
13 3 15 8
13 3 15 9
13 3 15 10
13 4 15 6
13 4 15 7
13 4 15 8
13 4 15 9
13 4 15 10
13 1 17 3
13 1 17 4
13 1 17 6
13 3 17 6
13 4 17 6
13 1 18 3
13 1 18 4
13 1 18 6
13 3 18 6
13 4 18 6
13 1 19 3
13 1 19 4
13 1 19 6
13 3 19 6
13 4 19 6
13 1 20 3
13 1 20 4
13 1 20 6
13 1 20 8
13 1 20 9
13 1 20 10
13 3 20 6
13 3 20 8
13 3 20 9
13 3 20 10
13 4 20 6
13 4 20 8
13 4 20 9
13 4 20 10
13 6 20 8
13 6 20 9
13 6 20 10
13 1 21 3
13 1 21 4
13 1 21 6
13 1 21 8
13 1 21 9
13 1 21 10
13 3 21 6
13 3 21 8
13 3 21 9
13 3 21 10
13 4 21 6
13 4 21 8
13 4 21 9
13 4 21 10
13 6 21 8
13 6 21 9
13 6 21 10
13 1 22 3
13 1 22 4
13 1 22 6
13 1 22 8
13 1 22 9
13 1 22 10
13 3 22 6
13 3 22 8
13 3 22 9
13 3 22 10
13 4 22 6
13 4 22 8
13 4 22 9
13 4 22 10
13 6 22 8
13 6 22 9
13 6 22 10
13 1 23 3
13 1 23 4
13 1 23 6
13 3 23 6
13 4 23 6
13 1 24 3
13 1 24 4
13 1 24 6
13 1 24 8
13 1 24 9
13 1 24 10
13 3 24 6
13 3 24 8
13 3 24 9
13 3 24 10
13 4 24 6
13 4 24 8
13 4 24 9
13 4 24 10
13 6 24 8
13 6 24 9
13 6 24 10
13 12 24 14
14 1 17 3
14 1 17 4
14 1 18 3
14 1 18 4
14 1 19 3
14 1 19 4
14 1 20 3
14 1 20 4
14 6 20 8
14 6 20 9
14 6 20 10
14 1 21 3
14 1 21 4
14 6 21 8
14 6 21 9
14 6 21 10
14 1 22 3
14 1 22 4
14 6 22 8
14 6 22 9
14 6 22 10
14 1 23 3
14 1 23 4
14 1 24 3
14 1 24 4
14 6 24 8
14 6 24 9
14 6 24 10
14 12 24 14
15 1 17 3
15 1 17 4
15 1 17 6
15 3 17 6
15 4 17 6
15 1 18 3
15 1 18 4
15 1 18 6
15 3 18 6
15 4 18 6
15 1 19 3
15 1 19 4
15 1 19 6
15 3 19 6
15 4 19 6
15 1 20 3
15 1 20 4
15 1 20 6
15 1 20 8
15 1 20 9
15 1 20 10
15 3 20 6
15 3 20 8
15 3 20 9
15 3 20 10
15 4 20 6
15 4 20 8
15 4 20 9
15 4 20 10
15 6 20 8
15 6 20 9
15 6 20 10
15 1 21 3
15 1 21 4
15 1 21 6
15 1 21 8
15 1 21 9
15 1 21 10
15 3 21 6
15 3 21 8
15 3 21 9
15 3 21 10
15 4 21 6
15 4 21 8
15 4 21 9
15 4 21 10
15 6 21 8
15 6 21 9
15 6 21 10
15 1 22 3
15 1 22 4
15 1 22 6
15 1 22 8
15 1 22 9
15 1 22 10
15 3 22 6
15 3 22 8
15 3 22 9
15 3 22 10
15 4 22 6
15 4 22 8
15 4 22 9
15 4 22 10
15 6 22 8
15 6 22 9
15 6 22 10
15 1 23 3
15 1 23 4
15 1 23 6
15 3 23 6
15 4 23 6
15 1 24 3
15 1 24 4
15 1 24 6
15 1 24 8
15 1 24 9
15 1 24 10
15 3 24 6
15 3 24 8
15 3 24 9
15 3 24 10
15 4 24 6
15 4 24 8
15 4 24 9
15 4 24 10
15 6 24 8
15 6 24 9
15 6 24 10
15 12 24 14
16 6 20 8
16 6 20 9
16 6 20 10
16 6 21 8
16 6 21 9
16 6 21 10
16 6 22 8
16 6 22 9
16 6 22 10
16 6 24 8
16 6 24 9
16 6 24 10
16 12 24 14
17 12 24 14
18 12 24 14
19 12 24 14
20 8 23 12
20 9 23 12
20 10 23 12
20 1 24 8
20 1 24 9
20 1 24 10
20 1 24 12
20 1 24 14
20 2 24 8
20 2 24 9
20 2 24 10
20 2 24 12
20 2 24 14
20 3 24 8
20 3 24 9
20 3 24 10
20 3 24 12
20 3 24 14
20 4 24 8
20 4 24 9
20 4 24 10
20 4 24 12
20 4 24 14
20 5 24 8
20 5 24 9
20 5 24 10
20 5 24 12
20 5 24 14
20 6 24 8
20 6 24 9
20 6 24 10
20 6 24 12
20 6 24 14
20 8 24 12
20 8 24 14
20 9 24 12
20 9 24 14
20 10 24 12
20 10 24 14
20 12 24 14
21 8 23 12
21 9 23 12
21 10 23 12
21 1 24 8
21 1 24 9
21 1 24 10
21 1 24 12
21 1 24 14
21 2 24 8
21 2 24 9
21 2 24 10
21 2 24 12
21 2 24 14
21 3 24 8
21 3 24 9
21 3 24 10
21 3 24 12
21 3 24 14
21 4 24 8
21 4 24 9
21 4 24 10
21 4 24 12
21 4 24 14
21 5 24 8
21 5 24 9
21 5 24 10
21 5 24 12
21 5 24 14
21 6 24 8
21 6 24 9
21 6 24 10
21 6 24 12
21 6 24 14
21 8 24 12
21 8 24 14
21 9 24 12
21 9 24 14
21 10 24 12
21 10 24 14
21 12 24 14
22 1 24 8
22 1 24 9
22 1 24 10
22 2 24 8
22 2 24 9
22 2 24 10
22 3 24 8
22 3 24 9
22 3 24 10
22 4 24 8
22 4 24 9
22 4 24 10
22 5 24 8
22 5 24 9
22 5 24 10
22 6 24 8
22 6 24 9
22 6 24 10
