21 20
00000000000000000000
01111111111111111000
01010111111000001000
01010100101000001000
01011111111111111000
01000100101000000000
11111111111100000000
11000100101100000000
11111111111111100000
10000100101100100000
10000100101100100000
11111111111100100000
00000100101000100000
00000100111111100000
00000100001000000000
00000100001000000000
00000100001000000000
00000100001000000000
00000100001000000000
00000111111000000000
00000000000000000000
91
2 4 5 6
2 4 5 9
2 4 5 11
2 4 5 17
2 6 5 9
2 6 5 11
2 6 5 17
2 9 5 11
2 9 5 17
2 11 5 17
2 2 7 6
2 2 7 9
2 2 7 11
2 6 7 9
2 6 7 11
2 9 7 11
2 2 9 6
2 2 9 9
2 2 9 11
2 6 9 9
2 6 9 11
2 9 9 11
2 6 12 9
2 6 12 11
2 9 12 11
2 9 14 11
2 6 20 11
3 6 5 9
3 6 5 11
3 9 5 11
3 6 7 9
3 6 7 11
3 9 7 11
3 6 9 9
3 6 9 11
3 9 9 11
3 6 12 9
3 6 12 11
3 9 12 11
3 9 14 11
3 6 20 11
5 6 7 9
5 6 7 11
5 9 7 11
5 6 9 9
5 6 9 11
5 9 9 11
5 6 12 9
5 6 12 11
5 9 12 11
5 9 14 11
5 6 20 11
7 1 9 6
7 1 9 9
7 1 9 11
7 1 9 12
7 2 9 6
7 2 9 9
7 2 9 11
7 2 9 12
7 6 9 9
7 6 9 11
7 6 9 12
7 9 9 11
7 9 9 12
7 1 12 6
7 1 12 9
7 1 12 11
7 1 12 12
7 6 12 9
7 6 12 11
7 6 12 12
7 9 12 11
7 9 12 12
7 9 14 11
7 6 20 11
9 1 12 6
9 1 12 9
9 1 12 11
9 1 12 12
9 6 12 9
9 6 12 11
9 6 12 12
9 9 12 11
9 9 12 12
9 9 14 11
9 9 14 15
9 11 14 15
9 6 20 11
12 9 14 11
12 6 20 11
