19 19
0000000000000000000
0000000000011111110
0001111111111111110
0001100000010010110
0001100000010010110
0001100000010010110
0001100000010010110
0001111111111110110
0000100001111110110
0000111111111111110
0000000001011100010
0000000001111111010
0000000001111101010
0000000001111111010
0000000001111100010
0111111111110000010
0100000000111111110
0100000000100000000
0111111111100000000
76
2 12 8 15
2 12 9 15
2 12 10 15
2 12 10 17
2 12 10 18
2 15 10 17
2 15 10 18
2 12 17 18
3 4 8 12
3 4 8 15
3 5 8 12
3 5 8 15
3 12 8 15
3 12 9 15
3 5 10 12
3 5 10 15
3 5 10 17
3 5 10 18
3 12 10 15
3 12 10 17
3 12 10 18
3 15 10 17
3 15 10 18
3 12 17 18
8 5 10 10
8 5 10 11
8 5 10 12
8 5 10 13
8 5 10 14
8 5 10 15
8 10 12 12
8 10 12 13
8 10 12 14
8 10 13 12
8 10 13 13
8 10 13 14
8 10 14 12
8 10 14 13
8 10 14 14
8 10 15 12
8 10 15 13
8 10 15 14
8 10 16 12
9 10 12 12
9 10 12 13
9 10 12 14
9 10 13 12
9 10 13 13
9 10 13 14
9 10 14 12
9 10 14 13
9 10 14 14
9 10 15 12
9 10 15 13
9 10 15 14
9 10 16 12
10 10 12 12
10 10 12 13
10 10 12 14
10 10 13 12
10 10 13 13
10 10 13 14
10 10 14 12
10 10 14 13
10 10 14 14
10 10 15 12
10 10 15 13
10 10 15 14
10 10 16 12
10 12 17 18
12 10 14 16
12 11 14 16
12 12 14 16
12 13 14 16
12 14 14 16
16 2 19 11
