21 21
011111111111111100000
010001000000000100000
010001000000000100000
010001000000000100000
010001000000000100000
010001000000000100000
010111100000000100000
010101100000000100000
010101100000000100000
010101101111111110000
010101101000010110000
011111111111111110000
011101101111111110000
011101100000010110000
011101100000011110000
011101100000000110000
011111111111111110000
011001000000000010000
011111111111111110000
010001000000000000000
011111000000000000000
57
1 2 12 6
1 2 12 16
1 6 12 16
1 2 17 6
1 2 17 16
1 6 17 16
1 2 19 6
1 2 21 6
7 4 12 6
7 4 12 7
7 4 17 6
7 4 17 7
10 9 12 14
10 9 12 16
10 9 12 17
10 14 12 16
10 14 12 17
10 9 13 14
10 9 13 16
10 9 13 17
10 14 13 16
10 14 13 17
10 14 15 16
10 14 15 17
12 14 15 16
12 14 15 17
12 2 17 6
12 2 17 7
12 2 17 16
12 2 17 17
12 3 17 6
12 3 17 7
12 3 17 16
12 3 17 17
12 4 17 6
12 4 17 7
12 4 17 16
12 4 17 17
12 6 17 16
12 6 17 17
12 7 17 16
12 7 17 17
12 2 19 6
12 2 19 17
12 3 19 6
12 3 19 17
12 6 19 17
12 2 21 6
13 14 15 16
13 14 15 17
17 2 19 6
17 2 19 17
17 3 19 6
17 3 19 17
17 6 19 17
17 2 21 6
19 2 21 6
