14 10
0111111100
0110100100
1111110100
1111111111
1111111111
1110111111
1111111111
1111111111
1111111111
1111111111
1111111111
1111111111
1111100000
0111100000
314
1 2 3 5
1 3 3 5
1 2 4 5
1 2 4 8
1 3 4 5
1 3 4 8
1 5 4 8
1 2 5 5
1 2 5 8
1 3 5 5
1 3 5 8
1 5 5 8
1 5 6 8
1 2 7 5
1 2 7 8
1 3 7 5
1 3 7 8
1 5 7 8
1 2 8 5
1 2 8 8
1 3 8 5
1 3 8 8
1 5 8 8
1 2 9 5
1 2 9 8
1 3 9 5
1 3 9 8
1 5 9 8
1 2 10 5
1 2 10 8
1 3 10 5
1 3 10 8
1 5 10 8
1 2 11 5
1 2 11 8
1 3 11 5
1 3 11 8
1 5 11 8
1 2 12 5
1 2 12 8
1 3 12 5
1 3 12 8
1 5 12 8
1 2 13 5
1 3 13 5
1 2 14 5
1 3 14 5
3 1 7 5
3 1 7 6
3 2 7 5
3 2 7 6
3 3 7 5
3 3 7 6
3 1 8 5
3 1 8 6
3 2 8 5
3 2 8 6
3 3 8 5
3 3 8 6
3 1 9 5
3 1 9 6
3 2 9 5
3 2 9 6
3 3 9 5
3 3 9 6
3 1 10 5
3 1 10 6
3 2 10 5
3 2 10 6
3 3 10 5
3 3 10 6
3 1 11 5
3 1 11 6
3 2 11 5
3 2 11 6
3 3 11 5
3 3 11 6
3 1 12 5
3 1 12 6
3 2 12 5
3 2 12 6
3 3 12 5
3 3 12 6
3 1 13 5
3 2 13 5
3 3 13 5
3 2 14 5
3 3 14 5
4 1 7 5
4 1 7 6
4 1 7 7
4 1 7 8
4 1 7 9
4 1 7 10
4 2 7 5
4 2 7 6
4 2 7 7
4 2 7 8
4 2 7 9
4 2 7 10
4 3 7 5
4 3 7 6
4 3 7 7
4 3 7 8
4 3 7 9
4 3 7 10
4 1 8 5
4 1 8 6
4 1 8 7
4 1 8 8
4 1 8 9
4 1 8 10
4 2 8 5
4 2 8 6
4 2 8 7
4 2 8 8
4 2 8 9
4 2 8 10
4 3 8 5
4 3 8 6
4 3 8 7
4 3 8 8
4 3 8 9
4 3 8 10
4 1 9 5
4 1 9 6
4 1 9 7
4 1 9 8
4 1 9 9
4 1 9 10
4 2 9 5
4 2 9 6
4 2 9 7
4 2 9 8
4 2 9 9
4 2 9 10
4 3 9 5
4 3 9 6
4 3 9 7
4 3 9 8
4 3 9 9
4 3 9 10
4 1 10 5
4 1 10 6
4 1 10 7
4 1 10 8
4 1 10 9
4 1 10 10
4 2 10 5
4 2 10 6
4 2 10 7
4 2 10 8
4 2 10 9
4 2 10 10
4 3 10 5
4 3 10 6
4 3 10 7
4 3 10 8
4 3 10 9
4 3 10 10
4 1 11 5
4 1 11 6
4 1 11 7
4 1 11 8
4 1 11 9
4 1 11 10
4 2 11 5
4 2 11 6
4 2 11 7
4 2 11 8
4 2 11 9
4 2 11 10
4 3 11 5
4 3 11 6
4 3 11 7
4 3 11 8
4 3 11 9
4 3 11 10
4 1 12 5
4 1 12 6
4 1 12 7
4 1 12 8
4 1 12 9
4 1 12 10
4 2 12 5
4 2 12 6
4 2 12 7
4 2 12 8
4 2 12 9
4 2 12 10
4 3 12 5
4 3 12 6
4 3 12 7
4 3 12 8
4 3 12 9
4 3 12 10
4 1 13 5
4 2 13 5
4 3 13 5
4 2 14 5
4 3 14 5
5 1 7 5
5 1 7 6
5 1 7 7
5 1 7 8
5 1 7 9
5 1 7 10
5 2 7 5
5 2 7 6
5 2 7 7
5 2 7 8
5 2 7 9
5 2 7 10
5 3 7 5
5 3 7 6
5 3 7 7
5 3 7 8
5 3 7 9
5 3 7 10
5 1 8 5
5 1 8 6
5 1 8 7
5 1 8 8
5 1 8 9
5 1 8 10
5 2 8 5
5 2 8 6
5 2 8 7
5 2 8 8
5 2 8 9
5 2 8 10
5 3 8 5
5 3 8 6
5 3 8 7
5 3 8 8
5 3 8 9
5 3 8 10
5 1 9 5
5 1 9 6
5 1 9 7
5 1 9 8
5 1 9 9
5 1 9 10
5 2 9 5
5 2 9 6
5 2 9 7
5 2 9 8
5 2 9 9
5 2 9 10
5 3 9 5
5 3 9 6
5 3 9 7
5 3 9 8
5 3 9 9
5 3 9 10
5 1 10 5
5 1 10 6
5 1 10 7
5 1 10 8
5 1 10 9
5 1 10 10
5 2 10 5
5 2 10 6
5 2 10 7
5 2 10 8
5 2 10 9
5 2 10 10
5 3 10 5
5 3 10 6
5 3 10 7
5 3 10 8
5 3 10 9
5 3 10 10
5 1 11 5
5 1 11 6
5 1 11 7
5 1 11 8
5 1 11 9
5 1 11 10
5 2 11 5
5 2 11 6
5 2 11 7
5 2 11 8
5 2 11 9
5 2 11 10
5 3 11 5
5 3 11 6
5 3 11 7
5 3 11 8
5 3 11 9
5 3 11 10
5 1 12 5
5 1 12 6
5 1 12 7
5 1 12 8
5 1 12 9
5 1 12 10
5 2 12 5
5 2 12 6
5 2 12 7
5 2 12 8
5 2 12 9
5 2 12 10
5 3 12 5
5 3 12 6
5 3 12 7
5 3 12 8
5 3 12 9
5 3 12 10
5 1 13 5
5 2 13 5
5 3 13 5
5 2 14 5
5 3 14 5
