24 13
0011111000000
0010001111110
0010001100010
1111111100010
1111111111110
1011111111110
1011101111110
1111101100110
1111101100110
1111111111110
1111111101110
1111111111110
1111111111110
1111111111110
1111011111110
1111011111110
1111111111110
1111111111110
1010001101110
1111111111110
0010001111110
0010001101000
0010001101000
0011111111000
1020
1 3 4 7
1 3 5 7
1 3 6 7
1 3 10 7
1 3 11 7
1 3 12 7
1 3 13 7
1 3 14 7
1 3 17 7
1 3 18 7
1 3 20 7
1 3 24 7
2 7 5 12
2 8 5 12
2 7 6 12
2 8 6 12
2 7 7 12
2 8 7 12
2 7 10 12
2 8 10 12
2 7 12 12
2 8 12 12
2 7 13 12
2 8 13 12
2 7 14 12
2 8 14 12
2 7 15 12
2 8 15 12
2 7 16 12
2 8 16 12
2 7 17 12
2 8 17 12
2 7 18 12
2 8 18 12
2 7 20 12
2 8 20 12
2 7 21 12
2 8 21 12
4 1 8 3
4 1 8 4
4 1 8 5
4 1 9 3
4 1 9 4
4 1 9 5
4 1 10 3
4 1 10 4
4 1 10 5
4 1 10 7
4 1 10 8
4 3 10 7
4 3 10 8
4 4 10 7
4 4 10 8
4 5 10 7
4 5 10 8
4 1 11 3
4 1 11 4
4 1 11 5
4 1 11 7
4 1 11 8
4 3 11 7
4 3 11 8
4 4 11 7
4 4 11 8
4 5 11 7
4 5 11 8
4 1 12 3
4 1 12 4
4 1 12 5
4 1 12 7
4 1 12 8
4 3 12 7
4 3 12 8
4 4 12 7
4 4 12 8
4 5 12 7
4 5 12 8
4 1 13 3
4 1 13 4
4 1 13 5
4 1 13 7
4 1 13 8
4 3 13 7
4 3 13 8
4 4 13 7
4 4 13 8
4 5 13 7
4 5 13 8
4 1 14 3
4 1 14 4
4 1 14 5
4 1 14 7
4 1 14 8
4 3 14 7
4 3 14 8
4 4 14 7
4 4 14 8
4 5 14 7
4 5 14 8
4 1 15 3
4 1 15 4
4 1 16 3
4 1 16 4
4 1 17 3
4 1 17 4
4 1 17 7
4 1 17 8
4 3 17 7
4 3 17 8
4 4 17 7
4 4 17 8
4 1 18 3
4 1 18 4
4 1 18 7
4 1 18 8
4 3 18 7
4 3 18 8
4 4 18 7
4 4 18 8
4 1 20 3
4 1 20 7
4 1 20 8
4 3 20 7
4 3 20 8
4 3 24 7
4 3 24 8
5 1 8 3
5 1 8 4
5 1 8 5
5 1 9 3
5 1 9 4
5 1 9 5
5 1 10 3
5 1 10 4
5 1 10 5
5 1 10 7
5 1 10 8
5 1 10 11
5 1 10 12
5 3 10 7
5 3 10 8
5 3 10 11
5 3 10 12
5 4 10 7
5 4 10 8
5 4 10 11
5 4 10 12
5 5 10 7
5 5 10 8
5 5 10 11
5 5 10 12
5 7 10 11
5 7 10 12
5 8 10 11
5 8 10 12
5 1 11 3
5 1 11 4
5 1 11 5
5 1 11 7
5 1 11 8
5 3 11 7
5 3 11 8
5 4 11 7
5 4 11 8
5 5 11 7
5 5 11 8
5 1 12 3
5 1 12 4
5 1 12 5
5 1 12 7
5 1 12 8
5 1 12 11
5 1 12 12
5 3 12 7
5 3 12 8
5 3 12 11
5 3 12 12
5 4 12 7
5 4 12 8
5 4 12 11
5 4 12 12
5 5 12 7
5 5 12 8
5 5 12 11
5 5 12 12
5 7 12 11
5 7 12 12
5 8 12 11
5 8 12 12
5 1 13 3
5 1 13 4
5 1 13 5
5 1 13 7
5 1 13 8
5 1 13 11
5 1 13 12
5 3 13 7
5 3 13 8
5 3 13 11
5 3 13 12
5 4 13 7
5 4 13 8
5 4 13 11
5 4 13 12
5 5 13 7
5 5 13 8
5 5 13 11
5 5 13 12
5 7 13 11
5 7 13 12
5 8 13 11
5 8 13 12
5 1 14 3
5 1 14 4
5 1 14 5
5 1 14 7
5 1 14 8
5 1 14 11
5 1 14 12
5 3 14 7
5 3 14 8
5 3 14 11
5 3 14 12
5 4 14 7
5 4 14 8
5 4 14 11
5 4 14 12
5 5 14 7
5 5 14 8
5 5 14 11
5 5 14 12
5 7 14 11
5 7 14 12
5 8 14 11
5 8 14 12
5 1 15 3
5 1 15 4
5 7 15 11
5 7 15 12
5 8 15 11
5 8 15 12
5 1 16 3
5 1 16 4
5 7 16 11
5 7 16 12
5 8 16 11
5 8 16 12
5 1 17 3
5 1 17 4
5 1 17 7
5 1 17 8
5 1 17 11
5 1 17 12
5 3 17 7
5 3 17 8
5 3 17 11
5 3 17 12
5 4 17 7
5 4 17 8
5 4 17 11
5 4 17 12
5 7 17 11
5 7 17 12
5 8 17 11
5 8 17 12
5 1 18 3
5 1 18 4
5 1 18 7
5 1 18 8
5 1 18 11
5 1 18 12
5 3 18 7
5 3 18 8
5 3 18 11
5 3 18 12
5 4 18 7
5 4 18 8
5 4 18 11
5 4 18 12
5 7 18 11
5 7 18 12
5 8 18 11
5 8 18 12
5 1 20 3
5 1 20 7
5 1 20 8
5 1 20 11
5 1 20 12
5 3 20 7
5 3 20 8
5 3 20 11
5 3 20 12
5 7 20 11
5 7 20 12
5 8 20 11
5 8 20 12
5 7 21 11
5 7 21 12
5 8 21 11
5 8 21 12
5 3 24 7
5 3 24 8
6 3 10 7
6 3 10 8
6 3 10 11
6 3 10 12
6 4 10 7
6 4 10 8
6 4 10 11
6 4 10 12
6 5 10 7
6 5 10 8
6 5 10 11
6 5 10 12
6 7 10 11
6 7 10 12
6 8 10 11
6 8 10 12
6 3 11 7
6 3 11 8
6 4 11 7
6 4 11 8
6 5 11 7
6 5 11 8
6 3 12 7
6 3 12 8
6 3 12 11
6 3 12 12
6 4 12 7
6 4 12 8
6 4 12 11
6 4 12 12
6 5 12 7
6 5 12 8
6 5 12 11
6 5 12 12
6 7 12 11
6 7 12 12
6 8 12 11
6 8 12 12
6 3 13 7
6 3 13 8
6 3 13 11
6 3 13 12
6 4 13 7
6 4 13 8
6 4 13 11
6 4 13 12
6 5 13 7
6 5 13 8
6 5 13 11
6 5 13 12
6 7 13 11
6 7 13 12
6 8 13 11
6 8 13 12
6 3 14 7
6 3 14 8
6 3 14 11
6 3 14 12
6 4 14 7
6 4 14 8
6 4 14 11
6 4 14 12
6 5 14 7
6 5 14 8
6 5 14 11
6 5 14 12
6 7 14 11
6 7 14 12
6 8 14 11
6 8 14 12
6 7 15 11
6 7 15 12
6 8 15 11
6 8 15 12
6 7 16 11
6 7 16 12
6 8 16 11
6 8 16 12
6 3 17 7
6 3 17 8
6 3 17 11
6 3 17 12
6 4 17 7
6 4 17 8
6 4 17 11
6 4 17 12
6 7 17 11
6 7 17 12
6 8 17 11
6 8 17 12
6 3 18 7
6 3 18 8
6 3 18 11
6 3 18 12
6 4 18 7
6 4 18 8
6 4 18 11
6 4 18 12
6 7 18 11
6 7 18 12
6 8 18 11
6 8 18 12
6 3 20 7
6 3 20 8
6 3 20 11
6 3 20 12
6 7 20 11
6 7 20 12
6 8 20 11
6 8 20 12
6 7 21 11
6 7 21 12
6 8 21 11
6 8 21 12
6 3 24 7
6 3 24 8
7 7 10 11
7 7 10 12
7 8 10 11
7 8 10 12
7 7 12 11
7 7 12 12
7 8 12 11
7 8 12 12
7 7 13 11
7 7 13 12
7 8 13 11
7 8 13 12
7 7 14 11
7 7 14 12
7 8 14 11
7 8 14 12
7 7 15 11
7 7 15 12
7 8 15 11
7 8 15 12
7 7 16 11
7 7 16 12
7 8 16 11
7 8 16 12
7 7 17 11
7 7 17 12
7 8 17 11
7 8 17 12
7 7 18 11
7 7 18 12
7 8 18 11
7 8 18 12
7 7 20 11
7 7 20 12
7 8 20 11
7 8 20 12
7 7 21 11
7 7 21 12
7 8 21 11
7 8 21 12
8 1 20 3
9 1 20 3
10 1 12 10
10 1 12 11
10 1 12 12
10 2 12 10
10 2 12 11
10 2 12 12
10 3 12 10
10 3 12 11
10 3 12 12
10 4 12 10
10 4 12 11
10 4 12 12
10 5 12 10
10 5 12 11
10 5 12 12
10 6 12 10
10 6 12 11
10 6 12 12
10 7 12 10
10 7 12 11
10 7 12 12
10 8 12 10
10 8 12 11
10 8 12 12
10 1 13 10
10 1 13 11
10 1 13 12
10 2 13 10
10 2 13 11
10 2 13 12
10 3 13 10
10 3 13 11
10 3 13 12
10 4 13 10
10 4 13 11
10 4 13 12
10 5 13 10
10 5 13 11
10 5 13 12
10 6 13 10
10 6 13 11
10 6 13 12
10 7 13 10
10 7 13 11
10 7 13 12
10 8 13 10
10 8 13 11
10 8 13 12
10 1 14 10
10 1 14 11
10 1 14 12
10 2 14 10
10 2 14 11
10 2 14 12
10 3 14 10
10 3 14 11
10 3 14 12
10 4 14 10
10 4 14 11
10 4 14 12
10 5 14 10
10 5 14 11
10 5 14 12
10 6 14 10
10 6 14 11
10 6 14 12
10 7 14 10
10 7 14 11
10 7 14 12
10 8 14 10
10 8 14 11
10 8 14 12
10 6 15 10
10 6 15 11
10 6 15 12
10 7 15 10
10 7 15 11
10 7 15 12
10 8 15 10
10 8 15 11
10 8 15 12
10 6 16 10
10 6 16 11
10 6 16 12
10 7 16 10
10 7 16 11
10 7 16 12
10 8 16 10
10 8 16 11
10 8 16 12
10 1 17 6
10 1 17 7
10 1 17 8
10 1 17 10
10 1 17 11
10 1 17 12
10 2 17 6
10 2 17 7
10 2 17 8
10 2 17 10
10 2 17 11
10 2 17 12
10 3 17 6
10 3 17 7
10 3 17 8
10 3 17 10
10 3 17 11
10 3 17 12
10 4 17 6
10 4 17 7
10 4 17 8
10 4 17 10
10 4 17 11
10 4 17 12
10 6 17 10
10 6 17 11
10 6 17 12
10 7 17 10
10 7 17 11
10 7 17 12
10 8 17 10
10 8 17 11
10 8 17 12
10 1 18 6
10 1 18 7
10 1 18 8
10 1 18 10
10 1 18 11
10 1 18 12
10 2 18 6
10 2 18 7
10 2 18 8
10 2 18 10
10 2 18 11
10 2 18 12
10 3 18 6
10 3 18 7
10 3 18 8
10 3 18 10
10 3 18 11
10 3 18 12
10 4 18 6
10 4 18 7
10 4 18 8
10 4 18 10
10 4 18 11
10 4 18 12
10 6 18 10
10 6 18 11
10 6 18 12
10 7 18 10
10 7 18 11
10 7 18 12
10 8 18 10
10 8 18 11
10 8 18 12
10 1 20 3
10 1 20 7
10 1 20 8
10 1 20 10
10 1 20 11
10 1 20 12
10 3 20 7
10 3 20 8
10 3 20 10
10 3 20 11
10 3 20 12
10 7 20 10
10 7 20 11
10 7 20 12
10 8 20 10
10 8 20 11
10 8 20 12
10 7 21 10
10 7 21 11
10 7 21 12
10 8 21 10
10 8 21 11
10 8 21 12
10 3 24 7
10 3 24 8
10 3 24 10
10 7 24 10
10 8 24 10
11 1 17 6
11 1 17 7
11 1 17 8
11 2 17 6
11 2 17 7
11 2 17 8
11 3 17 6
11 3 17 7
11 3 17 8
11 4 17 6
11 4 17 7
11 4 17 8
11 1 18 6
11 1 18 7
11 1 18 8
11 2 18 6
11 2 18 7
11 2 18 8
11 3 18 6
11 3 18 7
11 3 18 8
11 4 18 6
11 4 18 7
11 4 18 8
11 1 20 3
11 1 20 7
11 1 20 8
11 3 20 7
11 3 20 8
11 3 24 7
11 3 24 8
12 1 17 6
12 1 17 7
12 1 17 8
12 1 17 9
12 1 17 10
12 1 17 11
12 1 17 12
12 2 17 6
12 2 17 7
12 2 17 8
12 2 17 9
12 2 17 10
12 2 17 11
12 2 17 12
12 3 17 6
12 3 17 7
12 3 17 8
12 3 17 9
12 3 17 10
12 3 17 11
12 3 17 12
12 4 17 6
12 4 17 7
12 4 17 8
12 4 17 9
12 4 17 10
12 4 17 11
12 4 17 12
12 1 18 6
12 1 18 7
12 1 18 8
12 1 18 9
12 1 18 10
12 1 18 11
12 1 18 12
12 2 18 6
12 2 18 7
12 2 18 8
12 2 18 9
12 2 18 10
12 2 18 11
12 2 18 12
12 3 18 6
12 3 18 7
12 3 18 8
12 3 18 9
12 3 18 10
12 3 18 11
12 3 18 12
12 4 18 6
12 4 18 7
12 4 18 8
12 4 18 9
12 4 18 10
12 4 18 11
12 4 18 12
12 1 20 3
12 1 20 7
12 1 20 8
12 1 20 10
12 1 20 11
12 1 20 12
12 3 20 7
12 3 20 8
12 3 20 10
12 3 20 11
12 3 20 12
12 7 20 10
12 7 20 11
12 7 20 12
12 8 20 10
12 8 20 11
12 8 20 12
12 7 21 10
12 7 21 11
12 7 21 12
12 8 21 10
12 8 21 11
12 8 21 12
12 3 24 7
12 3 24 8
12 3 24 10
12 7 24 10
12 8 24 10
13 1 17 6
13 1 17 7
13 1 17 8
13 1 17 9
13 1 17 10
13 1 17 11
13 1 17 12
13 2 17 6
13 2 17 7
13 2 17 8
13 2 17 9
13 2 17 10
13 2 17 11
13 2 17 12
13 3 17 6
13 3 17 7
13 3 17 8
13 3 17 9
13 3 17 10
13 3 17 11
13 3 17 12
13 4 17 6
13 4 17 7
13 4 17 8
13 4 17 9
13 4 17 10
13 4 17 11
13 4 17 12
13 1 18 6
13 1 18 7
13 1 18 8
13 1 18 9
13 1 18 10
13 1 18 11
13 1 18 12
13 2 18 6
13 2 18 7
13 2 18 8
13 2 18 9
13 2 18 10
13 2 18 11
13 2 18 12
13 3 18 6
13 3 18 7
13 3 18 8
13 3 18 9
13 3 18 10
13 3 18 11
13 3 18 12
13 4 18 6
13 4 18 7
13 4 18 8
13 4 18 9
13 4 18 10
13 4 18 11
13 4 18 12
13 1 20 3
13 1 20 7
13 1 20 8
13 1 20 10
13 1 20 11
13 1 20 12
13 3 20 7
13 3 20 8
13 3 20 10
13 3 20 11
13 3 20 12
13 7 20 10
13 7 20 11
13 7 20 12
13 8 20 10
13 8 20 11
13 8 20 12
13 7 21 10
13 7 21 11
13 7 21 12
13 8 21 10
13 8 21 11
13 8 21 12
13 3 24 7
13 3 24 8
13 3 24 10
13 7 24 10
13 8 24 10
14 1 17 6
14 1 17 7
14 1 17 8
14 1 17 9
14 1 17 10
14 1 17 11
14 1 17 12
14 2 17 6
14 2 17 7
14 2 17 8
14 2 17 9
14 2 17 10
14 2 17 11
14 2 17 12
14 3 17 6
14 3 17 7
14 3 17 8
14 3 17 9
14 3 17 10
14 3 17 11
14 3 17 12
14 4 17 6
14 4 17 7
14 4 17 8
14 4 17 9
14 4 17 10
14 4 17 11
14 4 17 12
14 1 18 6
14 1 18 7
14 1 18 8
14 1 18 9
14 1 18 10
14 1 18 11
14 1 18 12
14 2 18 6
14 2 18 7
14 2 18 8
14 2 18 9
14 2 18 10
14 2 18 11
14 2 18 12
14 3 18 6
14 3 18 7
14 3 18 8
14 3 18 9
14 3 18 10
14 3 18 11
14 3 18 12
14 4 18 6
14 4 18 7
14 4 18 8
14 4 18 9
14 4 18 10
14 4 18 11
14 4 18 12
14 1 20 3
14 1 20 7
14 1 20 8
14 1 20 10
14 1 20 11
14 1 20 12
14 3 20 7
14 3 20 8
14 3 20 10
14 3 20 11
14 3 20 12
14 7 20 10
14 7 20 11
14 7 20 12
14 8 20 10
14 8 20 11
14 8 20 12
14 7 21 10
14 7 21 11
14 7 21 12
14 8 21 10
14 8 21 11
14 8 21 12
14 3 24 7
14 3 24 8
14 3 24 10
14 7 24 10
14 8 24 10
15 1 20 3
15 7 20 10
15 7 20 11
15 7 20 12
15 8 20 10
15 8 20 11
15 8 20 12
15 7 21 10
15 7 21 11
15 7 21 12
15 8 21 10
15 8 21 11
15 8 21 12
15 7 24 10
15 8 24 10
16 1 20 3
16 7 20 10
16 7 20 11
16 7 20 12
16 8 20 10
16 8 20 11
16 8 20 12
16 7 21 10
16 7 21 11
16 7 21 12
16 8 21 10
16 8 21 11
16 8 21 12
16 7 24 10
16 8 24 10
17 1 20 3
17 1 20 7
17 1 20 8
17 1 20 10
17 1 20 11
17 1 20 12
17 3 20 7
17 3 20 8
17 3 20 10
17 3 20 11
17 3 20 12
17 7 20 10
17 7 20 11
17 7 20 12
17 8 20 10
17 8 20 11
17 8 20 12
17 7 21 10
17 7 21 11
17 7 21 12
17 8 21 10
17 8 21 11
17 8 21 12
17 3 24 7
17 3 24 8
17 3 24 10
17 7 24 10
17 8 24 10
18 1 20 3
18 1 20 7
18 1 20 8
18 1 20 10
18 1 20 11
18 1 20 12
18 3 20 7
18 3 20 8
18 3 20 10
18 3 20 11
18 3 20 12
18 7 20 10
18 7 20 11
18 7 20 12
18 8 20 10
18 8 20 11
18 8 20 12
18 7 21 10
18 7 21 11
18 7 21 12
18 8 21 10
18 8 21 11
18 8 21 12
18 3 24 7
18 3 24 8
18 3 24 10
18 7 24 10
18 8 24 10
20 3 24 7
20 3 24 8
20 3 24 10
20 7 24 10
20 8 24 10
21 7 24 10
21 8 24 10
