10 21
111111111111111111111
111111111111111111001
111111111110001001001
111111111111111111001
111111111111111111111
111111111111111111111
111111111111111111010
010100011111111111110
010100011111111111000
011111111111111110000
391
1 1 4 15
1 1 4 18
1 2 4 15
1 2 4 18
1 3 4 15
1 3 4 18
1 4 4 15
1 4 4 18
1 5 4 15
1 5 4 18
1 6 4 15
1 6 4 18
1 7 4 15
1 7 4 18
1 8 4 15
1 8 4 18
1 9 4 15
1 9 4 18
1 10 4 15
1 10 4 18
1 11 4 15
1 11 4 18
1 15 4 18
1 1 5 15
1 1 5 18
1 1 5 21
1 2 5 15
1 2 5 18
1 2 5 21
1 3 5 15
1 3 5 18
1 3 5 21
1 4 5 15
1 4 5 18
1 4 5 21
1 5 5 15
1 5 5 18
1 5 5 21
1 6 5 15
1 6 5 18
1 6 5 21
1 7 5 15
1 7 5 18
1 7 5 21
1 8 5 15
1 8 5 18
1 8 5 21
1 9 5 15
1 9 5 18
1 9 5 21
1 10 5 15
1 10 5 18
1 10 5 21
1 11 5 15
1 11 5 18
1 11 5 21
1 15 5 18
1 15 5 21
1 18 5 21
1 1 6 15
1 1 6 18
1 1 6 21
1 2 6 15
1 2 6 18
1 2 6 21
1 3 6 15
1 3 6 18
1 3 6 21
1 4 6 15
1 4 6 18
1 4 6 21
1 5 6 15
1 5 6 18
1 5 6 21
1 6 6 15
1 6 6 18
1 6 6 21
1 7 6 15
1 7 6 18
1 7 6 21
1 8 6 15
1 8 6 18
1 8 6 21
1 9 6 15
1 9 6 18
1 9 6 21
1 10 6 15
1 10 6 18
1 10 6 21
1 11 6 15
1 11 6 18
1 11 6 21
1 15 6 18
1 15 6 21
1 18 6 21
1 1 7 15
1 1 7 18
1 2 7 15
1 2 7 18
1 3 7 15
1 3 7 18
1 4 7 15
1 4 7 18
1 5 7 15
1 5 7 18
1 6 7 15
1 6 7 18
1 7 7 15
1 7 7 18
1 8 7 15
1 8 7 18
1 9 7 15
1 9 7 18
1 10 7 15
1 10 7 18
1 11 7 15
1 11 7 18
1 15 7 18
1 8 8 15
1 8 8 18
1 9 8 15
1 9 8 18
1 10 8 15
1 10 8 18
1 11 8 15
1 11 8 18
1 15 8 18
1 8 9 15
1 8 9 18
1 9 9 15
1 9 9 18
1 10 9 15
1 10 9 18
1 11 9 15
1 11 9 18
1 15 9 18
1 2 10 4
1 2 10 8
1 2 10 9
1 2 10 10
1 2 10 11
1 2 10 15
1 4 10 8
1 4 10 9
1 4 10 10
1 4 10 11
1 4 10 15
1 8 10 15
1 9 10 15
1 10 10 15
1 11 10 15
2 1 4 15
2 1 4 18
2 2 4 15
2 2 4 18
2 3 4 15
2 3 4 18
2 4 4 15
2 4 4 18
2 5 4 15
2 5 4 18
2 6 4 15
2 6 4 18
2 7 4 15
2 7 4 18
2 8 4 15
2 8 4 18
2 9 4 15
2 9 4 18
2 10 4 15
2 10 4 18
2 11 4 15
2 11 4 18
2 15 4 18
2 1 5 15
2 1 5 18
2 2 5 15
2 2 5 18
2 3 5 15
2 3 5 18
2 4 5 15
2 4 5 18
2 5 5 15
2 5 5 18
2 6 5 15
2 6 5 18
2 7 5 15
2 7 5 18
2 8 5 15
2 8 5 18
2 9 5 15
2 9 5 18
2 10 5 15
2 10 5 18
2 11 5 15
2 11 5 18
2 15 5 18
2 1 6 15
2 1 6 18
2 2 6 15
2 2 6 18
2 3 6 15
2 3 6 18
2 4 6 15
2 4 6 18
2 5 6 15
2 5 6 18
2 6 6 15
2 6 6 18
2 7 6 15
2 7 6 18
2 8 6 15
2 8 6 18
2 9 6 15
2 9 6 18
2 10 6 15
2 10 6 18
2 11 6 15
2 11 6 18
2 15 6 18
2 1 7 15
2 1 7 18
2 2 7 15
2 2 7 18
2 3 7 15
2 3 7 18
2 4 7 15
2 4 7 18
2 5 7 15
2 5 7 18
2 6 7 15
2 6 7 18
2 7 7 15
2 7 7 18
2 8 7 15
2 8 7 18
2 9 7 15
2 9 7 18
2 10 7 15
2 10 7 18
2 11 7 15
2 11 7 18
2 15 7 18
2 8 8 15
2 8 8 18
2 9 8 15
2 9 8 18
2 10 8 15
2 10 8 18
2 11 8 15
2 11 8 18
2 15 8 18
2 8 9 15
2 8 9 18
2 9 9 15
2 9 9 18
2 10 9 15
2 10 9 18
2 11 9 15
2 11 9 18
2 15 9 18
2 2 10 4
2 2 10 8
2 2 10 9
2 2 10 10
2 2 10 11
2 2 10 15
2 4 10 8
2 4 10 9
2 4 10 10
2 4 10 11
2 4 10 15
2 8 10 15
2 9 10 15
2 10 10 15
2 11 10 15
3 2 10 4
3 2 10 8
3 2 10 9
3 2 10 10
3 2 10 11
3 4 10 8
3 4 10 9
3 4 10 10
3 4 10 11
4 2 10 4
4 2 10 8
4 2 10 9
4 2 10 10
4 2 10 11
4 2 10 12
4 2 10 13
4 2 10 14
4 2 10 15
4 2 10 16
4 2 10 17
4 4 10 8
4 4 10 9
4 4 10 10
4 4 10 11
4 4 10 12
4 4 10 13
4 4 10 14
4 4 10 15
4 4 10 16
4 4 10 17
5 8 8 20
5 9 8 20
5 10 8 20
5 11 8 20
5 12 8 20
5 13 8 20
5 14 8 20
5 15 8 20
5 16 8 20
5 17 8 20
5 18 8 20
5 2 10 4
5 2 10 8
5 2 10 9
5 2 10 10
5 2 10 11
5 2 10 12
5 2 10 13
5 2 10 14
5 2 10 15
5 2 10 16
5 2 10 17
5 4 10 8
5 4 10 9
5 4 10 10
5 4 10 11
5 4 10 12
5 4 10 13
5 4 10 14
5 4 10 15
5 4 10 16
5 4 10 17
6 8 8 20
6 9 8 20
6 10 8 20
6 11 8 20
6 12 8 20
6 13 8 20
6 14 8 20
6 15 8 20
6 16 8 20
6 17 8 20
6 18 8 20
6 2 10 4
6 2 10 8
6 2 10 9
6 2 10 10
6 2 10 11
6 2 10 12
6 2 10 13
6 2 10 14
6 2 10 15
6 2 10 16
6 2 10 17
6 4 10 8
6 4 10 9
6 4 10 10
6 4 10 11
6 4 10 12
6 4 10 13
6 4 10 14
6 4 10 15
6 4 10 16
6 4 10 17
7 2 10 4
7 2 10 8
7 2 10 9
7 2 10 10
7 2 10 11
7 2 10 12
7 2 10 13
7 2 10 14
7 2 10 15
7 2 10 16
7 2 10 17
7 4 10 8
7 4 10 9
7 4 10 10
7 4 10 11
7 4 10 12
7 4 10 13
7 4 10 14
7 4 10 15
7 4 10 16
7 4 10 17
