14 15
011111000000000
010001000000000
011111111111110
011111111111110
010111111111110
010110100001110
011111111111110
010110100011100
010111111111110
011111100011010
010111111111010
010000000011010
010000000011010
011111111111110
136
1 2 3 6
1 2 4 6
3 2 7 4
3 2 7 5
3 2 7 7
3 2 7 12
3 2 7 13
3 2 7 14
3 4 7 7
3 4 7 12
3 4 7 13
3 4 7 14
3 5 7 7
3 5 7 12
3 5 7 13
3 5 7 14
3 7 7 12
3 7 7 13
3 7 7 14
3 4 9 7
3 4 9 12
3 4 9 13
3 5 9 7
3 5 9 12
3 5 9 13
3 7 9 12
3 7 9 13
3 2 10 4
3 2 10 5
3 2 10 7
3 4 10 7
3 5 10 7
3 4 11 7
3 4 11 12
3 5 11 7
3 5 11 12
3 7 11 12
3 2 14 12
4 2 7 4
4 2 7 5
4 2 7 7
4 2 7 12
4 2 7 13
4 2 7 14
4 4 7 7
4 4 7 12
4 4 7 13
4 4 7 14
4 5 7 7
4 5 7 12
4 5 7 13
4 5 7 14
4 7 7 12
4 7 7 13
4 7 7 14
4 4 9 7
4 4 9 12
4 4 9 13
4 5 9 7
4 5 9 12
4 5 9 13
4 7 9 12
4 7 9 13
4 2 10 4
4 2 10 5
4 2 10 7
4 4 10 7
4 5 10 7
4 4 11 7
4 4 11 12
4 5 11 7
4 5 11 12
4 7 11 12
4 2 14 12
5 4 7 7
5 4 7 12
5 4 7 13
5 4 7 14
5 5 7 7
5 5 7 12
5 5 7 13
5 5 7 14
5 7 7 12
5 7 7 13
5 7 7 14
5 4 9 7
5 4 9 12
5 4 9 13
5 5 9 7
5 5 9 12
5 5 9 13
5 7 9 12
5 7 9 13
5 4 10 7
5 5 10 7
5 4 11 7
5 4 11 12
5 5 11 7
5 5 11 12
5 7 11 12
7 4 9 7
7 4 9 11
7 4 9 12
7 4 9 13
7 5 9 7
7 5 9 11
7 5 9 12
7 5 9 13
7 7 9 11
7 7 9 12
7 7 9 13
7 2 10 4
7 2 10 5
7 2 10 7
7 4 10 7
7 5 10 7
7 4 11 7
7 4 11 11
7 4 11 12
7 5 11 7
7 5 11 11
7 5 11 12
7 7 11 11
7 7 11 12
7 2 14 11
7 2 14 12
9 4 11 11
9 4 11 12
9 5 11 11
9 5 11 12
9 6 11 11
9 6 11 12
9 7 11 11
9 7 11 12
9 11 14 14
9 12 14 14
