14 11
00000111110
00111100010
00101111111
00101110111
00101110111
11111111111
11111111111
10101111111
11111111111
10111111111
10010101111
10010111111
11111111111
11110000000
178
1 6 3 10
1 6 6 10
1 6 7 10
1 6 8 10
1 6 9 10
1 6 10 10
1 6 12 10
1 6 13 10
2 3 6 5
2 3 6 6
2 3 7 5
2 3 7 6
2 3 9 5
2 3 9 6
2 3 10 5
2 3 10 6
3 5 6 9
3 5 6 10
3 5 6 11
3 6 6 9
3 6 6 10
3 6 6 11
3 7 6 9
3 7 6 10
3 7 6 11
3 5 7 9
3 5 7 10
3 5 7 11
3 6 7 9
3 6 7 10
3 6 7 11
3 7 7 9
3 7 7 10
3 7 7 11
3 5 8 9
3 5 8 10
3 5 8 11
3 6 8 9
3 6 8 10
3 6 8 11
3 7 8 9
3 7 8 10
3 7 8 11
3 5 9 9
3 5 9 10
3 5 9 11
3 6 9 9
3 6 9 10
3 6 9 11
3 7 9 9
3 7 9 10
3 7 9 11
3 5 10 9
3 5 10 10
3 5 10 11
3 6 10 9
3 6 10 10
3 6 10 11
3 7 10 9
3 7 10 10
3 7 10 11
3 6 12 9
3 6 12 10
3 6 12 11
3 6 13 9
3 6 13 10
3 6 13 11
6 1 9 3
6 1 9 5
6 1 9 6
6 1 9 7
6 1 9 8
6 1 9 9
6 1 9 10
6 1 9 11
6 3 9 5
6 3 9 6
6 3 9 7
6 3 9 8
6 3 9 9
6 3 9 10
6 3 9 11
6 3 10 5
6 3 10 6
6 3 10 7
6 3 10 8
6 3 10 9
6 3 10 10
6 3 10 11
6 6 12 8
6 6 12 9
6 6 12 10
6 6 12 11
6 1 13 6
6 1 13 8
6 1 13 9
6 1 13 10
6 1 13 11
6 6 13 8
6 6 13 9
6 6 13 10
6 6 13 11
7 1 9 3
7 1 9 5
7 1 9 6
7 1 9 7
7 1 9 8
7 1 9 9
7 1 9 10
7 1 9 11
7 3 9 5
7 3 9 6
7 3 9 7
7 3 9 8
7 3 9 9
7 3 9 10
7 3 9 11
7 3 10 5
7 3 10 6
7 3 10 7
7 3 10 8
7 3 10 9
7 3 10 10
7 3 10 11
7 6 12 8
7 6 12 9
7 6 12 10
7 6 12 11
7 1 13 6
7 1 13 8
7 1 13 9
7 1 13 10
7 1 13 11
7 6 13 8
7 6 13 9
7 6 13 10
7 6 13 11
8 6 12 8
8 6 12 9
8 6 12 10
8 6 12 11
8 6 13 8
8 6 13 9
8 6 13 10
8 6 13 11
9 6 12 8
9 6 12 9
9 6 12 10
9 6 12 11
9 1 13 4
9 1 13 6
9 1 13 8
9 1 13 9
9 1 13 10
9 1 13 11
9 4 13 6
9 4 13 8
9 4 13 9
9 4 13 10
9 4 13 11
9 6 13 8
9 6 13 9
9 6 13 10
9 6 13 11
9 1 14 4
10 6 12 8
10 6 12 9
10 6 12 10
10 6 12 11
10 4 13 6
10 4 13 8
10 4 13 9
10 4 13 10
10 4 13 11
10 6 13 8
10 6 13 9
10 6 13 10
10 6 13 11
