25 24
000001111111111000000000
000001100000101000000000
000001111111101000000000
000000100000001000000000
000000111111111000000000
000111111111111111111110
000100000000000000000010
000100000000000000000010
000100000000000000000010
000111111111111111111110
000000000010000000110010
000000000010000000110010
000000000010000000110010
001111111111111111111111
011111111111111111110011
011111111111111111111111
010000000011010000110010
011111111111110000111110
000000000011111111110000
000000000001000000010000
000000000001000000010000
000000000001000000010000
000000000001111111110000
000000000000000000000000
000000000000000000000000
101
1 6 3 13
1 7 3 13
1 7 5 15
1 7 6 15
6 4 10 23
10 11 14 19
10 11 14 20
10 11 14 23
10 19 14 23
10 20 14 23
10 11 15 19
10 11 15 20
10 11 16 19
10 11 16 20
10 11 16 23
10 19 16 23
10 20 16 23
10 19 18 23
10 20 18 23
10 11 19 19
10 11 19 20
14 3 16 23
14 3 16 24
14 4 16 23
14 4 16 24
14 5 16 23
14 5 16 24
14 6 16 23
14 6 16 24
14 7 16 23
14 7 16 24
14 8 16 23
14 8 16 24
14 9 16 23
14 9 16 24
14 10 16 23
14 10 16 24
14 11 16 23
14 11 16 24
14 12 16 23
14 12 16 24
14 13 16 23
14 13 16 24
14 14 16 23
14 14 16 24
14 15 16 23
14 15 16 24
14 16 16 23
14 16 16 24
14 17 16 23
14 17 16 24
14 18 16 23
14 18 16 24
14 19 16 23
14 19 16 24
14 20 16 23
14 20 16 24
14 11 18 14
14 12 18 14
14 19 18 23
14 20 18 23
14 11 19 14
14 11 19 19
14 11 19 20
14 12 19 14
14 12 19 19
14 12 19 20
14 14 19 19
14 14 19 20
14 12 23 20
15 2 18 11
15 2 18 12
15 2 18 14
15 11 18 14
15 12 18 14
15 11 19 14
15 11 19 19
15 11 19 20
15 12 19 14
15 12 19 19
15 12 19 20
15 14 19 19
15 14 19 20
15 12 23 20
16 2 18 11
16 2 18 12
16 2 18 14
16 11 18 14
16 12 18 14
16 19 18 23
16 20 18 23
16 11 19 14
16 11 19 19
16 11 19 20
16 12 19 14
16 12 19 19
16 12 19 20
16 14 19 19
16 14 19 20
16 12 23 20
19 12 23 20
