17 10
0000000000
0111111110
0101001110
1111111110
1111111110
1111111110
1111111110
1111111000
1111101000
1111101000
1111101000
1111101000
1111101000
1001101000
1001111000
1111100000
1111000000
77
2 2 4 4
2 2 4 7
2 2 4 8
2 2 4 9
2 4 4 7
2 4 4 8
2 4 4 9
2 2 5 4
2 2 5 7
2 2 5 8
2 2 5 9
2 4 5 7
2 4 5 8
2 4 5 9
2 2 6 4
2 2 6 7
2 2 6 8
2 2 6 9
2 4 6 7
2 4 6 8
2 4 6 9
2 2 7 4
2 2 7 7
2 2 7 8
2 2 7 9
2 4 7 7
2 4 7 8
2 4 7 9
2 2 8 4
2 2 8 7
2 4 8 7
2 2 9 4
2 2 10 4
2 2 11 4
2 2 12 4
2 2 13 4
2 4 15 7
4 4 15 7
4 5 15 7
4 1 16 4
4 1 16 5
4 1 17 4
5 4 15 7
5 5 15 7
5 1 16 4
5 1 16 5
5 1 17 4
6 4 15 7
6 5 15 7
6 1 16 4
6 1 16 5
6 1 17 4
7 4 15 7
7 5 15 7
7 1 16 4
7 1 16 5
7 1 17 4
8 4 15 7
8 5 15 7
8 1 16 4
8 1 16 5
8 1 17 4
9 1 16 4
9 1 16 5
9 1 17 4
10 1 16 4
10 1 16 5
10 1 17 4
11 1 16 4
11 1 16 5
11 1 17 4
12 1 16 4
12 1 16 5
12 1 17 4
13 1 16 4
13 1 16 5
13 1 17 4
