20 23
00000001111111100000000
00000001000000100000000
00000001000000100000000
00111111111111100000000
00100111100000100000000
00111111111000100000000
00110101101000101111100
00110101101000101000100
00110101101000101111100
00111111111111100000000
00010101101000100000000
00010111101000100000000
00010001001000100000000
00011111111000100000000
00000001111111100000000
01111111111111111111000
01000000000000000001000
01000000000000000001000
01000000000000000001000
01111111111111111111000
58
1 8 4 15
1 8 10 15
1 8 15 15
1 8 16 15
4 3 6 6
4 3 6 7
4 3 6 8
4 3 6 9
4 3 10 6
4 3 10 8
4 3 10 9
4 3 10 15
4 6 10 8
4 6 10 9
4 6 10 15
4 8 10 15
4 9 10 15
4 6 12 8
4 6 12 9
4 8 15 15
4 8 16 15
5 6 10 8
5 6 10 9
5 6 12 8
5 6 12 9
6 3 10 6
6 3 10 8
6 3 10 9
6 3 10 11
6 4 10 6
6 4 10 8
6 4 10 9
6 4 10 11
6 6 10 8
6 6 10 9
6 6 10 11
6 8 10 11
6 9 10 11
6 6 12 8
6 6 12 9
6 4 14 8
6 4 14 11
6 8 14 11
6 8 15 11
6 8 16 11
7 17 9 21
10 6 12 8
10 6 12 9
10 4 14 8
10 4 14 11
10 8 14 11
10 8 15 11
10 8 15 15
10 11 15 15
10 8 16 11
10 8 16 15
10 11 16 15
16 2 20 20
