18 25
0000000000000000000000000
1111111111000000000000000
1011111111000000000000000
1010000001000000000000000
1111111111111111000000000
0010100101001111111111110
0010111111111101000000010
0111111111111111110000010
0110001101001001010000010
0111111111111101010000010
0111001101001101010000010
0111001101001101010000010
0111111111111111010000010
0111111111011001010000010
0100001100011111111111110
0100001100010001010000000
0100001100011111010000000
0111111111111111110000000
186
2 1 5 3
2 1 5 10
2 3 5 10
2 3 8 10
2 3 10 10
2 3 13 10
2 3 14 10
3 3 5 10
3 3 8 10
3 3 10 10
3 3 13 10
3 3 14 10
5 5 7 8
5 5 7 10
5 5 7 13
5 5 7 14
5 8 7 10
5 8 7 13
5 8 7 14
5 10 7 13
5 10 7 14
5 3 8 5
5 3 8 8
5 3 8 10
5 3 8 13
5 3 8 14
5 3 8 16
5 5 8 8
5 5 8 10
5 5 8 13
5 5 8 14
5 5 8 16
5 8 8 10
5 8 8 13
5 8 8 14
5 8 8 16
5 10 8 13
5 10 8 14
5 10 8 16
5 13 8 16
5 14 8 16
5 3 10 8
5 3 10 10
5 3 10 13
5 8 10 10
5 8 10 13
5 10 10 13
5 3 13 8
5 3 13 10
5 3 13 13
5 3 13 16
5 8 13 10
5 8 13 13
5 8 13 16
5 10 13 13
5 10 13 16
5 13 13 16
5 3 14 8
5 3 14 10
5 8 14 10
5 13 15 16
5 8 18 16
6 13 8 16
6 14 8 16
6 13 13 16
6 13 15 16
6 13 15 24
6 16 15 24
7 7 10 10
7 7 10 13
7 8 10 10
7 8 10 13
7 10 10 13
7 7 13 10
7 7 13 13
7 8 13 10
7 8 13 13
7 10 13 13
7 7 14 10
7 8 14 10
8 2 10 7
8 2 10 8
8 2 10 10
8 2 10 13
8 3 10 7
8 3 10 8
8 3 10 10
8 3 10 13
8 7 10 10
8 7 10 13
8 8 10 10
8 8 10 13
8 10 10 13
8 2 13 7
8 2 13 8
8 2 13 10
8 2 13 13
8 2 13 16
8 3 13 7
8 3 13 8
8 3 13 10
8 3 13 13
8 3 13 16
8 7 13 10
8 7 13 13
8 7 13 16
8 8 13 10
8 8 13 13
8 8 13 16
8 10 13 13
8 10 13 16
8 13 13 16
8 2 14 7
8 2 14 8
8 2 14 10
8 3 14 7
8 3 14 8
8 3 14 10
8 7 14 10
8 8 14 10
8 13 15 16
8 13 15 18
8 16 15 18
8 2 18 7
8 2 18 8
8 2 18 16
8 2 18 18
8 7 18 16
8 7 18 18
8 8 18 16
8 8 18 18
8 16 18 18
10 2 13 7
10 2 13 8
10 2 13 10
10 2 13 13
10 2 13 14
10 3 13 7
10 3 13 8
10 3 13 10
10 3 13 13
10 3 13 14
10 4 13 7
10 4 13 8
10 4 13 10
10 4 13 13
10 4 13 14
10 7 13 10
10 7 13 13
10 7 13 14
10 8 13 10
10 8 13 13
10 8 13 14
10 10 13 13
10 10 13 14
10 2 14 7
10 2 14 8
10 2 14 10
10 3 14 7
10 3 14 8
10 3 14 10
10 4 14 7
10 4 14 8
10 4 14 10
10 7 14 10
10 8 14 10
10 2 18 7
10 2 18 8
13 12 15 16
13 13 15 16
13 12 17 16
13 2 18 7
13 2 18 8
13 2 18 12
13 2 18 16
13 7 18 12
13 7 18 16
13 8 18 12
13 8 18 16
13 12 18 16
14 2 18 7
14 2 18 8
15 12 17 16
15 12 18 16
15 12 18 18
15 16 18 18
