21 23
00000000000000000000000
00011111111111111111000
00010001001000000001000
00010001001011111111110
00010001001010000001010
00010001001010000001010
00010111111111111111110
00010101001010000001010
00010101111111111111110
11111111001010010001010
10011111111111111111010
10111111111111111000010
10100101001010011000010
10100101001011111111110
10100101001010011000010
10100101001010011000010
10100111111111111111110
10100001111111111110010
10111111111111111111110
11111111001000000000000
00000001111000000000000
229
2 8 7 11
2 8 7 20
2 11 7 20
2 8 9 11
2 8 9 20
2 11 9 20
2 4 10 8
2 4 11 8
2 4 11 11
2 4 11 20
2 8 11 11
2 8 11 20
2 11 11 20
2 4 12 8
2 4 12 11
2 8 12 11
2 8 17 11
2 8 18 11
2 8 19 11
2 8 21 11
4 13 7 20
4 13 7 22
4 20 7 22
4 13 9 20
4 13 9 22
4 20 9 22
4 13 11 20
4 13 14 22
4 13 17 22
4 13 19 22
7 8 9 11
7 8 9 13
7 8 9 20
7 8 9 22
7 11 9 13
7 11 9 20
7 11 9 22
7 13 9 20
7 13 9 22
7 20 9 22
7 6 10 8
7 6 11 8
7 6 11 11
7 6 11 13
7 6 11 20
7 8 11 11
7 8 11 13
7 8 11 20
7 11 11 13
7 11 11 20
7 13 11 20
7 6 12 8
7 6 12 11
7 6 12 13
7 8 12 11
7 8 12 13
7 11 12 13
7 13 14 22
7 6 17 8
7 6 17 11
7 6 17 13
7 6 17 22
7 8 17 11
7 8 17 13
7 8 17 22
7 11 17 13
7 11 17 22
7 13 17 22
7 8 18 11
7 8 18 13
7 11 18 13
7 8 19 11
7 8 19 13
7 8 19 22
7 11 19 13
7 11 19 22
7 13 19 22
7 8 21 11
9 8 11 11
9 8 11 13
9 8 11 16
9 8 11 20
9 11 11 13
9 11 11 16
9 11 11 20
9 13 11 16
9 13 11 20
9 16 11 20
9 8 12 11
9 8 12 13
9 8 12 16
9 11 12 13
9 11 12 16
9 13 12 16
9 13 14 16
9 13 14 22
9 16 14 22
9 8 17 11
9 8 17 13
9 8 17 16
9 8 17 22
9 11 17 13
9 11 17 16
9 11 17 22
9 13 17 16
9 13 17 22
9 16 17 22
9 8 18 11
9 8 18 13
9 8 18 16
9 11 18 13
9 11 18 16
9 13 18 16
9 8 19 11
9 8 19 13
9 8 19 16
9 8 19 22
9 11 19 13
9 11 19 16
9 11 19 22
9 13 19 16
9 13 19 22
9 16 19 22
9 8 21 11
10 6 17 8
10 1 20 8
11 13 14 16
11 13 14 17
11 6 17 8
11 6 17 11
11 6 17 13
11 6 17 16
11 6 17 17
11 8 17 11
11 8 17 13
11 8 17 16
11 8 17 17
11 11 17 13
11 11 17 16
11 11 17 17
11 13 17 16
11 13 17 17
11 8 18 11
11 8 18 13
11 8 18 16
11 8 18 17
11 11 18 13
11 11 18 16
11 11 18 17
11 13 18 16
11 13 18 17
11 8 19 11
11 8 19 13
11 8 19 16
11 8 19 17
11 11 19 13
11 11 19 16
11 11 19 17
11 13 19 16
11 13 19 17
11 8 21 11
12 13 14 16
12 13 14 17
12 6 17 8
12 6 17 11
12 6 17 13
12 6 17 16
12 6 17 17
12 8 17 11
12 8 17 13
12 8 17 16
12 8 17 17
12 11 17 13
12 11 17 16
12 11 17 17
12 13 17 16
12 13 17 17
12 8 18 11
12 8 18 13
12 8 18 16
12 8 18 17
12 11 18 13
12 11 18 16
12 11 18 17
12 13 18 16
12 13 18 17
12 3 19 8
12 3 19 11
12 3 19 13
12 3 19 16
12 3 19 17
12 8 19 11
12 8 19 13
12 8 19 16
12 8 19 17
12 11 19 13
12 11 19 16
12 11 19 17
12 13 19 16
12 13 19 17
12 3 20 8
12 8 21 11
14 13 17 16
14 13 17 17
14 13 17 22
14 16 17 22
14 17 17 22
14 13 18 16
14 13 18 17
14 13 19 16
14 13 19 17
14 13 19 22
14 16 19 22
14 17 19 22
17 8 19 22
17 9 19 22
17 10 19 22
17 11 19 22
17 12 19 22
17 13 19 22
17 14 19 22
17 15 19 22
17 16 19 22
17 17 19 22
17 18 19 22
17 19 19 22
17 8 21 11
18 8 21 11
19 8 21 11
