13 18
111111111111111110
111111011111111111
111111111111111111
111111111111111101
111111111111111111
111111111111111111
111111111111111111
111111111111111111
111111111111111111
111111111111111111
111111111111101110
111111111111111110
111111111111111110
1340
1 1 3 8
1 1 3 9
1 1 3 10
1 1 3 11
1 1 3 12
1 1 3 13
1 1 3 14
1 1 3 15
1 1 3 16
1 1 3 17
1 2 3 8
1 2 3 9
1 2 3 10
1 2 3 11
1 2 3 12
1 2 3 13
1 2 3 14
1 2 3 15
1 2 3 16
1 2 3 17
1 3 3 8
1 3 3 9
1 3 3 10
1 3 3 11
1 3 3 12
1 3 3 13
1 3 3 14
1 3 3 15
1 3 3 16
1 3 3 17
1 4 3 8
1 4 3 9
1 4 3 10
1 4 3 11
1 4 3 12
1 4 3 13
1 4 3 14
1 4 3 15
1 4 3 16
1 4 3 17
1 5 3 8
1 5 3 9
1 5 3 10
1 5 3 11
1 5 3 12
1 5 3 13
1 5 3 14
1 5 3 15
1 5 3 16
1 5 3 17
1 6 3 8
1 6 3 9
1 6 3 10
1 6 3 11
1 6 3 12
1 6 3 13
1 6 3 14
1 6 3 15
1 6 3 16
1 6 3 17
1 1 4 8
1 1 4 9
1 1 4 10
1 1 4 11
1 1 4 12
1 1 4 13
1 1 4 14
1 1 4 15
1 1 4 16
1 2 4 8
1 2 4 9
1 2 4 10
1 2 4 11
1 2 4 12
1 2 4 13
1 2 4 14
1 2 4 15
1 2 4 16
1 3 4 8
1 3 4 9
1 3 4 10
1 3 4 11
1 3 4 12
1 3 4 13
1 3 4 14
1 3 4 15
1 3 4 16
1 4 4 8
1 4 4 9
1 4 4 10
1 4 4 11
1 4 4 12
1 4 4 13
1 4 4 14
1 4 4 15
1 4 4 16
1 5 4 8
1 5 4 9
1 5 4 10
1 5 4 11
1 5 4 12
1 5 4 13
1 5 4 14
1 5 4 15
1 5 4 16
1 6 4 8
1 6 4 9
1 6 4 10
1 6 4 11
1 6 4 12
1 6 4 13
1 6 4 14
1 6 4 15
1 6 4 16
1 1 5 8
1 1 5 9
1 1 5 10
1 1 5 11
1 1 5 12
1 1 5 13
1 1 5 14
1 1 5 15
1 1 5 16
1 2 5 8
1 2 5 9
1 2 5 10
1 2 5 11
1 2 5 12
1 2 5 13
1 2 5 14
1 2 5 15
1 2 5 16
1 3 5 8
1 3 5 9
1 3 5 10
1 3 5 11
1 3 5 12
1 3 5 13
1 3 5 14
1 3 5 15
1 3 5 16
1 4 5 8
1 4 5 9
1 4 5 10
1 4 5 11
1 4 5 12
1 4 5 13
1 4 5 14
1 4 5 15
1 4 5 16
1 5 5 8
1 5 5 9
1 5 5 10
1 5 5 11
1 5 5 12
1 5 5 13
1 5 5 14
1 5 5 15
1 5 5 16
1 6 5 8
1 6 5 9
1 6 5 10
1 6 5 11
1 6 5 12
1 6 5 13
1 6 5 14
1 6 5 15
1 6 5 16
1 1 6 8
1 1 6 9
1 1 6 10
1 1 6 11
1 1 6 12
1 1 6 13
1 1 6 14
1 1 6 15
1 1 6 16
1 2 6 8
1 2 6 9
1 2 6 10
1 2 6 11
1 2 6 12
1 2 6 13
1 2 6 14
1 2 6 15
1 2 6 16
1 3 6 8
1 3 6 9
1 3 6 10
1 3 6 11
1 3 6 12
1 3 6 13
1 3 6 14
1 3 6 15
1 3 6 16
1 4 6 8
1 4 6 9
1 4 6 10
1 4 6 11
1 4 6 12
1 4 6 13
1 4 6 14
1 4 6 15
1 4 6 16
1 5 6 8
1 5 6 9
1 5 6 10
1 5 6 11
1 5 6 12
1 5 6 13
1 5 6 14
1 5 6 15
1 5 6 16
1 6 6 8
1 6 6 9
1 6 6 10
1 6 6 11
1 6 6 12
1 6 6 13
1 6 6 14
1 6 6 15
1 6 6 16
1 1 7 8
1 1 7 9
1 1 7 10
1 1 7 11
1 1 7 12
1 1 7 13
1 1 7 14
1 1 7 15
1 1 7 16
1 2 7 8
1 2 7 9
1 2 7 10
1 2 7 11
1 2 7 12
1 2 7 13
1 2 7 14
1 2 7 15
1 2 7 16
1 3 7 8
1 3 7 9
1 3 7 10
1 3 7 11
1 3 7 12
1 3 7 13
1 3 7 14
1 3 7 15
1 3 7 16
1 4 7 8
1 4 7 9
1 4 7 10
1 4 7 11
1 4 7 12
1 4 7 13
1 4 7 14
1 4 7 15
1 4 7 16
1 5 7 8
1 5 7 9
1 5 7 10
1 5 7 11
1 5 7 12
1 5 7 13
1 5 7 14
1 5 7 15
1 5 7 16
1 6 7 8
1 6 7 9
1 6 7 10
1 6 7 11
1 6 7 12
1 6 7 13
1 6 7 14
1 6 7 15
1 6 7 16
1 1 8 8
1 1 8 9
1 1 8 10
1 1 8 11
1 1 8 12
1 1 8 13
1 1 8 14
1 1 8 15
1 1 8 16
1 2 8 8
1 2 8 9
1 2 8 10
1 2 8 11
1 2 8 12
1 2 8 13
1 2 8 14
1 2 8 15
1 2 8 16
1 3 8 8
1 3 8 9
1 3 8 10
1 3 8 11
1 3 8 12
1 3 8 13
1 3 8 14
1 3 8 15
1 3 8 16
1 4 8 8
1 4 8 9
1 4 8 10
1 4 8 11
1 4 8 12
1 4 8 13
1 4 8 14
1 4 8 15
1 4 8 16
1 5 8 8
1 5 8 9
1 5 8 10
1 5 8 11
1 5 8 12
1 5 8 13
1 5 8 14
1 5 8 15
1 5 8 16
1 6 8 8
1 6 8 9
1 6 8 10
1 6 8 11
1 6 8 12
1 6 8 13
1 6 8 14
1 6 8 15
1 6 8 16
1 1 9 8
1 1 9 9
1 1 9 10
1 1 9 11
1 1 9 12
1 1 9 13
1 1 9 14
1 1 9 15
1 1 9 16
1 2 9 8
1 2 9 9
1 2 9 10
1 2 9 11
1 2 9 12
1 2 9 13
1 2 9 14
1 2 9 15
1 2 9 16
1 3 9 8
1 3 9 9
1 3 9 10
1 3 9 11
1 3 9 12
1 3 9 13
1 3 9 14
1 3 9 15
1 3 9 16
1 4 9 8
1 4 9 9
1 4 9 10
1 4 9 11
1 4 9 12
1 4 9 13
1 4 9 14
1 4 9 15
1 4 9 16
1 5 9 8
1 5 9 9
1 5 9 10
1 5 9 11
1 5 9 12
1 5 9 13
1 5 9 14
1 5 9 15
1 5 9 16
1 6 9 8
1 6 9 9
1 6 9 10
1 6 9 11
1 6 9 12
1 6 9 13
1 6 9 14
1 6 9 15
1 6 9 16
1 1 10 8
1 1 10 9
1 1 10 10
1 1 10 11
1 1 10 12
1 1 10 13
1 1 10 14
1 1 10 15
1 1 10 16
1 2 10 8
1 2 10 9
1 2 10 10
1 2 10 11
1 2 10 12
1 2 10 13
1 2 10 14
1 2 10 15
1 2 10 16
1 3 10 8
1 3 10 9
1 3 10 10
1 3 10 11
1 3 10 12
1 3 10 13
1 3 10 14
1 3 10 15
1 3 10 16
1 4 10 8
1 4 10 9
1 4 10 10
1 4 10 11
1 4 10 12
1 4 10 13
1 4 10 14
1 4 10 15
1 4 10 16
1 5 10 8
1 5 10 9
1 5 10 10
1 5 10 11
1 5 10 12
1 5 10 13
1 5 10 14
1 5 10 15
1 5 10 16
1 6 10 8
1 6 10 9
1 6 10 10
1 6 10 11
1 6 10 12
1 6 10 13
1 6 10 14
1 6 10 15
1 6 10 16
1 1 11 8
1 1 11 9
1 1 11 10
1 1 11 11
1 1 11 12
1 1 11 13
1 2 11 8
1 2 11 9
1 2 11 10
1 2 11 11
1 2 11 12
1 2 11 13
1 3 11 8
1 3 11 9
1 3 11 10
1 3 11 11
1 3 11 12
1 3 11 13
1 4 11 8
1 4 11 9
1 4 11 10
1 4 11 11
1 4 11 12
1 4 11 13
1 5 11 8
1 5 11 9
1 5 11 10
1 5 11 11
1 5 11 12
1 5 11 13
1 6 11 8
1 6 11 9
1 6 11 10
1 6 11 11
1 6 11 12
1 6 11 13
1 1 12 8
1 1 12 9
1 1 12 10
1 1 12 11
1 1 12 12
1 1 12 13
1 1 12 15
1 1 12 16
1 2 12 8
1 2 12 9
1 2 12 10
1 2 12 11
1 2 12 12
1 2 12 13
1 2 12 15
1 2 12 16
1 3 12 8
1 3 12 9
1 3 12 10
1 3 12 11
1 3 12 12
1 3 12 13
1 3 12 15
1 3 12 16
1 4 12 8
1 4 12 9
1 4 12 10
1 4 12 11
1 4 12 12
1 4 12 13
1 4 12 15
1 4 12 16
1 5 12 8
1 5 12 9
1 5 12 10
1 5 12 11
1 5 12 12
1 5 12 13
1 5 12 15
1 5 12 16
1 6 12 8
1 6 12 9
1 6 12 10
1 6 12 11
1 6 12 12
1 6 12 13
1 6 12 15
1 6 12 16
1 8 12 15
1 8 12 16
1 9 12 15
1 9 12 16
1 10 12 15
1 10 12 16
1 11 12 15
1 11 12 16
1 12 12 15
1 12 12 16
1 13 12 15
1 13 12 16
1 1 13 8
1 1 13 9
1 1 13 10
1 1 13 11
1 1 13 12
1 1 13 13
1 1 13 15
1 1 13 16
1 2 13 8
1 2 13 9
1 2 13 10
1 2 13 11
1 2 13 12
1 2 13 13
1 2 13 15
1 2 13 16
1 3 13 8
1 3 13 9
1 3 13 10
1 3 13 11
1 3 13 12
1 3 13 13
1 3 13 15
1 3 13 16
1 4 13 8
1 4 13 9
1 4 13 10
1 4 13 11
1 4 13 12
1 4 13 13
1 4 13 15
1 4 13 16
1 5 13 8
1 5 13 9
1 5 13 10
1 5 13 11
1 5 13 12
1 5 13 13
1 5 13 15
1 5 13 16
1 6 13 8
1 6 13 9
1 6 13 10
1 6 13 11
1 6 13 12
1 6 13 13
1 6 13 15
1 6 13 16
1 8 13 15
1 8 13 16
1 9 13 15
1 9 13 16
1 10 13 15
1 10 13 16
1 11 13 15
1 11 13 16
1 12 13 15
1 12 13 16
1 13 13 15
1 13 13 16
2 8 5 18
2 9 5 18
2 10 5 18
2 11 5 18
2 12 5 18
2 13 5 18
2 14 5 18
2 15 5 18
2 16 5 18
2 8 6 18
2 9 6 18
2 10 6 18
2 11 6 18
2 12 6 18
2 13 6 18
2 14 6 18
2 15 6 18
2 16 6 18
2 8 7 18
2 9 7 18
2 10 7 18
2 11 7 18
2 12 7 18
2 13 7 18
2 14 7 18
2 15 7 18
2 16 7 18
2 8 8 18
2 9 8 18
2 10 8 18
2 11 8 18
2 12 8 18
2 13 8 18
2 14 8 18
2 15 8 18
2 16 8 18
2 8 9 18
2 9 9 18
2 10 9 18
2 11 9 18
2 12 9 18
2 13 9 18
2 14 9 18
2 15 9 18
2 16 9 18
2 8 10 18
2 9 10 18
2 10 10 18
2 11 10 18
2 12 10 18
2 13 10 18
2 14 10 18
2 15 10 18
2 16 10 18
2 8 12 15
2 8 12 16
2 9 12 15
2 9 12 16
2 10 12 15
2 10 12 16
2 11 12 15
2 11 12 16
2 12 12 15
2 12 12 16
2 13 12 15
2 13 12 16
2 8 13 15
2 8 13 16
2 9 13 15
2 9 13 16
2 10 13 15
2 10 13 16
2 11 13 15
2 11 13 16
2 12 13 15
2 12 13 16
2 13 13 15
2 13 13 16
3 1 5 18
3 2 5 18
3 3 5 18
3 4 5 18
3 5 5 18
3 6 5 18
3 7 5 18
3 8 5 18
3 9 5 18
3 10 5 18
3 11 5 18
3 12 5 18
3 13 5 18
3 14 5 18
3 15 5 18
3 16 5 18
3 1 6 18
3 2 6 18
3 3 6 18
3 4 6 18
3 5 6 18
3 6 6 18
3 7 6 18
3 8 6 18
3 9 6 18
3 10 6 18
3 11 6 18
3 12 6 18
3 13 6 18
3 14 6 18
3 15 6 18
3 16 6 18
3 1 7 18
3 2 7 18
3 3 7 18
3 4 7 18
3 5 7 18
3 6 7 18
3 7 7 18
3 8 7 18
3 9 7 18
3 10 7 18
3 11 7 18
3 12 7 18
3 13 7 18
3 14 7 18
3 15 7 18
3 16 7 18
3 1 8 18
3 2 8 18
3 3 8 18
3 4 8 18
3 5 8 18
3 6 8 18
3 7 8 18
3 8 8 18
3 9 8 18
3 10 8 18
3 11 8 18
3 12 8 18
3 13 8 18
3 14 8 18
3 15 8 18
3 16 8 18
3 1 9 18
3 2 9 18
3 3 9 18
3 4 9 18
3 5 9 18
3 6 9 18
3 7 9 18
3 8 9 18
3 9 9 18
3 10 9 18
3 11 9 18
3 12 9 18
3 13 9 18
3 14 9 18
3 15 9 18
3 16 9 18
3 1 10 18
3 2 10 18
3 3 10 18
3 4 10 18
3 5 10 18
3 6 10 18
3 7 10 18
3 8 10 18
3 9 10 18
3 10 10 18
3 11 10 18
3 12 10 18
3 13 10 18
3 14 10 18
3 15 10 18
3 16 10 18
3 1 12 15
3 1 12 16
3 2 12 15
3 2 12 16
3 3 12 15
3 3 12 16
3 4 12 15
3 4 12 16
3 5 12 15
3 5 12 16
3 6 12 15
3 6 12 16
3 7 12 15
3 7 12 16
3 8 12 15
3 8 12 16
3 9 12 15
3 9 12 16
3 10 12 15
3 10 12 16
3 11 12 15
3 11 12 16
3 12 12 15
3 12 12 16
3 13 12 15
3 13 12 16
3 1 13 15
3 1 13 16
3 2 13 15
3 2 13 16
3 3 13 15
3 3 13 16
3 4 13 15
3 4 13 16
3 5 13 15
3 5 13 16
3 6 13 15
3 6 13 16
3 7 13 15
3 7 13 16
3 8 13 15
3 8 13 16
3 9 13 15
3 9 13 16
3 10 13 15
3 10 13 16
3 11 13 15
3 11 13 16
3 12 13 15
3 12 13 16
3 13 13 15
3 13 13 16
4 1 12 15
4 1 12 16
4 2 12 15
4 2 12 16
4 3 12 15
4 3 12 16
4 4 12 15
4 4 12 16
4 5 12 15
4 5 12 16
4 6 12 15
4 6 12 16
4 7 12 15
4 7 12 16
4 8 12 15
4 8 12 16
4 9 12 15
4 9 12 16
4 10 12 15
4 10 12 16
4 11 12 15
4 11 12 16
4 12 12 15
4 12 12 16
4 13 12 15
4 13 12 16
4 1 13 15
4 1 13 16
4 2 13 15
4 2 13 16
4 3 13 15
4 3 13 16
4 4 13 15
4 4 13 16
4 5 13 15
4 5 13 16
4 6 13 15
4 6 13 16
4 7 13 15
4 7 13 16
4 8 13 15
4 8 13 16
4 9 13 15
4 9 13 16
4 10 13 15
4 10 13 16
4 11 13 15
4 11 13 16
4 12 13 15
4 12 13 16
4 13 13 15
4 13 13 16
5 1 12 15
5 1 12 16
5 1 12 17
5 2 12 15
5 2 12 16
5 2 12 17
5 3 12 15
5 3 12 16
5 3 12 17
5 4 12 15
5 4 12 16
5 4 12 17
5 5 12 15
5 5 12 16
5 5 12 17
5 6 12 15
5 6 12 16
5 6 12 17
5 7 12 15
5 7 12 16
5 7 12 17
5 8 12 15
5 8 12 16
5 8 12 17
5 9 12 15
5 9 12 16
5 9 12 17
5 10 12 15
5 10 12 16
5 10 12 17
5 11 12 15
5 11 12 16
5 11 12 17
5 12 12 15
5 12 12 16
5 12 12 17
5 13 12 15
5 13 12 16
5 13 12 17
5 1 13 15
5 1 13 16
5 1 13 17
5 2 13 15
5 2 13 16
5 2 13 17
5 3 13 15
5 3 13 16
5 3 13 17
5 4 13 15
5 4 13 16
5 4 13 17
5 5 13 15
5 5 13 16
5 5 13 17
5 6 13 15
5 6 13 16
5 6 13 17
5 7 13 15
5 7 13 16
5 7 13 17
5 8 13 15
5 8 13 16
5 8 13 17
5 9 13 15
5 9 13 16
5 9 13 17
5 10 13 15
5 10 13 16
5 10 13 17
5 11 13 15
5 11 13 16
5 11 13 17
5 12 13 15
5 12 13 16
5 12 13 17
5 13 13 15
5 13 13 16
5 13 13 17
6 1 12 15
6 1 12 16
6 1 12 17
6 2 12 15
6 2 12 16
6 2 12 17
6 3 12 15
6 3 12 16
6 3 12 17
6 4 12 15
6 4 12 16
6 4 12 17
6 5 12 15
6 5 12 16
6 5 12 17
6 6 12 15
6 6 12 16
6 6 12 17
6 7 12 15
6 7 12 16
6 7 12 17
6 8 12 15
6 8 12 16
6 8 12 17
6 9 12 15
6 9 12 16
6 9 12 17
6 10 12 15
6 10 12 16
6 10 12 17
6 11 12 15
6 11 12 16
6 11 12 17
6 12 12 15
6 12 12 16
6 12 12 17
6 13 12 15
6 13 12 16
6 13 12 17
6 1 13 15
6 1 13 16
6 1 13 17
6 2 13 15
6 2 13 16
6 2 13 17
6 3 13 15
6 3 13 16
6 3 13 17
6 4 13 15
6 4 13 16
6 4 13 17
6 5 13 15
6 5 13 16
6 5 13 17
6 6 13 15
6 6 13 16
6 6 13 17
6 7 13 15
6 7 13 16
6 7 13 17
6 8 13 15
6 8 13 16
6 8 13 17
6 9 13 15
6 9 13 16
6 9 13 17
6 10 13 15
6 10 13 16
6 10 13 17
6 11 13 15
6 11 13 16
6 11 13 17
6 12 13 15
6 12 13 16
6 12 13 17
6 13 13 15
6 13 13 16
6 13 13 17
7 1 12 15
7 1 12 16
7 1 12 17
7 2 12 15
7 2 12 16
7 2 12 17
7 3 12 15
7 3 12 16
7 3 12 17
7 4 12 15
7 4 12 16
7 4 12 17
7 5 12 15
7 5 12 16
7 5 12 17
7 6 12 15
7 6 12 16
7 6 12 17
7 7 12 15
7 7 12 16
7 7 12 17
7 8 12 15
7 8 12 16
7 8 12 17
7 9 12 15
7 9 12 16
7 9 12 17
7 10 12 15
7 10 12 16
7 10 12 17
7 11 12 15
7 11 12 16
7 11 12 17
7 12 12 15
7 12 12 16
7 12 12 17
7 13 12 15
7 13 12 16
7 13 12 17
7 1 13 15
7 1 13 16
7 1 13 17
7 2 13 15
7 2 13 16
7 2 13 17
7 3 13 15
7 3 13 16
7 3 13 17
7 4 13 15
7 4 13 16
7 4 13 17
7 5 13 15
7 5 13 16
7 5 13 17
7 6 13 15
7 6 13 16
7 6 13 17
7 7 13 15
7 7 13 16
7 7 13 17
7 8 13 15
7 8 13 16
7 8 13 17
7 9 13 15
7 9 13 16
7 9 13 17
7 10 13 15
7 10 13 16
7 10 13 17
7 11 13 15
7 11 13 16
7 11 13 17
7 12 13 15
7 12 13 16
7 12 13 17
7 13 13 15
7 13 13 16
7 13 13 17
8 1 12 15
8 1 12 16
8 1 12 17
8 2 12 15
8 2 12 16
8 2 12 17
8 3 12 15
8 3 12 16
8 3 12 17
8 4 12 15
8 4 12 16
8 4 12 17
8 5 12 15
8 5 12 16
8 5 12 17
8 6 12 15
8 6 12 16
8 6 12 17
8 7 12 15
8 7 12 16
8 7 12 17
8 8 12 15
8 8 12 16
8 8 12 17
8 9 12 15
8 9 12 16
8 9 12 17
8 10 12 15
8 10 12 16
8 10 12 17
8 11 12 15
8 11 12 16
8 11 12 17
8 12 12 15
8 12 12 16
8 12 12 17
8 13 12 15
8 13 12 16
8 13 12 17
8 1 13 15
8 1 13 16
8 1 13 17
8 2 13 15
8 2 13 16
8 2 13 17
8 3 13 15
8 3 13 16
8 3 13 17
8 4 13 15
8 4 13 16
8 4 13 17
8 5 13 15
8 5 13 16
8 5 13 17
8 6 13 15
8 6 13 16
8 6 13 17
8 7 13 15
8 7 13 16
8 7 13 17
8 8 13 15
8 8 13 16
8 8 13 17
8 9 13 15
8 9 13 16
8 9 13 17
8 10 13 15
8 10 13 16
8 10 13 17
8 11 13 15
8 11 13 16
8 11 13 17
8 12 13 15
8 12 13 16
8 12 13 17
8 13 13 15
8 13 13 16
8 13 13 17
9 1 12 15
9 1 12 16
9 1 12 17
9 2 12 15
9 2 12 16
9 2 12 17
9 3 12 15
9 3 12 16
9 3 12 17
9 4 12 15
9 4 12 16
9 4 12 17
9 5 12 15
9 5 12 16
9 5 12 17
9 6 12 15
9 6 12 16
9 6 12 17
9 7 12 15
9 7 12 16
9 7 12 17
9 8 12 15
9 8 12 16
9 8 12 17
9 9 12 15
9 9 12 16
9 9 12 17
9 10 12 15
9 10 12 16
9 10 12 17
9 11 12 15
9 11 12 16
9 11 12 17
9 12 12 15
9 12 12 16
9 12 12 17
9 13 12 15
9 13 12 16
9 13 12 17
9 1 13 15
9 1 13 16
9 1 13 17
9 2 13 15
9 2 13 16
9 2 13 17
9 3 13 15
9 3 13 16
9 3 13 17
9 4 13 15
9 4 13 16
9 4 13 17
9 5 13 15
9 5 13 16
9 5 13 17
9 6 13 15
9 6 13 16
9 6 13 17
9 7 13 15
9 7 13 16
9 7 13 17
9 8 13 15
9 8 13 16
9 8 13 17
9 9 13 15
9 9 13 16
9 9 13 17
9 10 13 15
9 10 13 16
9 10 13 17
9 11 13 15
9 11 13 16
9 11 13 17
9 12 13 15
9 12 13 16
9 12 13 17
9 13 13 15
9 13 13 16
9 13 13 17
10 1 12 15
10 1 12 16
10 1 12 17
10 2 12 15
10 2 12 16
10 2 12 17
10 3 12 15
10 3 12 16
10 3 12 17
10 4 12 15
10 4 12 16
10 4 12 17
10 5 12 15
10 5 12 16
10 5 12 17
10 6 12 15
10 6 12 16
10 6 12 17
10 7 12 15
10 7 12 16
10 7 12 17
10 8 12 15
10 8 12 16
10 8 12 17
10 9 12 15
10 9 12 16
10 9 12 17
10 10 12 15
10 10 12 16
10 10 12 17
10 11 12 15
10 11 12 16
10 11 12 17
10 12 12 15
10 12 12 16
10 12 12 17
10 13 12 15
10 13 12 16
10 13 12 17
10 1 13 15
10 1 13 16
10 1 13 17
10 2 13 15
10 2 13 16
10 2 13 17
10 3 13 15
10 3 13 16
10 3 13 17
10 4 13 15
10 4 13 16
10 4 13 17
10 5 13 15
10 5 13 16
10 5 13 17
10 6 13 15
10 6 13 16
10 6 13 17
10 7 13 15
10 7 13 16
10 7 13 17
10 8 13 15
10 8 13 16
10 8 13 17
10 9 13 15
10 9 13 16
10 9 13 17
10 10 13 15
10 10 13 16
10 10 13 17
10 11 13 15
10 11 13 16
10 11 13 17
10 12 13 15
10 12 13 16
10 12 13 17
10 13 13 15
10 13 13 16
10 13 13 17
