14 17
00111111111111111
00100000000000001
00111111111111111
00111111000000000
11100001000000000
10100001000000000
10100111111111110
10100111111001110
10100111111111110
10111111111111110
10111111111111110
10100010001001010
11100011111001110
00000000000000000
70
1 3 3 17
3 3 10 8
3 3 11 8
4 3 10 8
4 3 11 8
5 1 13 3
7 6 9 14
7 6 9 15
7 6 9 16
7 7 9 14
7 7 9 15
7 7 9 16
7 8 9 14
7 8 9 15
7 8 9 16
7 9 9 14
7 9 9 15
7 9 9 16
7 10 9 14
7 10 9 15
7 10 9 16
7 11 9 14
7 11 9 15
7 11 9 16
7 6 10 14
7 6 10 15
7 6 10 16
7 7 10 14
7 7 10 15
7 7 10 16
7 8 10 14
7 8 10 15
7 8 10 16
7 9 10 14
7 9 10 15
7 9 10 16
7 10 10 14
7 10 10 15
7 10 10 16
7 11 10 14
7 11 10 15
7 11 10 16
7 6 11 14
7 6 11 15
7 6 11 16
7 7 11 14
7 7 11 15
7 7 11 16
7 8 11 14
7 8 11 15
7 8 11 16
7 9 11 14
7 9 11 15
7 9 11 16
7 10 11 14
7 10 11 15
7 10 11 16
7 11 11 14
7 11 11 15
7 11 11 16
7 7 13 11
7 14 13 16
8 7 13 11
8 14 13 16
9 7 13 11
9 14 13 16
10 7 13 11
10 14 13 16
11 7 13 11
11 14 13 16
