25 15
000000000000000
000000000011111
000000000010001
011111111111101
011111111110101
011100001010101
011100001010101
011100001010101
011100001010101
011100001010101
011111111010101
011111111011111
011100011010100
011111111010100
011111111111100
001111111110000
000111111111111
001111101000001
001111111000001
001100100000001
001111100000001
000100000000001
000100000000001
000111111111111
000000000000000
121
2 11 12 15
4 2 11 9
4 3 11 9
4 4 11 9
4 2 12 9
4 3 12 9
4 4 12 9
4 11 12 13
4 2 14 9
4 3 14 9
4 4 14 9
4 2 15 9
4 2 15 11
4 2 15 13
4 3 15 9
4 3 15 11
4 3 15 13
4 4 15 9
4 4 15 11
4 4 15 13
4 9 15 11
4 9 15 13
4 11 15 13
4 3 16 9
4 3 16 11
4 4 16 9
4 4 16 11
4 9 16 11
4 4 17 9
4 4 17 11
4 9 17 11
4 4 19 9
5 2 11 9
5 3 11 9
5 4 11 9
5 2 12 9
5 3 12 9
5 4 12 9
5 2 14 9
5 3 14 9
5 4 14 9
5 2 15 9
5 2 15 11
5 3 15 9
5 3 15 11
5 4 15 9
5 4 15 11
5 9 15 11
5 3 16 9
5 3 16 11
5 4 16 9
5 4 16 11
5 9 16 11
5 4 17 9
5 4 17 11
5 9 17 11
5 4 19 9
11 2 14 8
11 2 14 9
11 3 14 8
11 3 14 9
11 4 14 8
11 4 14 9
11 2 15 8
11 2 15 9
11 3 15 8
11 3 15 9
11 4 15 8
11 4 15 9
11 3 16 8
11 3 16 9
11 4 16 8
11 4 16 9
11 4 17 8
11 4 17 9
11 4 19 9
12 2 14 8
12 2 14 9
12 3 14 8
12 3 14 9
12 4 14 8
12 4 14 9
12 2 15 8
12 2 15 9
12 3 15 8
12 3 15 9
12 4 15 8
12 4 15 9
12 11 15 13
12 3 16 8
12 3 16 9
12 4 16 8
12 4 16 9
12 4 17 8
12 4 17 9
12 4 19 9
14 4 19 9
14 5 19 9
14 6 19 9
14 7 19 9
14 4 21 7
15 4 19 9
15 5 19 9
15 6 19 9
15 7 19 9
15 4 21 7
16 4 19 9
16 5 19 9
16 6 19 9
16 7 19 9
16 4 21 7
17 4 19 9
17 5 19 9
17 6 19 9
17 7 19 9
17 4 21 7
17 4 24 15
18 3 21 7
18 4 21 7
19 3 21 7
19 4 21 7
