24 21
000000000000000000000
000000000000000000000
000000001111111111111
000000001000000000001
001111111111111100001
001100001111111111001
001111111111111111111
001111111111111101001
111111111010011101001
101101001010011101001
111111111111111111001
001101001010011100001
001111111111111100001
001101001010011100001
001111111111111100001
000101001010010100001
000101001010010100001
000101001111111111111
000111111111111111111
000111111111111100000
000000000010010000000
000000000011110000000
000000000000000000000
000000000000000000000
619
3 9 7 21
3 9 18 21
3 9 19 21
5 3 7 9
5 3 7 10
5 3 7 11
5 3 7 12
5 3 7 13
5 3 7 14
5 3 7 15
5 3 7 16
5 4 7 9
5 4 7 10
5 4 7 11
5 4 7 12
5 4 7 13
5 4 7 14
5 4 7 15
5 4 7 16
5 3 8 9
5 3 8 10
5 3 8 11
5 3 8 12
5 3 8 13
5 3 8 14
5 3 8 15
5 3 8 16
5 4 8 9
5 4 8 10
5 4 8 11
5 4 8 12
5 4 8 13
5 4 8 14
5 4 8 15
5 4 8 16
5 3 9 9
5 4 9 9
5 3 11 9
5 3 11 11
5 3 11 14
5 3 11 15
5 3 11 16
5 4 11 9
5 4 11 11
5 4 11 14
5 4 11 15
5 4 11 16
5 9 11 11
5 9 11 14
5 9 11 15
5 9 11 16
5 11 11 14
5 11 11 15
5 11 11 16
5 3 13 9
5 3 13 11
5 3 13 14
5 3 13 15
5 3 13 16
5 4 13 9
5 4 13 11
5 4 13 14
5 4 13 15
5 4 13 16
5 9 13 11
5 9 13 14
5 9 13 15
5 9 13 16
5 11 13 14
5 11 13 15
5 11 13 16
5 3 15 9
5 3 15 11
5 3 15 14
5 3 15 15
5 3 15 16
5 4 15 9
5 4 15 11
5 4 15 14
5 4 15 15
5 4 15 16
5 9 15 11
5 9 15 14
5 9 15 15
5 9 15 16
5 11 15 14
5 11 15 15
5 11 15 16
5 9 18 11
5 9 18 14
5 9 18 16
5 11 18 14
5 11 18 16
5 14 18 16
5 4 19 9
5 4 19 11
5 4 19 14
5 4 19 16
5 9 19 11
5 9 19 14
5 9 19 16
5 11 19 14
5 11 19 16
5 14 19 16
5 4 20 9
5 4 20 11
5 4 20 14
5 4 20 16
5 9 20 11
5 9 20 14
5 9 20 16
5 11 20 14
5 11 20 16
5 14 20 16
5 11 22 14
6 9 11 11
6 9 11 14
6 9 11 15
6 9 11 16
6 9 11 18
6 11 11 14
6 11 11 15
6 11 11 16
6 11 11 18
6 14 11 18
6 15 11 18
6 16 11 18
6 9 13 11
6 9 13 14
6 9 13 15
6 9 13 16
6 11 13 14
6 11 13 15
6 11 13 16
6 9 15 11
6 9 15 14
6 9 15 15
6 9 15 16
6 11 15 14
6 11 15 15
6 11 15 16
6 9 18 11
6 9 18 14
6 9 18 16
6 11 18 14
6 11 18 16
6 14 18 16
6 9 19 11
6 9 19 14
6 9 19 16
6 11 19 14
6 11 19 16
6 14 19 16
6 9 20 11
6 9 20 14
6 9 20 16
6 11 20 14
6 11 20 16
6 14 20 16
6 11 22 14
7 3 11 6
7 3 11 9
7 3 11 11
7 3 11 14
7 3 11 15
7 3 11 16
7 3 11 18
7 4 11 6
7 4 11 9
7 4 11 11
7 4 11 14
7 4 11 15
7 4 11 16
7 4 11 18
7 6 11 9
7 6 11 11
7 6 11 14
7 6 11 15
7 6 11 16
7 6 11 18
7 9 11 11
7 9 11 14
7 9 11 15
7 9 11 16
7 9 11 18
7 11 11 14
7 11 11 15
7 11 11 16
7 11 11 18
7 14 11 18
7 15 11 18
7 16 11 18
7 3 13 6
7 3 13 9
7 3 13 11
7 3 13 14
7 3 13 15
7 3 13 16
7 4 13 6
7 4 13 9
7 4 13 11
7 4 13 14
7 4 13 15
7 4 13 16
7 6 13 9
7 6 13 11
7 6 13 14
7 6 13 15
7 6 13 16
7 9 13 11
7 9 13 14
7 9 13 15
7 9 13 16
7 11 13 14
7 11 13 15
7 11 13 16
7 3 15 6
7 3 15 9
7 3 15 11
7 3 15 14
7 3 15 15
7 3 15 16
7 4 15 6
7 4 15 9
7 4 15 11
7 4 15 14
7 4 15 15
7 4 15 16
7 6 15 9
7 6 15 11
7 6 15 14
7 6 15 15
7 6 15 16
7 9 15 11
7 9 15 14
7 9 15 15
7 9 15 16
7 11 15 14
7 11 15 15
7 11 15 16
7 9 18 11
7 9 18 14
7 9 18 16
7 9 18 21
7 11 18 14
7 11 18 16
7 11 18 21
7 14 18 16
7 14 18 21
7 16 18 21
7 4 19 6
7 4 19 9
7 4 19 11
7 4 19 14
7 4 19 16
7 4 19 21
7 6 19 9
7 6 19 11
7 6 19 14
7 6 19 16
7 6 19 21
7 9 19 11
7 9 19 14
7 9 19 16
7 9 19 21
7 11 19 14
7 11 19 16
7 11 19 21
7 14 19 16
7 14 19 21
7 16 19 21
7 4 20 6
7 4 20 9
7 4 20 11
7 4 20 14
7 4 20 16
7 6 20 9
7 6 20 11
7 6 20 14
7 6 20 16
7 9 20 11
7 9 20 14
7 9 20 16
7 11 20 14
7 11 20 16
7 14 20 16
7 11 22 14
8 3 11 6
8 3 11 9
8 3 11 11
8 3 11 14
8 3 11 15
8 3 11 16
8 4 11 6
8 4 11 9
8 4 11 11
8 4 11 14
8 4 11 15
8 4 11 16
8 6 11 9
8 6 11 11
8 6 11 14
8 6 11 15
8 6 11 16
8 9 11 11
8 9 11 14
8 9 11 15
8 9 11 16
8 11 11 14
8 11 11 15
8 11 11 16
8 3 13 6
8 3 13 9
8 3 13 11
8 3 13 14
8 3 13 15
8 3 13 16
8 4 13 6
8 4 13 9
8 4 13 11
8 4 13 14
8 4 13 15
8 4 13 16
8 6 13 9
8 6 13 11
8 6 13 14
8 6 13 15
8 6 13 16
8 9 13 11
8 9 13 14
8 9 13 15
8 9 13 16
8 11 13 14
8 11 13 15
8 11 13 16
8 3 15 6
8 3 15 9
8 3 15 11
8 3 15 14
8 3 15 15
8 3 15 16
8 4 15 6
8 4 15 9
8 4 15 11
8 4 15 14
8 4 15 15
8 4 15 16
8 6 15 9
8 6 15 11
8 6 15 14
8 6 15 15
8 6 15 16
8 9 15 11
8 9 15 14
8 9 15 15
8 9 15 16
8 11 15 14
8 11 15 15
8 11 15 16
8 9 18 11
8 9 18 14
8 9 18 16
8 11 18 14
8 11 18 16
8 14 18 16
8 4 19 6
8 4 19 9
8 4 19 11
8 4 19 14
8 4 19 16
8 6 19 9
8 6 19 11
8 6 19 14
8 6 19 16
8 9 19 11
8 9 19 14
8 9 19 16
8 11 19 14
8 11 19 16
8 14 19 16
8 4 20 6
8 4 20 9
8 4 20 11
8 4 20 14
8 4 20 16
8 6 20 9
8 6 20 11
8 6 20 14
8 6 20 16
8 9 20 11
8 9 20 14
8 9 20 16
8 11 20 14
8 11 20 16
8 14 20 16
8 11 22 14
9 1 11 3
9 1 11 4
9 1 11 6
9 1 11 9
9 3 11 6
9 3 11 9
9 4 11 6
9 4 11 9
9 6 11 9
9 3 13 6
9 3 13 9
9 4 13 6
9 4 13 9
9 6 13 9
9 3 15 6
9 3 15 9
9 4 15 6
9 4 15 9
9 6 15 9
9 14 18 16
9 4 19 6
9 4 19 9
9 6 19 9
9 14 19 16
9 4 20 6
9 4 20 9
9 6 20 9
9 14 20 16
10 14 18 16
10 14 19 16
10 14 20 16
11 3 13 6
11 3 13 9
11 3 13 11
11 3 13 14
11 3 13 15
11 3 13 16
11 4 13 6
11 4 13 9
11 4 13 11
11 4 13 14
11 4 13 15
11 4 13 16
11 6 13 9
11 6 13 11
11 6 13 14
11 6 13 15
11 6 13 16
11 9 13 11
11 9 13 14
11 9 13 15
11 9 13 16
11 11 13 14
11 11 13 15
11 11 13 16
11 3 15 6
11 3 15 9
11 3 15 11
11 3 15 14
11 3 15 15
11 3 15 16
11 4 15 6
11 4 15 9
11 4 15 11
11 4 15 14
11 4 15 15
11 4 15 16
11 6 15 9
11 6 15 11
11 6 15 14
11 6 15 15
11 6 15 16
11 9 15 11
11 9 15 14
11 9 15 15
11 9 15 16
11 11 15 14
11 11 15 15
11 11 15 16
11 9 18 11
11 9 18 14
11 9 18 16
11 11 18 14
11 11 18 16
11 14 18 16
11 4 19 6
11 4 19 9
11 4 19 11
11 4 19 14
11 4 19 16
11 6 19 9
11 6 19 11
11 6 19 14
11 6 19 16
11 9 19 11
11 9 19 14
11 9 19 16
11 11 19 14
11 11 19 16
11 14 19 16
11 4 20 6
11 4 20 9
11 4 20 11
11 4 20 14
11 4 20 16
11 6 20 9
11 6 20 11
11 6 20 14
11 6 20 16
11 9 20 11
11 9 20 14
11 9 20 16
11 11 20 14
11 11 20 16
11 14 20 16
11 11 22 14
12 14 18 16
12 14 19 16
12 14 20 16
13 3 15 6
13 3 15 9
13 3 15 11
13 3 15 14
13 3 15 15
13 3 15 16
13 4 15 6
13 4 15 9
13 4 15 11
13 4 15 14
13 4 15 15
13 4 15 16
13 6 15 9
13 6 15 11
13 6 15 14
13 6 15 15
13 6 15 16
13 9 15 11
13 9 15 14
13 9 15 15
13 9 15 16
13 11 15 14
13 11 15 15
13 11 15 16
13 9 18 11
13 9 18 14
13 9 18 16
13 11 18 14
13 11 18 16
13 14 18 16
13 4 19 6
13 4 19 9
13 4 19 11
13 4 19 14
13 4 19 16
13 6 19 9
13 6 19 11
13 6 19 14
13 6 19 16
13 9 19 11
13 9 19 14
13 9 19 16
13 11 19 14
13 11 19 16
13 14 19 16
13 4 20 6
13 4 20 9
13 4 20 11
13 4 20 14
13 4 20 16
13 6 20 9
13 6 20 11
13 6 20 14
13 6 20 16
13 9 20 11
13 9 20 14
13 9 20 16
13 11 20 14
13 11 20 16
13 14 20 16
13 11 22 14
14 14 18 16
14 14 19 16
14 14 20 16
15 9 18 11
15 9 18 14
15 9 18 16
15 11 18 14
15 11 18 16
15 14 18 16
15 4 19 6
15 4 19 9
15 4 19 11
15 4 19 14
15 4 19 16
15 6 19 9
15 6 19 11
15 6 19 14
15 6 19 16
15 9 19 11
15 9 19 14
15 9 19 16
15 11 19 14
15 11 19 16
15 14 19 16
15 4 20 6
15 4 20 9
15 4 20 11
15 4 20 14
15 4 20 16
15 6 20 9
15 6 20 11
15 6 20 14
15 6 20 16
15 9 20 11
15 9 20 14
15 9 20 16
15 11 20 14
15 11 20 16
15 14 20 16
15 11 22 14
18 11 22 14
19 11 22 14
20 11 22 14
