17 23
11111111111111100000000
10100001000010100000000
10100001000010100000000
11111111111111110000000
11111111111111110000000
11111111111111110000000
00100001000000110000000
00100001000000110000000
00100001000000110000000
00100001000000110000000
00100001000000110000000
00100001111111110000000
00100000000000100000000
00100000000000100000000
00100000000000100000000
00100000000000100000000
00111111111111100000000
41
1 1 4 3
1 1 4 8
1 1 4 13
1 1 4 15
1 3 4 8
1 3 4 13
1 3 4 15
1 8 4 13
1 8 4 15
1 13 4 15
1 1 5 3
1 1 5 8
1 1 5 13
1 1 5 15
1 3 5 8
1 3 5 13
1 3 5 15
1 8 5 13
1 8 5 15
1 13 5 15
1 1 6 3
1 1 6 8
1 1 6 13
1 1 6 15
1 3 6 8
1 3 6 13
1 3 6 15
1 8 6 13
1 8 6 15
1 13 6 15
1 8 12 15
1 3 17 15
4 8 12 15
4 8 12 16
4 3 17 15
5 8 12 15
5 8 12 16
5 3 17 15
6 8 12 15
6 8 12 16
6 3 17 15
