12 21
000000000000000000000
111111111111111111110
111000000000000001010
111111111111111111110
111000000000000001110
111111111111111111110
011001010001000101110
011111111111111111110
011000000000000001010
011000000000000001010
011111111111111111110
001111111111111111000
94
2 1 4 18
2 1 4 20
2 2 4 18
2 2 4 20
2 3 4 18
2 3 4 20
2 18 4 20
2 18 5 20
2 1 6 18
2 1 6 20
2 2 6 18
2 2 6 20
2 3 6 18
2 3 6 20
2 18 6 20
2 18 7 20
2 2 8 18
2 2 8 20
2 3 8 18
2 3 8 20
2 18 8 20
2 2 11 18
2 2 11 20
2 3 11 18
2 3 11 20
2 18 11 20
2 3 12 18
4 1 6 18
4 1 6 19
4 1 6 20
4 2 6 18
4 2 6 19
4 2 6 20
4 3 6 18
4 3 6 19
4 3 6 20
4 2 8 18
4 2 8 19
4 2 8 20
4 3 8 18
4 3 8 19
4 3 8 20
4 2 11 18
4 2 11 20
4 3 11 18
4 3 11 20
4 18 11 20
4 3 12 18
5 18 11 20
6 2 8 6
6 2 8 8
6 2 8 12
6 2 8 16
6 2 8 18
6 2 8 19
6 2 8 20
6 3 8 6
6 3 8 8
6 3 8 12
6 3 8 16
6 3 8 18
6 3 8 19
6 3 8 20
6 6 8 8
6 6 8 12
6 6 8 16
6 6 8 18
6 6 8 19
6 6 8 20
6 8 8 12
6 8 8 16
6 8 8 18
6 8 8 19
6 8 8 20
6 12 8 16
6 12 8 18
6 12 8 19
6 12 8 20
6 16 8 18
6 16 8 19
6 16 8 20
6 2 11 18
6 2 11 20
6 3 11 18
6 3 11 20
6 18 11 20
6 3 12 18
7 18 11 20
8 2 11 18
8 2 11 20
8 3 11 18
8 3 11 20
8 18 11 20
8 3 12 18
