20 20
00000000000000000000
00000000000000000000
00111111111110000000
00100000000010000000
00100000000010000000
00100000000010000000
00100000000010000000
00100000000010000000
00100000000010000000
00100000000011111100
00100000011111111111
00111111111111000101
00000000010001000101
00000000010001000101
11111111110001000101
10000000111111111111
10000000100000000000
10000000100000000000
10000000100000000000
11111111100000000000
10
3 3 12 13
10 14 16 18
11 10 16 14
11 10 16 18
11 10 16 20
11 14 16 18
11 14 16 20
11 18 16 20
12 10 16 14
15 1 20 9
