16 19
0000000011110000000
0000000010010000000
0011111111110000000
0010111111111100000
0010100010000100000
0011111111111110000
0011100110001110000
0011100110001110000
0011111111001111100
0011111111111110100
0001110111111110100
0001111111111100100
0000110001010100100
0000111111111111100
0000011111110000000
0000011111000000000
137
1 9 3 12
1 9 4 12
3 3 6 5
3 3 6 9
3 5 6 9
3 3 7 5
3 3 8 5
3 3 9 5
3 3 9 9
3 5 9 9
3 3 10 5
3 3 10 9
3 5 10 9
3 5 12 9
4 5 6 9
4 5 6 14
4 9 6 14
4 5 9 9
4 5 10 9
4 5 10 14
4 9 10 14
4 9 11 14
4 5 12 9
4 5 12 14
4 9 12 14
4 5 14 14
6 3 9 8
6 3 9 9
6 4 9 8
6 4 9 9
6 5 9 8
6 5 9 9
6 3 10 8
6 3 10 9
6 3 10 13
6 3 10 14
6 3 10 15
6 4 10 8
6 4 10 9
6 4 10 13
6 4 10 14
6 4 10 15
6 5 10 8
6 5 10 9
6 5 10 13
6 5 10 14
6 5 10 15
6 8 10 13
6 8 10 14
6 8 10 15
6 9 10 13
6 9 10 14
6 9 10 15
6 8 11 13
6 8 11 14
6 8 11 15
6 9 11 13
6 9 11 14
6 9 11 15
6 4 12 8
6 4 12 9
6 4 12 13
6 4 12 14
6 5 12 8
6 5 12 9
6 5 12 13
6 5 12 14
6 8 12 13
6 8 12 14
6 9 12 13
6 9 12 14
6 5 14 14
9 4 12 8
9 4 12 9
9 4 12 10
9 5 12 8
9 5 12 9
9 5 12 10
9 6 12 8
9 6 12 9
9 6 12 10
9 5 14 10
9 6 14 10
9 14 14 17
9 6 15 10
9 6 16 10
10 4 12 8
10 4 12 9
10 4 12 10
10 4 12 11
10 4 12 12
10 4 12 13
10 4 12 14
10 5 12 8
10 5 12 9
10 5 12 10
10 5 12 11
10 5 12 12
10 5 12 13
10 5 12 14
10 6 12 8
10 6 12 9
10 6 12 10
10 6 12 11
10 6 12 12
10 6 12 13
10 6 12 14
10 5 14 10
10 5 14 12
10 5 14 14
10 6 14 10
10 6 14 12
10 6 14 14
10 10 14 12
10 10 14 14
10 12 14 14
10 6 15 10
10 6 15 12
10 10 15 12
10 6 16 10
11 10 14 12
11 10 14 14
11 12 14 14
11 10 15 12
12 5 14 10
12 5 14 12
12 5 14 14
12 6 14 10
12 6 14 12
12 6 14 14
12 10 14 12
12 10 14 14
12 12 14 14
12 6 15 10
12 6 15 12
12 10 15 12
12 6 16 10
