18 20
00000000000000000000
00000000000000000000
00000000000000000000
00111111111111111111
00110000100111000001
00110000100101000001
00111111111111111111
00111111111111000001
00111111111111111111
00011111111111000010
00011100100111000010
00011100100111000010
00011111100111000010
00011111111110000010
00000100000011111110
00000100000010000010
00000111111111111110
00000000000000000000
134
4 3 7 9
4 3 7 12
4 3 7 14
4 3 7 20
4 4 7 9
4 4 7 12
4 4 7 14
4 4 7 20
4 9 7 12
4 9 7 14
4 9 7 20
4 12 7 14
4 12 7 20
4 14 7 20
4 3 8 9
4 3 8 12
4 3 8 14
4 4 8 9
4 4 8 12
4 4 8 14
4 9 8 12
4 9 8 14
4 12 8 14
4 3 9 9
4 3 9 12
4 3 9 14
4 3 9 20
4 4 9 9
4 4 9 12
4 4 9 14
4 4 9 20
4 9 9 12
4 9 9 14
4 9 9 20
4 12 9 14
4 12 9 20
4 14 9 20
4 4 10 9
4 4 10 12
4 4 10 14
4 9 10 12
4 9 10 14
4 12 10 14
4 12 11 14
4 12 12 14
4 4 13 9
4 12 13 14
4 4 14 9
4 4 14 12
4 9 14 12
5 12 7 14
5 12 8 14
5 12 9 14
5 12 10 14
5 12 11 14
5 12 12 14
5 12 13 14
7 3 9 20
7 4 9 20
7 5 9 20
7 6 9 20
7 7 9 20
7 8 9 20
7 9 9 20
7 10 9 20
7 11 9 20
7 12 9 20
7 13 9 20
7 14 9 20
7 4 13 9
7 5 13 9
7 6 13 9
7 4 14 9
7 4 14 12
7 4 14 13
7 5 14 9
7 5 14 12
7 5 14 13
7 6 14 9
7 6 14 12
7 6 14 13
7 9 14 12
7 9 14 13
7 6 17 13
8 4 13 9
8 5 13 9
8 6 13 9
8 4 14 9
8 4 14 12
8 4 14 13
8 5 14 9
8 5 14 12
8 5 14 13
8 6 14 9
8 6 14 12
8 6 14 13
8 9 14 12
8 9 14 13
8 6 17 13
9 4 13 9
9 5 13 9
9 6 13 9
9 4 14 9
9 4 14 12
9 4 14 13
9 5 14 9
9 5 14 12
9 5 14 13
9 6 14 9
9 6 14 12
9 6 14 13
9 9 14 12
9 9 14 13
9 13 15 19
9 6 17 13
9 6 17 19
9 13 17 19
10 4 13 9
10 5 13 9
10 6 13 9
10 4 14 9
10 4 14 12
10 4 14 13
10 5 14 9
10 5 14 12
10 5 14 13
10 6 14 9
10 6 14 12
10 6 14 13
10 9 14 12
10 9 14 13
10 6 17 13
14 6 17 13
15 13 17 19
