17 15
111111111111000
110000000011000
111111111111111
111111111111101
111111101011101
110000101011101
111111111111101
110000101010101
110000101010101
110000101010101
111111111110101
110000101000101
111111111111101
110000101000001
110000101111111
110000101000000
111111111000000
141
1 1 3 11
1 1 3 12
1 2 3 11
1 2 3 12
1 1 4 11
1 1 4 12
1 2 4 11
1 2 4 12
1 1 7 11
1 1 7 12
1 2 7 11
1 2 7 12
1 1 11 11
1 2 11 11
3 1 7 7
3 1 7 9
3 1 7 11
3 1 7 12
3 1 7 13
3 2 7 7
3 2 7 9
3 2 7 11
3 2 7 12
3 2 7 13
3 7 7 9
3 7 7 11
3 7 7 12
3 7 7 13
3 9 7 11
3 9 7 12
3 9 7 13
3 1 11 7
3 1 11 9
3 1 11 11
3 2 11 7
3 2 11 9
3 2 11 11
3 7 11 9
3 7 11 11
3 9 11 11
3 1 13 7
3 1 13 9
3 1 13 13
3 2 13 7
3 2 13 9
3 2 13 13
3 7 13 9
3 7 13 13
3 9 13 13
3 9 15 15
3 1 17 7
3 1 17 9
3 2 17 7
3 2 17 9
3 7 17 9
4 1 7 7
4 1 7 9
4 1 7 11
4 1 7 12
4 1 7 13
4 2 7 7
4 2 7 9
4 2 7 11
4 2 7 12
4 2 7 13
4 7 7 9
4 7 7 11
4 7 7 12
4 7 7 13
4 9 7 11
4 9 7 12
4 9 7 13
4 1 11 7
4 1 11 9
4 1 11 11
4 2 11 7
4 2 11 9
4 2 11 11
4 7 11 9
4 7 11 11
4 9 11 11
4 1 13 7
4 1 13 9
4 1 13 13
4 2 13 7
4 2 13 9
4 2 13 13
4 7 13 9
4 7 13 13
4 9 13 13
4 1 17 7
4 1 17 9
4 2 17 7
4 2 17 9
4 7 17 9
5 1 7 7
5 2 7 7
5 1 11 7
5 2 11 7
5 1 13 7
5 2 13 7
5 1 17 7
5 2 17 7
7 1 11 7
7 1 11 9
7 1 11 11
7 2 11 7
7 2 11 9
7 2 11 11
7 7 11 9
7 7 11 11
7 9 11 11
7 1 13 7
7 1 13 9
7 1 13 13
7 2 13 7
7 2 13 9
7 2 13 13
7 7 13 9
7 7 13 13
7 9 13 13
7 1 17 7
7 1 17 9
7 2 17 7
7 2 17 9
7 7 17 9
11 1 13 7
11 1 13 9
11 2 13 7
11 2 13 9
11 7 13 9
11 1 17 7
11 1 17 9
11 2 17 7
11 2 17 9
11 7 17 9
13 1 17 7
13 1 17 9
13 2 17 7
13 2 17 9
13 7 17 9
