12 25
0000000000000000000000000
0000001111111111110000000
0000001011111110010000000
0000001010011010010001110
0000001011111010010001010
0000001010011010010001010
0000001010011010010001010
0000001010011010010001010
0000011111111110010001010
0000011010011010010001010
0000011011111110010001110
0000011111111111110000000
72
2 9 5 12
2 9 5 13
2 7 9 9
2 7 9 12
2 7 9 13
2 7 9 15
2 9 9 12
2 9 9 13
2 9 9 15
2 12 9 15
2 13 9 15
2 9 11 12
2 9 11 13
2 9 11 15
2 12 11 15
2 13 11 15
2 7 12 9
2 7 12 12
2 7 12 13
2 7 12 15
2 7 12 18
2 9 12 12
2 9 12 13
2 9 12 15
2 9 12 18
2 12 12 15
2 12 12 18
2 13 12 15
2 13 12 18
2 15 12 18
3 9 5 12
3 9 5 13
3 9 9 12
3 9 9 13
3 9 9 15
3 12 9 15
3 13 9 15
3 9 11 12
3 9 11 13
3 9 11 15
3 12 11 15
3 13 11 15
3 9 12 12
3 9 12 13
3 9 12 15
3 12 12 15
3 13 12 15
4 22 11 24
5 9 9 12
5 9 9 13
5 9 11 12
5 9 11 13
5 9 12 12
5 9 12 13
9 9 11 12
9 9 11 13
9 9 11 15
9 12 11 15
9 13 11 15
9 6 12 9
9 6 12 12
9 6 12 13
9 6 12 15
9 7 12 9
9 7 12 12
9 7 12 13
9 7 12 15
9 9 12 12
9 9 12 13
9 9 12 15
9 12 12 15
9 13 12 15
