10 10
0000000000
0111111100
0111100100
1111111111
1111111111
1111111111
1111111101
1011111101
1111111111
0011111100
70
2 2 4 8
2 3 4 8
2 4 4 8
2 5 4 8
2 2 5 8
2 3 5 8
2 4 5 8
2 5 5 8
2 2 6 8
2 3 6 8
2 4 6 8
2 5 6 8
2 2 7 8
2 3 7 8
2 4 7 8
2 5 7 8
2 3 8 8
2 4 8 8
2 5 8 8
2 3 9 8
2 4 9 8
2 5 9 8
2 3 10 8
2 4 10 8
2 5 10 8
4 1 9 3
4 1 9 4
4 1 9 5
4 1 9 6
4 1 9 7
4 1 9 8
4 1 9 10
4 3 9 10
4 4 9 10
4 5 9 10
4 6 9 10
4 7 9 10
4 8 9 10
5 1 9 3
5 1 9 4
5 1 9 5
5 1 9 6
5 1 9 7
5 1 9 8
5 1 9 10
5 3 9 10
5 4 9 10
5 5 9 10
5 6 9 10
5 7 9 10
5 8 9 10
6 1 9 3
6 1 9 4
6 1 9 5
6 1 9 6
6 1 9 7
6 1 9 8
6 1 9 10
6 3 9 10
6 4 9 10
6 5 9 10
6 6 9 10
6 7 9 10
6 8 9 10
7 1 9 3
7 1 9 4
7 1 9 5
7 1 9 6
7 1 9 7
7 1 9 8
