21 20
00000000011111111100
00000000010000000100
01111111111111110100
01111111111111111110
01100000010000010110
01100000111111110110
01100000110000110110
01100001111111111110
01111111111111111111
01110011111111111111
01110011110000110111
01110011110000110111
01110011111111111111
01110011111111111111
01110011111111110011
01111111111111111111
01111111111111111111
00011111111111111111
00000001111111111110
00000000000000000000
00000000000000000000
666
1 10 4 18
1 10 8 18
1 10 9 18
1 10 10 18
1 10 13 18
1 10 14 18
3 10 6 16
3 10 8 16
3 2 9 10
3 2 9 16
3 3 9 10
3 3 9 16
3 10 9 16
3 10 10 16
3 10 13 16
3 10 14 16
3 10 15 16
3 2 16 10
3 2 16 16
3 3 16 10
3 3 16 16
3 10 16 16
3 2 17 10
3 2 17 16
3 3 17 10
3 3 17 16
3 10 17 16
3 10 18 16
3 10 19 16
4 10 6 16
4 10 8 16
4 10 8 18
4 10 8 19
4 16 8 18
4 16 8 19
4 2 9 10
4 2 9 16
4 2 9 18
4 2 9 19
4 3 9 10
4 3 9 16
4 3 9 18
4 3 9 19
4 10 9 16
4 10 9 18
4 10 9 19
4 16 9 18
4 16 9 19
4 10 10 16
4 10 10 18
4 10 10 19
4 16 10 18
4 16 10 19
4 10 13 16
4 10 13 18
4 10 13 19
4 16 13 18
4 16 13 19
4 10 14 16
4 10 14 18
4 10 14 19
4 16 14 18
4 16 14 19
4 10 15 16
4 2 16 10
4 2 16 16
4 2 16 19
4 3 16 10
4 3 16 16
4 3 16 19
4 10 16 16
4 10 16 19
4 16 16 19
4 2 17 10
4 2 17 16
4 2 17 19
4 3 17 10
4 3 17 16
4 3 17 19
4 10 17 16
4 10 17 19
4 16 17 19
4 10 18 16
4 10 18 19
4 16 18 19
4 10 19 16
4 10 19 19
4 16 19 19
6 9 8 15
6 9 8 16
6 10 8 15
6 10 8 16
6 9 9 15
6 9 9 16
6 10 9 15
6 10 9 16
6 9 10 15
6 9 10 16
6 10 10 15
6 10 10 16
6 9 13 15
6 9 13 16
6 10 13 15
6 10 13 16
6 9 14 15
6 9 14 16
6 10 14 15
6 10 14 16
6 9 15 15
6 9 15 16
6 10 15 15
6 10 15 16
6 9 16 15
6 9 16 16
6 10 16 15
6 10 16 16
6 9 17 15
6 9 17 16
6 10 17 15
6 10 17 16
6 9 18 15
6 9 18 16
6 10 18 15
6 10 18 16
6 9 19 15
6 9 19 16
6 10 19 15
6 10 19 16
8 8 13 15
8 8 13 16
8 8 13 18
8 8 13 19
8 9 13 15
8 9 13 16
8 9 13 18
8 9 13 19
8 10 13 15
8 10 13 16
8 10 13 18
8 10 13 19
8 15 13 18
8 15 13 19
8 16 13 18
8 16 13 19
8 8 14 15
8 8 14 16
8 8 14 18
8 8 14 19
8 9 14 15
8 9 14 16
8 9 14 18
8 9 14 19
8 10 14 15
8 10 14 16
8 10 14 18
8 10 14 19
8 15 14 18
8 15 14 19
8 16 14 18
8 16 14 19
8 8 15 15
8 8 15 16
8 9 15 15
8 9 15 16
8 10 15 15
8 10 15 16
8 8 16 15
8 8 16 16
8 8 16 19
8 9 16 15
8 9 16 16
8 9 16 19
8 10 16 15
8 10 16 16
8 10 16 19
8 15 16 19
8 16 16 19
8 8 17 15
8 8 17 16
8 8 17 19
8 9 17 15
8 9 17 16
8 9 17 19
8 10 17 15
8 10 17 16
8 10 17 19
8 15 17 19
8 16 17 19
8 8 18 15
8 8 18 16
8 8 18 19
8 9 18 15
8 9 18 16
8 9 18 19
8 10 18 15
8 10 18 16
8 10 18 19
8 15 18 19
8 16 18 19
8 8 19 15
8 8 19 16
8 8 19 19
8 9 19 15
8 9 19 16
8 9 19 19
8 10 19 15
8 10 19 16
8 10 19 19
8 15 19 19
8 16 19 19
9 7 13 15
9 7 13 16
9 7 13 18
9 7 13 19
9 7 13 20
9 8 13 15
9 8 13 16
9 8 13 18
9 8 13 19
9 8 13 20
9 9 13 15
9 9 13 16
9 9 13 18
9 9 13 19
9 9 13 20
9 10 13 15
9 10 13 16
9 10 13 18
9 10 13 19
9 10 13 20
9 15 13 18
9 15 13 19
9 15 13 20
9 16 13 18
9 16 13 19
9 16 13 20
9 7 14 15
9 7 14 16
9 7 14 18
9 7 14 19
9 7 14 20
9 8 14 15
9 8 14 16
9 8 14 18
9 8 14 19
9 8 14 20
9 9 14 15
9 9 14 16
9 9 14 18
9 9 14 19
9 9 14 20
9 10 14 15
9 10 14 16
9 10 14 18
9 10 14 19
9 10 14 20
9 15 14 18
9 15 14 19
9 15 14 20
9 16 14 18
9 16 14 19
9 16 14 20
9 7 15 15
9 7 15 16
9 8 15 15
9 8 15 16
9 9 15 15
9 9 15 16
9 10 15 15
9 10 15 16
9 2 16 7
9 2 16 8
9 2 16 9
9 2 16 10
9 2 16 15
9 2 16 16
9 2 16 19
9 2 16 20
9 3 16 7
9 3 16 8
9 3 16 9
9 3 16 10
9 3 16 15
9 3 16 16
9 3 16 19
9 3 16 20
9 4 16 7
9 4 16 8
9 4 16 9
9 4 16 10
9 4 16 15
9 4 16 16
9 4 16 19
9 4 16 20
9 7 16 15
9 7 16 16
9 7 16 19
9 7 16 20
9 8 16 15
9 8 16 16
9 8 16 19
9 8 16 20
9 9 16 15
9 9 16 16
9 9 16 19
9 9 16 20
9 10 16 15
9 10 16 16
9 10 16 19
9 10 16 20
9 15 16 19
9 15 16 20
9 16 16 19
9 16 16 20
9 2 17 7
9 2 17 8
9 2 17 9
9 2 17 10
9 2 17 15
9 2 17 16
9 2 17 19
9 2 17 20
9 3 17 7
9 3 17 8
9 3 17 9
9 3 17 10
9 3 17 15
9 3 17 16
9 3 17 19
9 3 17 20
9 4 17 7
9 4 17 8
9 4 17 9
9 4 17 10
9 4 17 15
9 4 17 16
9 4 17 19
9 4 17 20
9 7 17 15
9 7 17 16
9 7 17 19
9 7 17 20
9 8 17 15
9 8 17 16
9 8 17 19
9 8 17 20
9 9 17 15
9 9 17 16
9 9 17 19
9 9 17 20
9 10 17 15
9 10 17 16
9 10 17 19
9 10 17 20
9 15 17 19
9 15 17 20
9 16 17 19
9 16 17 20
9 4 18 7
9 4 18 8
9 4 18 9
9 4 18 10
9 4 18 15
9 4 18 16
9 4 18 19
9 4 18 20
9 7 18 15
9 7 18 16
9 7 18 19
9 7 18 20
9 8 18 15
9 8 18 16
9 8 18 19
9 8 18 20
9 9 18 15
9 9 18 16
9 9 18 19
9 9 18 20
9 10 18 15
9 10 18 16
9 10 18 19
9 10 18 20
9 15 18 19
9 15 18 20
9 16 18 19
9 16 18 20
9 8 19 15
9 8 19 16
9 8 19 19
9 9 19 15
9 9 19 16
9 9 19 19
9 10 19 15
9 10 19 16
9 10 19 19
9 15 19 19
9 16 19 19
10 7 13 15
10 7 13 16
10 7 13 18
10 7 13 19
10 7 13 20
10 8 13 15
10 8 13 16
10 8 13 18
10 8 13 19
10 8 13 20
10 9 13 15
10 9 13 16
10 9 13 18
10 9 13 19
10 9 13 20
10 10 13 15
10 10 13 16
10 10 13 18
10 10 13 19
10 10 13 20
10 15 13 18
10 15 13 19
10 15 13 20
10 16 13 18
10 16 13 19
10 16 13 20
10 7 14 15
10 7 14 16
10 7 14 18
10 7 14 19
10 7 14 20
10 8 14 15
10 8 14 16
10 8 14 18
10 8 14 19
10 8 14 20
10 9 14 15
10 9 14 16
10 9 14 18
10 9 14 19
10 9 14 20
10 10 14 15
10 10 14 16
10 10 14 18
10 10 14 19
10 10 14 20
10 15 14 18
10 15 14 19
10 15 14 20
10 16 14 18
10 16 14 19
10 16 14 20
10 7 15 15
10 7 15 16
10 8 15 15
10 8 15 16
10 9 15 15
10 9 15 16
10 10 15 15
10 10 15 16
10 7 16 15
10 7 16 16
10 7 16 19
10 7 16 20
10 8 16 15
10 8 16 16
10 8 16 19
10 8 16 20
10 9 16 15
10 9 16 16
10 9 16 19
10 9 16 20
10 10 16 15
10 10 16 16
10 10 16 19
10 10 16 20
10 15 16 19
10 15 16 20
10 16 16 19
10 16 16 20
10 7 17 15
10 7 17 16
10 7 17 19
10 7 17 20
10 8 17 15
10 8 17 16
10 8 17 19
10 8 17 20
10 9 17 15
10 9 17 16
10 9 17 19
10 9 17 20
10 10 17 15
10 10 17 16
10 10 17 19
10 10 17 20
10 15 17 19
10 15 17 20
10 16 17 19
10 16 17 20
10 7 18 15
10 7 18 16
10 7 18 19
10 7 18 20
10 8 18 15
10 8 18 16
10 8 18 19
10 8 18 20
10 9 18 15
10 9 18 16
10 9 18 19
10 9 18 20
10 10 18 15
10 10 18 16
10 10 18 19
10 10 18 20
10 15 18 19
10 15 18 20
10 16 18 19
10 16 18 20
10 8 19 15
10 8 19 16
10 8 19 19
10 9 19 15
10 9 19 16
10 9 19 19
10 10 19 15
10 10 19 16
10 10 19 19
10 15 19 19
10 16 19 19
13 7 16 19
13 7 16 20
13 8 16 19
13 8 16 20
13 9 16 19
13 9 16 20
13 10 16 19
13 10 16 20
13 11 16 19
13 11 16 20
13 12 16 19
13 12 16 20
13 13 16 19
13 13 16 20
13 14 16 19
13 14 16 20
13 15 16 19
13 15 16 20
13 16 16 19
13 16 16 20
13 7 17 19
13 7 17 20
13 8 17 19
13 8 17 20
13 9 17 19
13 9 17 20
13 10 17 19
13 10 17 20
13 11 17 19
13 11 17 20
13 12 17 19
13 12 17 20
13 13 17 19
13 13 17 20
13 14 17 19
13 14 17 20
13 15 17 19
13 15 17 20
13 16 17 19
13 16 17 20
13 7 18 19
13 7 18 20
13 8 18 19
13 8 18 20
13 9 18 19
13 9 18 20
13 10 18 19
13 10 18 20
13 11 18 19
13 11 18 20
13 12 18 19
13 12 18 20
13 13 18 19
13 13 18 20
13 14 18 19
13 14 18 20
13 15 18 19
13 15 18 20
13 16 18 19
13 16 18 20
13 8 19 19
13 9 19 19
13 10 19 19
13 11 19 19
13 12 19 19
13 13 19 19
13 14 19 19
13 15 19 19
13 16 19 19
14 7 16 19
14 7 16 20
14 8 16 19
14 8 16 20
14 9 16 19
14 9 16 20
14 10 16 19
14 10 16 20
14 11 16 19
14 11 16 20
14 12 16 19
14 12 16 20
14 13 16 19
14 13 16 20
14 14 16 19
14 14 16 20
14 15 16 19
14 15 16 20
14 16 16 19
14 16 16 20
14 7 17 19
14 7 17 20
14 8 17 19
14 8 17 20
14 9 17 19
14 9 17 20
14 10 17 19
14 10 17 20
14 11 17 19
14 11 17 20
14 12 17 19
14 12 17 20
14 13 17 19
14 13 17 20
14 14 17 19
14 14 17 20
14 15 17 19
14 15 17 20
14 16 17 19
14 16 17 20
14 7 18 19
14 7 18 20
14 8 18 19
14 8 18 20
14 9 18 19
14 9 18 20
14 10 18 19
14 10 18 20
14 11 18 19
14 11 18 20
14 12 18 19
14 12 18 20
14 13 18 19
14 13 18 20
14 14 18 19
14 14 18 20
14 15 18 19
14 15 18 20
14 16 18 19
14 16 18 20
14 8 19 19
14 9 19 19
14 10 19 19
14 11 19 19
14 12 19 19
14 13 19 19
14 14 19 19
14 15 19 19
14 16 19 19
