15 18
000000000000000000
000111111111111000
011111111111111000
010110000011111111
010110000011111001
010110000011111001
010111111111111001
010111111111111001
010111111111001001
010101000111001001
010101111111001001
010111111111111001
011111111111000001
000000000010000001
000000000011111111
133
2 4 7 11
2 4 7 12
2 4 7 13
2 4 7 14
2 4 7 15
2 5 7 11
2 5 7 12
2 5 7 13
2 5 7 14
2 5 7 15
2 4 8 11
2 4 8 12
2 4 8 13
2 4 8 14
2 4 8 15
2 5 8 11
2 5 8 12
2 5 8 13
2 5 8 14
2 5 8 15
2 4 9 11
2 4 9 12
2 5 9 11
2 5 9 12
2 4 12 11
2 4 12 12
2 4 12 15
2 11 12 15
2 12 12 15
2 4 13 11
2 4 13 12
3 4 7 11
3 4 7 12
3 4 7 13
3 4 7 14
3 4 7 15
3 5 7 11
3 5 7 12
3 5 7 13
3 5 7 14
3 5 7 15
3 4 8 11
3 4 8 12
3 4 8 13
3 4 8 14
3 4 8 15
3 5 8 11
3 5 8 12
3 5 8 13
3 5 8 14
3 5 8 15
3 4 9 11
3 4 9 12
3 5 9 11
3 5 9 12
3 4 12 11
3 4 12 12
3 4 12 15
3 11 12 15
3 12 12 15
3 2 13 4
3 2 13 11
3 2 13 12
3 4 13 11
3 4 13 12
4 11 12 15
4 12 12 15
4 11 15 18
5 11 12 15
5 12 12 15
6 11 12 15
6 12 12 15
7 6 11 10
7 6 11 11
7 6 11 12
7 4 12 6
7 4 12 10
7 4 12 11
7 4 12 12
7 4 12 15
7 6 12 10
7 6 12 11
7 6 12 12
7 6 12 15
7 10 12 15
7 11 12 15
7 12 12 15
7 4 13 6
7 4 13 10
7 4 13 11
7 4 13 12
7 6 13 10
7 6 13 11
7 6 13 12
8 6 11 10
8 6 11 11
8 6 11 12
8 4 12 6
8 4 12 10
8 4 12 11
8 4 12 12
8 4 12 15
8 6 12 10
8 6 12 11
8 6 12 12
8 6 12 15
8 10 12 15
8 11 12 15
8 12 12 15
8 4 13 6
8 4 13 10
8 4 13 11
8 4 13 12
8 6 13 10
8 6 13 11
8 6 13 12
9 6 11 10
9 6 11 11
9 6 11 12
9 4 12 6
9 4 12 10
9 4 12 11
9 4 12 12
9 6 12 10
9 6 12 11
9 6 12 12
9 4 13 6
9 4 13 10
9 4 13 11
9 4 13 12
9 6 13 10
9 6 13 11
9 6 13 12
