18 22
0000000000011111000000
1111100000010001000000
1000100000011111110000
1000100000010001010000
1000100000010001010000
1000100000010001010000
1000100000011111010000
1000100000010000010000
1001111111110000010000
1001101111110000010000
1001101001110000010000
1111111111110000010000
0101111111110000010000
0101111111111111110000
0100101001110000000000
0111111111110000000000
0000001011000000000000
0000001111000000000000
90
1 12 3 16
1 12 7 16
2 1 12 5
3 12 7 16
3 12 14 18
9 4 12 7
9 4 12 10
9 4 12 11
9 4 12 12
9 5 12 7
9 5 12 10
9 5 12 11
9 5 12 12
9 7 12 10
9 7 12 11
9 7 12 12
9 4 13 7
9 4 13 10
9 4 13 11
9 4 13 12
9 5 13 7
9 5 13 10
9 5 13 11
9 5 13 12
9 7 13 10
9 7 13 11
9 7 13 12
9 4 14 7
9 4 14 10
9 4 14 11
9 4 14 12
9 5 14 7
9 5 14 10
9 5 14 11
9 5 14 12
9 7 14 10
9 7 14 11
9 7 14 12
9 5 16 7
9 5 16 10
9 5 16 11
9 5 16 12
9 7 16 10
9 7 16 11
9 7 16 12
9 7 18 10
10 7 12 10
10 7 12 11
10 7 12 12
10 7 13 10
10 7 13 11
10 7 13 12
10 7 14 10
10 7 14 11
10 7 14 12
10 7 16 10
10 7 16 11
10 7 16 12
10 7 18 10
12 2 16 5
12 2 16 7
12 2 16 10
12 2 16 11
12 2 16 12
12 5 16 7
12 5 16 10
12 5 16 11
12 5 16 12
12 7 16 10
12 7 16 11
12 7 16 12
12 7 18 10
13 5 16 7
13 5 16 10
13 5 16 11
13 5 16 12
13 7 16 10
13 7 16 11
13 7 16 12
13 7 18 10
14 5 16 7
14 5 16 10
14 5 16 11
14 5 16 12
14 7 16 10
14 7 16 11
14 7 16 12
14 7 18 10
16 7 18 9
16 7 18 10
