22 12
000011110000
000010010000
000010010000
000011110000
001111111110
001111111110
001111111110
001111110010
001111111110
001011010010
001011111111
001111110011
001111010011
000011010011
000011010011
000011010011
000011010011
000011111111
000001111111
000000000000
000000000000
000000000000
142
1 5 4 8
1 5 5 8
1 5 6 8
1 5 7 8
1 5 8 8
1 5 9 8
1 5 11 8
1 5 12 8
1 5 18 8
4 5 11 8
4 6 11 8
4 5 12 8
4 6 12 8
4 5 18 8
4 6 18 8
4 6 19 8
5 3 9 11
5 4 9 11
5 5 9 11
5 6 9 11
5 7 9 11
5 8 9 11
5 5 11 8
5 5 11 11
5 6 11 8
5 6 11 11
5 8 11 11
5 3 12 5
5 3 12 6
5 3 12 8
5 5 12 8
5 6 12 8
5 3 13 5
5 3 13 6
5 5 18 8
5 5 18 11
5 6 18 8
5 6 18 11
5 8 18 11
5 6 19 8
5 6 19 11
5 8 19 11
6 3 9 11
6 4 9 11
6 5 9 11
6 6 9 11
6 7 9 11
6 8 9 11
6 5 11 8
6 5 11 11
6 6 11 8
6 6 11 11
6 8 11 11
6 3 12 5
6 3 12 6
6 3 12 8
6 5 12 8
6 6 12 8
6 3 13 5
6 3 13 6
6 5 18 8
6 5 18 11
6 6 18 8
6 6 18 11
6 8 18 11
6 6 19 8
6 6 19 11
6 8 19 11
7 3 9 11
7 4 9 11
7 5 9 11
7 6 9 11
7 7 9 11
7 8 9 11
7 5 11 8
7 5 11 11
7 6 11 8
7 6 11 11
7 8 11 11
7 3 12 5
7 3 12 6
7 3 12 8
7 5 12 8
7 6 12 8
7 3 13 5
7 3 13 6
7 5 18 8
7 5 18 11
7 6 18 8
7 6 18 11
7 8 18 11
7 6 19 8
7 6 19 11
7 8 19 11
8 5 11 8
8 6 11 8
8 3 12 5
8 3 12 6
8 3 12 8
8 5 12 8
8 6 12 8
8 3 13 5
8 3 13 6
8 5 18 8
8 6 18 8
8 6 19 8
9 5 11 8
9 5 11 11
9 6 11 8
9 6 11 11
9 8 11 11
9 3 12 5
9 3 12 6
9 3 12 8
9 5 12 8
9 6 12 8
9 3 13 5
9 3 13 6
9 5 18 8
9 5 18 11
9 6 18 8
9 6 18 11
9 8 18 11
9 6 19 8
9 6 19 11
9 8 19 11
11 5 18 8
11 5 18 11
11 5 18 12
11 6 18 8
11 6 18 11
11 6 18 12
11 8 18 11
11 8 18 12
11 6 19 8
11 6 19 11
11 6 19 12
11 8 19 11
11 8 19 12
12 5 18 8
12 6 18 8
12 6 19 8
