22 24
000000000000000000000000
000000000000000000000000
000000111111111110000000
011111111110000010000000
010000100010000010000000
111111111111111111111100
110000100010110010000100
110000100010110010000100
110000100010110010000100
110000111111110010000100
110000111111111110000100
110000101111111000000100
110000101010111000000100
111111111111111000000100
010101111111111110000100
010111101010111010000100
010001101010111010000100
010001101010111011100100
011111111111111010100100
000001111111110011100100
000001111111111110000100
000000000000011111111100
313
3 7 6 11
3 7 6 17
3 11 6 17
3 7 10 11
3 7 11 11
3 7 11 17
3 11 11 17
3 7 14 11
3 7 15 11
3 7 19 11
3 7 20 11
3 7 21 11
4 2 6 7
4 2 6 11
4 7 6 11
4 7 10 11
4 7 11 11
4 2 14 7
4 2 14 11
4 7 14 11
4 7 15 11
4 2 19 7
4 2 19 11
4 7 19 11
4 7 20 11
4 7 21 11
6 7 10 11
6 7 10 13
6 7 10 14
6 11 10 13
6 11 10 14
6 7 11 11
6 7 11 13
6 7 11 14
6 7 11 17
6 11 11 13
6 11 11 14
6 11 11 17
6 13 11 17
6 14 11 17
6 11 12 13
6 11 12 14
6 1 14 7
6 1 14 11
6 1 14 13
6 1 14 14
6 2 14 7
6 2 14 11
6 2 14 13
6 2 14 14
6 7 14 11
6 7 14 13
6 7 14 14
6 11 14 13
6 11 14 14
6 7 15 11
6 7 15 13
6 7 15 14
6 11 15 13
6 11 15 14
6 2 19 7
6 2 19 11
6 2 19 13
6 2 19 14
6 7 19 11
6 7 19 13
6 7 19 14
6 11 19 13
6 11 19 14
6 7 20 11
6 7 20 13
6 7 20 14
6 11 20 13
6 11 20 14
6 7 21 11
6 7 21 13
6 7 21 14
6 11 21 13
6 11 21 14
6 14 22 22
10 7 14 9
10 7 14 11
10 7 14 13
10 7 14 14
10 9 14 11
10 9 14 13
10 9 14 14
10 11 14 13
10 11 14 14
10 7 15 9
10 7 15 11
10 7 15 13
10 7 15 14
10 9 15 11
10 9 15 13
10 9 15 14
10 11 15 13
10 11 15 14
10 7 19 9
10 7 19 11
10 7 19 13
10 7 19 14
10 9 19 11
10 9 19 13
10 9 19 14
10 11 19 13
10 11 19 14
10 7 20 9
10 7 20 11
10 7 20 13
10 7 20 14
10 9 20 11
10 9 20 13
10 9 20 14
10 11 20 13
10 11 20 14
10 7 21 9
10 7 21 11
10 7 21 13
10 7 21 14
10 9 21 11
10 9 21 13
10 9 21 14
10 11 21 13
10 11 21 14
11 7 14 9
11 7 14 11
11 7 14 13
11 7 14 14
11 7 14 15
11 9 14 11
11 9 14 13
11 9 14 14
11 9 14 15
11 11 14 13
11 11 14 14
11 11 14 15
11 7 15 9
11 7 15 11
11 7 15 13
11 7 15 14
11 7 15 15
11 9 15 11
11 9 15 13
11 9 15 14
11 9 15 15
11 11 15 13
11 11 15 14
11 11 15 15
11 7 19 9
11 7 19 11
11 7 19 13
11 7 19 14
11 7 19 15
11 9 19 11
11 9 19 13
11 9 19 14
11 9 19 15
11 11 19 13
11 11 19 14
11 11 19 15
11 7 20 9
11 7 20 11
11 7 20 13
11 7 20 14
11 9 20 11
11 9 20 13
11 9 20 14
11 11 20 13
11 11 20 14
11 7 21 9
11 7 21 11
11 7 21 13
11 7 21 14
11 9 21 11
11 9 21 13
11 9 21 14
11 11 21 13
11 11 21 14
12 9 14 11
12 9 14 13
12 9 14 14
12 9 14 15
12 11 14 13
12 11 14 14
12 11 14 15
12 9 15 11
12 9 15 13
12 9 15 14
12 9 15 15
12 11 15 13
12 11 15 14
12 11 15 15
12 9 19 11
12 9 19 13
12 9 19 14
12 9 19 15
12 11 19 13
12 11 19 14
12 11 19 15
12 9 20 11
12 9 20 13
12 9 20 14
12 11 20 13
12 11 20 14
12 9 21 11
12 9 21 13
12 9 21 14
12 11 21 13
12 11 21 14
14 4 16 6
14 4 16 7
14 2 19 6
14 2 19 7
14 2 19 9
14 2 19 11
14 2 19 13
14 2 19 14
14 2 19 15
14 6 19 9
14 6 19 11
14 6 19 13
14 6 19 14
14 6 19 15
14 7 19 9
14 7 19 11
14 7 19 13
14 7 19 14
14 7 19 15
14 9 19 11
14 9 19 13
14 9 19 14
14 9 19 15
14 11 19 13
14 11 19 14
14 11 19 15
14 6 20 9
14 6 20 11
14 6 20 13
14 6 20 14
14 7 20 9
14 7 20 11
14 7 20 13
14 7 20 14
14 9 20 11
14 9 20 13
14 9 20 14
14 11 20 13
14 11 20 14
14 6 21 9
14 6 21 11
14 6 21 13
14 6 21 14
14 7 21 9
14 7 21 11
14 7 21 13
14 7 21 14
14 9 21 11
14 9 21 13
14 9 21 14
14 11 21 13
14 11 21 14
15 6 19 9
15 6 19 11
15 6 19 13
15 6 19 14
15 6 19 15
15 7 19 9
15 7 19 11
15 7 19 13
15 7 19 14
15 7 19 15
15 9 19 11
15 9 19 13
15 9 19 14
15 9 19 15
15 11 19 13
15 11 19 14
15 11 19 15
15 6 20 9
15 6 20 11
15 6 20 13
15 6 20 14
15 7 20 9
15 7 20 11
15 7 20 13
15 7 20 14
15 9 20 11
15 9 20 13
15 9 20 14
15 11 20 13
15 11 20 14
15 6 21 9
15 6 21 11
15 6 21 13
15 6 21 14
15 6 21 17
15 7 21 9
15 7 21 11
15 7 21 13
15 7 21 14
15 7 21 17
15 9 21 11
15 9 21 13
15 9 21 14
15 9 21 17
15 11 21 13
15 11 21 14
15 11 21 17
15 13 21 17
15 14 21 17
15 14 22 17
18 17 20 19
