15 14
00011111111111
00010000001101
00011111111101
00010011011101
01111011011101
01011011011101
01011011011101
01111111111101
01111011011101
00111111111101
00010011011101
00011111111101
00010000001111
00011111111000
00000000000000
95
1 4 3 11
1 4 3 12
1 4 8 11
1 4 8 12
1 4 10 11
1 4 10 12
1 4 12 11
1 4 12 12
1 11 13 14
1 12 13 14
1 4 14 11
3 4 8 7
3 4 8 8
3 4 8 10
3 4 8 11
3 4 8 12
3 7 8 10
3 7 8 11
3 7 8 12
3 8 8 10
3 8 8 11
3 8 8 12
3 4 10 7
3 4 10 8
3 4 10 10
3 4 10 11
3 4 10 12
3 7 10 10
3 7 10 11
3 7 10 12
3 8 10 10
3 8 10 11
3 8 10 12
3 4 12 7
3 4 12 8
3 4 12 10
3 4 12 11
3 4 12 12
3 7 12 10
3 7 12 11
3 7 12 12
3 8 12 10
3 8 12 11
3 8 12 12
3 4 14 11
5 2 8 4
5 2 8 5
5 2 9 4
5 2 9 5
8 3 10 7
8 3 10 8
8 3 10 10
8 3 10 11
8 3 10 12
8 4 10 7
8 4 10 8
8 4 10 10
8 4 10 11
8 4 10 12
8 5 10 7
8 5 10 8
8 5 10 10
8 5 10 11
8 5 10 12
8 7 10 10
8 7 10 11
8 7 10 12
8 8 10 10
8 8 10 11
8 8 10 12
8 4 12 7
8 4 12 8
8 4 12 10
8 4 12 11
8 4 12 12
8 7 12 10
8 7 12 11
8 7 12 12
8 8 12 10
8 8 12 11
8 8 12 12
8 4 14 11
10 4 12 7
10 4 12 8
10 4 12 10
10 4 12 11
10 4 12 12
10 7 12 10
10 7 12 11
10 7 12 12
10 8 12 10
10 8 12 11
10 8 12 12
10 4 14 11
12 4 14 11
