11 22
0000111111111111111110
1111111100000010110010
1000101100000010110010
1000111111111111110010
1111111100000111111110
0000001000111111111110
0000001000100110010110
0000001000100111111110
0000001000100010000100
0000001000111111111100
0000001111111110000000
61
1 5 4 7
1 5 4 8
1 5 4 15
1 5 4 17
1 5 4 18
1 7 4 15
1 7 4 17
1 7 4 18
1 8 4 15
1 8 4 17
1 8 4 18
1 15 4 17
1 15 4 18
1 5 5 7
1 5 5 8
1 15 5 17
1 15 5 18
1 15 5 21
1 17 5 21
1 18 5 21
1 15 6 17
1 15 6 18
1 15 6 21
1 17 6 21
1 18 6 21
1 15 8 18
1 15 8 21
1 18 8 21
1 7 11 15
2 5 4 7
2 5 4 8
2 1 5 5
2 1 5 7
2 1 5 8
2 5 5 7
2 5 5 8
4 14 8 18
4 15 8 18
4 7 11 15
5 14 8 18
5 14 8 20
5 14 8 21
5 15 8 18
5 15 8 20
5 15 8 21
5 18 8 20
5 18 8 21
5 15 10 20
6 14 8 18
6 14 8 20
6 14 8 21
6 15 8 18
6 15 8 20
6 15 8 21
6 18 8 20
6 18 8 21
6 11 10 15
6 11 10 20
6 15 10 20
6 11 11 15
8 15 10 20
