20 23
00000000000000000000000
11111111111111111110000
10000000000000000010000
10000000000000000010000
10000000000000000010000
10000000000000000010000
10111111100000000010000
10100000100000000010000
10100000100000000010000
10100000100000000010000
10100000100000000010000
10100000100000000010000
10101111111111100010000
10101000100000100010000
10111111100000100010000
10001000000000100010000
10001000000000100010000
10001000000000100010000
11111111111111111110000
00001111111111100000000
5
2 1 19 19
7 3 15 9
13 5 15 9
13 5 19 15
13 5 20 15
