10 15
000000000000000
000000000000000
000111111111110
000100111100010
000100100100010
000111111100010
011111100100010
010111111111110
010111111111110
011111111111110
42
3 4 6 7
3 4 6 10
3 7 6 10
3 4 7 7
3 4 8 7
3 4 8 10
3 4 8 14
3 7 8 10
3 7 8 14
3 10 8 14
3 4 9 7
3 4 9 10
3 4 9 14
3 7 9 10
3 7 9 14
3 10 9 14
3 4 10 7
3 4 10 10
3 4 10 14
3 7 10 10
3 7 10 14
3 10 10 14
4 7 6 10
4 7 8 10
4 7 9 10
4 7 10 10
6 4 8 10
6 5 8 10
6 6 8 10
6 7 8 10
6 4 9 10
6 5 9 10
6 6 9 10
6 7 9 10
6 4 10 10
6 5 10 10
6 6 10 10
6 7 10 10
7 2 10 4
7 2 10 5
7 2 10 6
7 2 10 7
