13 21
000000000000000000000
001111111111110000000
011111111100010000000
011001001111111111111
011111111111110000001
010001001100011110001
010001111111111111111
010001011111111111110
011111111111010010010
010001111001011110010
010001111001000000010
011111111111111111110
000000000000000000000
102
2 9 4 14
2 10 4 14
2 3 5 6
2 3 5 9
2 3 5 10
2 3 5 14
2 6 5 9
2 6 5 10
2 6 5 14
2 9 5 14
2 10 5 14
2 6 7 9
2 6 7 10
2 6 7 14
2 9 7 14
2 10 7 14
2 9 8 14
2 10 8 14
2 6 9 9
2 6 9 10
2 6 10 9
2 6 11 9
2 6 12 9
3 2 5 6
3 2 5 9
3 2 5 10
3 3 5 6
3 3 5 9
3 3 5 10
3 6 5 9
3 6 5 10
3 6 7 9
3 6 7 10
3 2 9 6
3 2 9 9
3 2 9 10
3 6 9 9
3 6 9 10
3 6 10 9
3 6 11 9
3 2 12 6
3 2 12 9
3 6 12 9
4 9 7 14
4 9 7 21
4 10 7 14
4 10 7 21
4 14 7 21
4 9 8 14
4 10 8 14
5 6 7 9
5 6 7 10
5 6 7 14
5 9 7 14
5 10 7 14
5 9 8 14
5 10 8 14
5 2 9 6
5 2 9 9
5 2 9 10
5 6 9 9
5 6 9 10
5 6 10 9
5 6 11 9
5 2 12 6
5 2 12 9
5 6 12 9
6 14 10 17
7 6 9 8
7 6 9 9
7 6 9 10
7 6 9 11
7 6 9 12
7 6 10 8
7 6 10 9
7 14 10 17
7 6 11 8
7 6 11 9
7 6 12 8
7 6 12 9
7 6 12 12
7 6 12 20
7 8 12 12
7 8 12 20
7 9 12 12
7 9 12 20
7 12 12 20
8 14 10 17
8 8 12 12
8 8 12 20
8 9 12 12
8 9 12 20
8 12 12 20
9 2 12 6
9 2 12 7
9 2 12 8
9 2 12 9
9 2 12 12
9 6 12 12
9 7 12 12
9 8 12 12
9 9 12 12
