13 10
0000000000
1111111111
1111101111
1011111011
1011101011
1111111011
1011111111
1011111111
1111111111
1011101110
1111111110
1011111110
1111111110
246
2 3 4 7
2 4 4 7
2 5 4 7
2 1 6 3
2 1 6 4
2 1 6 5
2 1 6 7
2 3 6 7
2 4 6 7
2 5 6 7
2 3 7 7
2 3 7 9
2 3 7 10
2 4 7 7
2 4 7 9
2 4 7 10
2 5 7 7
2 5 7 9
2 5 7 10
2 7 7 9
2 7 7 10
2 3 8 7
2 3 8 9
2 3 8 10
2 4 8 7
2 4 8 9
2 4 8 10
2 5 8 7
2 5 8 9
2 5 8 10
2 7 8 9
2 7 8 10
2 1 9 3
2 1 9 4
2 1 9 5
2 1 9 7
2 1 9 9
2 1 9 10
2 3 9 7
2 3 9 9
2 3 9 10
2 4 9 7
2 4 9 9
2 4 9 10
2 5 9 7
2 5 9 9
2 5 9 10
2 7 9 9
2 7 9 10
2 7 10 9
2 1 11 3
2 1 11 4
2 1 11 5
2 1 11 7
2 1 11 9
2 3 11 7
2 3 11 9
2 4 11 7
2 4 11 9
2 5 11 7
2 5 11 9
2 7 11 9
2 3 12 7
2 3 12 9
2 4 12 7
2 4 12 9
2 5 12 7
2 5 12 9
2 7 12 9
2 1 13 3
2 1 13 4
2 1 13 5
2 1 13 7
2 1 13 9
2 3 13 7
2 3 13 9
2 4 13 7
2 4 13 9
2 5 13 7
2 5 13 9
2 7 13 9
3 1 6 3
3 1 6 4
3 1 6 5
3 7 7 9
3 7 7 10
3 7 8 9
3 7 8 10
3 1 9 3
3 1 9 4
3 1 9 5
3 7 9 9
3 7 9 10
3 7 10 9
3 1 11 3
3 1 11 4
3 1 11 5
3 7 11 9
3 7 12 9
3 1 13 3
3 1 13 4
3 1 13 5
3 7 13 9
4 3 6 7
4 4 6 7
4 5 6 7
4 3 7 7
4 4 7 7
4 5 7 7
4 3 8 7
4 4 8 7
4 5 8 7
4 3 9 7
4 4 9 7
4 5 9 7
4 3 11 7
4 4 11 7
4 5 11 7
4 3 12 7
4 4 12 7
4 5 12 7
4 3 13 7
4 4 13 7
4 5 13 7
6 1 9 3
6 1 9 4
6 1 9 5
6 1 9 6
6 1 9 7
6 1 11 3
6 1 11 4
6 1 11 5
6 1 11 7
6 3 11 7
6 4 11 7
6 5 11 7
6 3 12 7
6 4 12 7
6 5 12 7
6 1 13 3
6 1 13 4
6 1 13 5
6 1 13 7
6 3 13 7
6 4 13 7
6 5 13 7
7 3 11 7
7 3 11 8
7 3 11 9
7 4 11 7
7 4 11 8
7 4 11 9
7 5 11 7
7 5 11 8
7 5 11 9
7 3 12 7
7 3 12 8
7 3 12 9
7 4 12 7
7 4 12 8
7 4 12 9
7 5 12 7
7 5 12 8
7 5 12 9
7 3 13 7
7 3 13 8
7 3 13 9
7 4 13 7
7 4 13 8
7 4 13 9
7 5 13 7
7 5 13 8
7 5 13 9
8 3 11 7
8 3 11 8
8 3 11 9
8 4 11 7
8 4 11 8
8 4 11 9
8 5 11 7
8 5 11 8
8 5 11 9
8 3 12 7
8 3 12 8
8 3 12 9
8 4 12 7
8 4 12 8
8 4 12 9
8 5 12 7
8 5 12 8
8 5 12 9
8 3 13 7
8 3 13 8
8 3 13 9
8 4 13 7
8 4 13 8
8 4 13 9
8 5 13 7
8 5 13 8
8 5 13 9
9 1 11 3
9 1 11 4
9 1 11 5
9 1 11 7
9 1 11 8
9 1 11 9
9 3 11 7
9 3 11 8
9 3 11 9
9 4 11 7
9 4 11 8
9 4 11 9
9 5 11 7
9 5 11 8
9 5 11 9
9 3 12 7
9 3 12 8
9 3 12 9
9 4 12 7
9 4 12 8
9 4 12 9
9 5 12 7
9 5 12 8
9 5 12 9
9 1 13 3
9 1 13 4
9 1 13 5
9 1 13 7
9 1 13 8
9 1 13 9
9 3 13 7
9 3 13 8
9 3 13 9
9 4 13 7
9 4 13 8
9 4 13 9
9 5 13 7
9 5 13 8
9 5 13 9
11 1 13 3
11 1 13 4
11 1 13 5
11 1 13 6
11 1 13 7
11 1 13 8
11 1 13 9
