25 20
00000000000001111000
00000000000001111100
00000000000001001100
00000000000001001100
00000000000001001100
00001111111111111100
00001000000001001100
00001000000001001100
00011110000001001100
00011010011111111100
00011111111111111111
00001000011011111101
00001000011011111001
00001000011010010001
00001000011111111111
00001000011110010011
00001000011110010011
00001000011110010011
00001000011110010011
00001000011111111111
00001000011010010001
00001000011010010001
00001000011110010001
00001000010000010001
00001111111111111111
117
1 14 6 17
1 14 10 17
1 14 11 17
1 14 12 17
1 14 13 17
2 14 6 17
2 14 6 18
2 14 10 17
2 14 10 18
2 14 11 17
2 14 11 18
2 14 12 17
2 14 12 18
2 14 13 17
6 14 10 17
6 14 10 18
6 5 11 14
6 5 11 17
6 5 11 18
6 14 11 17
6 14 11 18
6 14 12 17
6 14 12 18
6 14 13 17
9 4 11 7
9 5 11 7
10 10 15 13
10 10 15 16
10 11 15 13
10 11 15 16
10 13 15 16
10 10 16 13
10 11 16 13
10 10 17 13
10 11 17 13
10 10 18 13
10 11 18 13
10 10 19 13
10 11 19 13
10 10 20 13
10 10 20 16
10 11 20 13
10 11 20 16
10 13 20 16
10 10 23 13
10 11 23 13
10 10 25 16
11 10 15 13
11 10 15 16
11 10 15 20
11 11 15 13
11 11 15 16
11 11 15 20
11 13 15 16
11 13 15 20
11 16 15 20
11 10 16 13
11 11 16 13
11 10 17 13
11 11 17 13
11 10 18 13
11 11 18 13
11 10 19 13
11 11 19 13
11 10 20 13
11 10 20 16
11 10 20 20
11 11 20 13
11 11 20 16
11 11 20 20
11 13 20 16
11 13 20 20
11 16 20 20
11 10 23 13
11 11 23 13
11 5 25 10
11 5 25 16
11 5 25 20
11 10 25 16
11 10 25 20
11 16 25 20
12 13 15 16
12 13 20 16
13 13 15 16
13 13 20 16
15 10 20 16
15 10 20 19
15 10 20 20
15 11 20 16
15 11 20 19
15 11 20 20
15 12 20 16
15 12 20 19
15 12 20 20
15 13 20 16
15 13 20 19
15 13 20 20
15 16 20 19
15 16 20 20
15 10 23 13
15 11 23 13
15 10 25 16
15 10 25 20
15 16 25 20
16 10 23 13
16 11 23 13
17 10 23 13
17 11 23 13
18 10 23 13
18 11 23 13
19 10 23 13
19 11 23 13
20 10 23 13
20 11 23 13
20 10 25 16
20 10 25 20
20 16 25 20
