25 17
00000000000000000
00111111111111111
00101111000000001
00101001000000001
00111111111100001
01111001000100001
01101001000100001
01101001000100001
01101001000100001
01101001000100001
11111001000100001
11111111111100001
11111001000000001
11111001000000001
11111001000000001
11111001000000001
11111111000000001
11111111111111111
11011010000100000
11011010000100000
11011011111100000
11111000000000000
11110000000000000
00000000000000000
00000000000000000
118
2 3 5 5
2 3 5 8
2 5 5 8
2 3 6 5
2 3 11 5
2 3 12 5
2 3 12 8
2 5 12 8
2 3 13 5
2 3 14 5
2 3 15 5
2 3 16 5
2 3 17 5
2 3 17 8
2 5 17 8
2 3 18 5
2 3 18 8
2 3 18 17
2 5 18 8
2 5 18 17
2 8 18 17
3 5 5 8
3 5 12 8
3 5 17 8
3 5 18 8
5 3 11 5
5 3 12 5
5 3 12 8
5 3 12 12
5 5 12 8
5 5 12 12
5 8 12 12
5 3 13 5
5 3 14 5
5 3 15 5
5 3 16 5
5 3 17 5
5 3 17 8
5 5 17 8
5 3 18 5
5 3 18 8
5 5 18 8
6 2 11 5
6 3 11 5
6 2 12 5
6 3 12 5
6 2 13 5
6 3 13 5
6 2 14 5
6 3 14 5
6 2 15 5
6 3 15 5
6 2 16 5
6 3 16 5
6 2 17 5
6 3 17 5
6 2 18 5
6 3 18 5
6 2 22 5
11 1 22 4
11 1 22 5
11 2 22 4
11 2 22 5
11 1 23 4
11 2 23 4
12 1 17 8
12 2 17 8
12 3 17 8
12 4 17 8
12 5 17 8
12 1 18 8
12 2 18 8
12 3 18 8
12 4 18 8
12 5 18 8
12 1 22 4
12 1 22 5
12 2 22 4
12 2 22 5
12 1 23 4
12 2 23 4
13 1 22 4
13 1 22 5
13 2 22 4
13 2 22 5
13 1 23 4
13 2 23 4
14 1 22 4
14 1 22 5
14 2 22 4
14 2 22 5
14 1 23 4
14 2 23 4
15 1 22 4
15 1 22 5
15 2 22 4
15 2 22 5
15 1 23 4
15 2 23 4
16 1 22 4
16 1 22 5
16 2 22 4
16 2 22 5
16 1 23 4
16 2 23 4
17 1 22 4
17 1 22 5
17 2 22 4
17 2 22 5
17 1 23 4
17 2 23 4
18 7 21 12
18 1 22 4
18 1 22 5
18 2 22 4
18 2 22 5
18 1 23 4
18 2 23 4
