18 12
111000000000
101000001111
101000001001
101000001001
101000001111
101000001101
101000001101
101000001101
111111001101
111101001111
111111110101
111111111111
111101010111
111101010001
110111111111
111111010000
111111110000
000000000000
85
1 1 9 3
1 1 10 3
1 1 11 3
1 1 12 3
1 1 13 3
1 1 14 3
2 9 5 12
2 9 10 12
5 9 10 12
5 10 10 12
5 10 12 12
5 10 13 12
9 1 11 6
9 2 11 6
9 3 11 6
9 4 11 6
9 1 12 6
9 2 12 6
9 3 12 6
9 4 12 6
9 4 15 6
9 1 16 4
9 1 16 6
9 2 16 4
9 2 16 6
9 4 16 6
9 1 17 4
9 1 17 6
9 2 17 4
9 2 17 6
9 4 17 6
10 10 12 12
10 10 13 12
10 1 16 4
10 2 16 4
10 1 17 4
10 2 17 4
11 4 15 6
11 4 15 8
11 6 15 8
11 1 16 4
11 1 16 6
11 2 16 4
11 2 16 6
11 4 16 6
11 1 17 4
11 1 17 6
11 1 17 8
11 2 17 4
11 2 17 6
11 2 17 8
11 4 17 6
11 4 17 8
11 6 17 8
12 4 15 6
12 4 15 8
12 4 15 12
12 6 15 8
12 6 15 12
12 8 15 12
12 1 16 4
12 1 16 6
12 2 16 4
12 2 16 6
12 4 16 6
12 1 17 4
12 1 17 6
12 1 17 8
12 2 17 4
12 2 17 6
12 2 17 8
12 4 17 6
12 4 17 8
12 6 17 8
13 1 16 4
13 2 16 4
13 1 17 4
13 2 17 4
14 1 16 4
14 2 16 4
14 1 17 4
14 2 17 4
15 4 17 8
15 5 17 8
15 6 17 8
