24 25
0000000000000000000000000
0000000000000000000000000
0000000000000000000000000
0000000000000000000000000
0000000000001111110000000
0000000000001000010000000
0000000000001011111000000
0000000000001010011000000
0011111111111111111111000
0010001001111111111001000
0010001001011110111001000
0011111111111111111111000
0000000001011000110000000
0111110001111111110000000
0100010000011000110000000
1111111111111111111111111
1100010000011000110000001
1100010000011111110000001
1100010000001000010000001
1111110000001000010000001
1111111111111111111111001
1100110000001000010001001
1111111111111111111111111
0111110000000000000000000
207
5 13 9 18
5 13 10 18
5 13 12 18
5 13 14 18
5 13 16 18
5 13 18 18
5 13 21 18
5 13 23 18
7 15 9 18
7 15 9 19
7 15 10 18
7 15 10 19
7 15 12 18
7 15 12 19
9 3 12 7
9 3 12 10
9 3 12 12
9 3 12 13
9 3 12 14
9 3 12 15
9 3 12 17
9 3 12 18
9 3 12 19
9 3 12 22
9 7 12 10
9 7 12 12
9 7 12 13
9 7 12 14
9 7 12 15
9 7 12 17
9 7 12 18
9 7 12 19
9 7 12 22
9 10 12 12
9 10 12 13
9 10 12 14
9 10 12 15
9 10 12 17
9 10 12 18
9 10 12 19
9 10 12 22
9 12 12 17
9 12 12 18
9 12 12 19
9 12 12 22
9 13 12 17
9 13 12 18
9 13 12 19
9 13 12 22
9 14 12 17
9 14 12 18
9 14 12 19
9 14 12 22
9 15 12 17
9 15 12 18
9 15 12 19
9 15 12 22
9 17 12 22
9 18 12 22
9 19 12 22
9 10 14 12
9 10 14 13
9 10 14 17
9 10 14 18
9 12 14 17
9 12 14 18
9 13 14 17
9 13 14 18
9 12 16 17
9 12 16 18
9 13 16 17
9 13 16 18
9 12 18 17
9 12 18 18
9 13 18 17
9 13 18 18
9 13 21 18
9 13 23 18
10 10 12 12
10 10 12 13
10 10 12 14
10 10 12 15
10 10 12 17
10 10 12 18
10 10 12 19
10 12 12 17
10 12 12 18
10 12 12 19
10 13 12 17
10 13 12 18
10 13 12 19
10 14 12 17
10 14 12 18
10 14 12 19
10 15 12 17
10 15 12 18
10 15 12 19
10 10 14 12
10 10 14 13
10 10 14 17
10 10 14 18
10 12 14 17
10 12 14 18
10 13 14 17
10 13 14 18
10 12 16 17
10 12 16 18
10 13 16 17
10 13 16 18
10 12 18 17
10 12 18 18
10 13 18 17
10 13 18 18
10 13 21 18
10 13 23 18
12 10 14 12
12 10 14 13
12 10 14 17
12 10 14 18
12 12 14 17
12 12 14 18
12 13 14 17
12 13 14 18
12 12 16 17
12 12 16 18
12 13 16 17
12 13 16 18
12 12 18 17
12 12 18 18
12 13 18 17
12 13 18 18
12 13 21 18
12 13 23 18
14 2 16 6
14 12 16 17
14 12 16 18
14 13 16 17
14 13 16 18
14 12 18 17
14 12 18 18
14 13 18 17
14 13 18 18
14 2 20 6
14 2 21 6
14 13 21 18
14 2 23 6
14 13 23 18
14 2 24 6
16 12 18 17
16 12 18 18
16 13 18 17
16 13 18 18
16 1 20 6
16 2 20 6
16 1 21 6
16 1 21 13
16 1 21 18
16 2 21 6
16 2 21 13
16 2 21 18
16 6 21 13
16 6 21 18
16 13 21 18
16 1 23 6
16 1 23 13
16 1 23 18
16 1 23 25
16 2 23 6
16 2 23 13
16 2 23 18
16 2 23 25
16 6 23 13
16 6 23 18
16 6 23 25
16 13 23 18
16 13 23 25
16 18 23 25
16 2 24 6
18 13 21 18
18 13 23 18
20 1 23 5
20 1 23 6
20 2 23 5
20 2 23 6
20 2 24 5
20 2 24 6
21 1 23 5
21 1 23 6
21 1 23 13
21 1 23 18
21 1 23 22
21 2 23 5
21 2 23 6
21 2 23 13
21 2 23 18
21 2 23 22
21 5 23 13
21 5 23 18
21 5 23 22
21 6 23 13
21 6 23 18
21 6 23 22
21 13 23 18
21 13 23 22
21 18 23 22
21 2 24 5
21 2 24 6
