14 17
00000000000000000
00000000000000000
00011111110000000
00111111010000000
00110001010000000
00110001010000000
00111111111000000
00110001011000000
00111111111000000
00110001001000000
00111111111000000
00000000000000000
00000000000000000
00000000000000000
31
3 4 7 8
3 4 7 10
3 8 7 10
3 4 9 8
3 4 9 10
3 8 9 10
3 4 11 8
4 3 7 8
4 4 7 8
4 3 9 8
4 4 9 8
4 3 11 8
4 4 11 8
7 3 9 8
7 3 9 10
7 3 9 11
7 4 9 8
7 4 9 10
7 4 9 11
7 8 9 10
7 8 9 11
7 3 11 8
7 3 11 11
7 4 11 8
7 4 11 11
7 8 11 11
9 3 11 8
9 3 11 11
9 4 11 8
9 4 11 11
9 8 11 11
