15 25
0000000111111111000000000
0111111111110001000011111
0111111111111111000010001
0111111111111111111110001
0101001000010010000010001
0101001111111111111111111
0111111111111111111110011
0100001111111111111111111
0100001010010010101111101
0100001010010010101011111
0111111111111111101000100
0100001010010010001000100
0111111111110010001000100
0000001111111110001000100
0000000011111110001111100
222
1 8 3 16
1 9 3 16
1 10 3 16
1 11 3 16
1 12 3 16
1 8 4 16
1 9 4 16
1 10 4 16
1 11 4 16
1 12 4 16
2 7 6 12
2 21 6 25
2 2 7 4
2 2 7 7
2 2 7 12
2 4 7 7
2 4 7 12
2 7 7 12
2 7 8 12
2 21 8 25
2 21 10 25
2 2 11 7
2 2 11 12
2 7 11 12
2 2 13 7
2 2 13 12
2 7 13 12
2 7 14 12
3 7 6 12
3 7 6 15
3 12 6 15
3 2 7 4
3 2 7 7
3 2 7 12
3 2 7 15
3 4 7 7
3 4 7 12
3 4 7 15
3 7 7 12
3 7 7 15
3 12 7 15
3 7 8 12
3 7 8 15
3 12 8 15
3 2 11 7
3 2 11 12
3 2 11 15
3 7 11 12
3 7 11 15
3 12 11 15
3 2 13 7
3 2 13 12
3 7 13 12
3 7 14 12
3 7 14 15
3 12 14 15
3 12 15 15
4 7 6 12
4 7 6 15
4 7 6 21
4 12 6 15
4 12 6 21
4 15 6 21
4 2 7 4
4 2 7 7
4 2 7 12
4 2 7 15
4 2 7 21
4 4 7 7
4 4 7 12
4 4 7 15
4 4 7 21
4 7 7 12
4 7 7 15
4 7 7 21
4 12 7 15
4 12 7 21
4 15 7 21
4 7 8 12
4 7 8 15
4 7 8 21
4 12 8 15
4 12 8 21
4 15 8 21
4 2 11 7
4 2 11 12
4 2 11 15
4 7 11 12
4 7 11 15
4 12 11 15
4 2 13 7
4 2 13 12
4 7 13 12
4 7 14 12
4 7 14 15
4 12 14 15
4 12 15 15
6 7 8 24
6 7 8 25
6 8 8 24
6 8 8 25
6 9 8 24
6 9 8 25
6 10 8 24
6 10 8 25
6 11 8 24
6 11 8 25
6 12 8 24
6 12 8 25
6 13 8 24
6 13 8 25
6 14 8 24
6 14 8 25
6 15 8 24
6 15 8 25
6 16 8 24
6 16 8 25
6 17 8 24
6 17 8 25
6 18 8 24
6 18 8 25
6 19 8 24
6 19 8 25
6 20 8 24
6 20 8 25
6 21 8 24
6 21 8 25
6 21 10 25
6 7 11 9
6 7 11 12
6 7 11 15
6 7 11 17
6 9 11 12
6 9 11 15
6 9 11 17
6 12 11 15
6 12 11 17
6 15 11 17
6 7 13 9
6 7 13 12
6 9 13 12
6 7 14 9
6 7 14 12
6 7 14 15
6 9 14 12
6 9 14 15
6 12 14 15
6 9 15 12
6 9 15 15
6 12 15 15
7 2 11 7
7 2 11 9
7 2 11 12
7 2 11 15
7 2 11 17
7 7 11 9
7 7 11 12
7 7 11 15
7 7 11 17
7 9 11 12
7 9 11 15
7 9 11 17
7 12 11 15
7 12 11 17
7 15 11 17
7 2 13 7
7 2 13 9
7 2 13 12
7 7 13 9
7 7 13 12
7 9 13 12
7 7 14 9
7 7 14 12
7 7 14 15
7 9 14 12
7 9 14 15
7 12 14 15
7 9 15 12
7 9 15 15
7 12 15 15
8 21 10 25
8 22 10 25
8 23 10 25
8 7 11 9
8 7 11 12
8 7 11 15
8 7 11 17
8 9 11 12
8 9 11 15
8 9 11 17
8 12 11 15
8 12 11 17
8 15 11 17
8 7 13 9
8 7 13 12
8 9 13 12
8 7 14 9
8 7 14 12
8 7 14 15
8 9 14 12
8 9 14 15
8 12 14 15
8 9 15 12
8 9 15 15
8 12 15 15
8 19 15 23
9 19 15 23
11 2 13 7
11 2 13 9
11 2 13 12
11 7 13 9
11 7 13 12
11 9 13 12
11 7 14 9
11 7 14 12
11 7 14 15
11 9 14 12
11 9 14 15
11 12 14 15
11 9 15 12
11 9 15 15
11 12 15 15
