15 11
00011111100
00111111111
11111111101
11111111101
10111011101
10111111111
10111111111
10111011101
10111111111
11111111100
10011011100
10011011100
10011111100
11111111100
00011111100
369
1 4 6 7
1 4 6 8
1 4 6 9
1 5 6 7
1 5 6 8
1 5 6 9
1 4 7 7
1 4 7 8
1 4 7 9
1 5 7 7
1 5 7 8
1 5 7 9
1 4 9 7
1 4 9 8
1 4 9 9
1 5 9 7
1 5 9 8
1 5 9 9
1 4 10 7
1 4 10 8
1 4 10 9
1 5 10 7
1 5 10 8
1 5 10 9
1 4 13 7
1 4 13 8
1 4 13 9
1 5 13 7
1 5 13 8
1 5 13 9
1 4 14 7
1 4 14 8
1 4 14 9
1 5 14 7
1 5 14 8
1 5 14 9
1 4 15 7
1 4 15 8
1 4 15 9
1 5 15 7
1 5 15 8
1 5 15 9
2 3 6 7
2 3 6 8
2 3 6 9
2 3 6 11
2 4 6 7
2 4 6 8
2 4 6 9
2 4 6 11
2 5 6 7
2 5 6 8
2 5 6 9
2 5 6 11
2 7 6 11
2 8 6 11
2 9 6 11
2 3 7 7
2 3 7 8
2 3 7 9
2 3 7 11
2 4 7 7
2 4 7 8
2 4 7 9
2 4 7 11
2 5 7 7
2 5 7 8
2 5 7 9
2 5 7 11
2 7 7 11
2 8 7 11
2 9 7 11
2 3 9 7
2 3 9 8
2 3 9 9
2 3 9 11
2 4 9 7
2 4 9 8
2 4 9 9
2 4 9 11
2 5 9 7
2 5 9 8
2 5 9 9
2 5 9 11
2 7 9 11
2 8 9 11
2 9 9 11
2 3 10 7
2 3 10 8
2 3 10 9
2 4 10 7
2 4 10 8
2 4 10 9
2 5 10 7
2 5 10 8
2 5 10 9
2 4 13 7
2 4 13 8
2 4 13 9
2 5 13 7
2 5 13 8
2 5 13 9
2 4 14 7
2 4 14 8
2 4 14 9
2 5 14 7
2 5 14 8
2 5 14 9
2 4 15 7
2 4 15 8
2 4 15 9
2 5 15 7
2 5 15 8
2 5 15 9
3 3 6 7
3 3 6 8
3 3 6 9
3 4 6 7
3 4 6 8
3 4 6 9
3 5 6 7
3 5 6 8
3 5 6 9
3 3 7 7
3 3 7 8
3 3 7 9
3 4 7 7
3 4 7 8
3 4 7 9
3 5 7 7
3 5 7 8
3 5 7 9
3 3 9 7
3 3 9 8
3 3 9 9
3 4 9 7
3 4 9 8
3 4 9 9
3 5 9 7
3 5 9 8
3 5 9 9
3 1 10 3
3 1 10 4
3 1 10 5
3 1 10 7
3 1 10 8
3 1 10 9
3 3 10 7
3 3 10 8
3 3 10 9
3 4 10 7
3 4 10 8
3 4 10 9
3 5 10 7
3 5 10 8
3 5 10 9
3 4 13 7
3 4 13 8
3 4 13 9
3 5 13 7
3 5 13 8
3 5 13 9
3 1 14 4
3 1 14 5
3 1 14 7
3 1 14 8
3 1 14 9
3 4 14 7
3 4 14 8
3 4 14 9
3 5 14 7
3 5 14 8
3 5 14 9
3 4 15 7
3 4 15 8
3 4 15 9
3 5 15 7
3 5 15 8
3 5 15 9
4 3 6 7
4 3 6 8
4 3 6 9
4 4 6 7
4 4 6 8
4 4 6 9
4 5 6 7
4 5 6 8
4 5 6 9
4 3 7 7
4 3 7 8
4 3 7 9
4 4 7 7
4 4 7 8
4 4 7 9
4 5 7 7
4 5 7 8
4 5 7 9
4 3 9 7
4 3 9 8
4 3 9 9
4 4 9 7
4 4 9 8
4 4 9 9
4 5 9 7
4 5 9 8
4 5 9 9
4 1 10 3
4 1 10 4
4 1 10 5
4 1 10 7
4 1 10 8
4 1 10 9
4 3 10 7
4 3 10 8
4 3 10 9
4 4 10 7
4 4 10 8
4 4 10 9
4 5 10 7
4 5 10 8
4 5 10 9
4 4 13 7
4 4 13 8
4 4 13 9
4 5 13 7
4 5 13 8
4 5 13 9
4 1 14 4
4 1 14 5
4 1 14 7
4 1 14 8
4 1 14 9
4 4 14 7
4 4 14 8
4 4 14 9
4 5 14 7
4 5 14 8
4 5 14 9
4 4 15 7
4 4 15 8
4 4 15 9
4 5 15 7
4 5 15 8
4 5 15 9
6 3 9 7
6 3 9 8
6 3 9 9
6 3 9 11
6 4 9 7
6 4 9 8
6 4 9 9
6 4 9 11
6 5 9 7
6 5 9 8
6 5 9 9
6 5 9 11
6 7 9 11
6 8 9 11
6 9 9 11
6 3 10 7
6 3 10 8
6 3 10 9
6 4 10 7
6 4 10 8
6 4 10 9
6 5 10 7
6 5 10 8
6 5 10 9
6 4 13 7
6 4 13 8
6 4 13 9
6 5 13 7
6 5 13 8
6 5 13 9
6 4 14 7
6 4 14 8
6 4 14 9
6 5 14 7
6 5 14 8
6 5 14 9
6 4 15 7
6 4 15 8
6 4 15 9
6 5 15 7
6 5 15 8
6 5 15 9
7 3 9 7
7 3 9 8
7 3 9 9
7 3 9 11
7 4 9 7
7 4 9 8
7 4 9 9
7 4 9 11
7 5 9 7
7 5 9 8
7 5 9 9
7 5 9 11
7 7 9 11
7 8 9 11
7 9 9 11
7 3 10 7
7 3 10 8
7 3 10 9
7 4 10 7
7 4 10 8
7 4 10 9
7 5 10 7
7 5 10 8
7 5 10 9
7 4 13 7
7 4 13 8
7 4 13 9
7 5 13 7
7 5 13 8
7 5 13 9
7 4 14 7
7 4 14 8
7 4 14 9
7 5 14 7
7 5 14 8
7 5 14 9
7 4 15 7
7 4 15 8
7 4 15 9
7 5 15 7
7 5 15 8
7 5 15 9
9 4 13 7
9 4 13 8
9 4 13 9
9 5 13 7
9 5 13 8
9 5 13 9
9 4 14 7
9 4 14 8
9 4 14 9
9 5 14 7
9 5 14 8
9 5 14 9
9 4 15 7
9 4 15 8
9 4 15 9
9 5 15 7
9 5 15 8
9 5 15 9
10 4 13 7
10 4 13 8
10 4 13 9
10 5 13 7
10 5 13 8
10 5 13 9
10 1 14 4
10 1 14 5
10 1 14 7
10 1 14 8
10 1 14 9
10 4 14 7
10 4 14 8
10 4 14 9
10 5 14 7
10 5 14 8
10 5 14 9
10 4 15 7
10 4 15 8
10 4 15 9
10 5 15 7
10 5 15 8
10 5 15 9
