15 24
000000000000000000000000
000111111111111111111110
000100001000100000111110
001111111111111111100010
001100101001100000100010
001100111111100000100010
001111111111100000100010
000100001111111111111110
000100000100111111100010
000100000100111111100010
000100000100111111111110
000100000111111111100000
000100000000100000000000
000111111111100000000000
000000000000000000000000
70
2 4 4 9
2 4 4 13
2 4 4 19
2 9 4 13
2 9 4 19
2 13 4 19
2 9 6 13
2 4 7 9
2 4 7 13
2 9 7 13
2 9 8 13
2 9 8 19
2 9 8 23
2 13 8 19
2 13 8 23
2 19 8 23
2 13 9 19
2 13 10 19
2 13 11 19
2 13 11 23
2 19 11 23
2 13 12 19
2 4 14 13
3 19 8 23
3 19 11 23
4 7 6 9
4 7 6 12
4 7 6 13
4 9 6 12
4 9 6 13
4 3 7 7
4 3 7 9
4 3 7 12
4 3 7 13
4 4 7 7
4 4 7 9
4 4 7 12
4 4 7 13
4 7 7 9
4 7 7 12
4 7 7 13
4 9 7 12
4 9 7 13
4 9 8 12
4 9 8 13
4 9 8 19
4 12 8 19
4 13 8 19
4 13 9 19
4 13 10 19
4 13 11 19
4 13 12 19
4 4 14 13
6 10 12 13
7 10 12 13
7 4 14 13
8 13 11 23
8 14 11 23
8 15 11 23
8 16 11 23
8 17 11 23
8 18 11 23
8 19 11 23
8 10 12 13
8 10 12 14
8 10 12 15
8 10 12 16
8 10 12 17
8 10 12 18
8 10 12 19
