24 17
01111111111111111
01110001010010011
01111111111110011
01111001011110011
01111001011110011
01111111111111111
01111111111111011
01111111111111111
01111111111111111
01111111111111011
01011111111111011
01111111111111011
01011111011111111
01111111111111011
01011110011111111
01111111111111011
01111111111111111
01011111111110011
01001110011111111
01001110011111111
01001111111110010
01001011111110010
01001111111111110
01111111111111110
2140
1 2 3 8
1 2 3 10
1 2 3 13
1 3 3 8
1 3 3 10
1 3 3 13
1 4 3 8
1 4 3 10
1 4 3 13
1 8 3 10
1 8 3 13
1 10 3 13
1 10 4 13
1 10 5 13
1 2 6 8
1 2 6 10
1 2 6 13
1 2 6 16
1 2 6 17
1 3 6 8
1 3 6 10
1 3 6 13
1 3 6 16
1 3 6 17
1 4 6 8
1 4 6 10
1 4 6 13
1 4 6 16
1 4 6 17
1 8 6 10
1 8 6 13
1 8 6 16
1 8 6 17
1 10 6 13
1 10 6 16
1 10 6 17
1 13 6 16
1 13 6 17
1 2 7 8
1 2 7 10
1 2 7 13
1 3 7 8
1 3 7 10
1 3 7 13
1 4 7 8
1 4 7 10
1 4 7 13
1 8 7 10
1 8 7 13
1 10 7 13
1 2 8 8
1 2 8 10
1 2 8 13
1 2 8 16
1 2 8 17
1 3 8 8
1 3 8 10
1 3 8 13
1 3 8 16
1 3 8 17
1 4 8 8
1 4 8 10
1 4 8 13
1 4 8 16
1 4 8 17
1 8 8 10
1 8 8 13
1 8 8 16
1 8 8 17
1 10 8 13
1 10 8 16
1 10 8 17
1 13 8 16
1 13 8 17
1 2 9 8
1 2 9 10
1 2 9 13
1 2 9 16
1 2 9 17
1 3 9 8
1 3 9 10
1 3 9 13
1 3 9 16
1 3 9 17
1 4 9 8
1 4 9 10
1 4 9 13
1 4 9 16
1 4 9 17
1 8 9 10
1 8 9 13
1 8 9 16
1 8 9 17
1 10 9 13
1 10 9 16
1 10 9 17
1 13 9 16
1 13 9 17
1 2 10 8
1 2 10 10
1 2 10 13
1 3 10 8
1 3 10 10
1 3 10 13
1 4 10 8
1 4 10 10
1 4 10 13
1 8 10 10
1 8 10 13
1 10 10 13
1 4 11 8
1 4 11 10
1 4 11 13
1 8 11 10
1 8 11 13
1 10 11 13
1 2 12 4
1 2 12 8
1 2 12 10
1 2 12 13
1 4 12 8
1 4 12 10
1 4 12 13
1 8 12 10
1 8 12 13
1 10 12 13
1 4 13 8
1 10 13 13
1 10 13 16
1 10 13 17
1 13 13 16
1 13 13 17
1 2 14 4
1 2 14 8
1 2 14 10
1 2 14 13
1 4 14 8
1 4 14 10
1 4 14 13
1 8 14 10
1 8 14 13
1 10 14 13
1 10 15 13
1 10 15 16
1 10 15 17
1 13 15 16
1 13 15 17
1 2 16 4
1 2 16 10
1 2 16 13
1 4 16 10
1 4 16 13
1 10 16 13
1 2 17 4
1 2 17 10
1 2 17 13
1 2 17 16
1 2 17 17
1 4 17 10
1 4 17 13
1 4 17 16
1 4 17 17
1 10 17 13
1 10 17 16
1 10 17 17
1 13 17 16
1 13 17 17
1 4 18 10
1 4 18 13
1 10 18 13
1 10 19 13
1 10 19 16
1 10 19 17
1 13 19 16
1 13 19 17
1 10 20 13
1 10 20 16
1 10 20 17
1 13 20 16
1 13 20 17
1 10 21 13
1 10 22 13
1 10 23 13
1 10 23 16
1 13 23 16
1 2 24 10
1 2 24 13
1 2 24 16
1 10 24 13
1 10 24 16
1 13 24 16
2 2 12 4
2 2 14 4
2 2 16 4
2 2 17 4
3 2 6 8
3 2 6 10
3 2 6 11
3 2 6 12
3 2 6 13
3 3 6 8
3 3 6 10
3 3 6 11
3 3 6 12
3 3 6 13
3 4 6 8
3 4 6 10
3 4 6 11
3 4 6 12
3 4 6 13
3 5 6 8
3 5 6 10
3 5 6 11
3 5 6 12
3 5 6 13
3 8 6 10
3 8 6 11
3 8 6 12
3 8 6 13
3 2 7 8
3 2 7 10
3 2 7 11
3 2 7 12
3 2 7 13
3 3 7 8
3 3 7 10
3 3 7 11
3 3 7 12
3 3 7 13
3 4 7 8
3 4 7 10
3 4 7 11
3 4 7 12
3 4 7 13
3 5 7 8
3 5 7 10
3 5 7 11
3 5 7 12
3 5 7 13
3 8 7 10
3 8 7 11
3 8 7 12
3 8 7 13
3 2 8 8
3 2 8 10
3 2 8 11
3 2 8 12
3 2 8 13
3 3 8 8
3 3 8 10
3 3 8 11
3 3 8 12
3 3 8 13
3 4 8 8
3 4 8 10
3 4 8 11
3 4 8 12
3 4 8 13
3 5 8 8
3 5 8 10
3 5 8 11
3 5 8 12
3 5 8 13
3 8 8 10
3 8 8 11
3 8 8 12
3 8 8 13
3 2 9 8
3 2 9 10
3 2 9 11
3 2 9 12
3 2 9 13
3 3 9 8
3 3 9 10
3 3 9 11
3 3 9 12
3 3 9 13
3 4 9 8
3 4 9 10
3 4 9 11
3 4 9 12
3 4 9 13
3 5 9 8
3 5 9 10
3 5 9 11
3 5 9 12
3 5 9 13
3 8 9 10
3 8 9 11
3 8 9 12
3 8 9 13
3 2 10 8
3 2 10 10
3 2 10 11
3 2 10 12
3 2 10 13
3 3 10 8
3 3 10 10
3 3 10 11
3 3 10 12
3 3 10 13
3 4 10 8
3 4 10 10
3 4 10 11
3 4 10 12
3 4 10 13
3 5 10 8
3 5 10 10
3 5 10 11
3 5 10 12
3 5 10 13
3 8 10 10
3 8 10 11
3 8 10 12
3 8 10 13
3 4 11 8
3 4 11 10
3 4 11 11
3 4 11 12
3 4 11 13
3 5 11 8
3 5 11 10
3 5 11 11
3 5 11 12
3 5 11 13
3 8 11 10
3 8 11 11
3 8 11 12
3 8 11 13
3 2 12 4
3 2 12 5
3 2 12 8
3 2 12 10
3 2 12 11
3 2 12 12
3 2 12 13
3 4 12 8
3 4 12 10
3 4 12 11
3 4 12 12
3 4 12 13
3 5 12 8
3 5 12 10
3 5 12 11
3 5 12 12
3 5 12 13
3 8 12 10
3 8 12 11
3 8 12 12
3 8 12 13
3 4 13 8
3 5 13 8
3 2 14 4
3 2 14 5
3 2 14 8
3 2 14 10
3 2 14 11
3 2 14 12
3 2 14 13
3 4 14 8
3 4 14 10
3 4 14 11
3 4 14 12
3 4 14 13
3 5 14 8
3 5 14 10
3 5 14 11
3 5 14 12
3 5 14 13
3 8 14 10
3 8 14 11
3 8 14 12
3 8 14 13
3 2 16 4
3 2 16 5
3 2 16 10
3 2 16 11
3 2 16 12
3 2 16 13
3 4 16 10
3 4 16 11
3 4 16 12
3 4 16 13
3 5 16 10
3 5 16 11
3 5 16 12
3 5 16 13
3 2 17 4
3 2 17 5
3 2 17 10
3 2 17 11
3 2 17 12
3 2 17 13
3 4 17 10
3 4 17 11
3 4 17 12
3 4 17 13
3 5 17 10
3 5 17 11
3 5 17 12
3 5 17 13
3 4 18 10
3 4 18 11
3 4 18 12
3 4 18 13
3 5 18 10
3 5 18 11
3 5 18 12
3 5 18 13
3 5 21 10
3 5 21 11
3 5 21 12
3 5 21 13
3 5 23 10
3 5 23 11
3 5 23 12
3 5 23 13
3 2 24 5
3 2 24 10
3 2 24 11
3 2 24 12
3 2 24 13
3 5 24 10
3 5 24 11
3 5 24 12
3 5 24 13
4 2 12 4
4 2 12 5
4 2 14 4
4 2 14 5
4 2 16 4
4 2 16 5
4 2 17 4
4 2 17 5
4 2 24 5
5 2 12 4
5 2 12 5
5 2 14 4
5 2 14 5
5 2 16 4
5 2 16 5
5 2 17 4
5 2 17 5
5 2 24 5
6 2 8 16
6 2 8 17
6 3 8 16
6 3 8 17
6 4 8 16
6 4 8 17
6 5 8 16
6 5 8 17
6 6 8 16
6 6 8 17
6 7 8 16
6 7 8 17
6 8 8 16
6 8 8 17
6 9 8 16
6 9 8 17
6 10 8 16
6 10 8 17
6 11 8 16
6 11 8 17
6 12 8 16
6 12 8 17
6 13 8 16
6 13 8 17
6 14 8 16
6 14 8 17
6 2 9 16
6 2 9 17
6 3 9 16
6 3 9 17
6 4 9 16
6 4 9 17
6 5 9 16
6 5 9 17
6 6 9 16
6 6 9 17
6 7 9 16
6 7 9 17
6 8 9 16
6 8 9 17
6 9 9 16
6 9 9 17
6 10 9 16
6 10 9 17
6 11 9 16
6 11 9 17
6 12 9 16
6 12 9 17
6 13 9 16
6 13 9 17
6 14 9 16
6 14 9 17
6 2 12 4
6 2 12 5
6 2 12 6
6 2 12 7
6 2 12 8
6 2 12 9
6 2 12 10
6 2 12 11
6 2 12 12
6 2 12 13
6 2 12 14
6 10 13 16
6 10 13 17
6 11 13 16
6 11 13 17
6 12 13 16
6 12 13 17
6 13 13 16
6 13 13 17
6 14 13 16
6 14 13 17
6 2 14 4
6 2 14 5
6 2 14 6
6 2 14 7
6 2 14 8
6 2 14 10
6 2 14 11
6 2 14 12
6 2 14 13
6 2 14 14
6 4 14 10
6 4 14 11
6 4 14 12
6 4 14 13
6 4 14 14
6 5 14 10
6 5 14 11
6 5 14 12
6 5 14 13
6 5 14 14
6 6 14 10
6 6 14 11
6 6 14 12
6 6 14 13
6 6 14 14
6 7 14 10
6 7 14 11
6 7 14 12
6 7 14 13
6 7 14 14
6 8 14 10
6 8 14 11
6 8 14 12
6 8 14 13
6 8 14 14
6 10 15 16
6 10 15 17
6 11 15 16
6 11 15 17
6 12 15 16
6 12 15 17
6 13 15 16
6 13 15 17
6 14 15 16
6 14 15 17
6 2 16 4
6 2 16 5
6 2 16 6
6 2 16 7
6 2 16 10
6 2 16 11
6 2 16 12
6 2 16 13
6 2 16 14
6 4 16 10
6 4 16 11
6 4 16 12
6 4 16 13
6 4 16 14
6 5 16 10
6 5 16 11
6 5 16 12
6 5 16 13
6 5 16 14
6 6 16 10
6 6 16 11
6 6 16 12
6 6 16 13
6 6 16 14
6 7 16 10
6 7 16 11
6 7 16 12
6 7 16 13
6 7 16 14
6 2 17 4
6 2 17 5
6 2 17 6
6 2 17 7
6 2 17 10
6 2 17 11
6 2 17 12
6 2 17 13
6 2 17 14
6 2 17 16
6 2 17 17
6 4 17 10
6 4 17 11
6 4 17 12
6 4 17 13
6 4 17 14
6 4 17 16
6 4 17 17
6 5 17 10
6 5 17 11
6 5 17 12
6 5 17 13
6 5 17 14
6 5 17 16
6 5 17 17
6 6 17 10
6 6 17 11
6 6 17 12
6 6 17 13
6 6 17 14
6 6 17 16
6 6 17 17
6 7 17 10
6 7 17 11
6 7 17 12
6 7 17 13
6 7 17 14
6 7 17 16
6 7 17 17
6 10 17 16
6 10 17 17
6 11 17 16
6 11 17 17
6 12 17 16
6 12 17 17
6 13 17 16
6 13 17 17
6 14 17 16
6 14 17 17
6 4 18 10
6 4 18 11
6 4 18 12
6 4 18 13
6 5 18 10
6 5 18 11
6 5 18 12
6 5 18 13
6 6 18 10
6 6 18 11
6 6 18 12
6 6 18 13
6 7 18 10
6 7 18 11
6 7 18 12
6 7 18 13
6 10 19 16
6 10 19 17
6 11 19 16
6 11 19 17
6 12 19 16
6 12 19 17
6 13 19 16
6 13 19 17
6 10 20 16
6 10 20 17
6 11 20 16
6 11 20 17
6 12 20 16
6 12 20 17
6 13 20 16
6 13 20 17
6 5 21 10
6 5 21 11
6 5 21 12
6 5 21 13
6 6 21 10
6 6 21 11
6 6 21 12
6 6 21 13
6 7 21 10
6 7 21 11
6 7 21 12
6 7 21 13
6 7 22 10
6 7 22 11
6 7 22 12
6 7 22 13
6 5 23 7
6 5 23 10
6 5 23 11
6 5 23 12
6 5 23 13
6 5 23 16
6 7 23 10
6 7 23 11
6 7 23 12
6 7 23 13
6 7 23 16
6 10 23 16
6 11 23 16
6 12 23 16
6 13 23 16
6 2 24 5
6 2 24 7
6 2 24 10
6 2 24 11
6 2 24 12
6 2 24 13
6 2 24 16
6 5 24 7
6 5 24 10
6 5 24 11
6 5 24 12
6 5 24 13
6 5 24 16
6 7 24 10
6 7 24 11
6 7 24 12
6 7 24 13
6 7 24 16
6 10 24 16
6 11 24 16
6 12 24 16
6 13 24 16
7 2 12 4
7 2 12 5
7 2 12 6
7 2 12 7
7 2 12 8
7 2 12 9
7 2 12 10
7 2 12 11
7 2 12 12
7 2 12 13
7 2 12 14
7 2 14 4
7 2 14 5
7 2 14 6
7 2 14 7
7 2 14 8
7 2 14 10
7 2 14 11
7 2 14 12
7 2 14 13
7 2 14 14
7 4 14 10
7 4 14 11
7 4 14 12
7 4 14 13
7 4 14 14
7 5 14 10
7 5 14 11
7 5 14 12
7 5 14 13
7 5 14 14
7 6 14 10
7 6 14 11
7 6 14 12
7 6 14 13
7 6 14 14
7 7 14 10
7 7 14 11
7 7 14 12
7 7 14 13
7 7 14 14
7 8 14 10
7 8 14 11
7 8 14 12
7 8 14 13
7 8 14 14
7 2 16 4
7 2 16 5
7 2 16 6
7 2 16 7
7 2 16 10
7 2 16 11
7 2 16 12
7 2 16 13
7 2 16 14
7 4 16 10
7 4 16 11
7 4 16 12
7 4 16 13
7 4 16 14
7 5 16 10
7 5 16 11
7 5 16 12
7 5 16 13
7 5 16 14
7 6 16 10
7 6 16 11
7 6 16 12
7 6 16 13
7 6 16 14
7 7 16 10
7 7 16 11
7 7 16 12
7 7 16 13
7 7 16 14
7 2 17 4
7 2 17 5
7 2 17 6
7 2 17 7
7 2 17 10
7 2 17 11
7 2 17 12
7 2 17 13
7 2 17 14
7 4 17 10
7 4 17 11
7 4 17 12
7 4 17 13
7 4 17 14
7 5 17 10
7 5 17 11
7 5 17 12
7 5 17 13
7 5 17 14
7 6 17 10
7 6 17 11
7 6 17 12
7 6 17 13
7 6 17 14
7 7 17 10
7 7 17 11
7 7 17 12
7 7 17 13
7 7 17 14
7 4 18 10
7 4 18 11
7 4 18 12
7 4 18 13
7 5 18 10
7 5 18 11
7 5 18 12
7 5 18 13
7 6 18 10
7 6 18 11
7 6 18 12
7 6 18 13
7 7 18 10
7 7 18 11
7 7 18 12
7 7 18 13
7 5 21 10
7 5 21 11
7 5 21 12
7 5 21 13
7 6 21 10
7 6 21 11
7 6 21 12
7 6 21 13
7 7 21 10
7 7 21 11
7 7 21 12
7 7 21 13
7 7 22 10
7 7 22 11
7 7 22 12
7 7 22 13
7 5 23 7
7 5 23 10
7 5 23 11
7 5 23 12
7 5 23 13
7 7 23 10
7 7 23 11
7 7 23 12
7 7 23 13
7 2 24 5
7 2 24 7
7 2 24 10
7 2 24 11
7 2 24 12
7 2 24 13
7 5 24 7
7 5 24 10
7 5 24 11
7 5 24 12
7 5 24 13
7 7 24 10
7 7 24 11
7 7 24 12
7 7 24 13
8 2 12 4
8 2 12 5
8 2 12 6
8 2 12 7
8 2 12 8
8 2 12 9
8 2 12 10
8 2 12 11
8 2 12 12
8 2 12 13
8 2 12 14
8 10 13 16
8 10 13 17
8 11 13 16
8 11 13 17
8 12 13 16
8 12 13 17
8 13 13 16
8 13 13 17
8 14 13 16
8 14 13 17
8 2 14 4
8 2 14 5
8 2 14 6
8 2 14 7
8 2 14 8
8 2 14 10
8 2 14 11
8 2 14 12
8 2 14 13
8 2 14 14
8 4 14 10
8 4 14 11
8 4 14 12
8 4 14 13
8 4 14 14
8 5 14 10
8 5 14 11
8 5 14 12
8 5 14 13
8 5 14 14
8 6 14 10
8 6 14 11
8 6 14 12
8 6 14 13
8 6 14 14
8 7 14 10
8 7 14 11
8 7 14 12
8 7 14 13
8 7 14 14
8 8 14 10
8 8 14 11
8 8 14 12
8 8 14 13
8 8 14 14
8 10 15 16
8 10 15 17
8 11 15 16
8 11 15 17
8 12 15 16
8 12 15 17
8 13 15 16
8 13 15 17
8 14 15 16
8 14 15 17
8 2 16 4
8 2 16 5
8 2 16 6
8 2 16 7
8 2 16 10
8 2 16 11
8 2 16 12
8 2 16 13
8 2 16 14
8 4 16 10
8 4 16 11
8 4 16 12
8 4 16 13
8 4 16 14
8 5 16 10
8 5 16 11
8 5 16 12
8 5 16 13
8 5 16 14
8 6 16 10
8 6 16 11
8 6 16 12
8 6 16 13
8 6 16 14
8 7 16 10
8 7 16 11
8 7 16 12
8 7 16 13
8 7 16 14
8 2 17 4
8 2 17 5
8 2 17 6
8 2 17 7
8 2 17 10
8 2 17 11
8 2 17 12
8 2 17 13
8 2 17 14
8 2 17 16
8 2 17 17
8 4 17 10
8 4 17 11
8 4 17 12
8 4 17 13
8 4 17 14
8 4 17 16
8 4 17 17
8 5 17 10
8 5 17 11
8 5 17 12
8 5 17 13
8 5 17 14
8 5 17 16
8 5 17 17
8 6 17 10
8 6 17 11
8 6 17 12
8 6 17 13
8 6 17 14
8 6 17 16
8 6 17 17
8 7 17 10
8 7 17 11
8 7 17 12
8 7 17 13
8 7 17 14
8 7 17 16
8 7 17 17
8 10 17 16
8 10 17 17
8 11 17 16
8 11 17 17
8 12 17 16
8 12 17 17
8 13 17 16
8 13 17 17
8 14 17 16
8 14 17 17
8 4 18 10
8 4 18 11
8 4 18 12
8 4 18 13
8 5 18 10
8 5 18 11
8 5 18 12
8 5 18 13
8 6 18 10
8 6 18 11
8 6 18 12
8 6 18 13
8 7 18 10
8 7 18 11
8 7 18 12
8 7 18 13
8 10 19 16
8 10 19 17
8 11 19 16
8 11 19 17
8 12 19 16
8 12 19 17
8 13 19 16
8 13 19 17
8 10 20 16
8 10 20 17
8 11 20 16
8 11 20 17
8 12 20 16
8 12 20 17
8 13 20 16
8 13 20 17
8 5 21 10
8 5 21 11
8 5 21 12
8 5 21 13
8 6 21 10
8 6 21 11
8 6 21 12
8 6 21 13
8 7 21 10
8 7 21 11
8 7 21 12
8 7 21 13
8 7 22 10
8 7 22 11
8 7 22 12
8 7 22 13
8 5 23 7
8 5 23 10
8 5 23 11
8 5 23 12
8 5 23 13
8 5 23 16
8 7 23 10
8 7 23 11
8 7 23 12
8 7 23 13
8 7 23 16
8 10 23 16
8 11 23 16
8 12 23 16
8 13 23 16
8 2 24 5
8 2 24 7
8 2 24 10
8 2 24 11
8 2 24 12
8 2 24 13
8 2 24 16
8 5 24 7
8 5 24 10
8 5 24 11
8 5 24 12
8 5 24 13
8 5 24 16
8 7 24 10
8 7 24 11
8 7 24 12
8 7 24 13
8 7 24 16
8 10 24 16
8 11 24 16
8 12 24 16
8 13 24 16
9 2 12 4
9 2 12 5
9 2 12 6
9 2 12 7
9 2 12 8
9 2 12 9
9 2 12 10
9 2 12 11
9 2 12 12
9 2 12 13
9 2 12 14
9 10 13 16
9 10 13 17
9 11 13 16
9 11 13 17
9 12 13 16
9 12 13 17
9 13 13 16
9 13 13 17
9 14 13 16
9 14 13 17
9 2 14 4
9 2 14 5
9 2 14 6
9 2 14 7
9 2 14 8
9 2 14 10
9 2 14 11
9 2 14 12
9 2 14 13
9 2 14 14
9 4 14 10
9 4 14 11
9 4 14 12
9 4 14 13
9 4 14 14
9 5 14 10
9 5 14 11
9 5 14 12
9 5 14 13
9 5 14 14
9 6 14 10
9 6 14 11
9 6 14 12
9 6 14 13
9 6 14 14
9 7 14 10
9 7 14 11
9 7 14 12
9 7 14 13
9 7 14 14
9 8 14 10
9 8 14 11
9 8 14 12
9 8 14 13
9 8 14 14
9 10 15 16
9 10 15 17
9 11 15 16
9 11 15 17
9 12 15 16
9 12 15 17
9 13 15 16
9 13 15 17
9 14 15 16
9 14 15 17
9 2 16 4
9 2 16 5
9 2 16 6
9 2 16 7
9 2 16 10
9 2 16 11
9 2 16 12
9 2 16 13
9 2 16 14
9 4 16 10
9 4 16 11
9 4 16 12
9 4 16 13
9 4 16 14
9 5 16 10
9 5 16 11
9 5 16 12
9 5 16 13
9 5 16 14
9 6 16 10
9 6 16 11
9 6 16 12
9 6 16 13
9 6 16 14
9 7 16 10
9 7 16 11
9 7 16 12
9 7 16 13
9 7 16 14
9 2 17 4
9 2 17 5
9 2 17 6
9 2 17 7
9 2 17 10
9 2 17 11
9 2 17 12
9 2 17 13
9 2 17 14
9 2 17 16
9 2 17 17
9 4 17 10
9 4 17 11
9 4 17 12
9 4 17 13
9 4 17 14
9 4 17 16
9 4 17 17
9 5 17 10
9 5 17 11
9 5 17 12
9 5 17 13
9 5 17 14
9 5 17 16
9 5 17 17
9 6 17 10
9 6 17 11
9 6 17 12
9 6 17 13
9 6 17 14
9 6 17 16
9 6 17 17
9 7 17 10
9 7 17 11
9 7 17 12
9 7 17 13
9 7 17 14
9 7 17 16
9 7 17 17
9 10 17 16
9 10 17 17
9 11 17 16
9 11 17 17
9 12 17 16
9 12 17 17
9 13 17 16
9 13 17 17
9 14 17 16
9 14 17 17
9 4 18 10
9 4 18 11
9 4 18 12
9 4 18 13
9 5 18 10
9 5 18 11
9 5 18 12
9 5 18 13
9 6 18 10
9 6 18 11
9 6 18 12
9 6 18 13
9 7 18 10
9 7 18 11
9 7 18 12
9 7 18 13
9 10 19 16
9 10 19 17
9 11 19 16
9 11 19 17
9 12 19 16
9 12 19 17
9 13 19 16
9 13 19 17
9 10 20 16
9 10 20 17
9 11 20 16
9 11 20 17
9 12 20 16
9 12 20 17
9 13 20 16
9 13 20 17
9 5 21 10
9 5 21 11
9 5 21 12
9 5 21 13
9 6 21 10
9 6 21 11
9 6 21 12
9 6 21 13
9 7 21 10
9 7 21 11
9 7 21 12
9 7 21 13
9 7 22 10
9 7 22 11
9 7 22 12
9 7 22 13
9 5 23 7
9 5 23 10
9 5 23 11
9 5 23 12
9 5 23 13
9 5 23 16
9 7 23 10
9 7 23 11
9 7 23 12
9 7 23 13
9 7 23 16
9 10 23 16
9 11 23 16
9 12 23 16
9 13 23 16
9 2 24 5
9 2 24 7
9 2 24 10
9 2 24 11
9 2 24 12
9 2 24 13
9 2 24 16
9 5 24 7
9 5 24 10
9 5 24 11
9 5 24 12
9 5 24 13
9 5 24 16
9 7 24 10
9 7 24 11
9 7 24 12
9 7 24 13
9 7 24 16
9 10 24 16
9 11 24 16
9 12 24 16
9 13 24 16
10 2 12 4
10 2 12 5
10 2 12 6
10 2 12 7
10 2 12 8
10 2 12 9
10 2 12 10
10 2 12 11
10 2 12 12
10 2 12 13
10 2 12 14
10 2 14 4
10 2 14 5
10 2 14 6
10 2 14 7
10 2 14 8
10 2 14 10
10 2 14 11
10 2 14 12
10 2 14 13
10 2 14 14
10 4 14 10
10 4 14 11
10 4 14 12
10 4 14 13
10 4 14 14
10 5 14 10
10 5 14 11
10 5 14 12
10 5 14 13
10 5 14 14
10 6 14 10
10 6 14 11
10 6 14 12
10 6 14 13
10 6 14 14
10 7 14 10
10 7 14 11
10 7 14 12
10 7 14 13
10 7 14 14
10 8 14 10
10 8 14 11
10 8 14 12
10 8 14 13
10 8 14 14
10 2 16 4
10 2 16 5
10 2 16 6
10 2 16 7
10 2 16 10
10 2 16 11
10 2 16 12
10 2 16 13
10 2 16 14
10 4 16 10
10 4 16 11
10 4 16 12
10 4 16 13
10 4 16 14
10 5 16 10
10 5 16 11
10 5 16 12
10 5 16 13
10 5 16 14
10 6 16 10
10 6 16 11
10 6 16 12
10 6 16 13
10 6 16 14
10 7 16 10
10 7 16 11
10 7 16 12
10 7 16 13
10 7 16 14
10 2 17 4
10 2 17 5
10 2 17 6
10 2 17 7
10 2 17 10
10 2 17 11
10 2 17 12
10 2 17 13
10 2 17 14
10 4 17 10
10 4 17 11
10 4 17 12
10 4 17 13
10 4 17 14
10 5 17 10
10 5 17 11
10 5 17 12
10 5 17 13
10 5 17 14
10 6 17 10
10 6 17 11
10 6 17 12
10 6 17 13
10 6 17 14
10 7 17 10
10 7 17 11
10 7 17 12
10 7 17 13
10 7 17 14
10 4 18 10
10 4 18 11
10 4 18 12
10 4 18 13
10 5 18 10
10 5 18 11
10 5 18 12
10 5 18 13
10 6 18 10
10 6 18 11
10 6 18 12
10 6 18 13
10 7 18 10
10 7 18 11
10 7 18 12
10 7 18 13
10 5 21 10
10 5 21 11
10 5 21 12
10 5 21 13
10 6 21 10
10 6 21 11
10 6 21 12
10 6 21 13
10 7 21 10
10 7 21 11
10 7 21 12
10 7 21 13
10 7 22 10
10 7 22 11
10 7 22 12
10 7 22 13
10 5 23 7
10 5 23 10
10 5 23 11
10 5 23 12
10 5 23 13
10 7 23 10
10 7 23 11
10 7 23 12
10 7 23 13
10 2 24 5
10 2 24 7
10 2 24 10
10 2 24 11
10 2 24 12
10 2 24 13
10 5 24 7
10 5 24 10
10 5 24 11
10 5 24 12
10 5 24 13
10 7 24 10
10 7 24 11
10 7 24 12
10 7 24 13
11 4 14 10
11 4 14 11
11 4 14 12
11 4 14 13
11 4 14 14
11 5 14 10
11 5 14 11
11 5 14 12
11 5 14 13
11 5 14 14
11 6 14 10
11 6 14 11
11 6 14 12
11 6 14 13
11 6 14 14
11 7 14 10
11 7 14 11
11 7 14 12
11 7 14 13
11 7 14 14
11 8 14 10
11 8 14 11
11 8 14 12
11 8 14 13
11 8 14 14
11 4 16 10
11 4 16 11
11 4 16 12
11 4 16 13
11 4 16 14
11 5 16 10
11 5 16 11
11 5 16 12
11 5 16 13
11 5 16 14
11 6 16 10
11 6 16 11
11 6 16 12
11 6 16 13
11 6 16 14
11 7 16 10
11 7 16 11
11 7 16 12
11 7 16 13
11 7 16 14
11 4 17 10
11 4 17 11
11 4 17 12
11 4 17 13
11 4 17 14
11 5 17 10
11 5 17 11
11 5 17 12
11 5 17 13
11 5 17 14
11 6 17 10
11 6 17 11
11 6 17 12
11 6 17 13
11 6 17 14
11 7 17 10
11 7 17 11
11 7 17 12
11 7 17 13
11 7 17 14
11 4 18 10
11 4 18 11
11 4 18 12
11 4 18 13
11 5 18 10
11 5 18 11
11 5 18 12
11 5 18 13
11 6 18 10
11 6 18 11
11 6 18 12
11 6 18 13
11 7 18 10
11 7 18 11
11 7 18 12
11 7 18 13
11 5 21 10
11 5 21 11
11 5 21 12
11 5 21 13
11 6 21 10
11 6 21 11
11 6 21 12
11 6 21 13
11 7 21 10
11 7 21 11
11 7 21 12
11 7 21 13
11 7 22 10
11 7 22 11
11 7 22 12
11 7 22 13
11 5 23 7
11 5 23 10
11 5 23 11
11 5 23 12
11 5 23 13
11 7 23 10
11 7 23 11
11 7 23 12
11 7 23 13
11 5 24 7
11 5 24 10
11 5 24 11
11 5 24 12
11 5 24 13
11 7 24 10
11 7 24 11
11 7 24 12
11 7 24 13
12 2 14 4
12 2 14 5
12 2 14 6
12 2 14 7
12 2 14 8
12 2 14 10
12 2 14 11
12 2 14 12
12 2 14 13
12 2 14 14
12 4 14 10
12 4 14 11
12 4 14 12
12 4 14 13
12 4 14 14
12 5 14 10
12 5 14 11
12 5 14 12
12 5 14 13
12 5 14 14
12 6 14 10
12 6 14 11
12 6 14 12
12 6 14 13
12 6 14 14
12 7 14 10
12 7 14 11
12 7 14 12
12 7 14 13
12 7 14 14
12 8 14 10
12 8 14 11
12 8 14 12
12 8 14 13
12 8 14 14
12 2 16 4
12 2 16 5
12 2 16 6
12 2 16 7
12 2 16 10
12 2 16 11
12 2 16 12
12 2 16 13
12 2 16 14
12 4 16 10
12 4 16 11
12 4 16 12
12 4 16 13
12 4 16 14
12 5 16 10
12 5 16 11
12 5 16 12
12 5 16 13
12 5 16 14
12 6 16 10
12 6 16 11
12 6 16 12
12 6 16 13
12 6 16 14
12 7 16 10
12 7 16 11
12 7 16 12
12 7 16 13
12 7 16 14
12 2 17 4
12 2 17 5
12 2 17 6
12 2 17 7
12 2 17 10
12 2 17 11
12 2 17 12
12 2 17 13
12 2 17 14
12 4 17 10
12 4 17 11
12 4 17 12
12 4 17 13
12 4 17 14
12 5 17 10
12 5 17 11
12 5 17 12
12 5 17 13
12 5 17 14
12 6 17 10
12 6 17 11
12 6 17 12
12 6 17 13
12 6 17 14
12 7 17 10
12 7 17 11
12 7 17 12
12 7 17 13
12 7 17 14
12 4 18 10
12 4 18 11
12 4 18 12
12 4 18 13
12 5 18 10
12 5 18 11
12 5 18 12
12 5 18 13
12 6 18 10
12 6 18 11
12 6 18 12
12 6 18 13
12 7 18 10
12 7 18 11
12 7 18 12
12 7 18 13
12 5 21 10
12 5 21 11
12 5 21 12
12 5 21 13
12 6 21 10
12 6 21 11
12 6 21 12
12 6 21 13
12 7 21 10
12 7 21 11
12 7 21 12
12 7 21 13
12 7 22 10
12 7 22 11
12 7 22 12
12 7 22 13
12 5 23 7
12 5 23 10
12 5 23 11
12 5 23 12
12 5 23 13
12 7 23 10
12 7 23 11
12 7 23 12
12 7 23 13
12 2 24 5
12 2 24 7
12 2 24 10
12 2 24 11
12 2 24 12
12 2 24 13
12 5 24 7
12 5 24 10
12 5 24 11
12 5 24 12
12 5 24 13
12 7 24 10
12 7 24 11
12 7 24 12
12 7 24 13
13 10 15 16
13 10 15 17
13 11 15 16
13 11 15 17
13 12 15 16
13 12 15 17
13 13 15 16
13 13 15 17
13 14 15 16
13 14 15 17
13 10 17 16
13 10 17 17
13 11 17 16
13 11 17 17
13 12 17 16
13 12 17 17
13 13 17 16
13 13 17 17
13 14 17 16
13 14 17 17
13 10 19 16
13 10 19 17
13 11 19 16
13 11 19 17
13 12 19 16
13 12 19 17
13 13 19 16
13 13 19 17
13 10 20 16
13 10 20 17
13 11 20 16
13 11 20 17
13 12 20 16
13 12 20 17
13 13 20 16
13 13 20 17
13 5 23 7
13 10 23 16
13 11 23 16
13 12 23 16
13 13 23 16
13 5 24 7
13 10 24 16
13 11 24 16
13 12 24 16
13 13 24 16
14 2 16 4
14 2 16 5
14 2 16 6
14 2 16 7
14 2 16 10
14 2 16 11
14 2 16 12
14 2 16 13
14 2 16 14
14 4 16 10
14 4 16 11
14 4 16 12
14 4 16 13
14 4 16 14
14 5 16 10
14 5 16 11
14 5 16 12
14 5 16 13
14 5 16 14
14 6 16 10
14 6 16 11
14 6 16 12
14 6 16 13
14 6 16 14
14 7 16 10
14 7 16 11
14 7 16 12
14 7 16 13
14 7 16 14
14 2 17 4
14 2 17 5
14 2 17 6
14 2 17 7
14 2 17 10
14 2 17 11
14 2 17 12
14 2 17 13
14 2 17 14
14 4 17 10
14 4 17 11
14 4 17 12
14 4 17 13
14 4 17 14
14 5 17 10
14 5 17 11
14 5 17 12
14 5 17 13
14 5 17 14
14 6 17 10
14 6 17 11
14 6 17 12
14 6 17 13
14 6 17 14
14 7 17 10
14 7 17 11
14 7 17 12
14 7 17 13
14 7 17 14
14 4 18 10
14 4 18 11
14 4 18 12
14 4 18 13
14 5 18 10
14 5 18 11
14 5 18 12
14 5 18 13
14 6 18 10
14 6 18 11
14 6 18 12
14 6 18 13
14 7 18 10
14 7 18 11
14 7 18 12
14 7 18 13
14 5 21 10
14 5 21 11
14 5 21 12
14 5 21 13
14 6 21 10
14 6 21 11
14 6 21 12
14 6 21 13
14 7 21 10
14 7 21 11
14 7 21 12
14 7 21 13
14 7 22 10
14 7 22 11
14 7 22 12
14 7 22 13
14 5 23 7
14 5 23 10
14 5 23 11
14 5 23 12
14 5 23 13
14 7 23 10
14 7 23 11
14 7 23 12
14 7 23 13
14 2 24 5
14 2 24 7
14 2 24 10
14 2 24 11
14 2 24 12
14 2 24 13
14 5 24 7
14 5 24 10
14 5 24 11
14 5 24 12
14 5 24 13
14 7 24 10
14 7 24 11
14 7 24 12
14 7 24 13
15 10 17 16
15 10 17 17
15 11 17 16
15 11 17 17
15 12 17 16
15 12 17 17
15 13 17 16
15 13 17 17
15 14 17 16
15 14 17 17
15 10 19 16
15 10 19 17
15 11 19 16
15 11 19 17
15 12 19 16
15 12 19 17
15 13 19 16
15 13 19 17
15 10 20 16
15 10 20 17
15 11 20 16
15 11 20 17
15 12 20 16
15 12 20 17
15 13 20 16
15 13 20 17
15 5 23 7
15 10 23 16
15 11 23 16
15 12 23 16
15 13 23 16
15 5 24 7
15 10 24 16
15 11 24 16
15 12 24 16
15 13 24 16
16 5 21 10
16 5 21 11
16 5 21 12
16 5 21 13
16 6 21 10
16 6 21 11
16 6 21 12
16 6 21 13
16 7 21 10
16 7 21 11
16 7 21 12
16 7 21 13
16 7 22 10
16 7 22 11
16 7 22 12
16 7 22 13
16 5 23 7
16 5 23 10
16 5 23 11
16 5 23 12
16 5 23 13
16 7 23 10
16 7 23 11
16 7 23 12
16 7 23 13
16 2 24 5
16 2 24 7
16 2 24 10
16 2 24 11
16 2 24 12
16 2 24 13
16 5 24 7
16 5 24 10
16 5 24 11
16 5 24 12
16 5 24 13
16 7 24 10
16 7 24 11
16 7 24 12
16 7 24 13
17 10 19 16
17 10 19 17
17 11 19 16
17 11 19 17
17 12 19 16
17 12 19 17
17 13 19 16
17 13 19 17
17 10 20 16
17 10 20 17
17 11 20 16
17 11 20 17
17 12 20 16
17 12 20 17
17 13 20 16
17 13 20 17
17 5 21 10
17 5 21 11
17 5 21 12
17 5 21 13
17 6 21 10
17 6 21 11
17 6 21 12
17 6 21 13
17 7 21 10
17 7 21 11
17 7 21 12
17 7 21 13
17 7 22 10
17 7 22 11
17 7 22 12
17 7 22 13
17 5 23 7
17 5 23 10
17 5 23 11
17 5 23 12
17 5 23 13
17 5 23 16
17 7 23 10
17 7 23 11
17 7 23 12
17 7 23 13
17 7 23 16
17 10 23 16
17 11 23 16
17 12 23 16
17 13 23 16
17 2 24 5
17 2 24 7
17 2 24 10
17 2 24 11
17 2 24 12
17 2 24 13
17 2 24 16
17 5 24 7
17 5 24 10
17 5 24 11
17 5 24 12
17 5 24 13
17 5 24 16
17 7 24 10
17 7 24 11
17 7 24 12
17 7 24 13
17 7 24 16
17 10 24 16
17 11 24 16
17 12 24 16
17 13 24 16
18 5 21 10
18 5 21 11
18 5 21 12
18 5 21 13
18 6 21 10
18 6 21 11
18 6 21 12
18 6 21 13
18 7 21 10
18 7 21 11
18 7 21 12
18 7 21 13
18 7 22 10
18 7 22 11
18 7 22 12
18 7 22 13
18 5 23 7
18 5 23 10
18 5 23 11
18 5 23 12
18 5 23 13
18 7 23 10
18 7 23 11
18 7 23 12
18 7 23 13
18 5 24 7
18 5 24 10
18 5 24 11
18 5 24 12
18 5 24 13
18 7 24 10
18 7 24 11
18 7 24 12
18 7 24 13
19 5 23 7
19 10 23 16
19 11 23 16
19 12 23 16
19 13 23 16
19 5 24 7
19 10 24 16
19 11 24 16
19 12 24 16
19 13 24 16
20 5 23 7
20 10 23 16
20 11 23 16
20 12 23 16
20 13 23 16
20 5 24 7
20 10 24 16
20 11 24 16
20 12 24 16
20 13 24 16
21 5 23 7
21 5 23 8
21 5 23 9
21 5 23 10
21 5 23 11
21 5 23 12
21 5 23 13
21 5 24 7
21 5 24 8
21 5 24 9
21 5 24 10
21 5 24 11
21 5 24 12
21 5 24 13
