24 23
00000000000000000000000
00000000111111111111100
00000000111111111100100
00000000110000000100100
00000000111111111111100
00000000010000000100000
00000000010000000100000
00000000010000000100000
00000011111111110100000
00000010010000010100000
00000010010000010100000
00000010010000010100000
00000010010000010100000
00000010010000010100000
00000010010000010100000
00000010010000010100000
00000010010000010100000
00000010011111111100000
00000010000000010000000
00000010000000010000000
00000010000000010000000
00000011111111110000000
00000000000000000000000
00000000000000000000000
12
2 9 5 18
2 9 5 21
2 10 5 18
2 10 5 21
2 18 5 21
2 10 18 18
3 9 5 18
3 10 5 18
3 10 18 18
5 10 18 18
9 10 18 16
9 7 22 16
