15 18
000000000000000000
000000000001111100
000011111111111111
000010000001100101
000010000001100101
000010000001100101
000010000001100101
000010000001111111
000010000001100100
000011111111111100
001111111111110000
001000000000010000
001111111111110000
000000001000100000
000000001111100000
20
2 12 8 16
2 13 8 16
2 12 10 16
2 13 10 16
3 12 8 16
3 12 8 18
3 13 8 16
3 13 8 18
3 16 8 18
3 5 10 12
3 5 10 13
3 5 10 16
3 12 10 16
3 13 10 16
3 5 11 12
3 5 11 13
8 12 10 16
8 13 10 16
11 3 13 14
13 9 15 13
