22 10
0000000000
0000000000
1111110000
1000010000
1111110000
1100010000
1111110000
0100010000
0100010000
0100010000
1111110000
1111110000
1111110000
1010110000
1010110000
1011110000
1010110000
1111110000
0010100000
0010100000
0010100000
0011100000
38
3 1 5 6
3 1 7 6
5 1 7 6
5 2 7 6
5 2 11 6
5 2 12 6
5 2 13 6
7 2 11 6
7 2 12 6
7 2 13 6
11 3 16 5
11 3 16 6
11 1 18 3
11 1 18 5
11 1 18 6
11 3 18 5
11 3 18 6
11 3 22 5
12 3 16 5
12 3 16 6
12 1 18 3
12 1 18 5
12 1 18 6
12 3 18 5
12 3 18 6
12 3 22 5
13 3 16 5
13 3 16 6
13 1 18 3
13 1 18 5
13 1 18 6
13 3 18 5
13 3 18 6
13 3 22 5
16 3 18 5
16 3 18 6
16 3 22 5
18 3 22 5
