16 17
00000000000000000
00000000000001110
00000111111101010
00000110000101010
00000110000101010
00000110111111111
01111111111111111
01001111111100001
01001111110000001
01001001110000001
01111111111111111
00000000110000101
00000000110000101
00000000110000101
00000000110000111
00000000111111111
36
2 14 6 16
2 14 7 16
3 6 7 12
3 7 7 12
3 6 8 12
3 7 8 12
6 9 11 17
6 10 11 17
6 9 16 17
6 10 16 17
7 2 11 5
7 2 11 8
7 2 11 9
7 2 11 10
7 2 11 17
7 5 11 8
7 5 11 9
7 5 11 10
7 5 11 17
7 8 11 17
7 9 11 17
7 10 11 17
7 9 16 17
7 10 16 17
8 5 11 8
8 5 11 9
8 5 11 10
9 5 11 8
9 5 11 9
9 5 11 10
11 15 15 17
11 9 16 15
11 9 16 17
11 10 16 15
11 10 16 17
11 15 16 17
