20 16
1111111111111100
1001111111111110
1111111111111110
1101110111110110
1101110100110110
1101110100110110
1101110100110110
1101110111110110
1101111111111110
1111110000100010
1111111111111110
1000010000100010
1000010000100010
1000011110100010
1000011111111010
1000010010101010
1111111111101010
1011111111111111
1010010010001001
1111111111111111
196
1 1 3 4
1 1 3 5
1 1 3 6
1 1 3 7
1 1 3 8
1 1 3 9
1 1 3 10
1 1 3 11
1 1 3 12
1 1 3 13
1 1 3 14
1 8 8 11
1 8 8 12
1 4 9 8
1 4 9 11
1 4 9 12
1 4 9 14
1 5 9 8
1 5 9 11
1 5 9 12
1 5 9 14
1 6 9 8
1 6 9 11
1 6 9 12
1 6 9 14
1 8 9 11
1 8 9 12
1 8 9 14
1 11 9 14
1 12 9 14
1 1 10 4
1 1 10 5
1 1 10 6
1 1 11 4
1 1 11 5
1 1 11 6
1 1 11 11
1 4 11 11
1 5 11 11
1 6 11 11
1 6 15 11
1 1 17 6
1 1 17 11
1 6 17 11
1 6 18 11
1 1 20 6
2 8 8 11
2 8 8 12
2 4 9 8
2 4 9 11
2 4 9 12
2 4 9 14
2 4 9 15
2 5 9 8
2 5 9 11
2 5 9 12
2 5 9 14
2 5 9 15
2 6 9 8
2 6 9 11
2 6 9 12
2 6 9 14
2 6 9 15
2 8 9 11
2 8 9 12
2 8 9 14
2 8 9 15
2 11 9 14
2 11 9 15
2 12 9 14
2 12 9 15
2 4 11 11
2 4 11 15
2 5 11 11
2 5 11 15
2 6 11 11
2 6 11 15
2 11 11 15
2 6 15 11
2 6 17 11
2 6 18 11
2 6 18 15
2 11 18 15
3 8 8 11
3 8 8 12
3 4 9 8
3 4 9 11
3 4 9 12
3 4 9 14
3 4 9 15
3 5 9 8
3 5 9 11
3 5 9 12
3 5 9 14
3 5 9 15
3 6 9 8
3 6 9 11
3 6 9 12
3 6 9 14
3 6 9 15
3 8 9 11
3 8 9 12
3 8 9 14
3 8 9 15
3 11 9 14
3 11 9 15
3 12 9 14
3 12 9 15
3 1 10 4
3 1 10 5
3 1 10 6
3 2 10 4
3 2 10 5
3 2 10 6
3 1 11 4
3 1 11 5
3 1 11 6
3 1 11 11
3 1 11 15
3 2 11 4
3 2 11 5
3 2 11 6
3 2 11 11
3 2 11 15
3 4 11 11
3 4 11 15
3 5 11 11
3 5 11 15
3 6 11 11
3 6 11 15
3 11 11 15
3 6 15 11
3 1 17 6
3 1 17 11
3 6 17 11
3 6 18 11
3 6 18 15
3 11 18 15
3 1 20 6
4 8 8 11
4 8 8 12
4 8 9 11
4 8 9 12
9 4 11 11
9 4 11 15
9 5 11 11
9 5 11 15
9 6 11 11
9 6 11 15
9 11 11 15
9 6 15 11
9 6 17 11
9 6 18 11
9 6 18 15
9 11 18 15
10 1 17 6
10 1 20 6
11 6 15 11
11 1 17 6
11 1 17 11
11 6 17 11
11 6 18 11
11 6 18 15
11 11 18 15
11 1 20 6
14 6 17 9
14 6 18 9
14 6 20 9
15 6 17 9
15 6 17 11
15 9 17 11
15 6 18 9
15 6 18 11
15 6 18 13
15 9 18 11
15 9 18 13
15 11 18 13
15 6 20 9
15 6 20 13
15 9 20 13
17 1 20 3
17 1 20 6
17 1 20 9
17 3 20 6
17 3 20 9
17 6 20 9
18 3 20 6
18 3 20 9
18 3 20 13
18 3 20 16
18 6 20 9
18 6 20 13
18 6 20 16
18 9 20 13
18 9 20 16
18 13 20 16
