14 15
011111111111111
011111111111111
011111111111111
111111111111111
111111111111111
111111111111111
111011111111111
111111111111111
111111111111111
111111111111111
111111111111111
111111111111111
111111111111111
111111111111111
1155
1 2 8 5
1 2 8 6
1 2 8 7
1 2 8 8
1 2 8 9
1 2 8 10
1 2 8 11
1 2 8 12
1 2 8 13
1 2 8 14
1 2 8 15
1 3 8 5
1 3 8 6
1 3 8 7
1 3 8 8
1 3 8 9
1 3 8 10
1 3 8 11
1 3 8 12
1 3 8 13
1 3 8 14
1 3 8 15
1 2 9 5
1 2 9 6
1 2 9 7
1 2 9 8
1 2 9 9
1 2 9 10
1 2 9 11
1 2 9 12
1 2 9 13
1 2 9 14
1 2 9 15
1 3 9 5
1 3 9 6
1 3 9 7
1 3 9 8
1 3 9 9
1 3 9 10
1 3 9 11
1 3 9 12
1 3 9 13
1 3 9 14
1 3 9 15
1 2 10 5
1 2 10 6
1 2 10 7
1 2 10 8
1 2 10 9
1 2 10 10
1 2 10 11
1 2 10 12
1 2 10 13
1 2 10 14
1 2 10 15
1 3 10 5
1 3 10 6
1 3 10 7
1 3 10 8
1 3 10 9
1 3 10 10
1 3 10 11
1 3 10 12
1 3 10 13
1 3 10 14
1 3 10 15
1 2 11 5
1 2 11 6
1 2 11 7
1 2 11 8
1 2 11 9
1 2 11 10
1 2 11 11
1 2 11 12
1 2 11 13
1 2 11 14
1 2 11 15
1 3 11 5
1 3 11 6
1 3 11 7
1 3 11 8
1 3 11 9
1 3 11 10
1 3 11 11
1 3 11 12
1 3 11 13
1 3 11 14
1 3 11 15
1 2 12 5
1 2 12 6
1 2 12 7
1 2 12 8
1 2 12 9
1 2 12 10
1 2 12 11
1 2 12 12
1 2 12 13
1 2 12 14
1 2 12 15
1 3 12 5
1 3 12 6
1 3 12 7
1 3 12 8
1 3 12 9
1 3 12 10
1 3 12 11
1 3 12 12
1 3 12 13
1 3 12 14
1 3 12 15
1 2 13 5
1 2 13 6
1 2 13 7
1 2 13 8
1 2 13 9
1 2 13 10
1 2 13 11
1 2 13 12
1 2 13 13
1 2 13 14
1 2 13 15
1 3 13 5
1 3 13 6
1 3 13 7
1 3 13 8
1 3 13 9
1 3 13 10
1 3 13 11
1 3 13 12
1 3 13 13
1 3 13 14
1 3 13 15
1 2 14 5
1 2 14 6
1 2 14 7
1 2 14 8
1 2 14 9
1 2 14 10
1 2 14 11
1 2 14 12
1 2 14 13
1 2 14 14
1 2 14 15
1 3 14 5
1 3 14 6
1 3 14 7
1 3 14 8
1 3 14 9
1 3 14 10
1 3 14 11
1 3 14 12
1 3 14 13
1 3 14 14
1 3 14 15
2 2 8 5
2 2 8 6
2 2 8 7
2 2 8 8
2 2 8 9
2 2 8 10
2 2 8 11
2 2 8 12
2 2 8 13
2 2 8 14
2 2 8 15
2 3 8 5
2 3 8 6
2 3 8 7
2 3 8 8
2 3 8 9
2 3 8 10
2 3 8 11
2 3 8 12
2 3 8 13
2 3 8 14
2 3 8 15
2 2 9 5
2 2 9 6
2 2 9 7
2 2 9 8
2 2 9 9
2 2 9 10
2 2 9 11
2 2 9 12
2 2 9 13
2 2 9 14
2 2 9 15
2 3 9 5
2 3 9 6
2 3 9 7
2 3 9 8
2 3 9 9
2 3 9 10
2 3 9 11
2 3 9 12
2 3 9 13
2 3 9 14
2 3 9 15
2 2 10 5
2 2 10 6
2 2 10 7
2 2 10 8
2 2 10 9
2 2 10 10
2 2 10 11
2 2 10 12
2 2 10 13
2 2 10 14
2 2 10 15
2 3 10 5
2 3 10 6
2 3 10 7
2 3 10 8
2 3 10 9
2 3 10 10
2 3 10 11
2 3 10 12
2 3 10 13
2 3 10 14
2 3 10 15
2 2 11 5
2 2 11 6
2 2 11 7
2 2 11 8
2 2 11 9
2 2 11 10
2 2 11 11
2 2 11 12
2 2 11 13
2 2 11 14
2 2 11 15
2 3 11 5
2 3 11 6
2 3 11 7
2 3 11 8
2 3 11 9
2 3 11 10
2 3 11 11
2 3 11 12
2 3 11 13
2 3 11 14
2 3 11 15
2 2 12 5
2 2 12 6
2 2 12 7
2 2 12 8
2 2 12 9
2 2 12 10
2 2 12 11
2 2 12 12
2 2 12 13
2 2 12 14
2 2 12 15
2 3 12 5
2 3 12 6
2 3 12 7
2 3 12 8
2 3 12 9
2 3 12 10
2 3 12 11
2 3 12 12
2 3 12 13
2 3 12 14
2 3 12 15
2 2 13 5
2 2 13 6
2 2 13 7
2 2 13 8
2 2 13 9
2 2 13 10
2 2 13 11
2 2 13 12
2 2 13 13
2 2 13 14
2 2 13 15
2 3 13 5
2 3 13 6
2 3 13 7
2 3 13 8
2 3 13 9
2 3 13 10
2 3 13 11
2 3 13 12
2 3 13 13
2 3 13 14
2 3 13 15
2 2 14 5
2 2 14 6
2 2 14 7
2 2 14 8
2 2 14 9
2 2 14 10
2 2 14 11
2 2 14 12
2 2 14 13
2 2 14 14
2 2 14 15
2 3 14 5
2 3 14 6
2 3 14 7
2 3 14 8
2 3 14 9
2 3 14 10
2 3 14 11
2 3 14 12
2 3 14 13
2 3 14 14
2 3 14 15
3 2 8 5
3 2 8 6
3 2 8 7
3 2 8 8
3 2 8 9
3 2 8 10
3 2 8 11
3 2 8 12
3 2 8 13
3 2 8 14
3 2 8 15
3 3 8 5
3 3 8 6
3 3 8 7
3 3 8 8
3 3 8 9
3 3 8 10
3 3 8 11
3 3 8 12
3 3 8 13
3 3 8 14
3 3 8 15
3 2 9 5
3 2 9 6
3 2 9 7
3 2 9 8
3 2 9 9
3 2 9 10
3 2 9 11
3 2 9 12
3 2 9 13
3 2 9 14
3 2 9 15
3 3 9 5
3 3 9 6
3 3 9 7
3 3 9 8
3 3 9 9
3 3 9 10
3 3 9 11
3 3 9 12
3 3 9 13
3 3 9 14
3 3 9 15
3 2 10 5
3 2 10 6
3 2 10 7
3 2 10 8
3 2 10 9
3 2 10 10
3 2 10 11
3 2 10 12
3 2 10 13
3 2 10 14
3 2 10 15
3 3 10 5
3 3 10 6
3 3 10 7
3 3 10 8
3 3 10 9
3 3 10 10
3 3 10 11
3 3 10 12
3 3 10 13
3 3 10 14
3 3 10 15
3 2 11 5
3 2 11 6
3 2 11 7
3 2 11 8
3 2 11 9
3 2 11 10
3 2 11 11
3 2 11 12
3 2 11 13
3 2 11 14
3 2 11 15
3 3 11 5
3 3 11 6
3 3 11 7
3 3 11 8
3 3 11 9
3 3 11 10
3 3 11 11
3 3 11 12
3 3 11 13
3 3 11 14
3 3 11 15
3 2 12 5
3 2 12 6
3 2 12 7
3 2 12 8
3 2 12 9
3 2 12 10
3 2 12 11
3 2 12 12
3 2 12 13
3 2 12 14
3 2 12 15
3 3 12 5
3 3 12 6
3 3 12 7
3 3 12 8
3 3 12 9
3 3 12 10
3 3 12 11
3 3 12 12
3 3 12 13
3 3 12 14
3 3 12 15
3 2 13 5
3 2 13 6
3 2 13 7
3 2 13 8
3 2 13 9
3 2 13 10
3 2 13 11
3 2 13 12
3 2 13 13
3 2 13 14
3 2 13 15
3 3 13 5
3 3 13 6
3 3 13 7
3 3 13 8
3 3 13 9
3 3 13 10
3 3 13 11
3 3 13 12
3 3 13 13
3 3 13 14
3 3 13 15
3 2 14 5
3 2 14 6
3 2 14 7
3 2 14 8
3 2 14 9
3 2 14 10
3 2 14 11
3 2 14 12
3 2 14 13
3 2 14 14
3 2 14 15
3 3 14 5
3 3 14 6
3 3 14 7
3 3 14 8
3 3 14 9
3 3 14 10
3 3 14 11
3 3 14 12
3 3 14 13
3 3 14 14
3 3 14 15
4 1 8 5
4 1 8 6
4 1 8 7
4 1 8 8
4 1 8 9
4 1 8 10
4 1 8 11
4 1 8 12
4 1 8 13
4 1 8 14
4 1 8 15
4 2 8 5
4 2 8 6
4 2 8 7
4 2 8 8
4 2 8 9
4 2 8 10
4 2 8 11
4 2 8 12
4 2 8 13
4 2 8 14
4 2 8 15
4 3 8 5
4 3 8 6
4 3 8 7
4 3 8 8
4 3 8 9
4 3 8 10
4 3 8 11
4 3 8 12
4 3 8 13
4 3 8 14
4 3 8 15
4 1 9 5
4 1 9 6
4 1 9 7
4 1 9 8
4 1 9 9
4 1 9 10
4 1 9 11
4 1 9 12
4 1 9 13
4 1 9 14
4 1 9 15
4 2 9 5
4 2 9 6
4 2 9 7
4 2 9 8
4 2 9 9
4 2 9 10
4 2 9 11
4 2 9 12
4 2 9 13
4 2 9 14
4 2 9 15
4 3 9 5
4 3 9 6
4 3 9 7
4 3 9 8
4 3 9 9
4 3 9 10
4 3 9 11
4 3 9 12
4 3 9 13
4 3 9 14
4 3 9 15
4 1 10 5
4 1 10 6
4 1 10 7
4 1 10 8
4 1 10 9
4 1 10 10
4 1 10 11
4 1 10 12
4 1 10 13
4 1 10 14
4 1 10 15
4 2 10 5
4 2 10 6
4 2 10 7
4 2 10 8
4 2 10 9
4 2 10 10
4 2 10 11
4 2 10 12
4 2 10 13
4 2 10 14
4 2 10 15
4 3 10 5
4 3 10 6
4 3 10 7
4 3 10 8
4 3 10 9
4 3 10 10
4 3 10 11
4 3 10 12
4 3 10 13
4 3 10 14
4 3 10 15
4 1 11 5
4 1 11 6
4 1 11 7
4 1 11 8
4 1 11 9
4 1 11 10
4 1 11 11
4 1 11 12
4 1 11 13
4 1 11 14
4 1 11 15
4 2 11 5
4 2 11 6
4 2 11 7
4 2 11 8
4 2 11 9
4 2 11 10
4 2 11 11
4 2 11 12
4 2 11 13
4 2 11 14
4 2 11 15
4 3 11 5
4 3 11 6
4 3 11 7
4 3 11 8
4 3 11 9
4 3 11 10
4 3 11 11
4 3 11 12
4 3 11 13
4 3 11 14
4 3 11 15
4 1 12 5
4 1 12 6
4 1 12 7
4 1 12 8
4 1 12 9
4 1 12 10
4 1 12 11
4 1 12 12
4 1 12 13
4 1 12 14
4 1 12 15
4 2 12 5
4 2 12 6
4 2 12 7
4 2 12 8
4 2 12 9
4 2 12 10
4 2 12 11
4 2 12 12
4 2 12 13
4 2 12 14
4 2 12 15
4 3 12 5
4 3 12 6
4 3 12 7
4 3 12 8
4 3 12 9
4 3 12 10
4 3 12 11
4 3 12 12
4 3 12 13
4 3 12 14
4 3 12 15
4 1 13 5
4 1 13 6
4 1 13 7
4 1 13 8
4 1 13 9
4 1 13 10
4 1 13 11
4 1 13 12
4 1 13 13
4 1 13 14
4 1 13 15
4 2 13 5
4 2 13 6
4 2 13 7
4 2 13 8
4 2 13 9
4 2 13 10
4 2 13 11
4 2 13 12
4 2 13 13
4 2 13 14
4 2 13 15
4 3 13 5
4 3 13 6
4 3 13 7
4 3 13 8
4 3 13 9
4 3 13 10
4 3 13 11
4 3 13 12
4 3 13 13
4 3 13 14
4 3 13 15
4 1 14 5
4 1 14 6
4 1 14 7
4 1 14 8
4 1 14 9
4 1 14 10
4 1 14 11
4 1 14 12
4 1 14 13
4 1 14 14
4 1 14 15
4 2 14 5
4 2 14 6
4 2 14 7
4 2 14 8
4 2 14 9
4 2 14 10
4 2 14 11
4 2 14 12
4 2 14 13
4 2 14 14
4 2 14 15
4 3 14 5
4 3 14 6
4 3 14 7
4 3 14 8
4 3 14 9
4 3 14 10
4 3 14 11
4 3 14 12
4 3 14 13
4 3 14 14
4 3 14 15
5 1 8 5
5 1 8 6
5 1 8 7
5 1 8 8
5 1 8 9
5 1 8 10
5 1 8 11
5 1 8 12
5 1 8 13
5 1 8 14
5 1 8 15
5 2 8 5
5 2 8 6
5 2 8 7
5 2 8 8
5 2 8 9
5 2 8 10
5 2 8 11
5 2 8 12
5 2 8 13
5 2 8 14
5 2 8 15
5 3 8 5
5 3 8 6
5 3 8 7
5 3 8 8
5 3 8 9
5 3 8 10
5 3 8 11
5 3 8 12
5 3 8 13
5 3 8 14
5 3 8 15
5 1 9 5
5 1 9 6
5 1 9 7
5 1 9 8
5 1 9 9
5 1 9 10
5 1 9 11
5 1 9 12
5 1 9 13
5 1 9 14
5 1 9 15
5 2 9 5
5 2 9 6
5 2 9 7
5 2 9 8
5 2 9 9
5 2 9 10
5 2 9 11
5 2 9 12
5 2 9 13
5 2 9 14
5 2 9 15
5 3 9 5
5 3 9 6
5 3 9 7
5 3 9 8
5 3 9 9
5 3 9 10
5 3 9 11
5 3 9 12
5 3 9 13
5 3 9 14
5 3 9 15
5 1 10 5
5 1 10 6
5 1 10 7
5 1 10 8
5 1 10 9
5 1 10 10
5 1 10 11
5 1 10 12
5 1 10 13
5 1 10 14
5 1 10 15
5 2 10 5
5 2 10 6
5 2 10 7
5 2 10 8
5 2 10 9
5 2 10 10
5 2 10 11
5 2 10 12
5 2 10 13
5 2 10 14
5 2 10 15
5 3 10 5
5 3 10 6
5 3 10 7
5 3 10 8
5 3 10 9
5 3 10 10
5 3 10 11
5 3 10 12
5 3 10 13
5 3 10 14
5 3 10 15
5 1 11 5
5 1 11 6
5 1 11 7
5 1 11 8
5 1 11 9
5 1 11 10
5 1 11 11
5 1 11 12
5 1 11 13
5 1 11 14
5 1 11 15
5 2 11 5
5 2 11 6
5 2 11 7
5 2 11 8
5 2 11 9
5 2 11 10
5 2 11 11
5 2 11 12
5 2 11 13
5 2 11 14
5 2 11 15
5 3 11 5
5 3 11 6
5 3 11 7
5 3 11 8
5 3 11 9
5 3 11 10
5 3 11 11
5 3 11 12
5 3 11 13
5 3 11 14
5 3 11 15
5 1 12 5
5 1 12 6
5 1 12 7
5 1 12 8
5 1 12 9
5 1 12 10
5 1 12 11
5 1 12 12
5 1 12 13
5 1 12 14
5 1 12 15
5 2 12 5
5 2 12 6
5 2 12 7
5 2 12 8
5 2 12 9
5 2 12 10
5 2 12 11
5 2 12 12
5 2 12 13
5 2 12 14
5 2 12 15
5 3 12 5
5 3 12 6
5 3 12 7
5 3 12 8
5 3 12 9
5 3 12 10
5 3 12 11
5 3 12 12
5 3 12 13
5 3 12 14
5 3 12 15
5 1 13 5
5 1 13 6
5 1 13 7
5 1 13 8
5 1 13 9
5 1 13 10
5 1 13 11
5 1 13 12
5 1 13 13
5 1 13 14
5 1 13 15
5 2 13 5
5 2 13 6
5 2 13 7
5 2 13 8
5 2 13 9
5 2 13 10
5 2 13 11
5 2 13 12
5 2 13 13
5 2 13 14
5 2 13 15
5 3 13 5
5 3 13 6
5 3 13 7
5 3 13 8
5 3 13 9
5 3 13 10
5 3 13 11
5 3 13 12
5 3 13 13
5 3 13 14
5 3 13 15
5 1 14 5
5 1 14 6
5 1 14 7
5 1 14 8
5 1 14 9
5 1 14 10
5 1 14 11
5 1 14 12
5 1 14 13
5 1 14 14
5 1 14 15
5 2 14 5
5 2 14 6
5 2 14 7
5 2 14 8
5 2 14 9
5 2 14 10
5 2 14 11
5 2 14 12
5 2 14 13
5 2 14 14
5 2 14 15
5 3 14 5
5 3 14 6
5 3 14 7
5 3 14 8
5 3 14 9
5 3 14 10
5 3 14 11
5 3 14 12
5 3 14 13
5 3 14 14
5 3 14 15
6 1 8 5
6 1 8 6
6 1 8 7
6 1 8 8
6 1 8 9
6 1 8 10
6 1 8 11
6 1 8 12
6 1 8 13
6 1 8 14
6 1 8 15
6 2 8 5
6 2 8 6
6 2 8 7
6 2 8 8
6 2 8 9
6 2 8 10
6 2 8 11
6 2 8 12
6 2 8 13
6 2 8 14
6 2 8 15
6 3 8 5
6 3 8 6
6 3 8 7
6 3 8 8
6 3 8 9
6 3 8 10
6 3 8 11
6 3 8 12
6 3 8 13
6 3 8 14
6 3 8 15
6 1 9 5
6 1 9 6
6 1 9 7
6 1 9 8
6 1 9 9
6 1 9 10
6 1 9 11
6 1 9 12
6 1 9 13
6 1 9 14
6 1 9 15
6 2 9 5
6 2 9 6
6 2 9 7
6 2 9 8
6 2 9 9
6 2 9 10
6 2 9 11
6 2 9 12
6 2 9 13
6 2 9 14
6 2 9 15
6 3 9 5
6 3 9 6
6 3 9 7
6 3 9 8
6 3 9 9
6 3 9 10
6 3 9 11
6 3 9 12
6 3 9 13
6 3 9 14
6 3 9 15
6 1 10 5
6 1 10 6
6 1 10 7
6 1 10 8
6 1 10 9
6 1 10 10
6 1 10 11
6 1 10 12
6 1 10 13
6 1 10 14
6 1 10 15
6 2 10 5
6 2 10 6
6 2 10 7
6 2 10 8
6 2 10 9
6 2 10 10
6 2 10 11
6 2 10 12
6 2 10 13
6 2 10 14
6 2 10 15
6 3 10 5
6 3 10 6
6 3 10 7
6 3 10 8
6 3 10 9
6 3 10 10
6 3 10 11
6 3 10 12
6 3 10 13
6 3 10 14
6 3 10 15
6 1 11 5
6 1 11 6
6 1 11 7
6 1 11 8
6 1 11 9
6 1 11 10
6 1 11 11
6 1 11 12
6 1 11 13
6 1 11 14
6 1 11 15
6 2 11 5
6 2 11 6
6 2 11 7
6 2 11 8
6 2 11 9
6 2 11 10
6 2 11 11
6 2 11 12
6 2 11 13
6 2 11 14
6 2 11 15
6 3 11 5
6 3 11 6
6 3 11 7
6 3 11 8
6 3 11 9
6 3 11 10
6 3 11 11
6 3 11 12
6 3 11 13
6 3 11 14
6 3 11 15
6 1 12 5
6 1 12 6
6 1 12 7
6 1 12 8
6 1 12 9
6 1 12 10
6 1 12 11
6 1 12 12
6 1 12 13
6 1 12 14
6 1 12 15
6 2 12 5
6 2 12 6
6 2 12 7
6 2 12 8
6 2 12 9
6 2 12 10
6 2 12 11
6 2 12 12
6 2 12 13
6 2 12 14
6 2 12 15
6 3 12 5
6 3 12 6
6 3 12 7
6 3 12 8
6 3 12 9
6 3 12 10
6 3 12 11
6 3 12 12
6 3 12 13
6 3 12 14
6 3 12 15
6 1 13 5
6 1 13 6
6 1 13 7
6 1 13 8
6 1 13 9
6 1 13 10
6 1 13 11
6 1 13 12
6 1 13 13
6 1 13 14
6 1 13 15
6 2 13 5
6 2 13 6
6 2 13 7
6 2 13 8
6 2 13 9
6 2 13 10
6 2 13 11
6 2 13 12
6 2 13 13
6 2 13 14
6 2 13 15
6 3 13 5
6 3 13 6
6 3 13 7
6 3 13 8
6 3 13 9
6 3 13 10
6 3 13 11
6 3 13 12
6 3 13 13
6 3 13 14
6 3 13 15
6 1 14 5
6 1 14 6
6 1 14 7
6 1 14 8
6 1 14 9
6 1 14 10
6 1 14 11
6 1 14 12
6 1 14 13
6 1 14 14
6 1 14 15
6 2 14 5
6 2 14 6
6 2 14 7
6 2 14 8
6 2 14 9
6 2 14 10
6 2 14 11
6 2 14 12
6 2 14 13
6 2 14 14
6 2 14 15
6 3 14 5
6 3 14 6
6 3 14 7
6 3 14 8
6 3 14 9
6 3 14 10
6 3 14 11
6 3 14 12
6 3 14 13
6 3 14 14
6 3 14 15
