14 23
11111111111111111111110
10100000100000010110010
11100000100000010110010
11111111111111010110010
10100000100001011111110
10100000100001000110000
10111111111111111111111
11111111111111111110001
11000000111111111110001
11111111111111111111111
10000000000001000000000
10000000000001000000000
11111111111111000000000
00000000000000000000000
80
1 1 3 3
1 1 4 3
1 1 4 9
1 3 4 9
1 16 5 18
1 16 5 19
1 16 5 22
1 18 5 22
1 19 5 22
1 3 7 9
1 3 7 18
1 3 7 19
1 9 7 18
1 9 7 19
1 1 8 3
1 1 8 9
1 1 8 18
1 1 8 19
1 3 8 9
1 3 8 18
1 3 8 19
1 9 8 18
1 9 8 19
1 9 9 18
1 9 9 19
1 1 10 9
1 1 10 18
1 1 10 19
1 9 10 18
1 9 10 19
3 1 8 3
4 3 7 9
4 3 7 14
4 9 7 14
4 1 8 3
4 1 8 9
4 1 8 14
4 3 8 9
4 3 8 14
4 9 8 14
4 9 9 14
4 1 10 9
4 1 10 14
4 9 10 14
4 1 13 14
7 9 10 23
7 10 10 23
7 11 10 23
7 12 10 23
7 13 10 23
7 14 10 23
7 15 10 23
7 16 10 23
7 17 10 23
7 18 10 23
7 19 10 23
8 1 10 9
8 1 10 10
8 1 10 11
8 1 10 12
8 1 10 13
8 1 10 14
8 1 10 15
8 1 10 16
8 1 10 17
8 1 10 18
8 1 10 19
8 2 10 9
8 2 10 10
8 2 10 11
8 2 10 12
8 2 10 13
8 2 10 14
8 2 10 15
8 2 10 16
8 2 10 17
8 2 10 18
8 2 10 19
8 1 13 14
10 1 13 14
