19 21
000000000000000000000
011111111111111111000
011111111111011101000
111110000001010101000
111110000001010101000
111110000001010111111
111111111111111111111
111111111101011111011
111111111111111111011
111111001101111111111
111111111111111111111
111111111111111111111
111111111101111111111
111111011111111111111
111111111111111111111
111111111111111001001
101101111111111111111
111111111111101001000
000111111111111111000
2032
2 16 6 18
2 2 7 12
2 2 7 14
2 2 7 16
2 2 7 18
2 3 7 12
2 3 7 14
2 3 7 16
2 3 7 18
2 4 7 12
2 4 7 14
2 4 7 16
2 4 7 18
2 5 7 12
2 5 7 14
2 5 7 16
2 5 7 18
2 12 7 14
2 12 7 16
2 12 7 18
2 14 7 16
2 14 7 18
2 16 7 18
2 14 8 16
2 14 8 18
2 16 8 18
2 2 9 12
2 2 9 14
2 2 9 16
2 2 9 18
2 3 9 12
2 3 9 14
2 3 9 16
2 3 9 18
2 4 9 12
2 4 9 14
2 4 9 16
2 4 9 18
2 5 9 12
2 5 9 14
2 5 9 16
2 5 9 18
2 12 9 14
2 12 9 16
2 12 9 18
2 14 9 16
2 14 9 18
2 16 9 18
2 12 10 14
2 12 10 16
2 12 10 18
2 14 10 16
2 14 10 18
2 16 10 18
2 2 11 12
2 2 11 14
2 2 11 16
2 2 11 18
2 3 11 12
2 3 11 14
2 3 11 16
2 3 11 18
2 4 11 12
2 4 11 14
2 4 11 16
2 4 11 18
2 5 11 12
2 5 11 14
2 5 11 16
2 5 11 18
2 12 11 14
2 12 11 16
2 12 11 18
2 14 11 16
2 14 11 18
2 16 11 18
2 2 12 12
2 2 12 14
2 2 12 16
2 2 12 18
2 3 12 12
2 3 12 14
2 3 12 16
2 3 12 18
2 4 12 12
2 4 12 14
2 4 12 16
2 4 12 18
2 5 12 12
2 5 12 14
2 5 12 16
2 5 12 18
2 12 12 14
2 12 12 16
2 12 12 18
2 14 12 16
2 14 12 18
2 16 12 18
2 12 13 14
2 12 13 16
2 12 13 18
2 14 13 16
2 14 13 18
2 16 13 18
2 12 14 14
2 12 14 16
2 12 14 18
2 14 14 16
2 14 14 18
2 16 14 18
2 2 15 12
2 2 15 14
2 2 15 16
2 2 15 18
2 3 15 12
2 3 15 14
2 3 15 16
2 3 15 18
2 4 15 12
2 4 15 14
2 4 15 16
2 4 15 18
2 5 15 12
2 5 15 14
2 5 15 16
2 5 15 18
2 12 15 14
2 12 15 16
2 12 15 18
2 14 15 16
2 14 15 18
2 16 15 18
2 2 16 12
2 2 16 14
2 3 16 12
2 3 16 14
2 4 16 12
2 4 16 14
2 5 16 12
2 5 16 14
2 12 16 14
2 12 17 14
2 12 17 18
2 14 17 18
2 3 18 12
2 4 18 12
2 4 19 12
2 4 19 18
2 12 19 18
3 2 7 12
3 3 7 12
3 4 7 12
3 5 7 12
3 14 7 16
3 14 8 16
3 2 9 12
3 3 9 12
3 4 9 12
3 5 9 12
3 14 9 16
3 14 10 16
3 2 11 12
3 3 11 12
3 4 11 12
3 5 11 12
3 14 11 16
3 2 12 12
3 3 12 12
3 4 12 12
3 5 12 12
3 14 12 16
3 14 13 16
3 14 14 16
3 2 15 12
3 3 15 12
3 4 15 12
3 5 15 12
3 14 15 16
3 2 16 12
3 3 16 12
3 4 16 12
3 5 16 12
3 3 18 12
3 4 18 12
3 4 19 12
4 1 18 3
4 1 18 4
5 1 18 3
5 1 18 4
6 16 10 20
6 16 10 21
6 17 10 20
6 17 10 21
6 18 10 20
6 18 10 21
6 16 11 20
6 16 11 21
6 17 11 20
6 17 11 21
6 18 11 20
6 18 11 21
6 16 12 20
6 16 12 21
6 17 12 20
6 17 12 21
6 18 12 20
6 18 12 21
6 16 13 20
6 16 13 21
6 17 13 20
6 17 13 21
6 18 13 20
6 18 13 21
6 16 14 20
6 16 14 21
6 17 14 20
6 17 14 21
6 18 14 20
6 18 14 21
6 16 15 20
6 16 15 21
6 17 15 20
6 17 15 21
6 18 15 20
6 18 15 21
6 18 17 21
6 1 18 3
6 1 18 4
7 1 9 12
7 1 9 14
7 1 9 15
7 1 9 16
7 1 9 17
7 1 9 18
7 2 9 12
7 2 9 14
7 2 9 15
7 2 9 16
7 2 9 17
7 2 9 18
7 3 9 12
7 3 9 14
7 3 9 15
7 3 9 16
7 3 9 17
7 3 9 18
7 4 9 12
7 4 9 14
7 4 9 15
7 4 9 16
7 4 9 17
7 4 9 18
7 5 9 12
7 5 9 14
7 5 9 15
7 5 9 16
7 5 9 17
7 5 9 18
7 6 9 12
7 6 9 14
7 6 9 15
7 6 9 16
7 6 9 17
7 6 9 18
7 7 9 12
7 7 9 14
7 7 9 15
7 7 9 16
7 7 9 17
7 7 9 18
7 8 9 12
7 8 9 14
7 8 9 15
7 8 9 16
7 8 9 17
7 8 9 18
7 9 9 12
7 9 9 14
7 9 9 15
7 9 9 16
7 9 9 17
7 9 9 18
7 10 9 12
7 10 9 14
7 10 9 15
7 10 9 16
7 10 9 17
7 10 9 18
7 12 9 14
7 12 9 15
7 12 9 16
7 12 9 17
7 12 9 18
7 12 10 14
7 12 10 15
7 12 10 16
7 12 10 17
7 12 10 18
7 12 10 20
7 12 10 21
7 14 10 20
7 14 10 21
7 15 10 20
7 15 10 21
7 16 10 20
7 16 10 21
7 17 10 20
7 17 10 21
7 18 10 20
7 18 10 21
7 1 11 9
7 1 11 10
7 1 11 12
7 1 11 14
7 1 11 15
7 1 11 16
7 1 11 17
7 1 11 18
7 1 11 20
7 1 11 21
7 2 11 9
7 2 11 10
7 2 11 12
7 2 11 14
7 2 11 15
7 2 11 16
7 2 11 17
7 2 11 18
7 2 11 20
7 2 11 21
7 3 11 9
7 3 11 10
7 3 11 12
7 3 11 14
7 3 11 15
7 3 11 16
7 3 11 17
7 3 11 18
7 3 11 20
7 3 11 21
7 4 11 9
7 4 11 10
7 4 11 12
7 4 11 14
7 4 11 15
7 4 11 16
7 4 11 17
7 4 11 18
7 4 11 20
7 4 11 21
7 5 11 9
7 5 11 10
7 5 11 12
7 5 11 14
7 5 11 15
7 5 11 16
7 5 11 17
7 5 11 18
7 5 11 20
7 5 11 21
7 6 11 9
7 6 11 10
7 6 11 12
7 6 11 14
7 6 11 15
7 6 11 16
7 6 11 17
7 6 11 18
7 6 11 20
7 6 11 21
7 9 11 12
7 9 11 14
7 9 11 15
7 9 11 16
7 9 11 17
7 9 11 18
7 9 11 20
7 9 11 21
7 10 11 12
7 10 11 14
7 10 11 15
7 10 11 16
7 10 11 17
7 10 11 18
7 10 11 20
7 10 11 21
7 12 11 14
7 12 11 15
7 12 11 16
7 12 11 17
7 12 11 18
7 12 11 20
7 12 11 21
7 14 11 20
7 14 11 21
7 15 11 20
7 15 11 21
7 16 11 20
7 16 11 21
7 17 11 20
7 17 11 21
7 18 11 20
7 18 11 21
7 1 12 9
7 1 12 10
7 1 12 12
7 1 12 14
7 1 12 15
7 1 12 16
7 1 12 17
7 1 12 18
7 1 12 20
7 1 12 21
7 2 12 9
7 2 12 10
7 2 12 12
7 2 12 14
7 2 12 15
7 2 12 16
7 2 12 17
7 2 12 18
7 2 12 20
7 2 12 21
7 3 12 9
7 3 12 10
7 3 12 12
7 3 12 14
7 3 12 15
7 3 12 16
7 3 12 17
7 3 12 18
7 3 12 20
7 3 12 21
7 4 12 9
7 4 12 10
7 4 12 12
7 4 12 14
7 4 12 15
7 4 12 16
7 4 12 17
7 4 12 18
7 4 12 20
7 4 12 21
7 5 12 9
7 5 12 10
7 5 12 12
7 5 12 14
7 5 12 15
7 5 12 16
7 5 12 17
7 5 12 18
7 5 12 20
7 5 12 21
7 6 12 9
7 6 12 10
7 6 12 12
7 6 12 14
7 6 12 15
7 6 12 16
7 6 12 17
7 6 12 18
7 6 12 20
7 6 12 21
7 9 12 12
7 9 12 14
7 9 12 15
7 9 12 16
7 9 12 17
7 9 12 18
7 9 12 20
7 9 12 21
7 10 12 12
7 10 12 14
7 10 12 15
7 10 12 16
7 10 12 17
7 10 12 18
7 10 12 20
7 10 12 21
7 12 12 14
7 12 12 15
7 12 12 16
7 12 12 17
7 12 12 18
7 12 12 20
7 12 12 21
7 14 12 20
7 14 12 21
7 15 12 20
7 15 12 21
7 16 12 20
7 16 12 21
7 17 12 20
7 17 12 21
7 18 12 20
7 18 12 21
7 1 13 9
7 1 13 10
7 2 13 9
7 2 13 10
7 3 13 9
7 3 13 10
7 4 13 9
7 4 13 10
7 5 13 9
7 5 13 10
7 6 13 9
7 6 13 10
7 12 13 14
7 12 13 15
7 12 13 16
7 12 13 17
7 12 13 18
7 12 13 20
7 12 13 21
7 14 13 20
7 14 13 21
7 15 13 20
7 15 13 21
7 16 13 20
7 16 13 21
7 17 13 20
7 17 13 21
7 18 13 20
7 18 13 21
7 9 14 12
7 9 14 14
7 9 14 15
7 9 14 16
7 9 14 17
7 9 14 18
7 9 14 20
7 9 14 21
7 10 14 12
7 10 14 14
7 10 14 15
7 10 14 16
7 10 14 17
7 10 14 18
7 10 14 20
7 10 14 21
7 12 14 14
7 12 14 15
7 12 14 16
7 12 14 17
7 12 14 18
7 12 14 20
7 12 14 21
7 14 14 20
7 14 14 21
7 15 14 20
7 15 14 21
7 16 14 20
7 16 14 21
7 17 14 20
7 17 14 21
7 18 14 20
7 18 14 21
7 1 15 9
7 1 15 10
7 1 15 12
7 1 15 14
7 1 15 15
7 1 15 16
7 1 15 17
7 1 15 18
7 1 15 20
7 1 15 21
7 2 15 9
7 2 15 10
7 2 15 12
7 2 15 14
7 2 15 15
7 2 15 16
7 2 15 17
7 2 15 18
7 2 15 20
7 2 15 21
7 3 15 9
7 3 15 10
7 3 15 12
7 3 15 14
7 3 15 15
7 3 15 16
7 3 15 17
7 3 15 18
7 3 15 20
7 3 15 21
7 4 15 9
7 4 15 10
7 4 15 12
7 4 15 14
7 4 15 15
7 4 15 16
7 4 15 17
7 4 15 18
7 4 15 20
7 4 15 21
7 5 15 9
7 5 15 10
7 5 15 12
7 5 15 14
7 5 15 15
7 5 15 16
7 5 15 17
7 5 15 18
7 5 15 20
7 5 15 21
7 6 15 9
7 6 15 10
7 6 15 12
7 6 15 14
7 6 15 15
7 6 15 16
7 6 15 17
7 6 15 18
7 6 15 20
7 6 15 21
7 9 15 12
7 9 15 14
7 9 15 15
7 9 15 16
7 9 15 17
7 9 15 18
7 9 15 20
7 9 15 21
7 10 15 12
7 10 15 14
7 10 15 15
7 10 15 16
7 10 15 17
7 10 15 18
7 10 15 20
7 10 15 21
7 12 15 14
7 12 15 15
7 12 15 16
7 12 15 17
7 12 15 18
7 12 15 20
7 12 15 21
7 14 15 20
7 14 15 21
7 15 15 20
7 15 15 21
7 16 15 20
7 16 15 21
7 17 15 20
7 17 15 21
7 18 15 20
7 18 15 21
7 1 16 9
7 1 16 10
7 1 16 12
7 1 16 14
7 1 16 15
7 2 16 9
7 2 16 10
7 2 16 12
7 2 16 14
7 2 16 15
7 3 16 9
7 3 16 10
7 3 16 12
7 3 16 14
7 3 16 15
7 4 16 9
7 4 16 10
7 4 16 12
7 4 16 14
7 4 16 15
7 5 16 9
7 5 16 10
7 5 16 12
7 5 16 14
7 5 16 15
7 6 16 9
7 6 16 10
7 6 16 12
7 6 16 14
7 6 16 15
7 9 16 12
7 9 16 14
7 9 16 15
7 10 16 12
7 10 16 14
7 10 16 15
7 12 16 14
7 12 16 15
7 6 17 9
7 6 17 10
7 6 17 12
7 6 17 14
7 6 17 15
7 6 17 18
7 6 17 21
7 9 17 12
7 9 17 14
7 9 17 15
7 9 17 18
7 9 17 21
7 10 17 12
7 10 17 14
7 10 17 15
7 10 17 18
7 10 17 21
7 12 17 14
7 12 17 15
7 12 17 18
7 12 17 21
7 14 17 18
7 14 17 21
7 15 17 18
7 15 17 21
7 18 17 21
7 1 18 3
7 1 18 4
7 1 18 6
7 1 18 9
7 1 18 10
7 1 18 12
7 3 18 6
7 3 18 9
7 3 18 10
7 3 18 12
7 4 18 6
7 4 18 9
7 4 18 10
7 4 18 12
7 6 18 9
7 6 18 10
7 6 18 12
7 9 18 12
7 10 18 12
7 4 19 6
7 4 19 9
7 4 19 10
7 4 19 12
7 4 19 15
7 4 19 18
7 6 19 9
7 6 19 10
7 6 19 12
7 6 19 15
7 6 19 18
7 9 19 12
7 9 19 15
7 9 19 18
7 10 19 12
7 10 19 15
7 10 19 18
7 12 19 15
7 12 19 18
7 15 19 18
8 1 11 9
8 1 11 10
8 2 11 9
8 2 11 10
8 3 11 9
8 3 11 10
8 4 11 9
8 4 11 10
8 5 11 9
8 5 11 10
8 6 11 9
8 6 11 10
8 1 12 9
8 1 12 10
8 2 12 9
8 2 12 10
8 3 12 9
8 3 12 10
8 4 12 9
8 4 12 10
8 5 12 9
8 5 12 10
8 6 12 9
8 6 12 10
8 1 13 9
8 1 13 10
8 2 13 9
8 2 13 10
8 3 13 9
8 3 13 10
8 4 13 9
8 4 13 10
8 5 13 9
8 5 13 10
8 6 13 9
8 6 13 10
8 1 15 9
8 1 15 10
8 2 15 9
8 2 15 10
8 3 15 9
8 3 15 10
8 4 15 9
8 4 15 10
8 5 15 9
8 5 15 10
8 6 15 9
8 6 15 10
8 1 16 9
8 1 16 10
8 2 16 9
8 2 16 10
8 3 16 9
8 3 16 10
8 4 16 9
8 4 16 10
8 5 16 9
8 5 16 10
8 6 16 9
8 6 16 10
8 6 17 9
8 6 17 10
8 14 17 18
8 15 17 18
8 1 18 3
8 1 18 4
8 1 18 6
8 1 18 9
8 1 18 10
8 3 18 6
8 3 18 9
8 3 18 10
8 4 18 6
8 4 18 9
8 4 18 10
8 6 18 9
8 6 18 10
8 4 19 6
8 4 19 9
8 4 19 10
8 6 19 9
8 6 19 10
8 15 19 18
9 1 11 9
9 1 11 10
9 1 11 12
9 1 11 13
9 1 11 14
9 1 11 15
9 1 11 16
9 1 11 17
9 1 11 18
9 2 11 9
9 2 11 10
9 2 11 12
9 2 11 13
9 2 11 14
9 2 11 15
9 2 11 16
9 2 11 17
9 2 11 18
9 3 11 9
9 3 11 10
9 3 11 12
9 3 11 13
9 3 11 14
9 3 11 15
9 3 11 16
9 3 11 17
9 3 11 18
9 4 11 9
9 4 11 10
9 4 11 12
9 4 11 13
9 4 11 14
9 4 11 15
9 4 11 16
9 4 11 17
9 4 11 18
9 5 11 9
9 5 11 10
9 5 11 12
9 5 11 13
9 5 11 14
9 5 11 15
9 5 11 16
9 5 11 17
9 5 11 18
9 6 11 9
9 6 11 10
9 6 11 12
9 6 11 13
9 6 11 14
9 6 11 15
9 6 11 16
9 6 11 17
9 6 11 18
9 9 11 12
9 9 11 13
9 9 11 14
9 9 11 15
9 9 11 16
9 9 11 17
9 9 11 18
9 10 11 12
9 10 11 13
9 10 11 14
9 10 11 15
9 10 11 16
9 10 11 17
9 10 11 18
9 1 12 9
9 1 12 10
9 1 12 12
9 1 12 13
9 1 12 14
9 1 12 15
9 1 12 16
9 1 12 17
9 1 12 18
9 2 12 9
9 2 12 10
9 2 12 12
9 2 12 13
9 2 12 14
9 2 12 15
9 2 12 16
9 2 12 17
9 2 12 18
9 3 12 9
9 3 12 10
9 3 12 12
9 3 12 13
9 3 12 14
9 3 12 15
9 3 12 16
9 3 12 17
9 3 12 18
9 4 12 9
9 4 12 10
9 4 12 12
9 4 12 13
9 4 12 14
9 4 12 15
9 4 12 16
9 4 12 17
9 4 12 18
9 5 12 9
9 5 12 10
9 5 12 12
9 5 12 13
9 5 12 14
9 5 12 15
9 5 12 16
9 5 12 17
9 5 12 18
9 6 12 9
9 6 12 10
9 6 12 12
9 6 12 13
9 6 12 14
9 6 12 15
9 6 12 16
9 6 12 17
9 6 12 18
9 9 12 12
9 9 12 13
9 9 12 14
9 9 12 15
9 9 12 16
9 9 12 17
9 9 12 18
9 10 12 12
9 10 12 13
9 10 12 14
9 10 12 15
9 10 12 16
9 10 12 17
9 10 12 18
9 1 13 9
9 1 13 10
9 2 13 9
9 2 13 10
9 3 13 9
9 3 13 10
9 4 13 9
9 4 13 10
9 5 13 9
9 5 13 10
9 6 13 9
9 6 13 10
9 9 14 12
9 9 14 13
9 9 14 14
9 9 14 15
9 9 14 16
9 9 14 17
9 9 14 18
9 10 14 12
9 10 14 13
9 10 14 14
9 10 14 15
9 10 14 16
9 10 14 17
9 10 14 18
9 1 15 9
9 1 15 10
9 1 15 12
9 1 15 13
9 1 15 14
9 1 15 15
9 1 15 16
9 1 15 17
9 1 15 18
9 2 15 9
9 2 15 10
9 2 15 12
9 2 15 13
9 2 15 14
9 2 15 15
9 2 15 16
9 2 15 17
9 2 15 18
9 3 15 9
9 3 15 10
9 3 15 12
9 3 15 13
9 3 15 14
9 3 15 15
9 3 15 16
9 3 15 17
9 3 15 18
9 4 15 9
9 4 15 10
9 4 15 12
9 4 15 13
9 4 15 14
9 4 15 15
9 4 15 16
9 4 15 17
9 4 15 18
9 5 15 9
9 5 15 10
9 5 15 12
9 5 15 13
9 5 15 14
9 5 15 15
9 5 15 16
9 5 15 17
9 5 15 18
9 6 15 9
9 6 15 10
9 6 15 12
9 6 15 13
9 6 15 14
9 6 15 15
9 6 15 16
9 6 15 17
9 6 15 18
9 9 15 12
9 9 15 13
9 9 15 14
9 9 15 15
9 9 15 16
9 9 15 17
9 9 15 18
9 10 15 12
9 10 15 13
9 10 15 14
9 10 15 15
9 10 15 16
9 10 15 17
9 10 15 18
9 1 16 9
9 1 16 10
9 1 16 12
9 1 16 13
9 1 16 14
9 1 16 15
9 2 16 9
9 2 16 10
9 2 16 12
9 2 16 13
9 2 16 14
9 2 16 15
9 3 16 9
9 3 16 10
9 3 16 12
9 3 16 13
9 3 16 14
9 3 16 15
9 4 16 9
9 4 16 10
9 4 16 12
9 4 16 13
9 4 16 14
9 4 16 15
9 5 16 9
9 5 16 10
9 5 16 12
9 5 16 13
9 5 16 14
9 5 16 15
9 6 16 9
9 6 16 10
9 6 16 12
9 6 16 13
9 6 16 14
9 6 16 15
9 9 16 12
9 9 16 13
9 9 16 14
9 9 16 15
9 10 16 12
9 10 16 13
9 10 16 14
9 10 16 15
9 6 17 9
9 6 17 10
9 6 17 12
9 6 17 13
9 6 17 14
9 6 17 15
9 6 17 18
9 9 17 12
9 9 17 13
9 9 17 14
9 9 17 15
9 9 17 18
9 10 17 12
9 10 17 13
9 10 17 14
9 10 17 15
9 10 17 18
9 12 17 18
9 13 17 18
9 14 17 18
9 15 17 18
9 1 18 3
9 1 18 4
9 1 18 6
9 1 18 9
9 1 18 10
9 1 18 12
9 1 18 13
9 3 18 6
9 3 18 9
9 3 18 10
9 3 18 12
9 3 18 13
9 4 18 6
9 4 18 9
9 4 18 10
9 4 18 12
9 4 18 13
9 6 18 9
9 6 18 10
9 6 18 12
9 6 18 13
9 9 18 12
9 9 18 13
9 10 18 12
9 10 18 13
9 4 19 6
9 4 19 9
9 4 19 10
9 4 19 12
9 4 19 13
9 4 19 15
9 4 19 18
9 6 19 9
9 6 19 10
9 6 19 12
9 6 19 13
9 6 19 15
9 6 19 18
9 9 19 12
9 9 19 13
9 9 19 15
9 9 19 18
9 10 19 12
9 10 19 13
9 10 19 15
9 10 19 18
9 12 19 15
9 12 19 18
9 13 19 15
9 13 19 18
9 15 19 18
10 12 17 18
10 12 17 21
10 13 17 18
10 13 17 21
10 14 17 18
10 14 17 21
10 15 17 18
10 15 17 21
10 18 17 21
10 1 18 3
10 1 18 4
10 1 18 6
10 3 18 6
10 4 18 6
10 4 19 6
10 12 19 15
10 12 19 18
10 13 19 15
10 13 19 18
10 15 19 18
11 8 14 12
11 8 14 13
11 8 14 14
11 8 14 15
11 8 14 16
11 8 14 17
11 8 14 18
11 8 14 19
11 8 14 20
11 8 14 21
11 9 14 12
11 9 14 13
11 9 14 14
11 9 14 15
11 9 14 16
11 9 14 17
11 9 14 18
11 9 14 19
11 9 14 20
11 9 14 21
11 10 14 12
11 10 14 13
11 10 14 14
11 10 14 15
11 10 14 16
11 10 14 17
11 10 14 18
11 10 14 19
11 10 14 20
11 10 14 21
11 1 15 8
11 1 15 9
11 1 15 10
11 1 15 12
11 1 15 13
11 1 15 14
11 1 15 15
11 1 15 16
11 1 15 17
11 1 15 18
11 1 15 19
11 1 15 20
11 1 15 21
11 2 15 8
11 2 15 9
11 2 15 10
11 2 15 12
11 2 15 13
11 2 15 14
11 2 15 15
11 2 15 16
11 2 15 17
11 2 15 18
11 2 15 19
11 2 15 20
11 2 15 21
11 3 15 8
11 3 15 9
11 3 15 10
11 3 15 12
11 3 15 13
11 3 15 14
11 3 15 15
11 3 15 16
11 3 15 17
11 3 15 18
11 3 15 19
11 3 15 20
11 3 15 21
11 4 15 8
11 4 15 9
11 4 15 10
11 4 15 12
11 4 15 13
11 4 15 14
11 4 15 15
11 4 15 16
11 4 15 17
11 4 15 18
11 4 15 19
11 4 15 20
11 4 15 21
11 5 15 8
11 5 15 9
11 5 15 10
11 5 15 12
11 5 15 13
11 5 15 14
11 5 15 15
11 5 15 16
11 5 15 17
11 5 15 18
11 5 15 19
11 5 15 20
11 5 15 21
11 6 15 8
11 6 15 9
11 6 15 10
11 6 15 12
11 6 15 13
11 6 15 14
11 6 15 15
11 6 15 16
11 6 15 17
11 6 15 18
11 6 15 19
11 6 15 20
11 6 15 21
11 8 15 12
11 8 15 13
11 8 15 14
11 8 15 15
11 8 15 16
11 8 15 17
11 8 15 18
11 8 15 19
11 8 15 20
11 8 15 21
11 9 15 12
11 9 15 13
11 9 15 14
11 9 15 15
11 9 15 16
11 9 15 17
11 9 15 18
11 9 15 19
11 9 15 20
11 9 15 21
11 10 15 12
11 10 15 13
11 10 15 14
11 10 15 15
11 10 15 16
11 10 15 17
11 10 15 18
11 10 15 19
11 10 15 20
11 10 15 21
11 1 16 8
11 1 16 9
11 1 16 10
11 1 16 12
11 1 16 13
11 1 16 14
11 1 16 15
11 2 16 8
11 2 16 9
11 2 16 10
11 2 16 12
11 2 16 13
11 2 16 14
11 2 16 15
11 3 16 8
11 3 16 9
11 3 16 10
11 3 16 12
11 3 16 13
11 3 16 14
11 3 16 15
11 4 16 8
11 4 16 9
11 4 16 10
11 4 16 12
11 4 16 13
11 4 16 14
11 4 16 15
11 5 16 8
11 5 16 9
11 5 16 10
11 5 16 12
11 5 16 13
11 5 16 14
11 5 16 15
11 6 16 8
11 6 16 9
11 6 16 10
11 6 16 12
11 6 16 13
11 6 16 14
11 6 16 15
11 8 16 12
11 8 16 13
11 8 16 14
11 8 16 15
11 9 16 12
11 9 16 13
11 9 16 14
11 9 16 15
11 10 16 12
11 10 16 13
11 10 16 14
11 10 16 15
11 6 17 8
11 6 17 9
11 6 17 10
11 6 17 12
11 6 17 13
11 6 17 14
11 6 17 15
11 6 17 18
11 6 17 21
11 8 17 12
11 8 17 13
11 8 17 14
11 8 17 15
11 8 17 18
11 8 17 21
11 9 17 12
11 9 17 13
11 9 17 14
11 9 17 15
11 9 17 18
11 9 17 21
11 10 17 12
11 10 17 13
11 10 17 14
11 10 17 15
11 10 17 18
11 10 17 21
11 12 17 18
11 12 17 21
11 13 17 18
11 13 17 21
11 14 17 18
11 14 17 21
11 15 17 18
11 15 17 21
11 18 17 21
11 1 18 3
11 1 18 4
11 1 18 6
11 1 18 8
11 1 18 9
11 1 18 10
11 1 18 12
11 1 18 13
11 3 18 6
11 3 18 8
11 3 18 9
11 3 18 10
11 3 18 12
11 3 18 13
11 4 18 6
11 4 18 8
11 4 18 9
11 4 18 10
11 4 18 12
11 4 18 13
11 6 18 8
11 6 18 9
11 6 18 10
11 6 18 12
11 6 18 13
11 8 18 12
11 8 18 13
11 9 18 12
11 9 18 13
11 10 18 12
11 10 18 13
11 4 19 6
11 4 19 8
11 4 19 9
11 4 19 10
11 4 19 12
11 4 19 13
11 4 19 15
11 4 19 18
11 6 19 8
11 6 19 9
11 6 19 10
11 6 19 12
11 6 19 13
11 6 19 15
11 6 19 18
11 8 19 12
11 8 19 13
11 8 19 15
11 8 19 18
11 9 19 12
11 9 19 13
11 9 19 15
11 9 19 18
11 10 19 12
11 10 19 13
11 10 19 15
11 10 19 18
11 12 19 15
11 12 19 18
11 13 19 15
11 13 19 18
11 15 19 18
12 8 14 12
12 8 14 13
12 8 14 14
12 8 14 15
12 8 14 16
12 8 14 17
12 8 14 18
12 8 14 19
12 8 14 20
12 8 14 21
12 9 14 12
12 9 14 13
12 9 14 14
12 9 14 15
12 9 14 16
12 9 14 17
12 9 14 18
12 9 14 19
12 9 14 20
12 9 14 21
12 10 14 12
12 10 14 13
12 10 14 14
12 10 14 15
12 10 14 16
12 10 14 17
12 10 14 18
12 10 14 19
12 10 14 20
12 10 14 21
12 1 15 8
12 1 15 9
12 1 15 10
12 1 15 12
12 1 15 13
12 1 15 14
12 1 15 15
12 1 15 16
12 1 15 17
12 1 15 18
12 1 15 19
12 1 15 20
12 1 15 21
12 2 15 8
12 2 15 9
12 2 15 10
12 2 15 12
12 2 15 13
12 2 15 14
12 2 15 15
12 2 15 16
12 2 15 17
12 2 15 18
12 2 15 19
12 2 15 20
12 2 15 21
12 3 15 8
12 3 15 9
12 3 15 10
12 3 15 12
12 3 15 13
12 3 15 14
12 3 15 15
12 3 15 16
12 3 15 17
12 3 15 18
12 3 15 19
12 3 15 20
12 3 15 21
12 4 15 8
12 4 15 9
12 4 15 10
12 4 15 12
12 4 15 13
12 4 15 14
12 4 15 15
12 4 15 16
12 4 15 17
12 4 15 18
12 4 15 19
12 4 15 20
12 4 15 21
12 5 15 8
12 5 15 9
12 5 15 10
12 5 15 12
12 5 15 13
12 5 15 14
12 5 15 15
12 5 15 16
12 5 15 17
12 5 15 18
12 5 15 19
12 5 15 20
12 5 15 21
12 6 15 8
12 6 15 9
12 6 15 10
12 6 15 12
12 6 15 13
12 6 15 14
12 6 15 15
12 6 15 16
12 6 15 17
12 6 15 18
12 6 15 19
12 6 15 20
12 6 15 21
12 8 15 12
12 8 15 13
12 8 15 14
12 8 15 15
12 8 15 16
12 8 15 17
12 8 15 18
12 8 15 19
12 8 15 20
12 8 15 21
12 9 15 12
12 9 15 13
12 9 15 14
12 9 15 15
12 9 15 16
12 9 15 17
12 9 15 18
12 9 15 19
12 9 15 20
12 9 15 21
12 10 15 12
12 10 15 13
12 10 15 14
12 10 15 15
12 10 15 16
12 10 15 17
12 10 15 18
12 10 15 19
12 10 15 20
12 10 15 21
12 1 16 8
12 1 16 9
12 1 16 10
12 1 16 12
12 1 16 13
12 1 16 14
12 1 16 15
12 2 16 8
12 2 16 9
12 2 16 10
12 2 16 12
12 2 16 13
12 2 16 14
12 2 16 15
12 3 16 8
12 3 16 9
12 3 16 10
12 3 16 12
12 3 16 13
12 3 16 14
12 3 16 15
12 4 16 8
12 4 16 9
12 4 16 10
12 4 16 12
12 4 16 13
12 4 16 14
12 4 16 15
12 5 16 8
12 5 16 9
12 5 16 10
12 5 16 12
12 5 16 13
12 5 16 14
12 5 16 15
12 6 16 8
12 6 16 9
12 6 16 10
12 6 16 12
12 6 16 13
12 6 16 14
12 6 16 15
12 8 16 12
12 8 16 13
12 8 16 14
12 8 16 15
12 9 16 12
12 9 16 13
12 9 16 14
12 9 16 15
12 10 16 12
12 10 16 13
12 10 16 14
12 10 16 15
12 6 17 8
12 6 17 9
12 6 17 10
12 6 17 12
12 6 17 13
12 6 17 14
12 6 17 15
12 6 17 18
12 6 17 21
12 8 17 12
12 8 17 13
12 8 17 14
12 8 17 15
12 8 17 18
12 8 17 21
12 9 17 12
12 9 17 13
12 9 17 14
12 9 17 15
12 9 17 18
12 9 17 21
12 10 17 12
12 10 17 13
12 10 17 14
12 10 17 15
12 10 17 18
12 10 17 21
12 12 17 18
12 12 17 21
12 13 17 18
12 13 17 21
12 14 17 18
12 14 17 21
12 15 17 18
12 15 17 21
12 18 17 21
12 1 18 3
12 1 18 4
12 1 18 6
12 1 18 8
12 1 18 9
12 1 18 10
12 1 18 12
12 1 18 13
12 3 18 6
12 3 18 8
12 3 18 9
12 3 18 10
12 3 18 12
12 3 18 13
12 4 18 6
12 4 18 8
12 4 18 9
12 4 18 10
12 4 18 12
12 4 18 13
12 6 18 8
12 6 18 9
12 6 18 10
12 6 18 12
12 6 18 13
12 8 18 12
12 8 18 13
12 9 18 12
12 9 18 13
12 10 18 12
12 10 18 13
12 4 19 6
12 4 19 8
12 4 19 9
12 4 19 10
12 4 19 12
12 4 19 13
12 4 19 15
12 4 19 18
12 6 19 8
12 6 19 9
12 6 19 10
12 6 19 12
12 6 19 13
12 6 19 15
12 6 19 18
12 8 19 12
12 8 19 13
12 8 19 15
12 8 19 18
12 9 19 12
12 9 19 13
12 9 19 15
12 9 19 18
12 10 19 12
12 10 19 13
12 10 19 15
12 10 19 18
12 12 19 15
12 12 19 18
12 13 19 15
12 13 19 18
12 15 19 18
13 1 15 8
13 1 15 9
13 1 15 10
13 2 15 8
13 2 15 9
13 2 15 10
13 3 15 8
13 3 15 9
13 3 15 10
13 4 15 8
13 4 15 9
13 4 15 10
13 5 15 8
13 5 15 9
13 5 15 10
13 6 15 8
13 6 15 9
13 6 15 10
13 1 16 8
13 1 16 9
13 1 16 10
13 2 16 8
13 2 16 9
13 2 16 10
13 3 16 8
13 3 16 9
13 3 16 10
13 4 16 8
13 4 16 9
13 4 16 10
13 5 16 8
13 5 16 9
13 5 16 10
13 6 16 8
13 6 16 9
13 6 16 10
13 6 17 8
13 6 17 9
13 6 17 10
13 12 17 18
13 12 17 21
13 13 17 18
13 13 17 21
13 14 17 18
13 14 17 21
13 15 17 18
13 15 17 21
13 18 17 21
13 1 18 3
13 1 18 4
13 1 18 6
13 1 18 8
13 1 18 9
13 1 18 10
13 3 18 6
13 3 18 8
13 3 18 9
13 3 18 10
13 4 18 6
13 4 18 8
13 4 18 9
13 4 18 10
13 6 18 8
13 6 18 9
13 6 18 10
13 4 19 6
13 4 19 8
13 4 19 9
13 4 19 10
13 6 19 8
13 6 19 9
13 6 19 10
13 12 19 15
13 12 19 18
13 13 19 15
13 13 19 18
13 15 19 18
14 8 17 18
14 8 17 21
14 9 17 18
14 9 17 21
14 10 17 18
14 10 17 21
14 11 17 18
14 11 17 21
14 12 17 18
14 12 17 21
14 13 17 18
14 13 17 21
14 14 17 18
14 14 17 21
14 15 17 18
14 15 17 21
14 18 17 21
14 1 18 3
14 1 18 4
14 1 18 6
14 3 18 6
14 4 18 6
14 4 19 6
14 8 19 15
14 8 19 18
14 9 19 15
14 9 19 18
14 10 19 15
14 10 19 18
14 11 19 15
14 11 19 18
14 12 19 15
14 12 19 18
14 13 19 15
14 13 19 18
14 15 19 18
15 6 17 18
15 6 17 21
15 7 17 18
15 7 17 21
15 8 17 18
15 8 17 21
15 9 17 18
15 9 17 21
15 10 17 18
15 10 17 21
15 11 17 18
15 11 17 21
15 12 17 18
15 12 17 21
15 13 17 18
15 13 17 21
15 14 17 18
15 14 17 21
15 15 17 18
15 15 17 21
15 18 17 21
15 1 18 3
15 1 18 4
15 1 18 6
15 1 18 7
15 1 18 8
15 1 18 9
15 1 18 10
15 1 18 11
15 1 18 12
15 1 18 13
15 3 18 6
15 3 18 7
15 3 18 8
15 3 18 9
15 3 18 10
15 3 18 11
15 3 18 12
15 3 18 13
15 4 18 6
15 4 18 7
15 4 18 8
15 4 18 9
15 4 18 10
15 4 18 11
15 4 18 12
15 4 18 13
15 4 19 6
15 4 19 7
15 4 19 8
15 4 19 9
15 4 19 10
15 4 19 11
15 4 19 12
15 4 19 13
15 4 19 15
15 4 19 18
15 6 19 15
15 6 19 18
15 7 19 15
15 7 19 18
15 8 19 15
15 8 19 18
15 9 19 15
15 9 19 18
15 10 19 15
15 10 19 18
15 11 19 15
15 11 19 18
15 12 19 15
15 12 19 18
15 13 19 15
15 13 19 18
15 15 19 18
16 1 18 3
16 1 18 4
16 1 18 6
16 1 18 7
16 1 18 8
16 1 18 9
16 1 18 10
16 1 18 11
16 1 18 12
16 1 18 13
16 3 18 6
16 3 18 7
16 3 18 8
16 3 18 9
16 3 18 10
16 3 18 11
16 3 18 12
16 3 18 13
16 4 18 6
16 4 18 7
16 4 18 8
16 4 18 9
16 4 18 10
16 4 18 11
16 4 18 12
16 4 18 13
16 4 19 6
16 4 19 7
16 4 19 8
16 4 19 9
16 4 19 10
16 4 19 11
16 4 19 12
16 4 19 13
16 4 19 15
16 6 19 15
16 7 19 15
16 8 19 15
16 9 19 15
16 10 19 15
16 11 19 15
16 12 19 15
16 13 19 15
17 6 19 15
17 6 19 18
17 7 19 15
17 7 19 18
17 8 19 15
17 8 19 18
17 9 19 15
17 9 19 18
17 10 19 15
17 10 19 18
17 11 19 15
17 11 19 18
17 12 19 15
17 12 19 18
17 13 19 15
17 13 19 18
17 15 19 18
