20 11
00001111111
00001000001
00111111001
00101001001
00101011111
00101011001
00101011001
11111111111
10101001001
10101001001
10101111111
10101111111
10101001001
10101111001
10101000001
10111000001
11111111111
00000000000
00000000000
00000000000
34
1 5 8 11
1 5 11 11
1 5 12 11
1 5 17 11
3 3 8 5
3 3 8 8
3 5 8 8
3 5 11 8
3 5 12 8
3 5 14 8
3 3 16 5
3 3 17 5
5 7 8 11
5 8 8 11
5 8 11 11
5 8 12 11
8 5 11 8
8 5 11 11
8 8 11 11
8 5 12 8
8 5 12 11
8 8 12 11
8 5 14 8
8 3 16 5
8 1 17 3
8 1 17 5
8 1 17 11
8 3 17 5
8 3 17 11
8 5 17 11
11 5 14 8
11 5 17 11
12 5 14 8
12 5 17 11
