19 12
000000000000
000000000000
000000000000
000000111100
000000100100
001111111110
001101111110
001101111110
001101111110
111111111010
101101011010
111111111010
111101011010
111111111111
111101011011
111111111011
101111111111
100000001000
111111111000
219
4 7 6 10
4 7 7 10
4 7 8 10
4 7 9 10
6 3 10 6
6 3 10 7
6 3 10 8
6 3 10 9
6 4 10 6
6 4 10 7
6 4 10 8
6 4 10 9
6 3 12 6
6 3 12 8
6 3 12 9
6 4 12 6
6 4 12 8
6 4 12 9
6 6 12 8
6 6 12 9
6 3 14 6
6 3 14 8
6 3 14 9
6 3 14 11
6 4 14 6
6 4 14 8
6 4 14 9
6 4 14 11
6 6 14 8
6 6 14 9
6 6 14 11
6 8 14 11
6 9 14 11
6 3 16 6
6 3 16 8
6 3 16 9
6 4 16 6
6 4 16 8
6 4 16 9
6 6 16 8
6 6 16 9
6 3 17 6
6 3 17 8
6 3 17 9
6 3 17 11
6 4 17 6
6 4 17 8
6 4 17 9
6 4 17 11
6 6 17 8
6 6 17 9
6 6 17 11
6 8 17 11
6 9 17 11
7 6 12 8
7 6 12 9
7 6 14 8
7 6 14 9
7 6 14 11
7 8 14 11
7 9 14 11
7 6 16 8
7 6 16 9
7 6 17 8
7 6 17 9
7 6 17 11
7 8 17 11
7 9 17 11
8 6 12 8
8 6 12 9
8 6 14 8
8 6 14 9
8 6 14 11
8 8 14 11
8 9 14 11
8 6 16 8
8 6 16 9
8 6 17 8
8 6 17 9
8 6 17 11
8 8 17 11
8 9 17 11
9 6 12 8
9 6 12 9
9 6 14 8
9 6 14 9
9 6 14 11
9 8 14 11
9 9 14 11
9 6 16 8
9 6 16 9
9 6 17 8
9 6 17 9
9 6 17 11
9 8 17 11
9 9 17 11
10 1 12 3
10 1 12 4
10 1 12 6
10 1 12 8
10 1 12 9
10 3 12 6
10 3 12 8
10 3 12 9
10 4 12 6
10 4 12 8
10 4 12 9
10 6 12 8
10 6 12 9
10 1 13 3
10 1 13 4
10 1 14 3
10 1 14 4
10 1 14 6
10 1 14 8
10 1 14 9
10 3 14 6
10 3 14 8
10 3 14 9
10 4 14 6
10 4 14 8
10 4 14 9
10 6 14 8
10 6 14 9
10 1 15 3
10 1 15 4
10 1 16 3
10 1 16 4
10 1 16 6
10 1 16 8
10 1 16 9
10 3 16 6
10 3 16 8
10 3 16 9
10 4 16 6
10 4 16 8
10 4 16 9
10 6 16 8
10 6 16 9
10 3 17 6
10 3 17 8
10 3 17 9
10 4 17 6
10 4 17 8
10 4 17 9
10 6 17 8
10 6 17 9
10 1 19 9
12 1 14 6
12 1 14 8
12 1 14 9
12 2 14 6
12 2 14 8
12 2 14 9
12 3 14 6
12 3 14 8
12 3 14 9
12 4 14 6
12 4 14 8
12 4 14 9
12 6 14 8
12 6 14 9
12 1 16 6
12 1 16 8
12 1 16 9
12 2 16 6
12 2 16 8
12 2 16 9
12 3 16 6
12 3 16 8
12 3 16 9
12 4 16 6
12 4 16 8
12 4 16 9
12 6 16 8
12 6 16 9
12 3 17 6
12 3 17 8
12 3 17 9
12 4 17 6
12 4 17 8
12 4 17 9
12 6 17 8
12 6 17 9
12 1 19 9
14 1 16 6
14 1 16 8
14 1 16 9
14 2 16 6
14 2 16 8
14 2 16 9
14 3 16 6
14 3 16 8
14 3 16 9
14 4 16 6
14 4 16 8
14 4 16 9
14 6 16 8
14 6 16 9
14 3 17 6
14 3 17 8
14 3 17 9
14 3 17 11
14 3 17 12
14 4 17 6
14 4 17 8
14 4 17 9
14 4 17 11
14 4 17 12
14 6 17 8
14 6 17 9
14 6 17 11
14 6 17 12
14 8 17 11
14 8 17 12
14 9 17 11
14 9 17 12
14 1 19 9
16 1 19 9
