23 23
00000000000000000000000
01111111111111111111111
01000000011000000000001
01111111011111111111111
01100001001000000000000
01100001001000000000000
01100001001000011111111
01111111001000010001001
01000111101000010001001
01000100101000010001001
01000100101000010001001
01000100101000011111111
01000100101000000001111
01000100101000000000000
01000100101000000000000
01000100101000000000000
01000111101000000000000
01000000001000000000000
01000000001000000000000
01000000001000000000000
01000000001000000000000
01000000001000000000000
01111111111000000000000
10
2 10 4 23
2 11 4 23
2 2 23 11
4 2 8 8
4 3 8 8
7 16 12 20
7 16 12 23
7 20 12 23
7 20 13 23
9 6 17 9
