19 19
1111111111111111111
1111111111111111111
1111111111111111111
1111111111111111111
1111111111111111111
1111111111111111111
1111111111111111111
1111111111111111111
1111111111111111111
1111111111111111111
1111111111111111111
1111111111111111111
1111111111111111111
1111111111111111111
1111111111111111111
1111111111111111111
1111111111111111111
1111111111111111101
1111111111111111111
289
1 1 19 19
1 2 19 19
1 3 19 19
1 4 19 19
1 5 19 19
1 6 19 19
1 7 19 19
1 8 19 19
1 9 19 19
1 10 19 19
1 11 19 19
1 12 19 19
1 13 19 19
1 14 19 19
1 15 19 19
1 16 19 19
1 17 19 19
2 1 19 19
2 2 19 19
2 3 19 19
2 4 19 19
2 5 19 19
2 6 19 19
2 7 19 19
2 8 19 19
2 9 19 19
2 10 19 19
2 11 19 19
2 12 19 19
2 13 19 19
2 14 19 19
2 15 19 19
2 16 19 19
2 17 19 19
3 1 19 19
3 2 19 19
3 3 19 19
3 4 19 19
3 5 19 19
3 6 19 19
3 7 19 19
3 8 19 19
3 9 19 19
3 10 19 19
3 11 19 19
3 12 19 19
3 13 19 19
3 14 19 19
3 15 19 19
3 16 19 19
3 17 19 19
4 1 19 19
4 2 19 19
4 3 19 19
4 4 19 19
4 5 19 19
4 6 19 19
4 7 19 19
4 8 19 19
4 9 19 19
4 10 19 19
4 11 19 19
4 12 19 19
4 13 19 19
4 14 19 19
4 15 19 19
4 16 19 19
4 17 19 19
5 1 19 19
5 2 19 19
5 3 19 19
5 4 19 19
5 5 19 19
5 6 19 19
5 7 19 19
5 8 19 19
5 9 19 19
5 10 19 19
5 11 19 19
5 12 19 19
5 13 19 19
5 14 19 19
5 15 19 19
5 16 19 19
5 17 19 19
6 1 19 19
6 2 19 19
6 3 19 19
6 4 19 19
6 5 19 19
6 6 19 19
6 7 19 19
6 8 19 19
6 9 19 19
6 10 19 19
6 11 19 19
6 12 19 19
6 13 19 19
6 14 19 19
6 15 19 19
6 16 19 19
6 17 19 19
7 1 19 19
7 2 19 19
7 3 19 19
7 4 19 19
7 5 19 19
7 6 19 19
7 7 19 19
7 8 19 19
7 9 19 19
7 10 19 19
7 11 19 19
7 12 19 19
7 13 19 19
7 14 19 19
7 15 19 19
7 16 19 19
7 17 19 19
8 1 19 19
8 2 19 19
8 3 19 19
8 4 19 19
8 5 19 19
8 6 19 19
8 7 19 19
8 8 19 19
8 9 19 19
8 10 19 19
8 11 19 19
8 12 19 19
8 13 19 19
8 14 19 19
8 15 19 19
8 16 19 19
8 17 19 19
9 1 19 19
9 2 19 19
9 3 19 19
9 4 19 19
9 5 19 19
9 6 19 19
9 7 19 19
9 8 19 19
9 9 19 19
9 10 19 19
9 11 19 19
9 12 19 19
9 13 19 19
9 14 19 19
9 15 19 19
9 16 19 19
9 17 19 19
10 1 19 19
10 2 19 19
10 3 19 19
10 4 19 19
10 5 19 19
10 6 19 19
10 7 19 19
10 8 19 19
10 9 19 19
10 10 19 19
10 11 19 19
10 12 19 19
10 13 19 19
10 14 19 19
10 15 19 19
10 16 19 19
10 17 19 19
11 1 19 19
11 2 19 19
11 3 19 19
11 4 19 19
11 5 19 19
11 6 19 19
11 7 19 19
11 8 19 19
11 9 19 19
11 10 19 19
11 11 19 19
11 12 19 19
11 13 19 19
11 14 19 19
11 15 19 19
11 16 19 19
11 17 19 19
12 1 19 19
12 2 19 19
12 3 19 19
12 4 19 19
12 5 19 19
12 6 19 19
12 7 19 19
12 8 19 19
12 9 19 19
12 10 19 19
12 11 19 19
12 12 19 19
12 13 19 19
12 14 19 19
12 15 19 19
12 16 19 19
12 17 19 19
13 1 19 19
13 2 19 19
13 3 19 19
13 4 19 19
13 5 19 19
13 6 19 19
13 7 19 19
13 8 19 19
13 9 19 19
13 10 19 19
13 11 19 19
13 12 19 19
13 13 19 19
13 14 19 19
13 15 19 19
13 16 19 19
13 17 19 19
14 1 19 19
14 2 19 19
14 3 19 19
14 4 19 19
14 5 19 19
14 6 19 19
14 7 19 19
14 8 19 19
14 9 19 19
14 10 19 19
14 11 19 19
14 12 19 19
14 13 19 19
14 14 19 19
14 15 19 19
14 16 19 19
14 17 19 19
15 1 19 19
15 2 19 19
15 3 19 19
15 4 19 19
15 5 19 19
15 6 19 19
15 7 19 19
15 8 19 19
15 9 19 19
15 10 19 19
15 11 19 19
15 12 19 19
15 13 19 19
15 14 19 19
15 15 19 19
15 16 19 19
15 17 19 19
16 1 19 19
16 2 19 19
16 3 19 19
16 4 19 19
16 5 19 19
16 6 19 19
16 7 19 19
16 8 19 19
16 9 19 19
16 10 19 19
16 11 19 19
16 12 19 19
16 13 19 19
16 14 19 19
16 15 19 19
16 16 19 19
16 17 19 19
17 1 19 19
17 2 19 19
17 3 19 19
17 4 19 19
17 5 19 19
17 6 19 19
17 7 19 19
17 8 19 19
17 9 19 19
17 10 19 19
17 11 19 19
17 12 19 19
17 13 19 19
17 14 19 19
17 15 19 19
17 16 19 19
17 17 19 19
