21 25
0111111111100000000000000
0100000111111111111111000
0100001111111111110011000
0100001101100010010011000
0100001101111111111111110
0100001101110010010011010
0100001111111111110011010
0100000101110010000011010
1111111101110011111111010
1100001101110010000010010
1100001101110010000010010
1100001101110010000010010
1100001101110010000010010
1100001101110010000010010
1100001101110010000010010
1100001101110010000010010
1100001101110010000010010
1111111111111111111110010
0100000000110000000000010
0100000000111111111111110
0111111111100000000000000
96
1 8 7 10
1 8 7 11
1 2 9 8
1 2 18 8
1 2 18 10
1 2 18 11
1 8 18 10
1 8 18 11
1 2 21 11
2 10 5 15
2 10 5 18
2 10 5 21
2 10 5 22
2 11 5 15
2 11 5 18
2 11 5 21
2 11 5 22
2 15 5 18
2 15 5 21
2 15 5 22
2 18 5 21
2 18 5 22
2 8 7 10
2 8 7 11
2 8 7 15
2 8 7 18
2 10 7 15
2 10 7 18
2 11 7 15
2 11 7 18
2 15 7 18
2 15 9 21
2 15 9 22
2 8 18 10
2 8 18 11
2 8 18 15
2 8 18 21
2 10 18 15
2 10 18 21
2 11 18 15
2 11 18 21
2 15 18 21
3 10 5 15
3 10 5 18
3 11 5 15
3 11 5 18
3 15 5 18
3 7 7 10
3 7 7 11
3 7 7 15
3 7 7 18
3 8 7 10
3 8 7 11
3 8 7 15
3 8 7 18
3 10 7 15
3 10 7 18
3 11 7 15
3 11 7 18
3 15 7 18
3 8 18 10
3 8 18 11
3 8 18 15
3 10 18 15
3 11 18 15
5 10 7 15
5 10 7 18
5 11 7 15
5 11 7 18
5 12 7 15
5 12 7 18
5 15 7 18
5 15 9 21
5 15 9 22
5 10 18 15
5 10 18 21
5 11 18 15
5 11 18 21
5 12 18 15
5 12 18 21
5 15 18 21
5 11 20 24
5 12 20 24
7 8 18 10
7 8 18 11
7 8 18 12
7 8 18 15
7 10 18 15
7 11 18 15
7 12 18 15
9 1 18 7
9 1 18 8
9 2 18 7
9 2 18 8
9 15 18 21
18 2 21 11
