23 22
0000000000000000000000
0001111111111000000000
0001111111111111111000
0001100000101111001000
0001100000101011001000
0001111111111011001000
0001110000111011001000
0001110000111011001000
0001111111111111111100
0001111000111011001100
0001111000111011001100
0001111000111011001100
0001111001111111111111
0001111001111011001101
0001111001111111001101
0001111001111010001101
0001111001111010001101
0001111111111111111101
0001111111111111111101
0000101001111111111101
0000101001111111111001
0000111111111110011001
0000001111111111111111
510
2 4 6 11
2 4 6 13
2 5 6 11
2 5 6 13
2 11 6 13
2 11 7 13
2 11 8 13
2 4 9 11
2 4 9 13
2 5 9 11
2 5 9 13
2 11 9 13
2 11 10 13
2 11 11 13
2 11 12 13
2 11 13 13
2 11 14 13
2 11 15 13
2 11 16 13
2 11 17 13
2 4 18 11
2 4 18 13
2 5 18 11
2 5 18 13
2 11 18 13
2 4 19 11
2 4 19 13
2 5 19 11
2 5 19 13
2 11 19 13
2 11 20 13
2 11 21 13
2 5 22 11
2 5 22 13
2 11 22 13
2 11 23 13
3 4 6 11
3 4 6 13
3 5 6 11
3 5 6 13
3 11 6 13
3 11 7 13
3 11 8 13
3 4 9 11
3 4 9 13
3 4 9 15
3 4 9 16
3 4 9 19
3 5 9 11
3 5 9 13
3 5 9 15
3 5 9 16
3 5 9 19
3 11 9 13
3 11 9 15
3 11 9 16
3 11 9 19
3 13 9 15
3 13 9 16
3 13 9 19
3 15 9 19
3 16 9 19
3 11 10 13
3 11 11 13
3 11 12 13
3 11 13 13
3 11 13 15
3 11 13 16
3 11 13 19
3 13 13 15
3 13 13 16
3 13 13 19
3 15 13 19
3 16 13 19
3 11 14 13
3 11 15 13
3 11 15 15
3 11 15 16
3 13 15 15
3 13 15 16
3 11 16 13
3 11 17 13
3 4 18 11
3 4 18 13
3 4 18 15
3 4 18 19
3 5 18 11
3 5 18 13
3 5 18 15
3 5 18 19
3 11 18 13
3 11 18 15
3 11 18 19
3 13 18 15
3 13 18 19
3 15 18 19
3 4 19 11
3 4 19 13
3 4 19 15
3 4 19 19
3 5 19 11
3 5 19 13
3 5 19 15
3 5 19 19
3 11 19 13
3 11 19 15
3 11 19 19
3 13 19 15
3 13 19 19
3 15 19 19
3 11 20 13
3 11 20 15
3 11 20 19
3 13 20 15
3 13 20 19
3 15 20 19
3 11 21 13
3 11 21 15
3 11 21 19
3 13 21 15
3 13 21 19
3 15 21 19
3 5 22 11
3 5 22 13
3 5 22 15
3 11 22 13
3 11 22 15
3 13 22 15
3 11 23 13
3 11 23 15
3 11 23 19
3 13 23 15
3 13 23 19
3 15 23 19
4 13 9 15
4 13 9 16
4 13 13 15
4 13 13 16
4 13 15 15
4 13 15 16
4 13 18 15
4 13 19 15
4 13 20 15
4 13 21 15
4 13 22 15
4 13 23 15
6 4 9 11
6 4 9 12
6 4 9 13
6 5 9 11
6 5 9 12
6 5 9 13
6 6 9 11
6 6 9 12
6 6 9 13
6 4 18 11
6 4 18 12
6 4 18 13
6 5 18 11
6 5 18 12
6 5 18 13
6 6 18 11
6 6 18 12
6 6 18 13
6 4 19 11
6 4 19 12
6 4 19 13
6 5 19 11
6 5 19 12
6 5 19 13
6 6 19 11
6 6 19 12
6 6 19 13
6 5 22 11
6 5 22 12
6 5 22 13
9 11 13 15
9 11 13 16
9 11 13 19
9 11 13 20
9 12 13 15
9 12 13 16
9 12 13 19
9 12 13 20
9 13 13 15
9 13 13 16
9 13 13 19
9 13 13 20
9 15 13 19
9 15 13 20
9 16 13 19
9 16 13 20
9 11 15 15
9 11 15 16
9 12 15 15
9 12 15 16
9 13 15 15
9 13 15 16
9 4 18 11
9 4 18 12
9 4 18 13
9 4 18 15
9 4 18 19
9 4 18 20
9 5 18 11
9 5 18 12
9 5 18 13
9 5 18 15
9 5 18 19
9 5 18 20
9 6 18 11
9 6 18 12
9 6 18 13
9 6 18 15
9 6 18 19
9 6 18 20
9 7 18 11
9 7 18 12
9 7 18 13
9 7 18 15
9 7 18 19
9 7 18 20
9 11 18 15
9 11 18 19
9 11 18 20
9 12 18 15
9 12 18 19
9 12 18 20
9 13 18 15
9 13 18 19
9 13 18 20
9 15 18 19
9 15 18 20
9 4 19 11
9 4 19 12
9 4 19 13
9 4 19 15
9 4 19 19
9 4 19 20
9 5 19 11
9 5 19 12
9 5 19 13
9 5 19 15
9 5 19 19
9 5 19 20
9 6 19 11
9 6 19 12
9 6 19 13
9 6 19 15
9 6 19 19
9 6 19 20
9 7 19 11
9 7 19 12
9 7 19 13
9 7 19 15
9 7 19 19
9 7 19 20
9 11 19 15
9 11 19 19
9 11 19 20
9 12 19 15
9 12 19 19
9 12 19 20
9 13 19 15
9 13 19 19
9 13 19 20
9 15 19 19
9 15 19 20
9 11 20 15
9 11 20 19
9 11 20 20
9 12 20 15
9 12 20 19
9 12 20 20
9 13 20 15
9 13 20 19
9 13 20 20
9 15 20 19
9 15 20 20
9 11 21 15
9 11 21 19
9 12 21 15
9 12 21 19
9 13 21 15
9 13 21 19
9 15 21 19
9 5 22 7
9 5 22 11
9 5 22 12
9 5 22 13
9 5 22 15
9 7 22 11
9 7 22 12
9 7 22 13
9 7 22 15
9 11 22 15
9 12 22 15
9 13 22 15
9 7 23 11
9 7 23 12
9 7 23 13
9 7 23 15
9 7 23 19
9 11 23 15
9 11 23 19
9 12 23 15
9 12 23 19
9 13 23 15
9 13 23 19
9 15 23 19
10 5 22 7
11 5 22 7
12 5 22 7
13 10 15 15
13 10 15 16
13 11 15 15
13 11 15 16
13 12 15 15
13 12 15 16
13 13 15 15
13 13 15 16
13 10 18 15
13 10 18 19
13 10 18 20
13 11 18 15
13 11 18 19
13 11 18 20
13 12 18 15
13 12 18 19
13 12 18 20
13 13 18 15
13 13 18 19
13 13 18 20
13 15 18 19
13 15 18 20
13 10 19 15
13 10 19 19
13 10 19 20
13 11 19 15
13 11 19 19
13 11 19 20
13 12 19 15
13 12 19 19
13 12 19 20
13 13 19 15
13 13 19 19
13 13 19 20
13 15 19 19
13 15 19 20
13 10 20 15
13 10 20 19
13 10 20 20
13 11 20 15
13 11 20 19
13 11 20 20
13 12 20 15
13 12 20 19
13 12 20 20
13 13 20 15
13 13 20 19
13 13 20 20
13 15 20 19
13 15 20 20
13 10 21 15
13 10 21 19
13 11 21 15
13 11 21 19
13 12 21 15
13 12 21 19
13 13 21 15
13 13 21 19
13 15 21 19
13 5 22 7
13 10 22 15
13 11 22 15
13 12 22 15
13 13 22 15
13 10 23 15
13 10 23 19
13 10 23 22
13 11 23 15
13 11 23 19
13 11 23 22
13 12 23 15
13 12 23 19
13 12 23 22
13 13 23 15
13 13 23 19
13 13 23 22
13 15 23 19
13 15 23 22
13 19 23 22
14 5 22 7
15 10 18 15
15 11 18 15
15 12 18 15
15 13 18 15
15 10 19 15
15 11 19 15
15 12 19 15
15 13 19 15
15 10 20 15
15 11 20 15
15 12 20 15
15 13 20 15
15 10 21 15
15 11 21 15
15 12 21 15
15 13 21 15
15 5 22 7
15 10 22 15
15 11 22 15
15 12 22 15
15 13 22 15
15 10 23 15
15 11 23 15
15 12 23 15
15 13 23 15
16 5 22 7
17 5 22 7
18 5 22 7
18 5 22 10
18 5 22 11
18 5 22 12
18 5 22 13
18 5 22 14
18 5 22 15
18 7 22 10
18 7 22 11
18 7 22 12
18 7 22 13
18 7 22 14
18 7 22 15
18 7 23 10
18 7 23 11
18 7 23 12
18 7 23 13
18 7 23 14
18 7 23 15
18 7 23 18
18 7 23 19
18 10 23 18
18 10 23 19
18 11 23 18
18 11 23 19
18 12 23 18
18 12 23 19
18 13 23 18
18 13 23 19
18 14 23 18
18 14 23 19
18 15 23 18
18 15 23 19
19 5 22 7
19 5 22 10
19 5 22 11
19 5 22 12
19 5 22 13
19 5 22 14
19 5 22 15
19 7 22 10
19 7 22 11
19 7 22 12
19 7 22 13
19 7 22 14
19 7 22 15
19 7 23 10
19 7 23 11
19 7 23 12
19 7 23 13
19 7 23 14
19 7 23 15
19 7 23 18
19 7 23 19
19 10 23 18
19 10 23 19
19 11 23 18
19 11 23 19
19 12 23 18
19 12 23 19
19 13 23 18
19 13 23 19
19 14 23 18
19 14 23 19
19 15 23 18
19 15 23 19
20 10 23 18
20 10 23 19
20 11 23 18
20 11 23 19
20 12 23 18
20 12 23 19
20 13 23 18
20 13 23 19
20 14 23 18
20 14 23 19
20 15 23 18
20 15 23 19
21 10 23 18
21 10 23 19
21 11 23 18
21 11 23 19
21 12 23 18
21 12 23 19
21 13 23 18
21 13 23 19
21 14 23 18
21 14 23 19
21 15 23 18
21 15 23 19
