16 23
00000000000111100000000
00000000000100100000000
00000000000100100000000
00000000000100100000000
00111111111111100000000
00101100000101100000000
00101100000101100000000
00111111111111100000000
00101100000111111110000
00111111111111110010000
00111111111111110011111
00111111111111111111001
00010000000100110001001
00010000000100110001001
00010000000111110001111
00011111111111110000000
139
1 12 5 15
1 12 8 15
1 12 9 15
1 12 10 15
1 12 11 15
1 12 12 15
1 12 15 15
1 12 16 15
5 3 8 5
5 3 8 6
5 3 8 12
5 3 8 14
5 3 8 15
5 5 8 12
5 5 8 14
5 5 8 15
5 6 8 12
5 6 8 14
5 6 8 15
5 12 8 14
5 12 8 15
5 12 9 14
5 12 9 15
5 3 10 5
5 3 10 6
5 3 10 12
5 3 10 14
5 3 10 15
5 5 10 12
5 5 10 14
5 5 10 15
5 6 10 12
5 6 10 14
5 6 10 15
5 12 10 14
5 12 10 15
5 3 11 5
5 3 11 6
5 3 11 12
5 3 11 14
5 3 11 15
5 5 11 12
5 5 11 14
5 5 11 15
5 6 11 12
5 6 11 14
5 6 11 15
5 12 11 14
5 12 11 15
5 3 12 5
5 3 12 6
5 3 12 12
5 3 12 14
5 3 12 15
5 5 12 12
5 5 12 14
5 5 12 15
5 6 12 12
5 6 12 14
5 6 12 15
5 12 12 14
5 12 12 15
5 12 15 15
5 12 16 15
8 3 10 5
8 3 10 6
8 3 10 12
8 3 10 13
8 3 10 14
8 3 10 15
8 5 10 12
8 5 10 13
8 5 10 14
8 5 10 15
8 6 10 12
8 6 10 13
8 6 10 14
8 6 10 15
8 3 11 5
8 3 11 6
8 3 11 12
8 3 11 13
8 3 11 14
8 3 11 15
8 5 11 12
8 5 11 13
8 5 11 14
8 5 11 15
8 6 11 12
8 6 11 13
8 6 11 14
8 6 11 15
8 3 12 5
8 3 12 6
8 3 12 12
8 3 12 13
8 3 12 14
8 3 12 15
8 5 12 12
8 5 12 13
8 5 12 14
8 5 12 15
8 6 12 12
8 6 12 13
8 6 12 14
8 6 12 15
8 12 15 15
8 12 16 15
9 12 12 19
9 13 12 19
9 14 12 19
9 15 12 19
9 16 12 19
9 12 15 15
9 12 15 16
9 12 16 15
9 12 16 16
10 12 15 15
10 12 15 16
10 4 16 12
10 4 16 15
10 4 16 16
10 12 16 15
10 12 16 16
11 12 15 15
11 12 15 16
11 20 15 23
11 4 16 12
11 4 16 15
11 4 16 16
11 12 16 15
11 12 16 16
12 12 15 15
12 12 15 16
12 4 16 12
12 4 16 15
12 4 16 16
12 12 16 15
12 12 16 16
