16 14
11111111111110
11111111111110
10011111111110
11111111111110
11111111111110
11111111111110
11111111111111
11111111111111
01111111111111
01111110111011
01111111111111
01111111111011
01101111111111
01111111111111
01111111111111
01111111110000
1391
1 1 4 4
1 1 4 5
1 1 4 6
1 1 4 7
1 1 4 8
1 1 4 9
1 1 4 10
1 1 4 11
1 1 4 12
1 1 4 13
1 1 5 4
1 1 5 5
1 1 5 6
1 1 5 7
1 1 5 8
1 1 5 9
1 1 5 10
1 1 5 11
1 1 5 12
1 1 5 13
1 1 6 4
1 1 6 5
1 1 6 6
1 1 6 7
1 1 6 8
1 1 6 9
1 1 6 10
1 1 6 11
1 1 6 12
1 1 6 13
1 1 7 4
1 1 7 5
1 1 7 6
1 1 7 7
1 1 7 8
1 1 7 9
1 1 7 10
1 1 7 11
1 1 7 12
1 1 7 13
1 1 8 4
1 1 8 5
1 1 8 6
1 1 8 7
1 1 8 8
1 1 8 9
1 1 8 10
1 1 8 11
1 1 8 12
1 1 8 13
1 4 11 9
1 4 11 10
1 4 11 11
1 4 11 13
1 5 11 9
1 5 11 10
1 5 11 11
1 5 11 13
1 6 11 9
1 6 11 10
1 6 11 11
1 6 11 13
1 7 11 9
1 7 11 10
1 7 11 11
1 7 11 13
1 9 11 13
1 10 11 13
1 11 11 13
1 4 12 9
1 4 12 10
1 4 12 11
1 5 12 9
1 5 12 10
1 5 12 11
1 6 12 9
1 6 12 10
1 6 12 11
1 7 12 9
1 7 12 10
1 7 12 11
1 5 13 9
1 5 13 10
1 5 13 11
1 5 13 13
1 6 13 9
1 6 13 10
1 6 13 11
1 6 13 13
1 7 13 9
1 7 13 10
1 7 13 11
1 7 13 13
1 9 13 13
1 10 13 13
1 11 13 13
1 5 14 9
1 5 14 10
1 5 14 11
1 5 14 13
1 6 14 9
1 6 14 10
1 6 14 11
1 6 14 13
1 7 14 9
1 7 14 10
1 7 14 11
1 7 14 13
1 9 14 13
1 10 14 13
1 11 14 13
1 5 15 9
1 5 15 10
1 5 15 11
1 5 15 13
1 6 15 9
1 6 15 10
1 6 15 11
1 6 15 13
1 7 15 9
1 7 15 10
1 7 15 11
1 7 15 13
1 9 15 13
1 10 15 13
1 11 15 13
1 5 16 9
1 5 16 10
1 6 16 9
1 6 16 10
1 7 16 9
1 7 16 10
2 1 4 4
2 1 4 5
2 1 4 6
2 1 4 7
2 1 4 8
2 1 4 9
2 1 4 10
2 1 4 11
2 1 4 12
2 1 4 13
2 1 5 4
2 1 5 5
2 1 5 6
2 1 5 7
2 1 5 8
2 1 5 9
2 1 5 10
2 1 5 11
2 1 5 12
2 1 5 13
2 1 6 4
2 1 6 5
2 1 6 6
2 1 6 7
2 1 6 8
2 1 6 9
2 1 6 10
2 1 6 11
2 1 6 12
2 1 6 13
2 1 7 4
2 1 7 5
2 1 7 6
2 1 7 7
2 1 7 8
2 1 7 9
2 1 7 10
2 1 7 11
2 1 7 12
2 1 7 13
2 1 8 4
2 1 8 5
2 1 8 6
2 1 8 7
2 1 8 8
2 1 8 9
2 1 8 10
2 1 8 11
2 1 8 12
2 1 8 13
2 4 11 9
2 4 11 10
2 4 11 11
2 4 11 13
2 5 11 9
2 5 11 10
2 5 11 11
2 5 11 13
2 6 11 9
2 6 11 10
2 6 11 11
2 6 11 13
2 7 11 9
2 7 11 10
2 7 11 11
2 7 11 13
2 9 11 13
2 10 11 13
2 11 11 13
2 4 12 9
2 4 12 10
2 4 12 11
2 5 12 9
2 5 12 10
2 5 12 11
2 6 12 9
2 6 12 10
2 6 12 11
2 7 12 9
2 7 12 10
2 7 12 11
2 5 13 9
2 5 13 10
2 5 13 11
2 5 13 13
2 6 13 9
2 6 13 10
2 6 13 11
2 6 13 13
2 7 13 9
2 7 13 10
2 7 13 11
2 7 13 13
2 9 13 13
2 10 13 13
2 11 13 13
2 5 14 9
2 5 14 10
2 5 14 11
2 5 14 13
2 6 14 9
2 6 14 10
2 6 14 11
2 6 14 13
2 7 14 9
2 7 14 10
2 7 14 11
2 7 14 13
2 9 14 13
2 10 14 13
2 11 14 13
2 5 15 9
2 5 15 10
2 5 15 11
2 5 15 13
2 6 15 9
2 6 15 10
2 6 15 11
2 6 15 13
2 7 15 9
2 7 15 10
2 7 15 11
2 7 15 13
2 9 15 13
2 10 15 13
2 11 15 13
2 5 16 9
2 5 16 10
2 6 16 9
2 6 16 10
2 7 16 9
2 7 16 10
3 4 11 9
3 4 11 10
3 4 11 11
3 4 11 13
3 5 11 9
3 5 11 10
3 5 11 11
3 5 11 13
3 6 11 9
3 6 11 10
3 6 11 11
3 6 11 13
3 7 11 9
3 7 11 10
3 7 11 11
3 7 11 13
3 9 11 13
3 10 11 13
3 11 11 13
3 4 12 9
3 4 12 10
3 4 12 11
3 5 12 9
3 5 12 10
3 5 12 11
3 6 12 9
3 6 12 10
3 6 12 11
3 7 12 9
3 7 12 10
3 7 12 11
3 5 13 9
3 5 13 10
3 5 13 11
3 5 13 13
3 6 13 9
3 6 13 10
3 6 13 11
3 6 13 13
3 7 13 9
3 7 13 10
3 7 13 11
3 7 13 13
3 9 13 13
3 10 13 13
3 11 13 13
3 5 14 9
3 5 14 10
3 5 14 11
3 5 14 13
3 6 14 9
3 6 14 10
3 6 14 11
3 6 14 13
3 7 14 9
3 7 14 10
3 7 14 11
3 7 14 13
3 9 14 13
3 10 14 13
3 11 14 13
3 5 15 9
3 5 15 10
3 5 15 11
3 5 15 13
3 6 15 9
3 6 15 10
3 6 15 11
3 6 15 13
3 7 15 9
3 7 15 10
3 7 15 11
3 7 15 13
3 9 15 13
3 10 15 13
3 11 15 13
3 5 16 9
3 5 16 10
3 6 16 9
3 6 16 10
3 7 16 9
3 7 16 10
4 2 11 9
4 2 11 10
4 2 11 11
4 2 11 13
4 3 11 9
4 3 11 10
4 3 11 11
4 3 11 13
4 4 11 9
4 4 11 10
4 4 11 11
4 4 11 13
4 5 11 9
4 5 11 10
4 5 11 11
4 5 11 13
4 6 11 9
4 6 11 10
4 6 11 11
4 6 11 13
4 7 11 9
4 7 11 10
4 7 11 11
4 7 11 13
4 9 11 13
4 10 11 13
4 11 11 13
4 2 12 9
4 2 12 10
4 2 12 11
4 3 12 9
4 3 12 10
4 3 12 11
4 4 12 9
4 4 12 10
4 4 12 11
4 5 12 9
4 5 12 10
4 5 12 11
4 6 12 9
4 6 12 10
4 6 12 11
4 7 12 9
4 7 12 10
4 7 12 11
4 5 13 9
4 5 13 10
4 5 13 11
4 5 13 13
4 6 13 9
4 6 13 10
4 6 13 11
4 6 13 13
4 7 13 9
4 7 13 10
4 7 13 11
4 7 13 13
4 9 13 13
4 10 13 13
4 11 13 13
4 2 14 5
4 2 14 6
4 2 14 7
4 2 14 9
4 2 14 10
4 2 14 11
4 2 14 13
4 3 14 5
4 3 14 6
4 3 14 7
4 3 14 9
4 3 14 10
4 3 14 11
4 3 14 13
4 5 14 9
4 5 14 10
4 5 14 11
4 5 14 13
4 6 14 9
4 6 14 10
4 6 14 11
4 6 14 13
4 7 14 9
4 7 14 10
4 7 14 11
4 7 14 13
4 9 14 13
4 10 14 13
4 11 14 13
4 2 15 5
4 2 15 6
4 2 15 7
4 2 15 9
4 2 15 10
4 2 15 11
4 2 15 13
4 3 15 5
4 3 15 6
4 3 15 7
4 3 15 9
4 3 15 10
4 3 15 11
4 3 15 13
4 5 15 9
4 5 15 10
4 5 15 11
4 5 15 13
4 6 15 9
4 6 15 10
4 6 15 11
4 6 15 13
4 7 15 9
4 7 15 10
4 7 15 11
4 7 15 13
4 9 15 13
4 10 15 13
4 11 15 13
4 2 16 5
4 2 16 6
4 2 16 7
4 2 16 9
4 2 16 10
4 3 16 5
4 3 16 6
4 3 16 7
4 3 16 9
4 3 16 10
4 5 16 9
4 5 16 10
4 6 16 9
4 6 16 10
4 7 16 9
4 7 16 10
5 2 11 9
5 2 11 10
5 2 11 11
5 2 11 13
5 3 11 9
5 3 11 10
5 3 11 11
5 3 11 13
5 4 11 9
5 4 11 10
5 4 11 11
5 4 11 13
5 5 11 9
5 5 11 10
5 5 11 11
5 5 11 13
5 6 11 9
5 6 11 10
5 6 11 11
5 6 11 13
5 7 11 9
5 7 11 10
5 7 11 11
5 7 11 13
5 9 11 13
5 10 11 13
5 11 11 13
5 2 12 9
5 2 12 10
5 2 12 11
5 3 12 9
5 3 12 10
5 3 12 11
5 4 12 9
5 4 12 10
5 4 12 11
5 5 12 9
5 5 12 10
5 5 12 11
5 6 12 9
5 6 12 10
5 6 12 11
5 7 12 9
5 7 12 10
5 7 12 11
5 5 13 9
5 5 13 10
5 5 13 11
5 5 13 13
5 6 13 9
5 6 13 10
5 6 13 11
5 6 13 13
5 7 13 9
5 7 13 10
5 7 13 11
5 7 13 13
5 9 13 13
5 10 13 13
5 11 13 13
5 2 14 5
5 2 14 6
5 2 14 7
5 2 14 9
5 2 14 10
5 2 14 11
5 2 14 13
5 3 14 5
5 3 14 6
5 3 14 7
5 3 14 9
5 3 14 10
5 3 14 11
5 3 14 13
5 5 14 9
5 5 14 10
5 5 14 11
5 5 14 13
5 6 14 9
5 6 14 10
5 6 14 11
5 6 14 13
5 7 14 9
5 7 14 10
5 7 14 11
5 7 14 13
5 9 14 13
5 10 14 13
5 11 14 13
5 2 15 5
5 2 15 6
5 2 15 7
5 2 15 9
5 2 15 10
5 2 15 11
5 2 15 13
5 3 15 5
5 3 15 6
5 3 15 7
5 3 15 9
5 3 15 10
5 3 15 11
5 3 15 13
5 5 15 9
5 5 15 10
5 5 15 11
5 5 15 13
5 6 15 9
5 6 15 10
5 6 15 11
5 6 15 13
5 7 15 9
5 7 15 10
5 7 15 11
5 7 15 13
5 9 15 13
5 10 15 13
5 11 15 13
5 2 16 5
5 2 16 6
5 2 16 7
5 2 16 9
5 2 16 10
5 3 16 5
5 3 16 6
5 3 16 7
5 3 16 9
5 3 16 10
5 5 16 9
5 5 16 10
5 6 16 9
5 6 16 10
5 7 16 9
5 7 16 10
6 2 11 9
6 2 11 10
6 2 11 11
6 2 11 13
6 3 11 9
6 3 11 10
6 3 11 11
6 3 11 13
6 4 11 9
6 4 11 10
6 4 11 11
6 4 11 13
6 5 11 9
6 5 11 10
6 5 11 11
6 5 11 13
6 6 11 9
6 6 11 10
6 6 11 11
6 6 11 13
6 7 11 9
6 7 11 10
6 7 11 11
6 7 11 13
6 9 11 13
6 10 11 13
6 11 11 13
6 2 12 9
6 2 12 10
6 2 12 11
6 3 12 9
6 3 12 10
6 3 12 11
6 4 12 9
6 4 12 10
6 4 12 11
6 5 12 9
6 5 12 10
6 5 12 11
6 6 12 9
6 6 12 10
6 6 12 11
6 7 12 9
6 7 12 10
6 7 12 11
6 5 13 9
6 5 13 10
6 5 13 11
6 5 13 13
6 6 13 9
6 6 13 10
6 6 13 11
6 6 13 13
6 7 13 9
6 7 13 10
6 7 13 11
6 7 13 13
6 9 13 13
6 10 13 13
6 11 13 13
6 2 14 5
6 2 14 6
6 2 14 7
6 2 14 9
6 2 14 10
6 2 14 11
6 2 14 13
6 3 14 5
6 3 14 6
6 3 14 7
6 3 14 9
6 3 14 10
6 3 14 11
6 3 14 13
6 5 14 9
6 5 14 10
6 5 14 11
6 5 14 13
6 6 14 9
6 6 14 10
6 6 14 11
6 6 14 13
6 7 14 9
6 7 14 10
6 7 14 11
6 7 14 13
6 9 14 13
6 10 14 13
6 11 14 13
6 2 15 5
6 2 15 6
6 2 15 7
6 2 15 9
6 2 15 10
6 2 15 11
6 2 15 13
6 3 15 5
6 3 15 6
6 3 15 7
6 3 15 9
6 3 15 10
6 3 15 11
6 3 15 13
6 5 15 9
6 5 15 10
6 5 15 11
6 5 15 13
6 6 15 9
6 6 15 10
6 6 15 11
6 6 15 13
6 7 15 9
6 7 15 10
6 7 15 11
6 7 15 13
6 9 15 13
6 10 15 13
6 11 15 13
6 2 16 5
6 2 16 6
6 2 16 7
6 2 16 9
6 2 16 10
6 3 16 5
6 3 16 6
6 3 16 7
6 3 16 9
6 3 16 10
6 5 16 9
6 5 16 10
6 6 16 9
6 6 16 10
6 7 16 9
6 7 16 10
7 2 11 9
7 2 11 10
7 2 11 11
7 2 11 13
7 2 11 14
7 3 11 9
7 3 11 10
7 3 11 11
7 3 11 13
7 3 11 14
7 4 11 9
7 4 11 10
7 4 11 11
7 4 11 13
7 4 11 14
7 5 11 9
7 5 11 10
7 5 11 11
7 5 11 13
7 5 11 14
7 6 11 9
7 6 11 10
7 6 11 11
7 6 11 13
7 6 11 14
7 7 11 9
7 7 11 10
7 7 11 11
7 7 11 13
7 7 11 14
7 9 11 13
7 9 11 14
7 10 11 13
7 10 11 14
7 11 11 13
7 11 11 14
7 2 12 9
7 2 12 10
7 2 12 11
7 3 12 9
7 3 12 10
7 3 12 11
7 4 12 9
7 4 12 10
7 4 12 11
7 5 12 9
7 5 12 10
7 5 12 11
7 6 12 9
7 6 12 10
7 6 12 11
7 7 12 9
7 7 12 10
7 7 12 11
7 5 13 9
7 5 13 10
7 5 13 11
7 5 13 13
7 5 13 14
7 6 13 9
7 6 13 10
7 6 13 11
7 6 13 13
7 6 13 14
7 7 13 9
7 7 13 10
7 7 13 11
7 7 13 13
7 7 13 14
7 9 13 13
7 9 13 14
7 10 13 13
7 10 13 14
7 11 13 13
7 11 13 14
7 2 14 5
7 2 14 6
7 2 14 7
7 2 14 9
7 2 14 10
7 2 14 11
7 2 14 13
7 2 14 14
7 3 14 5
7 3 14 6
7 3 14 7
7 3 14 9
7 3 14 10
7 3 14 11
7 3 14 13
7 3 14 14
7 5 14 9
7 5 14 10
7 5 14 11
7 5 14 13
7 5 14 14
7 6 14 9
7 6 14 10
7 6 14 11
7 6 14 13
7 6 14 14
7 7 14 9
7 7 14 10
7 7 14 11
7 7 14 13
7 7 14 14
7 9 14 13
7 9 14 14
7 10 14 13
7 10 14 14
7 11 14 13
7 11 14 14
7 2 15 5
7 2 15 6
7 2 15 7
7 2 15 9
7 2 15 10
7 2 15 11
7 2 15 13
7 2 15 14
7 3 15 5
7 3 15 6
7 3 15 7
7 3 15 9
7 3 15 10
7 3 15 11
7 3 15 13
7 3 15 14
7 5 15 9
7 5 15 10
7 5 15 11
7 5 15 13
7 5 15 14
7 6 15 9
7 6 15 10
7 6 15 11
7 6 15 13
7 6 15 14
7 7 15 9
7 7 15 10
7 7 15 11
7 7 15 13
7 7 15 14
7 9 15 13
7 9 15 14
7 10 15 13
7 10 15 14
7 11 15 13
7 11 15 14
7 2 16 5
7 2 16 6
7 2 16 7
7 2 16 9
7 2 16 10
7 3 16 5
7 3 16 6
7 3 16 7
7 3 16 9
7 3 16 10
7 5 16 9
7 5 16 10
7 6 16 9
7 6 16 10
7 7 16 9
7 7 16 10
8 2 11 9
8 2 11 10
8 2 11 11
8 2 11 13
8 2 11 14
8 3 11 9
8 3 11 10
8 3 11 11
8 3 11 13
8 3 11 14
8 4 11 9
8 4 11 10
8 4 11 11
8 4 11 13
8 4 11 14
8 5 11 9
8 5 11 10
8 5 11 11
8 5 11 13
8 5 11 14
8 6 11 9
8 6 11 10
8 6 11 11
8 6 11 13
8 6 11 14
8 7 11 9
8 7 11 10
8 7 11 11
8 7 11 13
8 7 11 14
8 9 11 13
8 9 11 14
8 10 11 13
8 10 11 14
8 11 11 13
8 11 11 14
8 2 12 9
8 2 12 10
8 2 12 11
8 3 12 9
8 3 12 10
8 3 12 11
8 4 12 9
8 4 12 10
8 4 12 11
8 5 12 9
8 5 12 10
8 5 12 11
8 6 12 9
8 6 12 10
8 6 12 11
8 7 12 9
8 7 12 10
8 7 12 11
8 5 13 9
8 5 13 10
8 5 13 11
8 5 13 13
8 5 13 14
8 6 13 9
8 6 13 10
8 6 13 11
8 6 13 13
8 6 13 14
8 7 13 9
8 7 13 10
8 7 13 11
8 7 13 13
8 7 13 14
8 9 13 13
8 9 13 14
8 10 13 13
8 10 13 14
8 11 13 13
8 11 13 14
8 2 14 5
8 2 14 6
8 2 14 7
8 2 14 9
8 2 14 10
8 2 14 11
8 2 14 13
8 2 14 14
8 3 14 5
8 3 14 6
8 3 14 7
8 3 14 9
8 3 14 10
8 3 14 11
8 3 14 13
8 3 14 14
8 5 14 9
8 5 14 10
8 5 14 11
8 5 14 13
8 5 14 14
8 6 14 9
8 6 14 10
8 6 14 11
8 6 14 13
8 6 14 14
8 7 14 9
8 7 14 10
8 7 14 11
8 7 14 13
8 7 14 14
8 9 14 13
8 9 14 14
8 10 14 13
8 10 14 14
8 11 14 13
8 11 14 14
8 2 15 5
8 2 15 6
8 2 15 7
8 2 15 9
8 2 15 10
8 2 15 11
8 2 15 13
8 2 15 14
8 3 15 5
8 3 15 6
8 3 15 7
8 3 15 9
8 3 15 10
8 3 15 11
8 3 15 13
8 3 15 14
8 5 15 9
8 5 15 10
8 5 15 11
8 5 15 13
8 5 15 14
8 6 15 9
8 6 15 10
8 6 15 11
8 6 15 13
8 6 15 14
8 7 15 9
8 7 15 10
8 7 15 11
8 7 15 13
8 7 15 14
8 9 15 13
8 9 15 14
8 10 15 13
8 10 15 14
8 11 15 13
8 11 15 14
8 2 16 5
8 2 16 6
8 2 16 7
8 2 16 9
8 2 16 10
8 3 16 5
8 3 16 6
8 3 16 7
8 3 16 9
8 3 16 10
8 5 16 9
8 5 16 10
8 6 16 9
8 6 16 10
8 7 16 9
8 7 16 10
9 2 11 9
9 2 11 10
9 2 11 11
9 2 11 13
9 2 11 14
9 3 11 9
9 3 11 10
9 3 11 11
9 3 11 13
9 3 11 14
9 4 11 9
9 4 11 10
9 4 11 11
9 4 11 13
9 4 11 14
9 5 11 9
9 5 11 10
9 5 11 11
9 5 11 13
9 5 11 14
9 6 11 9
9 6 11 10
9 6 11 11
9 6 11 13
9 6 11 14
9 7 11 9
9 7 11 10
9 7 11 11
9 7 11 13
9 7 11 14
9 9 11 13
9 9 11 14
9 10 11 13
9 10 11 14
9 11 11 13
9 11 11 14
9 2 12 9
9 2 12 10
9 2 12 11
9 3 12 9
9 3 12 10
9 3 12 11
9 4 12 9
9 4 12 10
9 4 12 11
9 5 12 9
9 5 12 10
9 5 12 11
9 6 12 9
9 6 12 10
9 6 12 11
9 7 12 9
9 7 12 10
9 7 12 11
9 5 13 9
9 5 13 10
9 5 13 11
9 5 13 13
9 5 13 14
9 6 13 9
9 6 13 10
9 6 13 11
9 6 13 13
9 6 13 14
9 7 13 9
9 7 13 10
9 7 13 11
9 7 13 13
9 7 13 14
9 9 13 13
9 9 13 14
9 10 13 13
9 10 13 14
9 11 13 13
9 11 13 14
9 2 14 5
9 2 14 6
9 2 14 7
9 2 14 9
9 2 14 10
9 2 14 11
9 2 14 13
9 2 14 14
9 3 14 5
9 3 14 6
9 3 14 7
9 3 14 9
9 3 14 10
9 3 14 11
9 3 14 13
9 3 14 14
9 5 14 9
9 5 14 10
9 5 14 11
9 5 14 13
9 5 14 14
9 6 14 9
9 6 14 10
9 6 14 11
9 6 14 13
9 6 14 14
9 7 14 9
9 7 14 10
9 7 14 11
9 7 14 13
9 7 14 14
9 9 14 13
9 9 14 14
9 10 14 13
9 10 14 14
9 11 14 13
9 11 14 14
9 2 15 5
9 2 15 6
9 2 15 7
9 2 15 9
9 2 15 10
9 2 15 11
9 2 15 13
9 2 15 14
9 3 15 5
9 3 15 6
9 3 15 7
9 3 15 9
9 3 15 10
9 3 15 11
9 3 15 13
9 3 15 14
9 5 15 9
9 5 15 10
9 5 15 11
9 5 15 13
9 5 15 14
9 6 15 9
9 6 15 10
9 6 15 11
9 6 15 13
9 6 15 14
9 7 15 9
9 7 15 10
9 7 15 11
9 7 15 13
9 7 15 14
9 9 15 13
9 9 15 14
9 10 15 13
9 10 15 14
9 11 15 13
9 11 15 14
9 2 16 5
9 2 16 6
9 2 16 7
9 2 16 9
9 2 16 10
9 3 16 5
9 3 16 6
9 3 16 7
9 3 16 9
9 3 16 10
9 5 16 9
9 5 16 10
9 6 16 9
9 6 16 10
9 7 16 9
9 7 16 10
10 2 14 5
10 2 14 6
10 2 14 7
10 3 14 5
10 3 14 6
10 3 14 7
10 2 15 5
10 2 15 6
10 2 15 7
10 3 15 5
10 3 15 6
10 3 15 7
10 2 16 5
10 2 16 6
10 2 16 7
10 3 16 5
10 3 16 6
10 3 16 7
11 5 13 13
11 5 13 14
11 6 13 13
11 6 13 14
11 7 13 13
11 7 13 14
11 8 13 13
11 8 13 14
11 9 13 13
11 9 13 14
11 10 13 13
11 10 13 14
11 11 13 13
11 11 13 14
11 2 14 5
11 2 14 6
11 2 14 7
11 2 14 8
11 2 14 9
11 2 14 10
11 2 14 11
11 2 14 13
11 2 14 14
11 3 14 5
11 3 14 6
11 3 14 7
11 3 14 8
11 3 14 9
11 3 14 10
11 3 14 11
11 3 14 13
11 3 14 14
11 5 14 13
11 5 14 14
11 6 14 13
11 6 14 14
11 7 14 13
11 7 14 14
11 8 14 13
11 8 14 14
11 9 14 13
11 9 14 14
11 10 14 13
11 10 14 14
11 11 14 13
11 11 14 14
11 2 15 5
11 2 15 6
11 2 15 7
11 2 15 8
11 2 15 9
11 2 15 10
11 2 15 11
11 2 15 13
11 2 15 14
11 3 15 5
11 3 15 6
11 3 15 7
11 3 15 8
11 3 15 9
11 3 15 10
11 3 15 11
11 3 15 13
11 3 15 14
11 5 15 13
11 5 15 14
11 6 15 13
11 6 15 14
11 7 15 13
11 7 15 14
11 8 15 13
11 8 15 14
11 9 15 13
11 9 15 14
11 10 15 13
11 10 15 14
11 11 15 13
11 11 15 14
11 2 16 5
11 2 16 6
11 2 16 7
11 2 16 8
11 2 16 9
11 2 16 10
11 3 16 5
11 3 16 6
11 3 16 7
11 3 16 8
11 3 16 9
11 3 16 10
12 2 14 5
12 2 14 6
12 2 14 7
12 2 14 8
12 2 14 9
12 2 14 10
12 2 14 11
12 3 14 5
12 3 14 6
12 3 14 7
12 3 14 8
12 3 14 9
12 3 14 10
12 3 14 11
12 2 15 5
12 2 15 6
12 2 15 7
12 2 15 8
12 2 15 9
12 2 15 10
12 2 15 11
12 3 15 5
12 3 15 6
12 3 15 7
12 3 15 8
12 3 15 9
12 3 15 10
12 3 15 11
12 2 16 5
12 2 16 6
12 2 16 7
12 2 16 8
12 2 16 9
12 2 16 10
12 3 16 5
12 3 16 6
12 3 16 7
12 3 16 8
12 3 16 9
12 3 16 10
