11 21
000000000000000000000
111111111111111111111
110011111110000001011
111111111111111111111
111111111111000001111
110001111111111111111
110000000001000001111
111111111111111111111
111111111111111111111
001000000000000001110
001111111111111111110
173
2 1 4 5
2 1 4 6
2 1 4 7
2 1 4 8
2 1 4 9
2 1 4 10
2 1 4 11
2 1 4 18
2 1 4 20
2 1 4 21
2 2 4 5
2 2 4 6
2 2 4 7
2 2 4 8
2 2 4 9
2 2 4 10
2 2 4 11
2 2 4 18
2 2 4 20
2 2 4 21
2 5 4 18
2 5 4 20
2 5 4 21
2 6 4 18
2 6 4 20
2 6 4 21
2 7 4 18
2 7 4 20
2 7 4 21
2 8 4 18
2 8 4 20
2 8 4 21
2 9 4 18
2 9 4 20
2 9 4 21
2 10 4 18
2 10 4 20
2 10 4 21
2 11 4 18
2 11 4 20
2 11 4 21
2 18 4 20
2 18 4 21
2 1 5 5
2 1 5 6
2 1 5 7
2 1 5 8
2 1 5 9
2 1 5 10
2 1 5 11
2 2 5 5
2 2 5 6
2 2 5 7
2 2 5 8
2 2 5 9
2 2 5 10
2 2 5 11
2 18 5 20
2 18 5 21
2 6 6 18
2 6 6 20
2 6 6 21
2 7 6 18
2 7 6 20
2 7 6 21
2 8 6 18
2 8 6 20
2 8 6 21
2 9 6 18
2 9 6 20
2 9 6 21
2 10 6 18
2 10 6 20
2 10 6 21
2 11 6 18
2 11 6 20
2 11 6 21
2 18 6 20
2 18 6 21
2 18 7 20
2 18 7 21
2 1 8 18
2 1 8 20
2 1 8 21
2 2 8 18
2 2 8 20
2 2 8 21
2 18 8 20
2 18 8 21
2 1 9 18
2 1 9 20
2 1 9 21
2 2 9 18
2 2 9 20
2 2 9 21
2 18 9 20
2 18 9 21
2 18 10 20
2 18 11 20
4 6 6 18
4 6 6 19
4 6 6 20
4 6 6 21
4 7 6 18
4 7 6 19
4 7 6 20
4 7 6 21
4 8 6 18
4 8 6 19
4 8 6 20
4 8 6 21
4 9 6 18
4 9 6 19
4 9 6 20
4 9 6 21
4 10 6 18
4 10 6 19
4 10 6 20
4 10 6 21
4 11 6 18
4 11 6 19
4 11 6 20
4 11 6 21
4 12 6 18
4 12 6 19
4 12 6 20
4 12 6 21
4 1 8 12
4 1 8 18
4 1 8 19
4 1 8 20
4 1 8 21
4 2 8 12
4 2 8 18
4 2 8 19
4 2 8 20
4 2 8 21
4 12 8 18
4 12 8 19
4 12 8 20
4 12 8 21
4 1 9 12
4 1 9 18
4 1 9 19
4 1 9 20
4 1 9 21
4 2 9 12
4 2 9 18
4 2 9 19
4 2 9 20
4 2 9 21
4 12 9 18
4 12 9 19
4 12 9 20
4 12 9 21
5 1 8 12
5 2 8 12
5 1 9 12
5 2 9 12
6 12 8 18
6 12 8 19
6 12 8 20
6 12 8 21
6 12 9 18
6 12 9 19
6 12 9 20
6 12 9 21
8 3 11 18
8 3 11 19
8 3 11 20
9 3 11 18
9 3 11 19
9 3 11 20
