19 18
000111111111111000
111111111111111111
111111000000001001
100111111111111001
100111111111111001
100111110000010001
100111110000010001
100111110000010001
111111110000010001
100001110000010001
100001110000010001
100001110000010001
100001110000010001
100001110000010001
100001110000010001
100001111111110001
111111111111111111
000001111111110000
000001111111110000
49
1 4 4 15
1 5 4 15
1 6 4 15
1 4 5 15
1 5 5 15
1 6 5 15
2 4 4 15
2 5 4 15
2 6 4 15
2 4 5 15
2 5 5 15
2 6 5 15
2 1 9 4
2 1 9 5
2 1 9 6
2 1 17 6
2 1 17 18
2 6 17 18
3 1 9 4
3 1 9 5
3 1 9 6
3 1 17 6
4 6 16 14
4 7 16 14
4 8 16 14
4 6 17 14
4 7 17 14
4 8 17 14
4 6 18 14
4 7 18 14
4 8 18 14
4 6 19 14
4 7 19 14
4 8 19 14
5 6 16 14
5 7 16 14
5 8 16 14
5 6 17 14
5 7 17 14
5 8 17 14
5 6 18 14
5 7 18 14
5 8 18 14
5 6 19 14
5 7 19 14
5 8 19 14
9 1 17 6
9 1 17 7
9 1 17 8
