11 22
1111111110000000000000
1011111111111111111111
1011111111111111111101
1111111111111111111111
1111111111111111111100
1111111111111111111110
1111011111111111111110
1111111111111111100110
1111111111111111111110
1111111111111111111110
1111111111111111111110
1213
1 1 4 3
1 1 4 4
1 1 4 5
1 1 4 6
1 1 4 7
1 1 4 8
1 1 4 9
1 1 5 3
1 1 5 4
1 1 5 5
1 1 5 6
1 1 5 7
1 1 5 8
1 1 5 9
1 1 6 3
1 1 6 4
1 1 6 5
1 1 6 6
1 1 6 7
1 1 6 8
1 1 6 9
1 1 7 3
1 1 7 4
1 1 8 3
1 1 8 4
1 1 8 6
1 1 8 7
1 1 8 8
1 1 8 9
1 3 8 6
1 3 8 7
1 3 8 8
1 3 8 9
1 4 8 6
1 4 8 7
1 4 8 8
1 4 8 9
1 1 9 3
1 1 9 4
1 1 9 6
1 1 9 7
1 1 9 8
1 1 9 9
1 3 9 6
1 3 9 7
1 3 9 8
1 3 9 9
1 4 9 6
1 4 9 7
1 4 9 8
1 4 9 9
1 1 10 3
1 1 10 4
1 1 10 6
1 1 10 7
1 1 10 8
1 1 10 9
1 3 10 6
1 3 10 7
1 3 10 8
1 3 10 9
1 4 10 6
1 4 10 7
1 4 10 8
1 4 10 9
1 1 11 3
1 1 11 4
1 1 11 6
1 1 11 7
1 1 11 8
1 1 11 9
1 3 11 6
1 3 11 7
1 3 11 8
1 3 11 9
1 4 11 6
1 4 11 7
1 4 11 8
1 4 11 9
2 3 4 22
2 4 4 22
2 5 4 22
2 6 4 22
2 7 4 22
2 8 4 22
2 9 4 22
2 10 4 22
2 11 4 22
2 12 4 22
2 13 4 22
2 14 4 22
2 15 4 22
2 16 4 22
2 17 4 22
2 18 4 22
2 19 4 22
2 20 4 22
2 3 8 6
2 3 8 7
2 3 8 8
2 3 8 9
2 3 8 10
2 3 8 11
2 3 8 12
2 3 8 13
2 3 8 14
2 3 8 15
2 3 8 16
2 3 8 17
2 4 8 6
2 4 8 7
2 4 8 8
2 4 8 9
2 4 8 10
2 4 8 11
2 4 8 12
2 4 8 13
2 4 8 14
2 4 8 15
2 4 8 16
2 4 8 17
2 3 9 6
2 3 9 7
2 3 9 8
2 3 9 9
2 3 9 10
2 3 9 11
2 3 9 12
2 3 9 13
2 3 9 14
2 3 9 15
2 3 9 16
2 3 9 17
2 3 9 20
2 4 9 6
2 4 9 7
2 4 9 8
2 4 9 9
2 4 9 10
2 4 9 11
2 4 9 12
2 4 9 13
2 4 9 14
2 4 9 15
2 4 9 16
2 4 9 17
2 4 9 20
2 6 9 20
2 7 9 20
2 8 9 20
2 9 9 20
2 10 9 20
2 11 9 20
2 12 9 20
2 13 9 20
2 14 9 20
2 15 9 20
2 16 9 20
2 17 9 20
2 3 10 6
2 3 10 7
2 3 10 8
2 3 10 9
2 3 10 10
2 3 10 11
2 3 10 12
2 3 10 13
2 3 10 14
2 3 10 15
2 3 10 16
2 3 10 17
2 3 10 20
2 4 10 6
2 4 10 7
2 4 10 8
2 4 10 9
2 4 10 10
2 4 10 11
2 4 10 12
2 4 10 13
2 4 10 14
2 4 10 15
2 4 10 16
2 4 10 17
2 4 10 20
2 6 10 20
2 7 10 20
2 8 10 20
2 9 10 20
2 10 10 20
2 11 10 20
2 12 10 20
2 13 10 20
2 14 10 20
2 15 10 20
2 16 10 20
2 17 10 20
2 3 11 6
2 3 11 7
2 3 11 8
2 3 11 9
2 3 11 10
2 3 11 11
2 3 11 12
2 3 11 13
2 3 11 14
2 3 11 15
2 3 11 16
2 3 11 17
2 3 11 20
2 4 11 6
2 4 11 7
2 4 11 8
2 4 11 9
2 4 11 10
2 4 11 11
2 4 11 12
2 4 11 13
2 4 11 14
2 4 11 15
2 4 11 16
2 4 11 17
2 4 11 20
2 6 11 20
2 7 11 20
2 8 11 20
2 9 11 20
2 10 11 20
2 11 11 20
2 12 11 20
2 13 11 20
2 14 11 20
2 15 11 20
2 16 11 20
2 17 11 20
3 3 8 6
3 3 8 7
3 3 8 8
3 3 8 9
3 3 8 10
3 3 8 11
3 3 8 12
3 3 8 13
3 3 8 14
3 3 8 15
3 3 8 16
3 3 8 17
3 4 8 6
3 4 8 7
3 4 8 8
3 4 8 9
3 4 8 10
3 4 8 11
3 4 8 12
3 4 8 13
3 4 8 14
3 4 8 15
3 4 8 16
3 4 8 17
3 3 9 6
3 3 9 7
3 3 9 8
3 3 9 9
3 3 9 10
3 3 9 11
3 3 9 12
3 3 9 13
3 3 9 14
3 3 9 15
3 3 9 16
3 3 9 17
3 3 9 20
3 4 9 6
3 4 9 7
3 4 9 8
3 4 9 9
3 4 9 10
3 4 9 11
3 4 9 12
3 4 9 13
3 4 9 14
3 4 9 15
3 4 9 16
3 4 9 17
3 4 9 20
3 6 9 20
3 7 9 20
3 8 9 20
3 9 9 20
3 10 9 20
3 11 9 20
3 12 9 20
3 13 9 20
3 14 9 20
3 15 9 20
3 16 9 20
3 17 9 20
3 3 10 6
3 3 10 7
3 3 10 8
3 3 10 9
3 3 10 10
3 3 10 11
3 3 10 12
3 3 10 13
3 3 10 14
3 3 10 15
3 3 10 16
3 3 10 17
3 3 10 20
3 4 10 6
3 4 10 7
3 4 10 8
3 4 10 9
3 4 10 10
3 4 10 11
3 4 10 12
3 4 10 13
3 4 10 14
3 4 10 15
3 4 10 16
3 4 10 17
3 4 10 20
3 6 10 20
3 7 10 20
3 8 10 20
3 9 10 20
3 10 10 20
3 11 10 20
3 12 10 20
3 13 10 20
3 14 10 20
3 15 10 20
3 16 10 20
3 17 10 20
3 3 11 6
3 3 11 7
3 3 11 8
3 3 11 9
3 3 11 10
3 3 11 11
3 3 11 12
3 3 11 13
3 3 11 14
3 3 11 15
3 3 11 16
3 3 11 17
3 3 11 20
3 4 11 6
3 4 11 7
3 4 11 8
3 4 11 9
3 4 11 10
3 4 11 11
3 4 11 12
3 4 11 13
3 4 11 14
3 4 11 15
3 4 11 16
3 4 11 17
3 4 11 20
3 6 11 20
3 7 11 20
3 8 11 20
3 9 11 20
3 10 11 20
3 11 11 20
3 12 11 20
3 13 11 20
3 14 11 20
3 15 11 20
3 16 11 20
3 17 11 20
4 1 8 6
4 1 8 7
4 1 8 8
4 1 8 9
4 1 8 10
4 1 8 11
4 1 8 12
4 1 8 13
4 1 8 14
4 1 8 15
4 1 8 16
4 1 8 17
4 2 8 6
4 2 8 7
4 2 8 8
4 2 8 9
4 2 8 10
4 2 8 11
4 2 8 12
4 2 8 13
4 2 8 14
4 2 8 15
4 2 8 16
4 2 8 17
4 3 8 6
4 3 8 7
4 3 8 8
4 3 8 9
4 3 8 10
4 3 8 11
4 3 8 12
4 3 8 13
4 3 8 14
4 3 8 15
4 3 8 16
4 3 8 17
4 4 8 6
4 4 8 7
4 4 8 8
4 4 8 9
4 4 8 10
4 4 8 11
4 4 8 12
4 4 8 13
4 4 8 14
4 4 8 15
4 4 8 16
4 4 8 17
4 1 9 6
4 1 9 7
4 1 9 8
4 1 9 9
4 1 9 10
4 1 9 11
4 1 9 12
4 1 9 13
4 1 9 14
4 1 9 15
4 1 9 16
4 1 9 17
4 1 9 20
4 2 9 6
4 2 9 7
4 2 9 8
4 2 9 9
4 2 9 10
4 2 9 11
4 2 9 12
4 2 9 13
4 2 9 14
4 2 9 15
4 2 9 16
4 2 9 17
4 2 9 20
4 3 9 6
4 3 9 7
4 3 9 8
4 3 9 9
4 3 9 10
4 3 9 11
4 3 9 12
4 3 9 13
4 3 9 14
4 3 9 15
4 3 9 16
4 3 9 17
4 3 9 20
4 4 9 6
4 4 9 7
4 4 9 8
4 4 9 9
4 4 9 10
4 4 9 11
4 4 9 12
4 4 9 13
4 4 9 14
4 4 9 15
4 4 9 16
4 4 9 17
4 4 9 20
4 6 9 20
4 7 9 20
4 8 9 20
4 9 9 20
4 10 9 20
4 11 9 20
4 12 9 20
4 13 9 20
4 14 9 20
4 15 9 20
4 16 9 20
4 17 9 20
4 1 10 6
4 1 10 7
4 1 10 8
4 1 10 9
4 1 10 10
4 1 10 11
4 1 10 12
4 1 10 13
4 1 10 14
4 1 10 15
4 1 10 16
4 1 10 17
4 1 10 20
4 2 10 6
4 2 10 7
4 2 10 8
4 2 10 9
4 2 10 10
4 2 10 11
4 2 10 12
4 2 10 13
4 2 10 14
4 2 10 15
4 2 10 16
4 2 10 17
4 2 10 20
4 3 10 6
4 3 10 7
4 3 10 8
4 3 10 9
4 3 10 10
4 3 10 11
4 3 10 12
4 3 10 13
4 3 10 14
4 3 10 15
4 3 10 16
4 3 10 17
4 3 10 20
4 4 10 6
4 4 10 7
4 4 10 8
4 4 10 9
4 4 10 10
4 4 10 11
4 4 10 12
4 4 10 13
4 4 10 14
4 4 10 15
4 4 10 16
4 4 10 17
4 4 10 20
4 6 10 20
4 7 10 20
4 8 10 20
4 9 10 20
4 10 10 20
4 11 10 20
4 12 10 20
4 13 10 20
4 14 10 20
4 15 10 20
4 16 10 20
4 17 10 20
4 1 11 6
4 1 11 7
4 1 11 8
4 1 11 9
4 1 11 10
4 1 11 11
4 1 11 12
4 1 11 13
4 1 11 14
4 1 11 15
4 1 11 16
4 1 11 17
4 1 11 20
4 2 11 6
4 2 11 7
4 2 11 8
4 2 11 9
4 2 11 10
4 2 11 11
4 2 11 12
4 2 11 13
4 2 11 14
4 2 11 15
4 2 11 16
4 2 11 17
4 2 11 20
4 3 11 6
4 3 11 7
4 3 11 8
4 3 11 9
4 3 11 10
4 3 11 11
4 3 11 12
4 3 11 13
4 3 11 14
4 3 11 15
4 3 11 16
4 3 11 17
4 3 11 20
4 4 11 6
4 4 11 7
4 4 11 8
4 4 11 9
4 4 11 10
4 4 11 11
4 4 11 12
4 4 11 13
4 4 11 14
4 4 11 15
4 4 11 16
4 4 11 17
4 4 11 20
4 6 11 20
4 7 11 20
4 8 11 20
4 9 11 20
4 10 11 20
4 11 11 20
4 12 11 20
4 13 11 20
4 14 11 20
4 15 11 20
4 16 11 20
4 17 11 20
5 1 8 6
5 1 8 7
5 1 8 8
5 1 8 9
5 1 8 10
5 1 8 11
5 1 8 12
5 1 8 13
5 1 8 14
5 1 8 15
5 1 8 16
5 1 8 17
5 2 8 6
5 2 8 7
5 2 8 8
5 2 8 9
5 2 8 10
5 2 8 11
5 2 8 12
5 2 8 13
5 2 8 14
5 2 8 15
5 2 8 16
5 2 8 17
5 3 8 6
5 3 8 7
5 3 8 8
5 3 8 9
5 3 8 10
5 3 8 11
5 3 8 12
5 3 8 13
5 3 8 14
5 3 8 15
5 3 8 16
5 3 8 17
5 4 8 6
5 4 8 7
5 4 8 8
5 4 8 9
5 4 8 10
5 4 8 11
5 4 8 12
5 4 8 13
5 4 8 14
5 4 8 15
5 4 8 16
5 4 8 17
5 1 9 6
5 1 9 7
5 1 9 8
5 1 9 9
5 1 9 10
5 1 9 11
5 1 9 12
5 1 9 13
5 1 9 14
5 1 9 15
5 1 9 16
5 1 9 17
5 1 9 20
5 2 9 6
5 2 9 7
5 2 9 8
5 2 9 9
5 2 9 10
5 2 9 11
5 2 9 12
5 2 9 13
5 2 9 14
5 2 9 15
5 2 9 16
5 2 9 17
5 2 9 20
5 3 9 6
5 3 9 7
5 3 9 8
5 3 9 9
5 3 9 10
5 3 9 11
5 3 9 12
5 3 9 13
5 3 9 14
5 3 9 15
5 3 9 16
5 3 9 17
5 3 9 20
5 4 9 6
5 4 9 7
5 4 9 8
5 4 9 9
5 4 9 10
5 4 9 11
5 4 9 12
5 4 9 13
5 4 9 14
5 4 9 15
5 4 9 16
5 4 9 17
5 4 9 20
5 6 9 20
5 7 9 20
5 8 9 20
5 9 9 20
5 10 9 20
5 11 9 20
5 12 9 20
5 13 9 20
5 14 9 20
5 15 9 20
5 16 9 20
5 17 9 20
5 1 10 6
5 1 10 7
5 1 10 8
5 1 10 9
5 1 10 10
5 1 10 11
5 1 10 12
5 1 10 13
5 1 10 14
5 1 10 15
5 1 10 16
5 1 10 17
5 1 10 20
5 2 10 6
5 2 10 7
5 2 10 8
5 2 10 9
5 2 10 10
5 2 10 11
5 2 10 12
5 2 10 13
5 2 10 14
5 2 10 15
5 2 10 16
5 2 10 17
5 2 10 20
5 3 10 6
5 3 10 7
5 3 10 8
5 3 10 9
5 3 10 10
5 3 10 11
5 3 10 12
5 3 10 13
5 3 10 14
5 3 10 15
5 3 10 16
5 3 10 17
5 3 10 20
5 4 10 6
5 4 10 7
5 4 10 8
5 4 10 9
5 4 10 10
5 4 10 11
5 4 10 12
5 4 10 13
5 4 10 14
5 4 10 15
5 4 10 16
5 4 10 17
5 4 10 20
5 6 10 20
5 7 10 20
5 8 10 20
5 9 10 20
5 10 10 20
5 11 10 20
5 12 10 20
5 13 10 20
5 14 10 20
5 15 10 20
5 16 10 20
5 17 10 20
5 1 11 6
5 1 11 7
5 1 11 8
5 1 11 9
5 1 11 10
5 1 11 11
5 1 11 12
5 1 11 13
5 1 11 14
5 1 11 15
5 1 11 16
5 1 11 17
5 1 11 20
5 2 11 6
5 2 11 7
5 2 11 8
5 2 11 9
5 2 11 10
5 2 11 11
5 2 11 12
5 2 11 13
5 2 11 14
5 2 11 15
5 2 11 16
5 2 11 17
5 2 11 20
5 3 11 6
5 3 11 7
5 3 11 8
5 3 11 9
5 3 11 10
5 3 11 11
5 3 11 12
5 3 11 13
5 3 11 14
5 3 11 15
5 3 11 16
5 3 11 17
5 3 11 20
5 4 11 6
5 4 11 7
5 4 11 8
5 4 11 9
5 4 11 10
5 4 11 11
5 4 11 12
5 4 11 13
5 4 11 14
5 4 11 15
5 4 11 16
5 4 11 17
5 4 11 20
5 6 11 20
5 7 11 20
5 8 11 20
5 9 11 20
5 10 11 20
5 11 11 20
5 12 11 20
5 13 11 20
5 14 11 20
5 15 11 20
5 16 11 20
5 17 11 20
6 1 8 6
6 1 8 7
6 1 8 8
6 1 8 9
6 1 8 10
6 1 8 11
6 1 8 12
6 1 8 13
6 1 8 14
6 1 8 15
6 1 8 16
6 1 8 17
6 2 8 6
6 2 8 7
6 2 8 8
6 2 8 9
6 2 8 10
6 2 8 11
6 2 8 12
6 2 8 13
6 2 8 14
6 2 8 15
6 2 8 16
6 2 8 17
6 3 8 6
6 3 8 7
6 3 8 8
6 3 8 9
6 3 8 10
6 3 8 11
6 3 8 12
6 3 8 13
6 3 8 14
6 3 8 15
6 3 8 16
6 3 8 17
6 4 8 6
6 4 8 7
6 4 8 8
6 4 8 9
6 4 8 10
6 4 8 11
6 4 8 12
6 4 8 13
6 4 8 14
6 4 8 15
6 4 8 16
6 4 8 17
6 1 9 6
6 1 9 7
6 1 9 8
6 1 9 9
6 1 9 10
6 1 9 11
6 1 9 12
6 1 9 13
6 1 9 14
6 1 9 15
6 1 9 16
6 1 9 17
6 1 9 20
6 1 9 21
6 2 9 6
6 2 9 7
6 2 9 8
6 2 9 9
6 2 9 10
6 2 9 11
6 2 9 12
6 2 9 13
6 2 9 14
6 2 9 15
6 2 9 16
6 2 9 17
6 2 9 20
6 2 9 21
6 3 9 6
6 3 9 7
6 3 9 8
6 3 9 9
6 3 9 10
6 3 9 11
6 3 9 12
6 3 9 13
6 3 9 14
6 3 9 15
6 3 9 16
6 3 9 17
6 3 9 20
6 3 9 21
6 4 9 6
6 4 9 7
6 4 9 8
6 4 9 9
6 4 9 10
6 4 9 11
6 4 9 12
6 4 9 13
6 4 9 14
6 4 9 15
6 4 9 16
6 4 9 17
6 4 9 20
6 4 9 21
6 6 9 20
6 6 9 21
6 7 9 20
6 7 9 21
6 8 9 20
6 8 9 21
6 9 9 20
6 9 9 21
6 10 9 20
6 10 9 21
6 11 9 20
6 11 9 21
6 12 9 20
6 12 9 21
6 13 9 20
6 13 9 21
6 14 9 20
6 14 9 21
6 15 9 20
6 15 9 21
6 16 9 20
6 16 9 21
6 17 9 20
6 17 9 21
6 1 10 6
6 1 10 7
6 1 10 8
6 1 10 9
6 1 10 10
6 1 10 11
6 1 10 12
6 1 10 13
6 1 10 14
6 1 10 15
6 1 10 16
6 1 10 17
6 1 10 20
6 1 10 21
6 2 10 6
6 2 10 7
6 2 10 8
6 2 10 9
6 2 10 10
6 2 10 11
6 2 10 12
6 2 10 13
6 2 10 14
6 2 10 15
6 2 10 16
6 2 10 17
6 2 10 20
6 2 10 21
6 3 10 6
6 3 10 7
6 3 10 8
6 3 10 9
6 3 10 10
6 3 10 11
6 3 10 12
6 3 10 13
6 3 10 14
6 3 10 15
6 3 10 16
6 3 10 17
6 3 10 20
6 3 10 21
6 4 10 6
6 4 10 7
6 4 10 8
6 4 10 9
6 4 10 10
6 4 10 11
6 4 10 12
6 4 10 13
6 4 10 14
6 4 10 15
6 4 10 16
6 4 10 17
6 4 10 20
6 4 10 21
6 6 10 20
6 6 10 21
6 7 10 20
6 7 10 21
6 8 10 20
6 8 10 21
6 9 10 20
6 9 10 21
6 10 10 20
6 10 10 21
6 11 10 20
6 11 10 21
6 12 10 20
6 12 10 21
6 13 10 20
6 13 10 21
6 14 10 20
6 14 10 21
6 15 10 20
6 15 10 21
6 16 10 20
6 16 10 21
6 17 10 20
6 17 10 21
6 1 11 6
6 1 11 7
6 1 11 8
6 1 11 9
6 1 11 10
6 1 11 11
6 1 11 12
6 1 11 13
6 1 11 14
6 1 11 15
6 1 11 16
6 1 11 17
6 1 11 20
6 1 11 21
6 2 11 6
6 2 11 7
6 2 11 8
6 2 11 9
6 2 11 10
6 2 11 11
6 2 11 12
6 2 11 13
6 2 11 14
6 2 11 15
6 2 11 16
6 2 11 17
6 2 11 20
6 2 11 21
6 3 11 6
6 3 11 7
6 3 11 8
6 3 11 9
6 3 11 10
6 3 11 11
6 3 11 12
6 3 11 13
6 3 11 14
6 3 11 15
6 3 11 16
6 3 11 17
6 3 11 20
6 3 11 21
6 4 11 6
6 4 11 7
6 4 11 8
6 4 11 9
6 4 11 10
6 4 11 11
6 4 11 12
6 4 11 13
6 4 11 14
6 4 11 15
6 4 11 16
6 4 11 17
6 4 11 20
6 4 11 21
6 6 11 20
6 6 11 21
6 7 11 20
6 7 11 21
6 8 11 20
6 8 11 21
6 9 11 20
6 9 11 21
6 10 11 20
6 10 11 21
6 11 11 20
6 11 11 21
6 12 11 20
6 12 11 21
6 13 11 20
6 13 11 21
6 14 11 20
6 14 11 21
6 15 11 20
6 15 11 21
6 16 11 20
6 16 11 21
6 17 11 20
6 17 11 21
7 6 9 20
7 6 9 21
7 7 9 20
7 7 9 21
7 8 9 20
7 8 9 21
7 9 9 20
7 9 9 21
7 10 9 20
7 10 9 21
7 11 9 20
7 11 9 21
7 12 9 20
7 12 9 21
7 13 9 20
7 13 9 21
7 14 9 20
7 14 9 21
7 15 9 20
7 15 9 21
7 16 9 20
7 16 9 21
7 17 9 20
7 17 9 21
7 6 10 20
7 6 10 21
7 7 10 20
7 7 10 21
7 8 10 20
7 8 10 21
7 9 10 20
7 9 10 21
7 10 10 20
7 10 10 21
7 11 10 20
7 11 10 21
7 12 10 20
7 12 10 21
7 13 10 20
7 13 10 21
7 14 10 20
7 14 10 21
7 15 10 20
7 15 10 21
7 16 10 20
7 16 10 21
7 17 10 20
7 17 10 21
7 6 11 20
7 6 11 21
7 7 11 20
7 7 11 21
7 8 11 20
7 8 11 21
7 9 11 20
7 9 11 21
7 10 11 20
7 10 11 21
7 11 11 20
7 11 11 21
7 12 11 20
7 12 11 21
7 13 11 20
7 13 11 21
7 14 11 20
7 14 11 21
7 15 11 20
7 15 11 21
7 16 11 20
7 16 11 21
7 17 11 20
7 17 11 21
