22 24
000000000000000000000000
000000000000000000000000
000000000000000000000000
011111111110000001111111
111111111111000001000001
110000000011000001000001
110000000011000001000001
111111111111000001000001
100000000001000001000001
111111111111000001000001
000000000000000001000001
000000000000000001111111
000000000000000000000000
000000000000000000000000
000000000000000000000000
000000000000000000000000
000000000000000000000000
000000000000000000000000
000000000000000000000000
000000000000000000000000
000000000000000000000000
000000000000000000000000
8
4 2 8 11
4 18 12 24
5 1 8 11
5 1 8 12
5 2 8 11
5 2 8 12
5 1 10 12
8 1 10 12
