16 21
000000000000000000000
111111111111111111110
111111111111111110010
111010100000110010010
111110100011111111110
011111111111111111110
011001100010110110100
011111111111111111100
011111111111111110100
010001100010111110100
111111111111111111100
110000100010010111100
110000100010010111100
110000100010010111000
110000100011111111000
111111111111111111000
467
2 1 5 5
2 2 5 5
2 3 5 5
2 13 5 17
2 13 5 20
2 14 5 17
2 14 5 20
2 17 5 20
2 2 6 5
2 2 6 7
2 2 6 13
2 2 6 14
2 2 6 17
2 2 6 20
2 3 6 5
2 3 6 7
2 3 6 13
2 3 6 14
2 3 6 17
2 3 6 20
2 5 6 7
2 5 6 13
2 5 6 14
2 5 6 17
2 5 6 20
2 7 6 13
2 7 6 14
2 7 6 17
2 7 6 20
2 13 6 17
2 13 6 20
2 14 6 17
2 14 6 20
2 17 6 20
2 2 8 7
2 2 8 13
2 2 8 14
2 2 8 17
2 3 8 7
2 3 8 13
2 3 8 14
2 3 8 17
2 7 8 13
2 7 8 14
2 7 8 17
2 13 8 17
2 14 8 17
2 2 9 7
2 2 9 13
2 2 9 14
2 2 9 17
2 3 9 7
2 3 9 13
2 3 9 14
2 3 9 17
2 7 9 13
2 7 9 14
2 7 9 17
2 13 9 17
2 14 9 17
2 13 10 17
2 14 10 17
2 2 11 7
2 2 11 13
2 2 11 14
2 2 11 17
2 7 11 13
2 7 11 14
2 7 11 17
2 13 11 17
2 14 11 17
2 14 15 17
2 2 16 7
2 2 16 14
2 2 16 17
2 7 16 14
2 7 16 17
2 14 16 17
3 1 5 5
3 2 5 5
3 3 5 5
3 13 5 17
3 14 5 17
3 2 6 5
3 2 6 7
3 2 6 13
3 2 6 14
3 2 6 17
3 3 6 5
3 3 6 7
3 3 6 13
3 3 6 14
3 3 6 17
3 5 6 7
3 5 6 13
3 5 6 14
3 5 6 17
3 7 6 13
3 7 6 14
3 7 6 17
3 13 6 17
3 14 6 17
3 2 8 7
3 2 8 13
3 2 8 14
3 2 8 17
3 3 8 7
3 3 8 13
3 3 8 14
3 3 8 17
3 7 8 13
3 7 8 14
3 7 8 17
3 13 8 17
3 14 8 17
3 2 9 7
3 2 9 13
3 2 9 14
3 2 9 17
3 3 9 7
3 3 9 13
3 3 9 14
3 3 9 17
3 7 9 13
3 7 9 14
3 7 9 17
3 13 9 17
3 14 9 17
3 13 10 17
3 14 10 17
3 2 11 7
3 2 11 13
3 2 11 14
3 2 11 17
3 7 11 13
3 7 11 14
3 7 11 17
3 13 11 17
3 14 11 17
3 14 15 17
3 2 16 7
3 2 16 14
3 2 16 17
3 7 16 14
3 7 16 17
3 14 16 17
5 11 8 13
5 11 8 14
5 11 8 16
5 11 8 17
5 11 8 19
5 13 8 16
5 13 8 17
5 13 8 19
5 14 8 16
5 14 8 17
5 14 8 19
5 16 8 19
5 17 8 19
5 11 9 13
5 11 9 14
5 11 9 16
5 11 9 17
5 13 9 16
5 13 9 17
5 14 9 16
5 14 9 17
5 13 10 16
5 13 10 17
5 14 10 16
5 14 10 17
5 11 11 13
5 11 11 14
5 11 11 16
5 11 11 17
5 11 11 19
5 13 11 16
5 13 11 17
5 13 11 19
5 14 11 16
5 14 11 17
5 14 11 19
5 16 11 19
5 17 11 19
5 16 12 19
5 17 12 19
5 16 13 19
5 17 13 19
5 11 15 14
5 11 15 16
5 11 15 17
5 14 15 16
5 14 15 17
5 11 16 14
5 11 16 16
5 11 16 17
5 14 16 16
5 14 16 17
6 2 8 6
6 2 8 7
6 2 8 11
6 2 8 13
6 2 8 14
6 2 8 16
6 2 8 17
6 2 8 19
6 3 8 6
6 3 8 7
6 3 8 11
6 3 8 13
6 3 8 14
6 3 8 16
6 3 8 17
6 3 8 19
6 6 8 11
6 6 8 13
6 6 8 14
6 6 8 16
6 6 8 17
6 6 8 19
6 7 8 11
6 7 8 13
6 7 8 14
6 7 8 16
6 7 8 17
6 7 8 19
6 11 8 13
6 11 8 14
6 11 8 16
6 11 8 17
6 11 8 19
6 13 8 16
6 13 8 17
6 13 8 19
6 14 8 16
6 14 8 17
6 14 8 19
6 16 8 19
6 17 8 19
6 2 9 6
6 2 9 7
6 2 9 11
6 2 9 13
6 2 9 14
6 2 9 16
6 2 9 17
6 3 9 6
6 3 9 7
6 3 9 11
6 3 9 13
6 3 9 14
6 3 9 16
6 3 9 17
6 6 9 11
6 6 9 13
6 6 9 14
6 6 9 16
6 6 9 17
6 7 9 11
6 7 9 13
6 7 9 14
6 7 9 16
6 7 9 17
6 11 9 13
6 11 9 14
6 11 9 16
6 11 9 17
6 13 9 16
6 13 9 17
6 14 9 16
6 14 9 17
6 13 10 16
6 13 10 17
6 14 10 16
6 14 10 17
6 2 11 6
6 2 11 7
6 2 11 11
6 2 11 13
6 2 11 14
6 2 11 16
6 2 11 17
6 2 11 19
6 6 11 11
6 6 11 13
6 6 11 14
6 6 11 16
6 6 11 17
6 6 11 19
6 7 11 11
6 7 11 13
6 7 11 14
6 7 11 16
6 7 11 17
6 7 11 19
6 11 11 13
6 11 11 14
6 11 11 16
6 11 11 17
6 11 11 19
6 13 11 16
6 13 11 17
6 13 11 19
6 14 11 16
6 14 11 17
6 14 11 19
6 16 11 19
6 17 11 19
6 16 12 19
6 17 12 19
6 16 13 19
6 17 13 19
6 11 15 14
6 11 15 16
6 11 15 17
6 14 15 16
6 14 15 17
6 2 16 7
6 2 16 11
6 2 16 14
6 2 16 16
6 2 16 17
6 7 16 11
6 7 16 14
6 7 16 16
6 7 16 17
6 11 16 14
6 11 16 16
6 11 16 17
6 14 16 16
6 14 16 17
8 2 11 6
8 2 11 7
8 2 11 11
8 2 11 13
8 2 11 14
8 2 11 15
8 2 11 16
8 2 11 17
8 2 11 19
8 6 11 11
8 6 11 13
8 6 11 14
8 6 11 15
8 6 11 16
8 6 11 17
8 6 11 19
8 7 11 11
8 7 11 13
8 7 11 14
8 7 11 15
8 7 11 16
8 7 11 17
8 7 11 19
8 11 11 13
8 11 11 14
8 11 11 15
8 11 11 16
8 11 11 17
8 11 11 19
8 13 11 19
8 14 11 19
8 15 11 19
8 16 11 19
8 17 11 19
8 16 12 19
8 17 12 19
8 16 13 19
8 17 13 19
8 11 15 14
8 11 15 16
8 11 15 17
8 14 15 16
8 14 15 17
8 2 16 7
8 2 16 11
8 2 16 14
8 2 16 16
8 2 16 17
8 7 16 11
8 7 16 14
8 7 16 16
8 7 16 17
8 11 16 14
8 11 16 16
8 11 16 17
8 14 16 16
8 14 16 17
9 2 11 6
9 2 11 7
9 2 11 11
9 2 11 13
9 2 11 14
9 2 11 15
9 2 11 16
9 2 11 17
9 6 11 11
9 6 11 13
9 6 11 14
9 6 11 15
9 6 11 16
9 6 11 17
9 7 11 11
9 7 11 13
9 7 11 14
9 7 11 15
9 7 11 16
9 7 11 17
9 11 11 13
9 11 11 14
9 11 11 15
9 11 11 16
9 11 11 17
9 11 15 14
9 11 15 16
9 11 15 17
9 14 15 16
9 14 15 17
9 2 16 7
9 2 16 11
9 2 16 14
9 2 16 16
9 2 16 17
9 7 16 11
9 7 16 14
9 7 16 16
9 7 16 17
9 11 16 14
9 11 16 16
9 11 16 17
9 14 16 16
9 14 16 17
10 14 15 16
10 14 15 17
10 14 16 16
10 14 16 17
11 11 15 14
11 11 15 16
11 11 15 17
11 11 15 18
11 14 15 16
11 14 15 17
11 14 15 18
11 1 16 7
11 1 16 11
11 1 16 14
11 1 16 16
11 1 16 17
11 1 16 18
11 2 16 7
11 2 16 11
11 2 16 14
11 2 16 16
11 2 16 17
11 2 16 18
11 7 16 11
11 7 16 14
11 7 16 16
11 7 16 17
11 7 16 18
11 11 16 14
11 11 16 16
11 11 16 17
11 11 16 18
11 14 16 16
11 14 16 17
11 14 16 18
