10 24
111111111111111111110000
100011111111111111111100
100010000000001001010100
100010000000001001010100
111111111111111111010100
011111111111111111111100
010010000000101000010000
010010000000101111110000
010010000000111111110000
011110000000000000000000
36
1 1 5 5
1 1 5 15
1 1 5 18
1 5 5 15
1 5 5 18
1 15 5 18
1 5 6 15
1 5 6 18
1 5 6 20
1 15 6 18
1 15 6 20
1 18 6 20
1 15 8 20
1 15 9 20
2 5 5 15
2 5 5 18
2 15 5 18
2 5 6 15
2 5 6 18
2 5 6 20
2 5 6 22
2 15 6 18
2 15 6 20
2 15 6 22
2 18 6 20
2 18 6 22
2 20 6 22
2 15 8 20
2 15 9 20
5 13 9 15
5 2 10 5
6 15 8 20
6 13 9 15
6 13 9 20
6 15 9 20
6 2 10 5
