12 15
001111111100000
001011111111111
001111111111101
000110011111101
111111111111111
101100010100100
101111111111100
111000010100100
000000010100100
000000010100100
000000010111100
000000011111100
78
1 3 3 5
1 3 3 6
1 3 3 7
1 3 3 8
1 3 3 9
1 3 3 10
1 5 5 8
1 5 5 9
1 5 5 10
1 8 7 10
1 8 12 10
2 5 5 8
2 5 5 9
2 5 5 10
2 5 5 11
2 5 5 12
2 5 5 13
2 5 5 15
2 8 5 15
2 9 5 15
2 10 5 15
2 11 5 15
2 12 5 15
2 13 5 15
2 8 7 10
2 8 7 13
2 10 7 13
2 10 11 13
2 8 12 10
2 8 12 13
2 10 12 13
3 4 5 8
3 4 5 9
3 4 5 10
3 4 5 11
3 4 5 12
3 4 5 13
3 5 5 8
3 5 5 9
3 5 5 10
3 5 5 11
3 5 5 12
3 5 5 13
3 4 7 8
3 4 7 10
3 4 7 13
3 8 7 10
3 8 7 13
3 10 7 13
3 10 11 13
3 8 12 10
3 8 12 13
3 10 12 13
4 8 7 10
4 8 7 13
4 10 7 13
4 10 11 13
4 8 12 10
4 8 12 13
4 10 12 13
5 3 7 8
5 3 7 10
5 3 7 13
5 4 7 8
5 4 7 10
5 4 7 13
5 8 7 10
5 8 7 13
5 10 7 13
5 1 8 3
5 10 11 13
5 8 12 10
5 8 12 13
5 10 12 13
7 10 11 13
7 8 12 10
7 8 12 13
7 10 12 13
