23 14
00000000000000
11110000000000
10010000000000
10010000000000
10010000000000
10010000000000
10010000000000
11111111000000
10011111111111
10011011000001
10011011000001
10011011000001
10011011000001
11111011000001
10001011000001
10001011000001
10001011000001
10001011000001
11111111000001
00001001000001
00001111111111
00001111000000
00000000000000
20
2 1 8 4
2 1 14 4
8 1 14 4
8 1 14 5
8 1 19 5
8 1 19 7
8 1 19 8
8 5 19 7
8 5 19 8
8 5 21 8
8 5 22 8
9 5 19 7
9 5 19 8
9 5 21 8
9 5 21 14
9 8 21 14
9 5 22 8
14 1 19 5
19 5 21 8
19 5 22 8
