18 17
00000001111111111
00000001000010011
01111111100011111
01000001100010011
01000001100011111
01000001111111111
01000000100010001
01000011100010001
01000010100010001
01000010100010001
01111111100011111
00000010100000000
00000010100000000
00000010100000000
00000010100000000
00000011100000000
00000000000000000
00000000000000000
21
1 13 3 16
1 13 3 17
1 13 5 16
1 13 5 17
1 8 6 13
1 8 6 16
1 8 6 17
1 13 6 16
1 13 6 17
1 13 11 17
3 13 5 16
3 13 5 17
3 13 6 16
3 13 6 17
3 2 11 9
3 13 11 17
5 13 11 17
6 13 11 17
8 7 11 9
8 7 16 9
11 7 16 9
