12 11
00000000000
01111111111
01010111111
01010110111
01111111111
01000111111
01111111111
00000100110
00000111110
00011111110
00010110010
00011111110
90
2 2 5 4
2 2 5 6
2 2 5 7
2 2 5 9
2 2 5 10
2 2 5 11
2 4 5 6
2 4 5 7
2 4 5 9
2 4 5 10
2 4 5 11
2 6 5 9
2 6 5 10
2 6 5 11
2 7 5 9
2 7 5 10
2 7 5 11
2 6 6 9
2 6 6 10
2 6 6 11
2 7 6 9
2 7 6 10
2 7 6 11
2 2 7 6
2 2 7 7
2 2 7 9
2 2 7 10
2 2 7 11
2 6 7 9
2 6 7 10
2 6 7 11
2 7 7 9
2 7 7 10
2 7 7 11
2 6 9 9
2 6 9 10
2 6 10 9
2 6 10 10
2 6 12 10
3 6 5 9
3 6 5 10
3 6 5 11
3 7 5 9
3 7 5 10
3 7 5 11
3 6 6 9
3 6 6 10
3 6 6 11
3 7 6 9
3 7 6 10
3 7 6 11
3 6 7 9
3 6 7 10
3 6 7 11
3 7 7 9
3 7 7 10
3 7 7 11
3 6 9 9
3 6 9 10
3 6 10 9
3 6 10 10
3 6 12 10
5 2 7 6
5 2 7 7
5 2 7 8
5 2 7 9
5 2 7 10
5 2 7 11
5 6 9 9
5 6 9 10
5 6 10 9
5 6 10 10
5 6 12 10
6 6 9 9
6 6 9 10
6 6 10 9
6 6 10 10
6 6 12 10
7 6 9 9
7 6 9 10
7 6 10 9
7 6 10 10
7 6 12 10
9 6 12 10
9 7 12 10
10 4 12 6
10 4 12 7
10 4 12 10
10 6 12 10
10 7 12 10
