12 15
000000000000000
000001111111110
000011111100010
000111101100010
000111111111110
000101101100110
111111111111110
100111111111110
100011111111110
111111111110010
000010001010010
000011111111110
144
2 6 5 9
2 6 5 10
2 6 5 14
2 7 5 9
2 7 5 10
2 7 5 14
2 9 5 14
2 10 5 14
2 6 7 9
2 6 7 10
2 6 7 14
2 7 7 9
2 7 7 10
2 7 7 14
2 9 7 14
2 10 7 14
2 6 8 9
2 6 8 10
2 6 8 14
2 7 8 9
2 7 8 10
2 7 8 14
2 9 8 14
2 10 8 14
2 6 9 9
2 6 9 10
2 6 9 14
2 7 9 9
2 7 9 10
2 7 9 14
2 9 9 14
2 10 9 14
2 6 10 9
2 6 10 10
2 7 10 9
2 7 10 10
2 9 12 14
3 5 5 9
3 5 5 10
3 6 5 9
3 6 5 10
3 7 5 9
3 7 5 10
3 6 7 9
3 6 7 10
3 7 7 9
3 7 7 10
3 6 8 9
3 6 8 10
3 7 8 9
3 7 8 10
3 6 9 9
3 6 9 10
3 7 9 9
3 7 9 10
3 6 10 9
3 6 10 10
3 7 10 9
3 7 10 10
4 4 7 6
4 4 7 7
4 4 8 6
4 4 8 7
5 4 7 6
5 4 7 7
5 4 7 9
5 4 7 10
5 4 7 13
5 4 7 14
5 6 7 9
5 6 7 10
5 6 7 13
5 6 7 14
5 7 7 9
5 7 7 10
5 7 7 13
5 7 7 14
5 9 7 13
5 9 7 14
5 10 7 13
5 10 7 14
5 4 8 6
5 4 8 7
5 4 8 9
5 4 8 10
5 4 8 13
5 4 8 14
5 6 8 9
5 6 8 10
5 6 8 13
5 6 8 14
5 7 8 9
5 7 8 10
5 7 8 13
5 7 8 14
5 9 8 13
5 9 8 14
5 10 8 13
5 10 8 14
5 6 9 9
5 6 9 10
5 6 9 13
5 6 9 14
5 7 9 9
5 7 9 10
5 7 9 13
5 7 9 14
5 9 9 13
5 9 9 14
5 10 9 13
5 10 9 14
5 6 10 9
5 6 10 10
5 7 10 9
5 7 10 10
5 9 12 14
7 1 10 5
7 1 10 6
7 1 10 7
7 1 10 8
7 1 10 9
7 1 10 10
7 1 10 11
7 5 12 9
7 5 12 11
7 5 12 14
7 9 12 11
7 9 12 14
7 11 12 14
8 5 12 9
8 5 12 11
8 5 12 14
8 9 12 11
8 9 12 14
8 11 12 14
9 5 12 9
9 5 12 11
9 5 12 14
9 9 12 11
9 9 12 14
9 11 12 14
10 5 12 9
10 5 12 11
10 9 12 11
