16 17
01111111111111110
11111111111100110
11101011111111110
11111111101100110
11111111111100110
11111111111100110
11111111111111111
11111111111111111
11111111111111111
11111111111101011
11111111111111011
11111110111111011
11001111111111111
11111111111111111
11111111111111111
11111000001111000
1497
1 7 3 15
1 7 3 16
1 8 3 15
1 8 3 16
1 9 3 15
1 9 3 16
1 10 3 15
1 10 3 16
1 11 3 15
1 11 3 16
1 12 3 15
1 12 3 16
1 2 4 5
1 2 4 7
1 2 4 8
1 2 4 9
1 3 4 5
1 3 4 7
1 3 4 8
1 3 4 9
1 5 4 7
1 5 4 8
1 5 4 9
1 2 5 5
1 2 5 7
1 2 5 8
1 2 5 9
1 2 5 11
1 2 5 12
1 3 5 5
1 3 5 7
1 3 5 8
1 3 5 9
1 3 5 11
1 3 5 12
1 5 5 7
1 5 5 8
1 5 5 9
1 5 5 11
1 5 5 12
1 7 5 11
1 7 5 12
1 8 5 11
1 8 5 12
1 9 5 11
1 9 5 12
1 2 6 5
1 2 6 7
1 2 6 8
1 2 6 9
1 2 6 11
1 2 6 12
1 3 6 5
1 3 6 7
1 3 6 8
1 3 6 9
1 3 6 11
1 3 6 12
1 5 6 7
1 5 6 8
1 5 6 9
1 5 6 11
1 5 6 12
1 7 6 11
1 7 6 12
1 8 6 11
1 8 6 12
1 9 6 11
1 9 6 12
1 2 7 5
1 2 7 7
1 2 7 8
1 2 7 9
1 2 7 11
1 2 7 12
1 2 7 15
1 2 7 16
1 3 7 5
1 3 7 7
1 3 7 8
1 3 7 9
1 3 7 11
1 3 7 12
1 3 7 15
1 3 7 16
1 5 7 7
1 5 7 8
1 5 7 9
1 5 7 11
1 5 7 12
1 5 7 15
1 5 7 16
1 7 7 11
1 7 7 12
1 7 7 15
1 7 7 16
1 8 7 11
1 8 7 12
1 8 7 15
1 8 7 16
1 9 7 11
1 9 7 12
1 9 7 15
1 9 7 16
1 11 7 15
1 11 7 16
1 12 7 15
1 12 7 16
1 2 8 5
1 2 8 7
1 2 8 8
1 2 8 9
1 2 8 11
1 2 8 12
1 2 8 15
1 2 8 16
1 3 8 5
1 3 8 7
1 3 8 8
1 3 8 9
1 3 8 11
1 3 8 12
1 3 8 15
1 3 8 16
1 5 8 7
1 5 8 8
1 5 8 9
1 5 8 11
1 5 8 12
1 5 8 15
1 5 8 16
1 7 8 11
1 7 8 12
1 7 8 15
1 7 8 16
1 8 8 11
1 8 8 12
1 8 8 15
1 8 8 16
1 9 8 11
1 9 8 12
1 9 8 15
1 9 8 16
1 11 8 15
1 11 8 16
1 12 8 15
1 12 8 16
1 2 9 5
1 2 9 7
1 2 9 8
1 2 9 9
1 2 9 11
1 2 9 12
1 2 9 15
1 2 9 16
1 3 9 5
1 3 9 7
1 3 9 8
1 3 9 9
1 3 9 11
1 3 9 12
1 3 9 15
1 3 9 16
1 5 9 7
1 5 9 8
1 5 9 9
1 5 9 11
1 5 9 12
1 5 9 15
1 5 9 16
1 7 9 11
1 7 9 12
1 7 9 15
1 7 9 16
1 8 9 11
1 8 9 12
1 8 9 15
1 8 9 16
1 9 9 11
1 9 9 12
1 9 9 15
1 9 9 16
1 11 9 15
1 11 9 16
1 12 9 15
1 12 9 16
1 2 10 5
1 2 10 7
1 2 10 8
1 2 10 9
1 2 10 11
1 2 10 12
1 3 10 5
1 3 10 7
1 3 10 8
1 3 10 9
1 3 10 11
1 3 10 12
1 5 10 7
1 5 10 8
1 5 10 9
1 5 10 11
1 5 10 12
1 7 10 11
1 7 10 12
1 8 10 11
1 8 10 12
1 9 10 11
1 9 10 12
1 2 11 5
1 2 11 7
1 2 11 8
1 2 11 9
1 2 11 11
1 2 11 12
1 3 11 5
1 3 11 7
1 3 11 8
1 3 11 9
1 3 11 11
1 3 11 12
1 5 11 7
1 5 11 8
1 5 11 9
1 5 11 11
1 5 11 12
1 7 11 11
1 7 11 12
1 8 11 11
1 8 11 12
1 9 11 11
1 9 11 12
1 2 12 5
1 2 12 7
1 3 12 5
1 3 12 7
1 5 12 7
1 9 12 11
1 9 12 12
1 5 13 7
1 5 13 9
1 5 13 11
1 5 13 12
1 5 13 16
1 7 13 9
1 7 13 11
1 7 13 12
1 7 13 16
1 9 13 11
1 9 13 12
1 9 13 16
1 11 13 16
1 12 13 16
1 2 14 5
1 2 14 7
1 2 14 9
1 2 14 11
1 2 14 12
1 2 14 16
1 5 14 7
1 5 14 9
1 5 14 11
1 5 14 12
1 5 14 16
1 7 14 9
1 7 14 11
1 7 14 12
1 7 14 16
1 9 14 11
1 9 14 12
1 9 14 16
1 11 14 16
1 12 14 16
1 2 15 5
1 2 15 7
1 2 15 9
1 2 15 11
1 2 15 12
1 2 15 16
1 5 15 7
1 5 15 9
1 5 15 11
1 5 15 12
1 5 15 16
1 7 15 9
1 7 15 11
1 7 15 12
1 7 15 16
1 9 15 11
1 9 15 12
1 9 15 16
1 11 15 16
1 12 15 16
1 2 16 5
2 1 4 5
2 1 4 7
2 1 4 8
2 1 4 9
2 2 4 5
2 2 4 7
2 2 4 8
2 2 4 9
2 3 4 5
2 3 4 7
2 3 4 8
2 3 4 9
2 5 4 7
2 5 4 8
2 5 4 9
2 1 5 5
2 1 5 7
2 1 5 8
2 1 5 9
2 1 5 11
2 1 5 12
2 2 5 5
2 2 5 7
2 2 5 8
2 2 5 9
2 2 5 11
2 2 5 12
2 3 5 5
2 3 5 7
2 3 5 8
2 3 5 9
2 3 5 11
2 3 5 12
2 5 5 7
2 5 5 8
2 5 5 9
2 5 5 11
2 5 5 12
2 7 5 11
2 7 5 12
2 8 5 11
2 8 5 12
2 9 5 11
2 9 5 12
2 1 6 5
2 1 6 7
2 1 6 8
2 1 6 9
2 1 6 11
2 1 6 12
2 2 6 5
2 2 6 7
2 2 6 8
2 2 6 9
2 2 6 11
2 2 6 12
2 3 6 5
2 3 6 7
2 3 6 8
2 3 6 9
2 3 6 11
2 3 6 12
2 5 6 7
2 5 6 8
2 5 6 9
2 5 6 11
2 5 6 12
2 7 6 11
2 7 6 12
2 8 6 11
2 8 6 12
2 9 6 11
2 9 6 12
2 1 7 5
2 1 7 7
2 1 7 8
2 1 7 9
2 1 7 11
2 1 7 12
2 2 7 5
2 2 7 7
2 2 7 8
2 2 7 9
2 2 7 11
2 2 7 12
2 3 7 5
2 3 7 7
2 3 7 8
2 3 7 9
2 3 7 11
2 3 7 12
2 5 7 7
2 5 7 8
2 5 7 9
2 5 7 11
2 5 7 12
2 7 7 11
2 7 7 12
2 8 7 11
2 8 7 12
2 9 7 11
2 9 7 12
2 1 8 5
2 1 8 7
2 1 8 8
2 1 8 9
2 1 8 11
2 1 8 12
2 2 8 5
2 2 8 7
2 2 8 8
2 2 8 9
2 2 8 11
2 2 8 12
2 3 8 5
2 3 8 7
2 3 8 8
2 3 8 9
2 3 8 11
2 3 8 12
2 5 8 7
2 5 8 8
2 5 8 9
2 5 8 11
2 5 8 12
2 7 8 11
2 7 8 12
2 8 8 11
2 8 8 12
2 9 8 11
2 9 8 12
2 1 9 5
2 1 9 7
2 1 9 8
2 1 9 9
2 1 9 11
2 1 9 12
2 2 9 5
2 2 9 7
2 2 9 8
2 2 9 9
2 2 9 11
2 2 9 12
2 3 9 5
2 3 9 7
2 3 9 8
2 3 9 9
2 3 9 11
2 3 9 12
2 5 9 7
2 5 9 8
2 5 9 9
2 5 9 11
2 5 9 12
2 7 9 11
2 7 9 12
2 8 9 11
2 8 9 12
2 9 9 11
2 9 9 12
2 1 10 5
2 1 10 7
2 1 10 8
2 1 10 9
2 1 10 11
2 1 10 12
2 2 10 5
2 2 10 7
2 2 10 8
2 2 10 9
2 2 10 11
2 2 10 12
2 3 10 5
2 3 10 7
2 3 10 8
2 3 10 9
2 3 10 11
2 3 10 12
2 5 10 7
2 5 10 8
2 5 10 9
2 5 10 11
2 5 10 12
2 7 10 11
2 7 10 12
2 8 10 11
2 8 10 12
2 9 10 11
2 9 10 12
2 1 11 5
2 1 11 7
2 1 11 8
2 1 11 9
2 1 11 11
2 1 11 12
2 2 11 5
2 2 11 7
2 2 11 8
2 2 11 9
2 2 11 11
2 2 11 12
2 3 11 5
2 3 11 7
2 3 11 8
2 3 11 9
2 3 11 11
2 3 11 12
2 5 11 7
2 5 11 8
2 5 11 9
2 5 11 11
2 5 11 12
2 7 11 11
2 7 11 12
2 8 11 11
2 8 11 12
2 9 11 11
2 9 11 12
2 1 12 5
2 1 12 7
2 2 12 5
2 2 12 7
2 3 12 5
2 3 12 7
2 5 12 7
2 9 12 11
2 9 12 12
2 5 13 7
2 5 13 9
2 5 13 11
2 5 13 12
2 7 13 9
2 7 13 11
2 7 13 12
2 9 13 11
2 9 13 12
2 1 14 5
2 1 14 7
2 1 14 9
2 1 14 11
2 1 14 12
2 2 14 5
2 2 14 7
2 2 14 9
2 2 14 11
2 2 14 12
2 5 14 7
2 5 14 9
2 5 14 11
2 5 14 12
2 7 14 9
2 7 14 11
2 7 14 12
2 9 14 11
2 9 14 12
2 1 15 5
2 1 15 7
2 1 15 9
2 1 15 11
2 1 15 12
2 2 15 5
2 2 15 7
2 2 15 9
2 2 15 11
2 2 15 12
2 5 15 7
2 5 15 9
2 5 15 11
2 5 15 12
2 7 15 9
2 7 15 11
2 7 15 12
2 9 15 11
2 9 15 12
2 1 16 5
2 2 16 5
3 7 5 11
3 7 5 12
3 8 5 11
3 8 5 12
3 9 5 11
3 9 5 12
3 7 6 11
3 7 6 12
3 8 6 11
3 8 6 12
3 9 6 11
3 9 6 12
3 7 7 11
3 7 7 12
3 7 7 15
3 7 7 16
3 8 7 11
3 8 7 12
3 8 7 15
3 8 7 16
3 9 7 11
3 9 7 12
3 9 7 15
3 9 7 16
3 11 7 15
3 11 7 16
3 12 7 15
3 12 7 16
3 7 8 11
3 7 8 12
3 7 8 15
3 7 8 16
3 8 8 11
3 8 8 12
3 8 8 15
3 8 8 16
3 9 8 11
3 9 8 12
3 9 8 15
3 9 8 16
3 11 8 15
3 11 8 16
3 12 8 15
3 12 8 16
3 7 9 11
3 7 9 12
3 7 9 15
3 7 9 16
3 8 9 11
3 8 9 12
3 8 9 15
3 8 9 16
3 9 9 11
3 9 9 12
3 9 9 15
3 9 9 16
3 11 9 15
3 11 9 16
3 12 9 15
3 12 9 16
3 7 10 11
3 7 10 12
3 8 10 11
3 8 10 12
3 9 10 11
3 9 10 12
3 7 11 11
3 7 11 12
3 8 11 11
3 8 11 12
3 9 11 11
3 9 11 12
3 9 12 11
3 9 12 12
3 7 13 9
3 7 13 11
3 7 13 12
3 7 13 16
3 9 13 11
3 9 13 12
3 9 13 16
3 11 13 16
3 12 13 16
3 7 14 9
3 7 14 11
3 7 14 12
3 7 14 16
3 9 14 11
3 9 14 12
3 9 14 16
3 11 14 16
3 12 14 16
3 7 15 9
3 7 15 11
3 7 15 12
3 7 15 16
3 9 15 11
3 9 15 12
3 9 15 16
3 11 15 16
3 12 15 16
4 5 13 9
4 6 13 9
4 7 13 9
4 1 14 5
4 1 14 6
4 1 14 7
4 1 14 9
4 2 14 5
4 2 14 6
4 2 14 7
4 2 14 9
4 5 14 9
4 6 14 9
4 7 14 9
4 1 15 5
4 1 15 6
4 1 15 7
4 1 15 9
4 2 15 5
4 2 15 6
4 2 15 7
4 2 15 9
4 5 15 9
4 6 15 9
4 7 15 9
4 1 16 5
4 2 16 5
5 5 13 9
5 5 13 10
5 5 13 11
5 5 13 12
5 6 13 9
5 6 13 10
5 6 13 11
5 6 13 12
5 7 13 9
5 7 13 10
5 7 13 11
5 7 13 12
5 1 14 5
5 1 14 6
5 1 14 7
5 1 14 9
5 1 14 10
5 1 14 11
5 1 14 12
5 2 14 5
5 2 14 6
5 2 14 7
5 2 14 9
5 2 14 10
5 2 14 11
5 2 14 12
5 5 14 9
5 5 14 10
5 5 14 11
5 5 14 12
5 6 14 9
5 6 14 10
5 6 14 11
5 6 14 12
5 7 14 9
5 7 14 10
5 7 14 11
5 7 14 12
5 1 15 5
5 1 15 6
5 1 15 7
5 1 15 9
5 1 15 10
5 1 15 11
5 1 15 12
5 2 15 5
5 2 15 6
5 2 15 7
5 2 15 9
5 2 15 10
5 2 15 11
5 2 15 12
5 5 15 9
5 5 15 10
5 5 15 11
5 5 15 12
5 6 15 9
5 6 15 10
5 6 15 11
5 6 15 12
5 7 15 9
5 7 15 10
5 7 15 11
5 7 15 12
5 1 16 5
5 2 16 5
6 5 13 9
6 5 13 10
6 5 13 11
6 5 13 12
6 6 13 9
6 6 13 10
6 6 13 11
6 6 13 12
6 7 13 9
6 7 13 10
6 7 13 11
6 7 13 12
6 1 14 5
6 1 14 6
6 1 14 7
6 1 14 9
6 1 14 10
6 1 14 11
6 1 14 12
6 2 14 5
6 2 14 6
6 2 14 7
6 2 14 9
6 2 14 10
6 2 14 11
6 2 14 12
6 5 14 9
6 5 14 10
6 5 14 11
6 5 14 12
6 6 14 9
6 6 14 10
6 6 14 11
6 6 14 12
6 7 14 9
6 7 14 10
6 7 14 11
6 7 14 12
6 1 15 5
6 1 15 6
6 1 15 7
6 1 15 9
6 1 15 10
6 1 15 11
6 1 15 12
6 2 15 5
6 2 15 6
6 2 15 7
6 2 15 9
6 2 15 10
6 2 15 11
6 2 15 12
6 5 15 9
6 5 15 10
6 5 15 11
6 5 15 12
6 6 15 9
6 6 15 10
6 6 15 11
6 6 15 12
6 7 15 9
6 7 15 10
6 7 15 11
6 7 15 12
6 1 16 5
6 2 16 5
7 1 11 14
7 2 11 14
7 3 11 14
7 4 11 14
7 5 11 14
7 6 11 14
7 7 11 14
7 8 11 14
7 9 11 14
7 10 11 14
7 11 11 14
7 12 11 14
7 9 12 14
7 10 12 14
7 11 12 14
7 12 12 14
7 5 13 9
7 5 13 10
7 5 13 11
7 5 13 12
7 5 13 14
7 5 13 16
7 5 13 17
7 6 13 9
7 6 13 10
7 6 13 11
7 6 13 12
7 6 13 14
7 6 13 16
7 6 13 17
7 7 13 9
7 7 13 10
7 7 13 11
7 7 13 12
7 7 13 14
7 7 13 16
7 7 13 17
7 9 13 14
7 9 13 16
7 9 13 17
7 10 13 14
7 10 13 16
7 10 13 17
7 11 13 14
7 11 13 16
7 11 13 17
7 12 13 14
7 12 13 16
7 12 13 17
7 14 13 16
7 14 13 17
7 1 14 5
7 1 14 6
7 1 14 7
7 1 14 9
7 1 14 10
7 1 14 11
7 1 14 12
7 1 14 14
7 1 14 16
7 1 14 17
7 2 14 5
7 2 14 6
7 2 14 7
7 2 14 9
7 2 14 10
7 2 14 11
7 2 14 12
7 2 14 14
7 2 14 16
7 2 14 17
7 5 14 9
7 5 14 10
7 5 14 11
7 5 14 12
7 5 14 14
7 5 14 16
7 5 14 17
7 6 14 9
7 6 14 10
7 6 14 11
7 6 14 12
7 6 14 14
7 6 14 16
7 6 14 17
7 7 14 9
7 7 14 10
7 7 14 11
7 7 14 12
7 7 14 14
7 7 14 16
7 7 14 17
7 9 14 14
7 9 14 16
7 9 14 17
7 10 14 14
7 10 14 16
7 10 14 17
7 11 14 14
7 11 14 16
7 11 14 17
7 12 14 14
7 12 14 16
7 12 14 17
7 14 14 16
7 14 14 17
7 1 15 5
7 1 15 6
7 1 15 7
7 1 15 9
7 1 15 10
7 1 15 11
7 1 15 12
7 1 15 14
7 1 15 16
7 1 15 17
7 2 15 5
7 2 15 6
7 2 15 7
7 2 15 9
7 2 15 10
7 2 15 11
7 2 15 12
7 2 15 14
7 2 15 16
7 2 15 17
7 5 15 9
7 5 15 10
7 5 15 11
7 5 15 12
7 5 15 14
7 5 15 16
7 5 15 17
7 6 15 9
7 6 15 10
7 6 15 11
7 6 15 12
7 6 15 14
7 6 15 16
7 6 15 17
7 7 15 9
7 7 15 10
7 7 15 11
7 7 15 12
7 7 15 14
7 7 15 16
7 7 15 17
7 9 15 14
7 9 15 16
7 9 15 17
7 10 15 14
7 10 15 16
7 10 15 17
7 11 15 14
7 11 15 16
7 11 15 17
7 12 15 14
7 12 15 16
7 12 15 17
7 14 15 16
7 14 15 17
7 1 16 5
7 2 16 5
7 11 16 14
7 12 16 14
8 1 11 14
8 2 11 14
8 3 11 14
8 4 11 14
8 5 11 14
8 6 11 14
8 7 11 14
8 8 11 14
8 9 11 14
8 10 11 14
8 11 11 14
8 12 11 14
8 9 12 14
8 10 12 14
8 11 12 14
8 12 12 14
8 5 13 9
8 5 13 10
8 5 13 11
8 5 13 12
8 5 13 14
8 5 13 16
8 5 13 17
8 6 13 9
8 6 13 10
8 6 13 11
8 6 13 12
8 6 13 14
8 6 13 16
8 6 13 17
8 7 13 9
8 7 13 10
8 7 13 11
8 7 13 12
8 7 13 14
8 7 13 16
8 7 13 17
8 9 13 14
8 9 13 16
8 9 13 17
8 10 13 14
8 10 13 16
8 10 13 17
8 11 13 14
8 11 13 16
8 11 13 17
8 12 13 14
8 12 13 16
8 12 13 17
8 14 13 16
8 14 13 17
8 1 14 5
8 1 14 6
8 1 14 7
8 1 14 9
8 1 14 10
8 1 14 11
8 1 14 12
8 1 14 14
8 1 14 16
8 1 14 17
8 2 14 5
8 2 14 6
8 2 14 7
8 2 14 9
8 2 14 10
8 2 14 11
8 2 14 12
8 2 14 14
8 2 14 16
8 2 14 17
8 5 14 9
8 5 14 10
8 5 14 11
8 5 14 12
8 5 14 14
8 5 14 16
8 5 14 17
8 6 14 9
8 6 14 10
8 6 14 11
8 6 14 12
8 6 14 14
8 6 14 16
8 6 14 17
8 7 14 9
8 7 14 10
8 7 14 11
8 7 14 12
8 7 14 14
8 7 14 16
8 7 14 17
8 9 14 14
8 9 14 16
8 9 14 17
8 10 14 14
8 10 14 16
8 10 14 17
8 11 14 14
8 11 14 16
8 11 14 17
8 12 14 14
8 12 14 16
8 12 14 17
8 14 14 16
8 14 14 17
8 1 15 5
8 1 15 6
8 1 15 7
8 1 15 9
8 1 15 10
8 1 15 11
8 1 15 12
8 1 15 14
8 1 15 16
8 1 15 17
8 2 15 5
8 2 15 6
8 2 15 7
8 2 15 9
8 2 15 10
8 2 15 11
8 2 15 12
8 2 15 14
8 2 15 16
8 2 15 17
8 5 15 9
8 5 15 10
8 5 15 11
8 5 15 12
8 5 15 14
8 5 15 16
8 5 15 17
8 6 15 9
8 6 15 10
8 6 15 11
8 6 15 12
8 6 15 14
8 6 15 16
8 6 15 17
8 7 15 9
8 7 15 10
8 7 15 11
8 7 15 12
8 7 15 14
8 7 15 16
8 7 15 17
8 9 15 14
8 9 15 16
8 9 15 17
8 10 15 14
8 10 15 16
8 10 15 17
8 11 15 14
8 11 15 16
8 11 15 17
8 12 15 14
8 12 15 16
8 12 15 17
8 14 15 16
8 14 15 17
8 1 16 5
8 2 16 5
8 11 16 14
8 12 16 14
9 1 11 14
9 2 11 14
9 3 11 14
9 4 11 14
9 5 11 14
9 6 11 14
9 7 11 14
9 8 11 14
9 9 11 14
9 10 11 14
9 11 11 14
9 12 11 14
9 9 12 14
9 10 12 14
9 11 12 14
9 12 12 14
9 5 13 9
9 5 13 10
9 5 13 11
9 5 13 12
9 5 13 14
9 5 13 16
9 5 13 17
9 6 13 9
9 6 13 10
9 6 13 11
9 6 13 12
9 6 13 14
9 6 13 16
9 6 13 17
9 7 13 9
9 7 13 10
9 7 13 11
9 7 13 12
9 7 13 14
9 7 13 16
9 7 13 17
9 9 13 14
9 9 13 16
9 9 13 17
9 10 13 14
9 10 13 16
9 10 13 17
9 11 13 14
9 11 13 16
9 11 13 17
9 12 13 14
9 12 13 16
9 12 13 17
9 14 13 16
9 14 13 17
9 1 14 5
9 1 14 6
9 1 14 7
9 1 14 9
9 1 14 10
9 1 14 11
9 1 14 12
9 1 14 14
9 1 14 16
9 1 14 17
9 2 14 5
9 2 14 6
9 2 14 7
9 2 14 9
9 2 14 10
9 2 14 11
9 2 14 12
9 2 14 14
9 2 14 16
9 2 14 17
9 5 14 9
9 5 14 10
9 5 14 11
9 5 14 12
9 5 14 14
9 5 14 16
9 5 14 17
9 6 14 9
9 6 14 10
9 6 14 11
9 6 14 12
9 6 14 14
9 6 14 16
9 6 14 17
9 7 14 9
9 7 14 10
9 7 14 11
9 7 14 12
9 7 14 14
9 7 14 16
9 7 14 17
9 9 14 14
9 9 14 16
9 9 14 17
9 10 14 14
9 10 14 16
9 10 14 17
9 11 14 14
9 11 14 16
9 11 14 17
9 12 14 14
9 12 14 16
9 12 14 17
9 14 14 16
9 14 14 17
9 1 15 5
9 1 15 6
9 1 15 7
9 1 15 9
9 1 15 10
9 1 15 11
9 1 15 12
9 1 15 14
9 1 15 16
9 1 15 17
9 2 15 5
9 2 15 6
9 2 15 7
9 2 15 9
9 2 15 10
9 2 15 11
9 2 15 12
9 2 15 14
9 2 15 16
9 2 15 17
9 5 15 9
9 5 15 10
9 5 15 11
9 5 15 12
9 5 15 14
9 5 15 16
9 5 15 17
9 6 15 9
9 6 15 10
9 6 15 11
9 6 15 12
9 6 15 14
9 6 15 16
9 6 15 17
9 7 15 9
9 7 15 10
9 7 15 11
9 7 15 12
9 7 15 14
9 7 15 16
9 7 15 17
9 9 15 14
9 9 15 16
9 9 15 17
9 10 15 14
9 10 15 16
9 10 15 17
9 11 15 14
9 11 15 16
9 11 15 17
9 12 15 14
9 12 15 16
9 12 15 17
9 14 15 16
9 14 15 17
9 1 16 5
9 2 16 5
9 11 16 14
9 12 16 14
10 5 13 9
10 5 13 10
10 5 13 11
10 5 13 12
10 6 13 9
10 6 13 10
10 6 13 11
10 6 13 12
10 7 13 9
10 7 13 10
10 7 13 11
10 7 13 12
10 1 14 5
10 1 14 6
10 1 14 7
10 1 14 9
10 1 14 10
10 1 14 11
10 1 14 12
10 2 14 5
10 2 14 6
10 2 14 7
10 2 14 9
10 2 14 10
10 2 14 11
10 2 14 12
10 5 14 9
10 5 14 10
10 5 14 11
10 5 14 12
10 6 14 9
10 6 14 10
10 6 14 11
10 6 14 12
10 7 14 9
10 7 14 10
10 7 14 11
10 7 14 12
10 1 15 5
10 1 15 6
10 1 15 7
10 1 15 9
10 1 15 10
10 1 15 11
10 1 15 12
10 2 15 5
10 2 15 6
10 2 15 7
10 2 15 9
10 2 15 10
10 2 15 11
10 2 15 12
10 5 15 9
10 5 15 10
10 5 15 11
10 5 15 12
10 6 15 9
10 6 15 10
10 6 15 11
10 6 15 12
10 7 15 9
10 7 15 10
10 7 15 11
10 7 15 12
10 1 16 5
10 2 16 5
11 5 13 9
11 5 13 10
11 5 13 11
11 5 13 12
11 5 13 13
11 5 13 14
11 6 13 9
11 6 13 10
11 6 13 11
11 6 13 12
11 6 13 13
11 6 13 14
11 7 13 9
11 7 13 10
11 7 13 11
11 7 13 12
11 7 13 13
11 7 13 14
11 1 14 5
11 1 14 6
11 1 14 7
11 1 14 9
11 1 14 10
11 1 14 11
11 1 14 12
11 1 14 13
11 1 14 14
11 2 14 5
11 2 14 6
11 2 14 7
11 2 14 9
11 2 14 10
11 2 14 11
11 2 14 12
11 2 14 13
11 2 14 14
11 5 14 9
11 5 14 10
11 5 14 11
11 5 14 12
11 5 14 13
11 5 14 14
11 6 14 9
11 6 14 10
11 6 14 11
11 6 14 12
11 6 14 13
11 6 14 14
11 7 14 9
11 7 14 10
11 7 14 11
11 7 14 12
11 7 14 13
11 7 14 14
11 1 15 5
11 1 15 6
11 1 15 7
11 1 15 9
11 1 15 10
11 1 15 11
11 1 15 12
11 1 15 13
11 1 15 14
11 2 15 5
11 2 15 6
11 2 15 7
11 2 15 9
11 2 15 10
11 2 15 11
11 2 15 12
11 2 15 13
11 2 15 14
11 5 15 9
11 5 15 10
11 5 15 11
11 5 15 12
11 5 15 13
11 5 15 14
11 6 15 9
11 6 15 10
11 6 15 11
11 6 15 12
11 6 15 13
11 6 15 14
11 7 15 9
11 7 15 10
11 7 15 11
11 7 15 12
11 7 15 13
11 7 15 14
11 1 16 5
11 2 16 5
12 1 14 5
12 1 14 6
12 1 14 7
12 2 14 5
12 2 14 6
12 2 14 7
12 1 15 5
12 1 15 6
12 1 15 7
12 2 15 5
12 2 15 6
12 2 15 7
12 1 16 5
12 2 16 5
