19 16
0000000000000000
0111111000000000
0100111111111100
0100111100100100
0111111100100100
0000110111111110
0000110110100110
1111111111111110
1000100110100110
1000100110100110
1000100110100110
1000100110100110
1111111111111110
0000100110100110
0000100111111110
0000100010100010
0000111111100010
0000000011111110
0000000000000000
110
2 2 5 5
2 2 5 6
2 2 5 7
3 8 6 11
3 8 6 14
3 11 6 14
3 5 8 8
3 5 8 11
3 5 8 14
3 6 8 8
3 6 8 11
3 6 8 14
3 8 8 11
3 8 8 14
3 11 8 14
3 5 13 8
3 5 13 11
3 5 13 14
3 8 13 11
3 8 13 14
3 11 13 14
3 8 15 11
3 8 15 14
3 11 15 14
3 5 17 11
4 5 8 8
4 6 8 8
4 5 13 8
5 5 8 8
5 6 8 8
5 5 13 8
6 8 8 11
6 8 8 14
6 8 8 15
6 9 8 11
6 9 8 14
6 9 8 15
6 11 8 14
6 11 8 15
6 8 13 11
6 8 13 14
6 8 13 15
6 9 13 11
6 9 13 14
6 9 13 15
6 11 13 14
6 11 13 15
6 8 15 11
6 8 15 14
6 8 15 15
6 9 15 11
6 9 15 14
6 9 15 15
6 11 15 14
6 11 15 15
6 9 17 11
6 9 18 11
6 9 18 15
6 11 18 15
8 1 13 5
8 1 13 8
8 1 13 9
8 1 13 11
8 1 13 14
8 1 13 15
8 5 13 8
8 5 13 9
8 5 13 11
8 5 13 14
8 5 13 15
8 8 13 11
8 8 13 14
8 8 13 15
8 9 13 11
8 9 13 14
8 9 13 15
8 11 13 14
8 11 13 15
8 8 15 11
8 8 15 14
8 8 15 15
8 9 15 11
8 9 15 14
8 9 15 15
8 11 15 14
8 11 15 15
8 5 17 9
8 5 17 11
8 9 17 11
8 9 18 11
8 9 18 15
8 11 18 15
13 8 15 11
13 8 15 14
13 8 15 15
13 9 15 11
13 9 15 14
13 9 15 15
13 11 15 14
13 11 15 15
13 5 17 9
13 5 17 11
13 9 17 11
13 9 18 11
13 9 18 15
13 11 18 15
15 9 17 11
15 9 18 11
15 9 18 15
15 11 18 15
