17 10
0000000000
1111111111
1110100101
1110111101
1110110101
1111111101
1110111101
1110111101
1111111111
1111111111
1110111101
1110111111
1111111111
1111111111
1000001000
1111111000
0000000000
217
2 5 4 8
2 1 6 5
2 1 6 8
2 2 6 5
2 2 6 8
2 3 6 5
2 3 6 8
2 5 6 8
2 5 7 8
2 5 8 8
2 1 9 5
2 1 9 8
2 1 9 10
2 2 9 5
2 2 9 8
2 2 9 10
2 3 9 5
2 3 9 8
2 3 9 10
2 5 9 8
2 5 9 10
2 8 9 10
2 1 10 5
2 1 10 8
2 1 10 10
2 2 10 5
2 2 10 8
2 2 10 10
2 3 10 5
2 3 10 8
2 3 10 10
2 5 10 8
2 5 10 10
2 8 10 10
2 5 11 8
2 5 12 8
2 5 12 10
2 8 12 10
2 1 13 5
2 1 13 8
2 1 13 10
2 2 13 5
2 2 13 8
2 2 13 10
2 3 13 5
2 3 13 8
2 3 13 10
2 5 13 8
2 5 13 10
2 8 13 10
2 1 14 5
2 1 14 8
2 1 14 10
2 2 14 5
2 2 14 8
2 2 14 10
2 3 14 5
2 3 14 8
2 3 14 10
2 5 14 8
2 5 14 10
2 8 14 10
4 5 6 8
4 6 6 8
4 5 7 8
4 6 7 8
4 5 8 8
4 6 8 8
4 5 9 8
4 6 9 8
4 5 10 8
4 6 10 8
4 5 11 8
4 6 11 8
4 5 12 8
4 6 12 8
4 5 13 8
4 6 13 8
4 5 14 8
4 6 14 8
6 1 9 5
6 1 9 6
6 1 9 7
6 1 9 8
6 2 9 5
6 2 9 6
6 2 9 7
6 2 9 8
6 3 9 5
6 3 9 6
6 3 9 7
6 3 9 8
6 1 10 5
6 1 10 6
6 1 10 7
6 1 10 8
6 2 10 5
6 2 10 6
6 2 10 7
6 2 10 8
6 3 10 5
6 3 10 6
6 3 10 7
6 3 10 8
6 1 13 5
6 1 13 6
6 1 13 7
6 1 13 8
6 2 13 5
6 2 13 6
6 2 13 7
6 2 13 8
6 3 13 5
6 3 13 6
6 3 13 7
6 3 13 8
6 1 14 5
6 1 14 6
6 1 14 7
6 1 14 8
6 2 14 5
6 2 14 6
6 2 14 7
6 2 14 8
6 3 14 5
6 3 14 6
6 3 14 7
6 3 14 8
6 1 16 7
9 5 12 10
9 6 12 10
9 7 12 10
9 8 12 10
9 1 13 5
9 1 13 6
9 1 13 7
9 1 13 8
9 1 13 10
9 2 13 5
9 2 13 6
9 2 13 7
9 2 13 8
9 2 13 10
9 3 13 5
9 3 13 6
9 3 13 7
9 3 13 8
9 3 13 10
9 5 13 10
9 6 13 10
9 7 13 10
9 8 13 10
9 1 14 5
9 1 14 6
9 1 14 7
9 1 14 8
9 1 14 10
9 2 14 5
9 2 14 6
9 2 14 7
9 2 14 8
9 2 14 10
9 3 14 5
9 3 14 6
9 3 14 7
9 3 14 8
9 3 14 10
9 5 14 10
9 6 14 10
9 7 14 10
9 8 14 10
9 1 16 7
10 5 12 10
10 6 12 10
10 7 12 10
10 8 12 10
10 1 13 5
10 1 13 6
10 1 13 7
10 1 13 8
10 1 13 10
10 2 13 5
10 2 13 6
10 2 13 7
10 2 13 8
10 2 13 10
10 3 13 5
10 3 13 6
10 3 13 7
10 3 13 8
10 3 13 10
10 5 13 10
10 6 13 10
10 7 13 10
10 8 13 10
10 1 14 5
10 1 14 6
10 1 14 7
10 1 14 8
10 1 14 10
10 2 14 5
10 2 14 6
10 2 14 7
10 2 14 8
10 2 14 10
10 3 14 5
10 3 14 6
10 3 14 7
10 3 14 8
10 3 14 10
10 5 14 10
10 6 14 10
10 7 14 10
10 8 14 10
10 1 16 7
13 1 16 7
14 1 16 7
