18 25
0000000000000000000000000
0000000000000000000000000
0000000000000000011110000
0000000000000000010010000
0000000000000000010010000
0111111111111111111111000
0100000000000000010011000
0100000000000000010011000
0100000000000000010011000
0111111111111111111111000
0000000000000000010010000
0000000000000000010010000
0000000000000000010010000
0000000000000000010010000
0000000000000000010010000
0000000000000000010010000
0000000000000000010010000
0000000000000000011110000
10
3 18 6 21
3 18 10 21
3 18 18 21
6 2 10 18
6 2 10 21
6 2 10 22
6 18 10 21
6 18 10 22
6 18 18 21
10 18 18 21
