11 24
000000000000000000000000
000111100000000000000000
000111111111111111111000
000101101101011101001000
000101111111111111111000
000101101101010100000000
000101101101010100000000
000111111111111111100000
000101100100011100100000
000111111111111111100000
000001111111111100000000
171
2 4 8 6
2 4 8 7
2 4 10 6
2 4 10 7
3 6 5 9
3 6 5 10
3 6 5 12
3 6 5 14
3 6 5 15
3 6 5 16
3 6 5 18
3 6 5 21
3 7 5 9
3 7 5 10
3 7 5 12
3 7 5 14
3 7 5 15
3 7 5 16
3 7 5 18
3 7 5 21
3 9 5 12
3 9 5 14
3 9 5 15
3 9 5 16
3 9 5 18
3 9 5 21
3 10 5 12
3 10 5 14
3 10 5 15
3 10 5 16
3 10 5 18
3 10 5 21
3 12 5 14
3 12 5 15
3 12 5 16
3 12 5 18
3 12 5 21
3 14 5 18
3 14 5 21
3 15 5 18
3 15 5 21
3 16 5 18
3 16 5 21
3 18 5 21
3 4 8 6
3 4 8 7
3 4 8 9
3 4 8 10
3 4 8 12
3 4 8 14
3 4 8 16
3 6 8 9
3 6 8 10
3 6 8 12
3 6 8 14
3 6 8 16
3 7 8 9
3 7 8 10
3 7 8 12
3 7 8 14
3 7 8 16
3 9 8 12
3 9 8 14
3 9 8 16
3 10 8 12
3 10 8 14
3 10 8 16
3 12 8 14
3 12 8 16
3 14 8 16
3 14 9 16
3 4 10 6
3 4 10 7
3 4 10 10
3 4 10 14
3 4 10 16
3 6 10 10
3 6 10 14
3 6 10 16
3 7 10 10
3 7 10 14
3 7 10 16
3 10 10 14
3 10 10 16
3 14 10 16
3 6 11 10
3 6 11 14
3 6 11 16
3 7 11 10
3 7 11 14
3 7 11 16
3 10 11 14
3 10 11 16
3 14 11 16
4 14 8 16
4 14 9 16
4 14 10 16
4 14 11 16
5 6 8 9
5 6 8 10
5 6 8 12
5 6 8 14
5 6 8 16
5 7 8 9
5 7 8 10
5 7 8 12
5 7 8 14
5 7 8 16
5 9 8 12
5 9 8 14
5 9 8 16
5 10 8 12
5 10 8 14
5 10 8 16
5 12 8 14
5 12 8 16
5 14 8 16
5 14 9 16
5 6 10 10
5 6 10 14
5 6 10 16
5 7 10 10
5 7 10 14
5 7 10 16
5 10 10 14
5 10 10 16
5 14 10 16
5 6 11 10
5 6 11 14
5 6 11 16
5 7 11 10
5 7 11 14
5 7 11 16
5 10 11 14
5 10 11 16
5 14 11 16
8 4 10 6
8 4 10 7
8 4 10 10
8 4 10 14
8 4 10 15
8 4 10 16
8 4 10 19
8 6 10 10
8 6 10 14
8 6 10 15
8 6 10 16
8 6 10 19
8 7 10 10
8 7 10 14
8 7 10 15
8 7 10 16
8 7 10 19
8 10 10 14
8 10 10 15
8 10 10 16
8 10 10 19
8 14 10 19
8 15 10 19
8 16 10 19
8 6 11 10
8 6 11 14
8 6 11 15
8 6 11 16
8 7 11 10
8 7 11 14
8 7 11 15
8 7 11 16
8 10 11 14
8 10 11 15
8 10 11 16
