12 21
000011111111111111000
000010000001111111000
000010000001111011000
000011111111111111000
000010111111111111111
000010100001001111101
000011111111111111111
000010111111111111101
000010000001000111111
000011111111111111111
000011111111111100000
000000000000000000000
180
1 5 4 12
1 5 4 13
1 5 4 14
1 5 4 15
1 5 4 17
1 5 4 18
1 12 4 17
1 12 4 18
1 13 4 17
1 13 4 18
1 14 4 17
1 14 4 18
1 15 4 17
1 15 4 18
1 12 5 17
1 12 5 18
1 13 5 17
1 13 5 18
1 14 5 17
1 14 5 18
1 15 5 17
1 15 5 18
1 15 6 17
1 15 6 18
1 5 7 12
1 5 7 15
1 5 7 17
1 5 7 18
1 12 7 15
1 12 7 17
1 12 7 18
1 15 7 17
1 15 7 18
1 12 8 15
1 12 8 17
1 12 8 18
1 15 8 17
1 15 8 18
1 5 10 12
1 5 10 17
1 5 10 18
1 12 10 17
1 12 10 18
1 5 11 12
2 12 4 17
2 12 4 18
2 13 4 17
2 13 4 18
2 14 4 17
2 14 4 18
2 15 4 17
2 15 4 18
2 12 5 17
2 12 5 18
2 13 5 17
2 13 5 18
2 14 5 17
2 14 5 18
2 15 5 17
2 15 5 18
2 15 6 17
2 15 6 18
2 12 7 15
2 12 7 17
2 12 7 18
2 15 7 17
2 15 7 18
2 12 8 15
2 12 8 17
2 12 8 18
2 15 8 17
2 15 8 18
2 12 10 17
2 12 10 18
3 12 7 15
3 12 8 15
4 5 7 7
4 5 7 12
4 5 7 15
4 5 7 16
4 5 7 17
4 5 7 18
4 7 7 12
4 7 7 15
4 7 7 16
4 7 7 17
4 7 7 18
4 12 7 15
4 12 7 16
4 12 7 17
4 12 7 18
4 7 8 12
4 7 8 15
4 7 8 16
4 7 8 17
4 7 8 18
4 12 8 15
4 12 8 16
4 12 8 17
4 12 8 18
4 5 10 12
4 5 10 16
4 5 10 17
4 5 10 18
4 12 10 16
4 12 10 17
4 12 10 18
4 5 11 12
4 5 11 16
4 12 11 16
5 7 7 12
5 7 7 15
5 7 7 16
5 7 7 17
5 7 7 18
5 7 7 19
5 7 7 21
5 12 7 15
5 12 7 16
5 12 7 17
5 12 7 18
5 12 7 19
5 12 7 21
5 15 7 21
5 16 7 21
5 17 7 21
5 18 7 21
5 19 7 21
5 7 8 12
5 7 8 15
5 7 8 16
5 7 8 17
5 7 8 18
5 7 8 19
5 12 8 15
5 12 8 16
5 12 8 17
5 12 8 18
5 12 8 19
5 16 9 21
5 17 9 21
5 18 9 21
5 19 9 21
5 12 10 16
5 12 10 17
5 12 10 18
5 12 10 19
5 12 10 21
5 16 10 21
5 17 10 21
5 18 10 21
5 19 10 21
5 12 11 16
7 16 9 21
7 17 9 21
7 18 9 21
7 19 9 21
7 5 10 12
7 5 10 16
7 5 10 17
7 5 10 18
7 5 10 19
7 5 10 21
7 12 10 16
7 12 10 17
7 12 10 18
7 12 10 19
7 12 10 21
7 16 10 21
7 17 10 21
7 18 10 21
7 19 10 21
7 5 11 12
7 5 11 16
7 12 11 16
8 12 10 16
8 12 10 17
8 12 10 18
8 12 10 19
8 12 11 16
