22 14
00000000000000
11111111111100
11111111111100
11010111110100
11010100010100
11010100010100
11010100010100
11010100010100
11010100010100
11011111111100
11000100010100
11000100010100
11000100010100
11000100010100
11000100010100
11000100010100
11000100010100
11000100010100
11001111111100
11001111111100
11111111110100
11111111111100
79
2 4 10 6
2 4 10 10
2 4 10 12
2 6 10 10
2 6 10 12
2 10 10 12
2 6 19 10
2 6 19 12
2 10 19 12
2 6 20 10
2 6 20 12
2 10 20 12
2 1 21 6
2 1 21 10
2 2 21 6
2 2 21 10
2 6 21 10
2 1 22 6
2 1 22 10
2 1 22 12
2 2 22 6
2 2 22 10
2 2 22 12
2 6 22 10
2 6 22 12
2 10 22 12
3 4 10 6
3 4 10 10
3 4 10 12
3 6 10 10
3 6 10 12
3 10 10 12
3 6 19 10
3 6 19 12
3 10 19 12
3 6 20 10
3 6 20 12
3 10 20 12
3 1 21 6
3 1 21 10
3 2 21 6
3 2 21 10
3 6 21 10
3 1 22 6
3 1 22 10
3 1 22 12
3 2 22 6
3 2 22 10
3 2 22 12
3 6 22 10
3 6 22 12
3 10 22 12
4 6 10 10
4 6 19 10
4 6 20 10
4 6 21 10
4 6 22 10
10 6 19 10
10 6 19 12
10 10 19 12
10 6 20 10
10 6 20 12
10 10 20 12
10 6 21 10
10 6 22 10
10 6 22 12
10 10 22 12
19 5 22 12
19 6 22 12
19 7 22 12
19 8 22 12
19 9 22 12
19 10 22 12
20 5 22 12
20 6 22 12
20 7 22 12
20 8 22 12
20 9 22 12
20 10 22 12
