21 21
000000000000000000000
000000000000000000000
000000111111111111000
000000100000000001000
000000100000000001000
000000100000000001000
000000100000000001000
000000100000000001000
000000100000000001000
000000100000000001000
000000111111111111000
000000000000011111000
000000000000010001000
000000000000010001000
000000000000011111000
000000000000000000000
000000000000000000000
000011111111111000000
000010110000001000000
000010110000001000000
000011111111111000000
8
3 7 11 18
11 14 15 18
12 14 15 18
18 5 21 7
18 5 21 8
18 5 21 15
18 7 21 15
18 8 21 15
