13 11
11111111111
11111111111
11111111111
11111111111
11111111111
11111111111
11111111111
11111111111
11111111111
11011111111
11111111111
11111111111
11111111111
432
1 1 11 4
1 1 11 5
1 1 11 6
1 1 11 7
1 1 11 8
1 1 11 9
1 1 11 10
1 1 11 11
1 2 11 4
1 2 11 5
1 2 11 6
1 2 11 7
1 2 11 8
1 2 11 9
1 2 11 10
1 2 11 11
1 1 12 4
1 1 12 5
1 1 12 6
1 1 12 7
1 1 12 8
1 1 12 9
1 1 12 10
1 1 12 11
1 2 12 4
1 2 12 5
1 2 12 6
1 2 12 7
1 2 12 8
1 2 12 9
1 2 12 10
1 2 12 11
1 1 13 4
1 1 13 5
1 1 13 6
1 1 13 7
1 1 13 8
1 1 13 9
1 1 13 10
1 1 13 11
1 2 13 4
1 2 13 5
1 2 13 6
1 2 13 7
1 2 13 8
1 2 13 9
1 2 13 10
1 2 13 11
2 1 11 4
2 1 11 5
2 1 11 6
2 1 11 7
2 1 11 8
2 1 11 9
2 1 11 10
2 1 11 11
2 2 11 4
2 2 11 5
2 2 11 6
2 2 11 7
2 2 11 8
2 2 11 9
2 2 11 10
2 2 11 11
2 1 12 4
2 1 12 5
2 1 12 6
2 1 12 7
2 1 12 8
2 1 12 9
2 1 12 10
2 1 12 11
2 2 12 4
2 2 12 5
2 2 12 6
2 2 12 7
2 2 12 8
2 2 12 9
2 2 12 10
2 2 12 11
2 1 13 4
2 1 13 5
2 1 13 6
2 1 13 7
2 1 13 8
2 1 13 9
2 1 13 10
2 1 13 11
2 2 13 4
2 2 13 5
2 2 13 6
2 2 13 7
2 2 13 8
2 2 13 9
2 2 13 10
2 2 13 11
3 1 11 4
3 1 11 5
3 1 11 6
3 1 11 7
3 1 11 8
3 1 11 9
3 1 11 10
3 1 11 11
3 2 11 4
3 2 11 5
3 2 11 6
3 2 11 7
3 2 11 8
3 2 11 9
3 2 11 10
3 2 11 11
3 1 12 4
3 1 12 5
3 1 12 6
3 1 12 7
3 1 12 8
3 1 12 9
3 1 12 10
3 1 12 11
3 2 12 4
3 2 12 5
3 2 12 6
3 2 12 7
3 2 12 8
3 2 12 9
3 2 12 10
3 2 12 11
3 1 13 4
3 1 13 5
3 1 13 6
3 1 13 7
3 1 13 8
3 1 13 9
3 1 13 10
3 1 13 11
3 2 13 4
3 2 13 5
3 2 13 6
3 2 13 7
3 2 13 8
3 2 13 9
3 2 13 10
3 2 13 11
4 1 11 4
4 1 11 5
4 1 11 6
4 1 11 7
4 1 11 8
4 1 11 9
4 1 11 10
4 1 11 11
4 2 11 4
4 2 11 5
4 2 11 6
4 2 11 7
4 2 11 8
4 2 11 9
4 2 11 10
4 2 11 11
4 1 12 4
4 1 12 5
4 1 12 6
4 1 12 7
4 1 12 8
4 1 12 9
4 1 12 10
4 1 12 11
4 2 12 4
4 2 12 5
4 2 12 6
4 2 12 7
4 2 12 8
4 2 12 9
4 2 12 10
4 2 12 11
4 1 13 4
4 1 13 5
4 1 13 6
4 1 13 7
4 1 13 8
4 1 13 9
4 1 13 10
4 1 13 11
4 2 13 4
4 2 13 5
4 2 13 6
4 2 13 7
4 2 13 8
4 2 13 9
4 2 13 10
4 2 13 11
5 1 11 4
5 1 11 5
5 1 11 6
5 1 11 7
5 1 11 8
5 1 11 9
5 1 11 10
5 1 11 11
5 2 11 4
5 2 11 5
5 2 11 6
5 2 11 7
5 2 11 8
5 2 11 9
5 2 11 10
5 2 11 11
5 1 12 4
5 1 12 5
5 1 12 6
5 1 12 7
5 1 12 8
5 1 12 9
5 1 12 10
5 1 12 11
5 2 12 4
5 2 12 5
5 2 12 6
5 2 12 7
5 2 12 8
5 2 12 9
5 2 12 10
5 2 12 11
5 1 13 4
5 1 13 5
5 1 13 6
5 1 13 7
5 1 13 8
5 1 13 9
5 1 13 10
5 1 13 11
5 2 13 4
5 2 13 5
5 2 13 6
5 2 13 7
5 2 13 8
5 2 13 9
5 2 13 10
5 2 13 11
6 1 11 4
6 1 11 5
6 1 11 6
6 1 11 7
6 1 11 8
6 1 11 9
6 1 11 10
6 1 11 11
6 2 11 4
6 2 11 5
6 2 11 6
6 2 11 7
6 2 11 8
6 2 11 9
6 2 11 10
6 2 11 11
6 1 12 4
6 1 12 5
6 1 12 6
6 1 12 7
6 1 12 8
6 1 12 9
6 1 12 10
6 1 12 11
6 2 12 4
6 2 12 5
6 2 12 6
6 2 12 7
6 2 12 8
6 2 12 9
6 2 12 10
6 2 12 11
6 1 13 4
6 1 13 5
6 1 13 6
6 1 13 7
6 1 13 8
6 1 13 9
6 1 13 10
6 1 13 11
6 2 13 4
6 2 13 5
6 2 13 6
6 2 13 7
6 2 13 8
6 2 13 9
6 2 13 10
6 2 13 11
7 1 11 4
7 1 11 5
7 1 11 6
7 1 11 7
7 1 11 8
7 1 11 9
7 1 11 10
7 1 11 11
7 2 11 4
7 2 11 5
7 2 11 6
7 2 11 7
7 2 11 8
7 2 11 9
7 2 11 10
7 2 11 11
7 1 12 4
7 1 12 5
7 1 12 6
7 1 12 7
7 1 12 8
7 1 12 9
7 1 12 10
7 1 12 11
7 2 12 4
7 2 12 5
7 2 12 6
7 2 12 7
7 2 12 8
7 2 12 9
7 2 12 10
7 2 12 11
7 1 13 4
7 1 13 5
7 1 13 6
7 1 13 7
7 1 13 8
7 1 13 9
7 1 13 10
7 1 13 11
7 2 13 4
7 2 13 5
7 2 13 6
7 2 13 7
7 2 13 8
7 2 13 9
7 2 13 10
7 2 13 11
8 1 11 4
8 1 11 5
8 1 11 6
8 1 11 7
8 1 11 8
8 1 11 9
8 1 11 10
8 1 11 11
8 2 11 4
8 2 11 5
8 2 11 6
8 2 11 7
8 2 11 8
8 2 11 9
8 2 11 10
8 2 11 11
8 1 12 4
8 1 12 5
8 1 12 6
8 1 12 7
8 1 12 8
8 1 12 9
8 1 12 10
8 1 12 11
8 2 12 4
8 2 12 5
8 2 12 6
8 2 12 7
8 2 12 8
8 2 12 9
8 2 12 10
8 2 12 11
8 1 13 4
8 1 13 5
8 1 13 6
8 1 13 7
8 1 13 8
8 1 13 9
8 1 13 10
8 1 13 11
8 2 13 4
8 2 13 5
8 2 13 6
8 2 13 7
8 2 13 8
8 2 13 9
8 2 13 10
8 2 13 11
9 1 11 4
9 1 11 5
9 1 11 6
9 1 11 7
9 1 11 8
9 1 11 9
9 1 11 10
9 1 11 11
9 2 11 4
9 2 11 5
9 2 11 6
9 2 11 7
9 2 11 8
9 2 11 9
9 2 11 10
9 2 11 11
9 1 12 4
9 1 12 5
9 1 12 6
9 1 12 7
9 1 12 8
9 1 12 9
9 1 12 10
9 1 12 11
9 2 12 4
9 2 12 5
9 2 12 6
9 2 12 7
9 2 12 8
9 2 12 9
9 2 12 10
9 2 12 11
9 1 13 4
9 1 13 5
9 1 13 6
9 1 13 7
9 1 13 8
9 1 13 9
9 1 13 10
9 1 13 11
9 2 13 4
9 2 13 5
9 2 13 6
9 2 13 7
9 2 13 8
9 2 13 9
9 2 13 10
9 2 13 11
