24 22
1111111111111111100000
1000000001000000100000
1000000001001111111000
1000000001001000101000
1000000001001000101000
1000000001111000101000
1000011111111111111000
1111111111101000100000
0001111111111111111000
0001000001101000101000
0001000001101000101000
0001000001101000101000
0001011111111111111000
0001010001111111111000
0001011111111111111000
0001000001111111101000
0001000000101000001000
0001000000101111111110
0001000000111100001010
0001000000111111111010
0001000000101100001010
0001111111111111111010
0000000000101111111110
0000000000111000000000
177
1 10 7 17
1 1 8 10
1 10 9 17
1 10 13 17
1 10 14 17
1 10 15 17
1 10 16 17
3 13 7 17
3 13 7 19
3 17 7 19
3 13 9 17
3 13 13 17
3 13 14 17
3 13 15 17
3 13 16 17
6 10 9 13
6 11 9 13
6 10 13 13
6 11 13 13
6 10 14 13
6 11 14 13
6 10 15 13
6 11 15 13
6 10 16 13
6 11 16 13
6 11 19 13
6 11 20 13
6 11 22 13
6 11 24 13
7 6 9 13
7 6 9 17
7 7 9 13
7 7 9 17
7 8 9 13
7 8 9 17
7 9 9 13
7 9 9 17
7 10 9 13
7 10 9 17
7 11 9 13
7 11 9 17
7 13 9 17
7 10 13 13
7 10 13 17
7 11 13 13
7 11 13 17
7 13 13 17
7 10 14 13
7 10 14 17
7 11 14 13
7 11 14 17
7 13 14 17
7 10 15 13
7 10 15 17
7 11 15 13
7 11 15 17
7 13 15 17
7 10 16 13
7 10 16 17
7 11 16 13
7 11 16 17
7 13 16 17
7 11 19 13
7 11 20 13
7 11 22 13
7 11 24 13
8 4 22 11
9 10 13 13
9 10 13 17
9 10 13 19
9 11 13 13
9 11 13 17
9 11 13 19
9 13 13 17
9 13 13 19
9 17 13 19
9 10 14 13
9 10 14 17
9 10 14 19
9 11 14 13
9 11 14 17
9 11 14 19
9 13 14 17
9 13 14 19
9 17 14 19
9 10 15 13
9 10 15 17
9 10 15 19
9 11 15 13
9 11 15 17
9 11 15 19
9 13 15 17
9 13 15 19
9 17 15 19
9 10 16 13
9 10 16 17
9 11 16 13
9 11 16 17
9 13 16 17
9 13 18 19
9 11 19 13
9 11 20 13
9 11 20 19
9 13 20 19
9 4 22 11
9 4 22 13
9 4 22 19
9 11 22 13
9 11 22 19
9 13 22 19
9 13 23 19
9 11 24 13
13 6 15 10
13 6 15 11
13 6 15 12
13 6 15 13
13 6 15 14
13 6 15 15
13 6 15 16
13 6 15 17
13 6 15 18
13 6 15 19
13 13 18 19
13 11 19 13
13 11 20 13
13 11 20 19
13 13 20 19
13 11 22 13
13 11 22 19
13 13 22 19
13 13 23 19
13 11 24 13
14 13 18 19
14 11 19 13
14 11 20 13
14 11 20 19
14 13 20 19
14 11 22 13
14 11 22 19
14 13 22 19
14 13 23 19
14 11 24 13
15 13 18 19
15 11 19 13
15 11 20 13
15 11 20 19
15 13 20 19
15 11 22 13
15 11 22 19
15 13 22 19
15 13 23 19
15 11 24 13
16 11 19 13
16 11 20 13
16 11 22 13
16 11 24 13
18 13 20 19
18 14 20 19
18 13 22 19
18 14 22 19
18 13 23 19
18 13 23 21
18 14 23 19
18 14 23 21
18 19 23 21
19 11 22 13
19 11 22 14
19 11 24 13
20 11 22 13
20 11 22 14
20 11 22 19
20 13 22 19
20 14 22 19
20 13 23 19
20 14 23 19
20 11 24 13
22 11 24 13
