13 24
111111111111111111111111
111111111111111111111111
111111111111111111111111
111111111111111111111111
111111111111111111111111
111111111111111111111111
111111111101111111111111
111111111111111111111111
111111111111111111111111
111111111111111111111111
111111111111111111111111
111111111111111111111111
111111111111111111111111
4680
1 1 8 12
1 1 8 13
1 1 8 14
1 1 8 15
1 1 8 16
1 1 8 17
1 1 8 18
1 1 8 19
1 1 8 20
1 1 8 21
1 1 8 22
1 1 8 23
1 1 8 24
1 2 8 12
1 2 8 13
1 2 8 14
1 2 8 15
1 2 8 16
1 2 8 17
1 2 8 18
1 2 8 19
1 2 8 20
1 2 8 21
1 2 8 22
1 2 8 23
1 2 8 24
1 3 8 12
1 3 8 13
1 3 8 14
1 3 8 15
1 3 8 16
1 3 8 17
1 3 8 18
1 3 8 19
1 3 8 20
1 3 8 21
1 3 8 22
1 3 8 23
1 3 8 24
1 4 8 12
1 4 8 13
1 4 8 14
1 4 8 15
1 4 8 16
1 4 8 17
1 4 8 18
1 4 8 19
1 4 8 20
1 4 8 21
1 4 8 22
1 4 8 23
1 4 8 24
1 5 8 12
1 5 8 13
1 5 8 14
1 5 8 15
1 5 8 16
1 5 8 17
1 5 8 18
1 5 8 19
1 5 8 20
1 5 8 21
1 5 8 22
1 5 8 23
1 5 8 24
1 6 8 12
1 6 8 13
1 6 8 14
1 6 8 15
1 6 8 16
1 6 8 17
1 6 8 18
1 6 8 19
1 6 8 20
1 6 8 21
1 6 8 22
1 6 8 23
1 6 8 24
1 7 8 12
1 7 8 13
1 7 8 14
1 7 8 15
1 7 8 16
1 7 8 17
1 7 8 18
1 7 8 19
1 7 8 20
1 7 8 21
1 7 8 22
1 7 8 23
1 7 8 24
1 8 8 12
1 8 8 13
1 8 8 14
1 8 8 15
1 8 8 16
1 8 8 17
1 8 8 18
1 8 8 19
1 8 8 20
1 8 8 21
1 8 8 22
1 8 8 23
1 8 8 24
1 9 8 12
1 9 8 13
1 9 8 14
1 9 8 15
1 9 8 16
1 9 8 17
1 9 8 18
1 9 8 19
1 9 8 20
1 9 8 21
1 9 8 22
1 9 8 23
1 9 8 24
1 10 8 12
1 10 8 13
1 10 8 14
1 10 8 15
1 10 8 16
1 10 8 17
1 10 8 18
1 10 8 19
1 10 8 20
1 10 8 21
1 10 8 22
1 10 8 23
1 10 8 24
1 1 9 12
1 1 9 13
1 1 9 14
1 1 9 15
1 1 9 16
1 1 9 17
1 1 9 18
1 1 9 19
1 1 9 20
1 1 9 21
1 1 9 22
1 1 9 23
1 1 9 24
1 2 9 12
1 2 9 13
1 2 9 14
1 2 9 15
1 2 9 16
1 2 9 17
1 2 9 18
1 2 9 19
1 2 9 20
1 2 9 21
1 2 9 22
1 2 9 23
1 2 9 24
1 3 9 12
1 3 9 13
1 3 9 14
1 3 9 15
1 3 9 16
1 3 9 17
1 3 9 18
1 3 9 19
1 3 9 20
1 3 9 21
1 3 9 22
1 3 9 23
1 3 9 24
1 4 9 12
1 4 9 13
1 4 9 14
1 4 9 15
1 4 9 16
1 4 9 17
1 4 9 18
1 4 9 19
1 4 9 20
1 4 9 21
1 4 9 22
1 4 9 23
1 4 9 24
1 5 9 12
1 5 9 13
1 5 9 14
1 5 9 15
1 5 9 16
1 5 9 17
1 5 9 18
1 5 9 19
1 5 9 20
1 5 9 21
1 5 9 22
1 5 9 23
1 5 9 24
1 6 9 12
1 6 9 13
1 6 9 14
1 6 9 15
1 6 9 16
1 6 9 17
1 6 9 18
1 6 9 19
1 6 9 20
1 6 9 21
1 6 9 22
1 6 9 23
1 6 9 24
1 7 9 12
1 7 9 13
1 7 9 14
1 7 9 15
1 7 9 16
1 7 9 17
1 7 9 18
1 7 9 19
1 7 9 20
1 7 9 21
1 7 9 22
1 7 9 23
1 7 9 24
1 8 9 12
1 8 9 13
1 8 9 14
1 8 9 15
1 8 9 16
1 8 9 17
1 8 9 18
1 8 9 19
1 8 9 20
1 8 9 21
1 8 9 22
1 8 9 23
1 8 9 24
1 9 9 12
1 9 9 13
1 9 9 14
1 9 9 15
1 9 9 16
1 9 9 17
1 9 9 18
1 9 9 19
1 9 9 20
1 9 9 21
1 9 9 22
1 9 9 23
1 9 9 24
1 10 9 12
1 10 9 13
1 10 9 14
1 10 9 15
1 10 9 16
1 10 9 17
1 10 9 18
1 10 9 19
1 10 9 20
1 10 9 21
1 10 9 22
1 10 9 23
1 10 9 24
1 1 10 12
1 1 10 13
1 1 10 14
1 1 10 15
1 1 10 16
1 1 10 17
1 1 10 18
1 1 10 19
1 1 10 20
1 1 10 21
1 1 10 22
1 1 10 23
1 1 10 24
1 2 10 12
1 2 10 13
1 2 10 14
1 2 10 15
1 2 10 16
1 2 10 17
1 2 10 18
1 2 10 19
1 2 10 20
1 2 10 21
1 2 10 22
1 2 10 23
1 2 10 24
1 3 10 12
1 3 10 13
1 3 10 14
1 3 10 15
1 3 10 16
1 3 10 17
1 3 10 18
1 3 10 19
1 3 10 20
1 3 10 21
1 3 10 22
1 3 10 23
1 3 10 24
1 4 10 12
1 4 10 13
1 4 10 14
1 4 10 15
1 4 10 16
1 4 10 17
1 4 10 18
1 4 10 19
1 4 10 20
1 4 10 21
1 4 10 22
1 4 10 23
1 4 10 24
1 5 10 12
1 5 10 13
1 5 10 14
1 5 10 15
1 5 10 16
1 5 10 17
1 5 10 18
1 5 10 19
1 5 10 20
1 5 10 21
1 5 10 22
1 5 10 23
1 5 10 24
1 6 10 12
1 6 10 13
1 6 10 14
1 6 10 15
1 6 10 16
1 6 10 17
1 6 10 18
1 6 10 19
1 6 10 20
1 6 10 21
1 6 10 22
1 6 10 23
1 6 10 24
1 7 10 12
1 7 10 13
1 7 10 14
1 7 10 15
1 7 10 16
1 7 10 17
1 7 10 18
1 7 10 19
1 7 10 20
1 7 10 21
1 7 10 22
1 7 10 23
1 7 10 24
1 8 10 12
1 8 10 13
1 8 10 14
1 8 10 15
1 8 10 16
1 8 10 17
1 8 10 18
1 8 10 19
1 8 10 20
1 8 10 21
1 8 10 22
1 8 10 23
1 8 10 24
1 9 10 12
1 9 10 13
1 9 10 14
1 9 10 15
1 9 10 16
1 9 10 17
1 9 10 18
1 9 10 19
1 9 10 20
1 9 10 21
1 9 10 22
1 9 10 23
1 9 10 24
1 10 10 12
1 10 10 13
1 10 10 14
1 10 10 15
1 10 10 16
1 10 10 17
1 10 10 18
1 10 10 19
1 10 10 20
1 10 10 21
1 10 10 22
1 10 10 23
1 10 10 24
1 1 11 12
1 1 11 13
1 1 11 14
1 1 11 15
1 1 11 16
1 1 11 17
1 1 11 18
1 1 11 19
1 1 11 20
1 1 11 21
1 1 11 22
1 1 11 23
1 1 11 24
1 2 11 12
1 2 11 13
1 2 11 14
1 2 11 15
1 2 11 16
1 2 11 17
1 2 11 18
1 2 11 19
1 2 11 20
1 2 11 21
1 2 11 22
1 2 11 23
1 2 11 24
1 3 11 12
1 3 11 13
1 3 11 14
1 3 11 15
1 3 11 16
1 3 11 17
1 3 11 18
1 3 11 19
1 3 11 20
1 3 11 21
1 3 11 22
1 3 11 23
1 3 11 24
1 4 11 12
1 4 11 13
1 4 11 14
1 4 11 15
1 4 11 16
1 4 11 17
1 4 11 18
1 4 11 19
1 4 11 20
1 4 11 21
1 4 11 22
1 4 11 23
1 4 11 24
1 5 11 12
1 5 11 13
1 5 11 14
1 5 11 15
1 5 11 16
1 5 11 17
1 5 11 18
1 5 11 19
1 5 11 20
1 5 11 21
1 5 11 22
1 5 11 23
1 5 11 24
1 6 11 12
1 6 11 13
1 6 11 14
1 6 11 15
1 6 11 16
1 6 11 17
1 6 11 18
1 6 11 19
1 6 11 20
1 6 11 21
1 6 11 22
1 6 11 23
1 6 11 24
1 7 11 12
1 7 11 13
1 7 11 14
1 7 11 15
1 7 11 16
1 7 11 17
1 7 11 18
1 7 11 19
1 7 11 20
1 7 11 21
1 7 11 22
1 7 11 23
1 7 11 24
1 8 11 12
1 8 11 13
1 8 11 14
1 8 11 15
1 8 11 16
1 8 11 17
1 8 11 18
1 8 11 19
1 8 11 20
1 8 11 21
1 8 11 22
1 8 11 23
1 8 11 24
1 9 11 12
1 9 11 13
1 9 11 14
1 9 11 15
1 9 11 16
1 9 11 17
1 9 11 18
1 9 11 19
1 9 11 20
1 9 11 21
1 9 11 22
1 9 11 23
1 9 11 24
1 10 11 12
1 10 11 13
1 10 11 14
1 10 11 15
1 10 11 16
1 10 11 17
1 10 11 18
1 10 11 19
1 10 11 20
1 10 11 21
1 10 11 22
1 10 11 23
1 10 11 24
1 1 12 12
1 1 12 13
1 1 12 14
1 1 12 15
1 1 12 16
1 1 12 17
1 1 12 18
1 1 12 19
1 1 12 20
1 1 12 21
1 1 12 22
1 1 12 23
1 1 12 24
1 2 12 12
1 2 12 13
1 2 12 14
1 2 12 15
1 2 12 16
1 2 12 17
1 2 12 18
1 2 12 19
1 2 12 20
1 2 12 21
1 2 12 22
1 2 12 23
1 2 12 24
1 3 12 12
1 3 12 13
1 3 12 14
1 3 12 15
1 3 12 16
1 3 12 17
1 3 12 18
1 3 12 19
1 3 12 20
1 3 12 21
1 3 12 22
1 3 12 23
1 3 12 24
1 4 12 12
1 4 12 13
1 4 12 14
1 4 12 15
1 4 12 16
1 4 12 17
1 4 12 18
1 4 12 19
1 4 12 20
1 4 12 21
1 4 12 22
1 4 12 23
1 4 12 24
1 5 12 12
1 5 12 13
1 5 12 14
1 5 12 15
1 5 12 16
1 5 12 17
1 5 12 18
1 5 12 19
1 5 12 20
1 5 12 21
1 5 12 22
1 5 12 23
1 5 12 24
1 6 12 12
1 6 12 13
1 6 12 14
1 6 12 15
1 6 12 16
1 6 12 17
1 6 12 18
1 6 12 19
1 6 12 20
1 6 12 21
1 6 12 22
1 6 12 23
1 6 12 24
1 7 12 12
1 7 12 13
1 7 12 14
1 7 12 15
1 7 12 16
1 7 12 17
1 7 12 18
1 7 12 19
1 7 12 20
1 7 12 21
1 7 12 22
1 7 12 23
1 7 12 24
1 8 12 12
1 8 12 13
1 8 12 14
1 8 12 15
1 8 12 16
1 8 12 17
1 8 12 18
1 8 12 19
1 8 12 20
1 8 12 21
1 8 12 22
1 8 12 23
1 8 12 24
1 9 12 12
1 9 12 13
1 9 12 14
1 9 12 15
1 9 12 16
1 9 12 17
1 9 12 18
1 9 12 19
1 9 12 20
1 9 12 21
1 9 12 22
1 9 12 23
1 9 12 24
1 10 12 12
1 10 12 13
1 10 12 14
1 10 12 15
1 10 12 16
1 10 12 17
1 10 12 18
1 10 12 19
1 10 12 20
1 10 12 21
1 10 12 22
1 10 12 23
1 10 12 24
1 1 13 12
1 1 13 13
1 1 13 14
1 1 13 15
1 1 13 16
1 1 13 17
1 1 13 18
1 1 13 19
1 1 13 20
1 1 13 21
1 1 13 22
1 1 13 23
1 1 13 24
1 2 13 12
1 2 13 13
1 2 13 14
1 2 13 15
1 2 13 16
1 2 13 17
1 2 13 18
1 2 13 19
1 2 13 20
1 2 13 21
1 2 13 22
1 2 13 23
1 2 13 24
1 3 13 12
1 3 13 13
1 3 13 14
1 3 13 15
1 3 13 16
1 3 13 17
1 3 13 18
1 3 13 19
1 3 13 20
1 3 13 21
1 3 13 22
1 3 13 23
1 3 13 24
1 4 13 12
1 4 13 13
1 4 13 14
1 4 13 15
1 4 13 16
1 4 13 17
1 4 13 18
1 4 13 19
1 4 13 20
1 4 13 21
1 4 13 22
1 4 13 23
1 4 13 24
1 5 13 12
1 5 13 13
1 5 13 14
1 5 13 15
1 5 13 16
1 5 13 17
1 5 13 18
1 5 13 19
1 5 13 20
1 5 13 21
1 5 13 22
1 5 13 23
1 5 13 24
1 6 13 12
1 6 13 13
1 6 13 14
1 6 13 15
1 6 13 16
1 6 13 17
1 6 13 18
1 6 13 19
1 6 13 20
1 6 13 21
1 6 13 22
1 6 13 23
1 6 13 24
1 7 13 12
1 7 13 13
1 7 13 14
1 7 13 15
1 7 13 16
1 7 13 17
1 7 13 18
1 7 13 19
1 7 13 20
1 7 13 21
1 7 13 22
1 7 13 23
1 7 13 24
1 8 13 12
1 8 13 13
1 8 13 14
1 8 13 15
1 8 13 16
1 8 13 17
1 8 13 18
1 8 13 19
1 8 13 20
1 8 13 21
1 8 13 22
1 8 13 23
1 8 13 24
1 9 13 12
1 9 13 13
1 9 13 14
1 9 13 15
1 9 13 16
1 9 13 17
1 9 13 18
1 9 13 19
1 9 13 20
1 9 13 21
1 9 13 22
1 9 13 23
1 9 13 24
1 10 13 12
1 10 13 13
1 10 13 14
1 10 13 15
1 10 13 16
1 10 13 17
1 10 13 18
1 10 13 19
1 10 13 20
1 10 13 21
1 10 13 22
1 10 13 23
1 10 13 24
2 1 8 12
2 1 8 13
2 1 8 14
2 1 8 15
2 1 8 16
2 1 8 17
2 1 8 18
2 1 8 19
2 1 8 20
2 1 8 21
2 1 8 22
2 1 8 23
2 1 8 24
2 2 8 12
2 2 8 13
2 2 8 14
2 2 8 15
2 2 8 16
2 2 8 17
2 2 8 18
2 2 8 19
2 2 8 20
2 2 8 21
2 2 8 22
2 2 8 23
2 2 8 24
2 3 8 12
2 3 8 13
2 3 8 14
2 3 8 15
2 3 8 16
2 3 8 17
2 3 8 18
2 3 8 19
2 3 8 20
2 3 8 21
2 3 8 22
2 3 8 23
2 3 8 24
2 4 8 12
2 4 8 13
2 4 8 14
2 4 8 15
2 4 8 16
2 4 8 17
2 4 8 18
2 4 8 19
2 4 8 20
2 4 8 21
2 4 8 22
2 4 8 23
2 4 8 24
2 5 8 12
2 5 8 13
2 5 8 14
2 5 8 15
2 5 8 16
2 5 8 17
2 5 8 18
2 5 8 19
2 5 8 20
2 5 8 21
2 5 8 22
2 5 8 23
2 5 8 24
2 6 8 12
2 6 8 13
2 6 8 14
2 6 8 15
2 6 8 16
2 6 8 17
2 6 8 18
2 6 8 19
2 6 8 20
2 6 8 21
2 6 8 22
2 6 8 23
2 6 8 24
2 7 8 12
2 7 8 13
2 7 8 14
2 7 8 15
2 7 8 16
2 7 8 17
2 7 8 18
2 7 8 19
2 7 8 20
2 7 8 21
2 7 8 22
2 7 8 23
2 7 8 24
2 8 8 12
2 8 8 13
2 8 8 14
2 8 8 15
2 8 8 16
2 8 8 17
2 8 8 18
2 8 8 19
2 8 8 20
2 8 8 21
2 8 8 22
2 8 8 23
2 8 8 24
2 9 8 12
2 9 8 13
2 9 8 14
2 9 8 15
2 9 8 16
2 9 8 17
2 9 8 18
2 9 8 19
2 9 8 20
2 9 8 21
2 9 8 22
2 9 8 23
2 9 8 24
2 10 8 12
2 10 8 13
2 10 8 14
2 10 8 15
2 10 8 16
2 10 8 17
2 10 8 18
2 10 8 19
2 10 8 20
2 10 8 21
2 10 8 22
2 10 8 23
2 10 8 24
2 1 9 12
2 1 9 13
2 1 9 14
2 1 9 15
2 1 9 16
2 1 9 17
2 1 9 18
2 1 9 19
2 1 9 20
2 1 9 21
2 1 9 22
2 1 9 23
2 1 9 24
2 2 9 12
2 2 9 13
2 2 9 14
2 2 9 15
2 2 9 16
2 2 9 17
2 2 9 18
2 2 9 19
2 2 9 20
2 2 9 21
2 2 9 22
2 2 9 23
2 2 9 24
2 3 9 12
2 3 9 13
2 3 9 14
2 3 9 15
2 3 9 16
2 3 9 17
2 3 9 18
2 3 9 19
2 3 9 20
2 3 9 21
2 3 9 22
2 3 9 23
2 3 9 24
2 4 9 12
2 4 9 13
2 4 9 14
2 4 9 15
2 4 9 16
2 4 9 17
2 4 9 18
2 4 9 19
2 4 9 20
2 4 9 21
2 4 9 22
2 4 9 23
2 4 9 24
2 5 9 12
2 5 9 13
2 5 9 14
2 5 9 15
2 5 9 16
2 5 9 17
2 5 9 18
2 5 9 19
2 5 9 20
2 5 9 21
2 5 9 22
2 5 9 23
2 5 9 24
2 6 9 12
2 6 9 13
2 6 9 14
2 6 9 15
2 6 9 16
2 6 9 17
2 6 9 18
2 6 9 19
2 6 9 20
2 6 9 21
2 6 9 22
2 6 9 23
2 6 9 24
2 7 9 12
2 7 9 13
2 7 9 14
2 7 9 15
2 7 9 16
2 7 9 17
2 7 9 18
2 7 9 19
2 7 9 20
2 7 9 21
2 7 9 22
2 7 9 23
2 7 9 24
2 8 9 12
2 8 9 13
2 8 9 14
2 8 9 15
2 8 9 16
2 8 9 17
2 8 9 18
2 8 9 19
2 8 9 20
2 8 9 21
2 8 9 22
2 8 9 23
2 8 9 24
2 9 9 12
2 9 9 13
2 9 9 14
2 9 9 15
2 9 9 16
2 9 9 17
2 9 9 18
2 9 9 19
2 9 9 20
2 9 9 21
2 9 9 22
2 9 9 23
2 9 9 24
2 10 9 12
2 10 9 13
2 10 9 14
2 10 9 15
2 10 9 16
2 10 9 17
2 10 9 18
2 10 9 19
2 10 9 20
2 10 9 21
2 10 9 22
2 10 9 23
2 10 9 24
2 1 10 12
2 1 10 13
2 1 10 14
2 1 10 15
2 1 10 16
2 1 10 17
2 1 10 18
2 1 10 19
2 1 10 20
2 1 10 21
2 1 10 22
2 1 10 23
2 1 10 24
2 2 10 12
2 2 10 13
2 2 10 14
2 2 10 15
2 2 10 16
2 2 10 17
2 2 10 18
2 2 10 19
2 2 10 20
2 2 10 21
2 2 10 22
2 2 10 23
2 2 10 24
2 3 10 12
2 3 10 13
2 3 10 14
2 3 10 15
2 3 10 16
2 3 10 17
2 3 10 18
2 3 10 19
2 3 10 20
2 3 10 21
2 3 10 22
2 3 10 23
2 3 10 24
2 4 10 12
2 4 10 13
2 4 10 14
2 4 10 15
2 4 10 16
2 4 10 17
2 4 10 18
2 4 10 19
2 4 10 20
2 4 10 21
2 4 10 22
2 4 10 23
2 4 10 24
2 5 10 12
2 5 10 13
2 5 10 14
2 5 10 15
2 5 10 16
2 5 10 17
2 5 10 18
2 5 10 19
2 5 10 20
2 5 10 21
2 5 10 22
2 5 10 23
2 5 10 24
2 6 10 12
2 6 10 13
2 6 10 14
2 6 10 15
2 6 10 16
2 6 10 17
2 6 10 18
2 6 10 19
2 6 10 20
2 6 10 21
2 6 10 22
2 6 10 23
2 6 10 24
2 7 10 12
2 7 10 13
2 7 10 14
2 7 10 15
2 7 10 16
2 7 10 17
2 7 10 18
2 7 10 19
2 7 10 20
2 7 10 21
2 7 10 22
2 7 10 23
2 7 10 24
2 8 10 12
2 8 10 13
2 8 10 14
2 8 10 15
2 8 10 16
2 8 10 17
2 8 10 18
2 8 10 19
2 8 10 20
2 8 10 21
2 8 10 22
2 8 10 23
2 8 10 24
2 9 10 12
2 9 10 13
2 9 10 14
2 9 10 15
2 9 10 16
2 9 10 17
2 9 10 18
2 9 10 19
2 9 10 20
2 9 10 21
2 9 10 22
2 9 10 23
2 9 10 24
2 10 10 12
2 10 10 13
2 10 10 14
2 10 10 15
2 10 10 16
2 10 10 17
2 10 10 18
2 10 10 19
2 10 10 20
2 10 10 21
2 10 10 22
2 10 10 23
2 10 10 24
2 1 11 12
2 1 11 13
2 1 11 14
2 1 11 15
2 1 11 16
2 1 11 17
2 1 11 18
2 1 11 19
2 1 11 20
2 1 11 21
2 1 11 22
2 1 11 23
2 1 11 24
2 2 11 12
2 2 11 13
2 2 11 14
2 2 11 15
2 2 11 16
2 2 11 17
2 2 11 18
2 2 11 19
2 2 11 20
2 2 11 21
2 2 11 22
2 2 11 23
2 2 11 24
2 3 11 12
2 3 11 13
2 3 11 14
2 3 11 15
2 3 11 16
2 3 11 17
2 3 11 18
2 3 11 19
2 3 11 20
2 3 11 21
2 3 11 22
2 3 11 23
2 3 11 24
2 4 11 12
2 4 11 13
2 4 11 14
2 4 11 15
2 4 11 16
2 4 11 17
2 4 11 18
2 4 11 19
2 4 11 20
2 4 11 21
2 4 11 22
2 4 11 23
2 4 11 24
2 5 11 12
2 5 11 13
2 5 11 14
2 5 11 15
2 5 11 16
2 5 11 17
2 5 11 18
2 5 11 19
2 5 11 20
2 5 11 21
2 5 11 22
2 5 11 23
2 5 11 24
2 6 11 12
2 6 11 13
2 6 11 14
2 6 11 15
2 6 11 16
2 6 11 17
2 6 11 18
2 6 11 19
2 6 11 20
2 6 11 21
2 6 11 22
2 6 11 23
2 6 11 24
2 7 11 12
2 7 11 13
2 7 11 14
2 7 11 15
2 7 11 16
2 7 11 17
2 7 11 18
2 7 11 19
2 7 11 20
2 7 11 21
2 7 11 22
2 7 11 23
2 7 11 24
2 8 11 12
2 8 11 13
2 8 11 14
2 8 11 15
2 8 11 16
2 8 11 17
2 8 11 18
2 8 11 19
2 8 11 20
2 8 11 21
2 8 11 22
2 8 11 23
2 8 11 24
2 9 11 12
2 9 11 13
2 9 11 14
2 9 11 15
2 9 11 16
2 9 11 17
2 9 11 18
2 9 11 19
2 9 11 20
2 9 11 21
2 9 11 22
2 9 11 23
2 9 11 24
2 10 11 12
2 10 11 13
2 10 11 14
2 10 11 15
2 10 11 16
2 10 11 17
2 10 11 18
2 10 11 19
2 10 11 20
2 10 11 21
2 10 11 22
2 10 11 23
2 10 11 24
2 1 12 12
2 1 12 13
2 1 12 14
2 1 12 15
2 1 12 16
2 1 12 17
2 1 12 18
2 1 12 19
2 1 12 20
2 1 12 21
2 1 12 22
2 1 12 23
2 1 12 24
2 2 12 12
2 2 12 13
2 2 12 14
2 2 12 15
2 2 12 16
2 2 12 17
2 2 12 18
2 2 12 19
2 2 12 20
2 2 12 21
2 2 12 22
2 2 12 23
2 2 12 24
2 3 12 12
2 3 12 13
2 3 12 14
2 3 12 15
2 3 12 16
2 3 12 17
2 3 12 18
2 3 12 19
2 3 12 20
2 3 12 21
2 3 12 22
2 3 12 23
2 3 12 24
2 4 12 12
2 4 12 13
2 4 12 14
2 4 12 15
2 4 12 16
2 4 12 17
2 4 12 18
2 4 12 19
2 4 12 20
2 4 12 21
2 4 12 22
2 4 12 23
2 4 12 24
2 5 12 12
2 5 12 13
2 5 12 14
2 5 12 15
2 5 12 16
2 5 12 17
2 5 12 18
2 5 12 19
2 5 12 20
2 5 12 21
2 5 12 22
2 5 12 23
2 5 12 24
2 6 12 12
2 6 12 13
2 6 12 14
2 6 12 15
2 6 12 16
2 6 12 17
2 6 12 18
2 6 12 19
2 6 12 20
2 6 12 21
2 6 12 22
2 6 12 23
2 6 12 24
2 7 12 12
2 7 12 13
2 7 12 14
2 7 12 15
2 7 12 16
2 7 12 17
2 7 12 18
2 7 12 19
2 7 12 20
2 7 12 21
2 7 12 22
2 7 12 23
2 7 12 24
2 8 12 12
2 8 12 13
2 8 12 14
2 8 12 15
2 8 12 16
2 8 12 17
2 8 12 18
2 8 12 19
2 8 12 20
2 8 12 21
2 8 12 22
2 8 12 23
2 8 12 24
2 9 12 12
2 9 12 13
2 9 12 14
2 9 12 15
2 9 12 16
2 9 12 17
2 9 12 18
2 9 12 19
2 9 12 20
2 9 12 21
2 9 12 22
2 9 12 23
2 9 12 24
2 10 12 12
2 10 12 13
2 10 12 14
2 10 12 15
2 10 12 16
2 10 12 17
2 10 12 18
2 10 12 19
2 10 12 20
2 10 12 21
2 10 12 22
2 10 12 23
2 10 12 24
2 1 13 12
2 1 13 13
2 1 13 14
2 1 13 15
2 1 13 16
2 1 13 17
2 1 13 18
2 1 13 19
2 1 13 20
2 1 13 21
2 1 13 22
2 1 13 23
2 1 13 24
2 2 13 12
2 2 13 13
2 2 13 14
2 2 13 15
2 2 13 16
2 2 13 17
2 2 13 18
2 2 13 19
2 2 13 20
2 2 13 21
2 2 13 22
2 2 13 23
2 2 13 24
2 3 13 12
2 3 13 13
2 3 13 14
2 3 13 15
2 3 13 16
2 3 13 17
2 3 13 18
2 3 13 19
2 3 13 20
2 3 13 21
2 3 13 22
2 3 13 23
2 3 13 24
2 4 13 12
2 4 13 13
2 4 13 14
2 4 13 15
2 4 13 16
2 4 13 17
2 4 13 18
2 4 13 19
2 4 13 20
2 4 13 21
2 4 13 22
2 4 13 23
2 4 13 24
2 5 13 12
2 5 13 13
2 5 13 14
2 5 13 15
2 5 13 16
2 5 13 17
2 5 13 18
2 5 13 19
2 5 13 20
2 5 13 21
2 5 13 22
2 5 13 23
2 5 13 24
2 6 13 12
2 6 13 13
2 6 13 14
2 6 13 15
2 6 13 16
2 6 13 17
2 6 13 18
2 6 13 19
2 6 13 20
2 6 13 21
2 6 13 22
2 6 13 23
2 6 13 24
2 7 13 12
2 7 13 13
2 7 13 14
2 7 13 15
2 7 13 16
2 7 13 17
2 7 13 18
2 7 13 19
2 7 13 20
2 7 13 21
2 7 13 22
2 7 13 23
2 7 13 24
2 8 13 12
2 8 13 13
2 8 13 14
2 8 13 15
2 8 13 16
2 8 13 17
2 8 13 18
2 8 13 19
2 8 13 20
2 8 13 21
2 8 13 22
2 8 13 23
2 8 13 24
2 9 13 12
2 9 13 13
2 9 13 14
2 9 13 15
2 9 13 16
2 9 13 17
2 9 13 18
2 9 13 19
2 9 13 20
2 9 13 21
2 9 13 22
2 9 13 23
2 9 13 24
2 10 13 12
2 10 13 13
2 10 13 14
2 10 13 15
2 10 13 16
2 10 13 17
2 10 13 18
2 10 13 19
2 10 13 20
2 10 13 21
2 10 13 22
2 10 13 23
2 10 13 24
3 1 8 12
3 1 8 13
3 1 8 14
3 1 8 15
3 1 8 16
3 1 8 17
3 1 8 18
3 1 8 19
3 1 8 20
3 1 8 21
3 1 8 22
3 1 8 23
3 1 8 24
3 2 8 12
3 2 8 13
3 2 8 14
3 2 8 15
3 2 8 16
3 2 8 17
3 2 8 18
3 2 8 19
3 2 8 20
3 2 8 21
3 2 8 22
3 2 8 23
3 2 8 24
3 3 8 12
3 3 8 13
3 3 8 14
3 3 8 15
3 3 8 16
3 3 8 17
3 3 8 18
3 3 8 19
3 3 8 20
3 3 8 21
3 3 8 22
3 3 8 23
3 3 8 24
3 4 8 12
3 4 8 13
3 4 8 14
3 4 8 15
3 4 8 16
3 4 8 17
3 4 8 18
3 4 8 19
3 4 8 20
3 4 8 21
3 4 8 22
3 4 8 23
3 4 8 24
3 5 8 12
3 5 8 13
3 5 8 14
3 5 8 15
3 5 8 16
3 5 8 17
3 5 8 18
3 5 8 19
3 5 8 20
3 5 8 21
3 5 8 22
3 5 8 23
3 5 8 24
3 6 8 12
3 6 8 13
3 6 8 14
3 6 8 15
3 6 8 16
3 6 8 17
3 6 8 18
3 6 8 19
3 6 8 20
3 6 8 21
3 6 8 22
3 6 8 23
3 6 8 24
3 7 8 12
3 7 8 13
3 7 8 14
3 7 8 15
3 7 8 16
3 7 8 17
3 7 8 18
3 7 8 19
3 7 8 20
3 7 8 21
3 7 8 22
3 7 8 23
3 7 8 24
3 8 8 12
3 8 8 13
3 8 8 14
3 8 8 15
3 8 8 16
3 8 8 17
3 8 8 18
3 8 8 19
3 8 8 20
3 8 8 21
3 8 8 22
3 8 8 23
3 8 8 24
3 9 8 12
3 9 8 13
3 9 8 14
3 9 8 15
3 9 8 16
3 9 8 17
3 9 8 18
3 9 8 19
3 9 8 20
3 9 8 21
3 9 8 22
3 9 8 23
3 9 8 24
3 10 8 12
3 10 8 13
3 10 8 14
3 10 8 15
3 10 8 16
3 10 8 17
3 10 8 18
3 10 8 19
3 10 8 20
3 10 8 21
3 10 8 22
3 10 8 23
3 10 8 24
3 1 9 12
3 1 9 13
3 1 9 14
3 1 9 15
3 1 9 16
3 1 9 17
3 1 9 18
3 1 9 19
3 1 9 20
3 1 9 21
3 1 9 22
3 1 9 23
3 1 9 24
3 2 9 12
3 2 9 13
3 2 9 14
3 2 9 15
3 2 9 16
3 2 9 17
3 2 9 18
3 2 9 19
3 2 9 20
3 2 9 21
3 2 9 22
3 2 9 23
3 2 9 24
3 3 9 12
3 3 9 13
3 3 9 14
3 3 9 15
3 3 9 16
3 3 9 17
3 3 9 18
3 3 9 19
3 3 9 20
3 3 9 21
3 3 9 22
3 3 9 23
3 3 9 24
3 4 9 12
3 4 9 13
3 4 9 14
3 4 9 15
3 4 9 16
3 4 9 17
3 4 9 18
3 4 9 19
3 4 9 20
3 4 9 21
3 4 9 22
3 4 9 23
3 4 9 24
3 5 9 12
3 5 9 13
3 5 9 14
3 5 9 15
3 5 9 16
3 5 9 17
3 5 9 18
3 5 9 19
3 5 9 20
3 5 9 21
3 5 9 22
3 5 9 23
3 5 9 24
3 6 9 12
3 6 9 13
3 6 9 14
3 6 9 15
3 6 9 16
3 6 9 17
3 6 9 18
3 6 9 19
3 6 9 20
3 6 9 21
3 6 9 22
3 6 9 23
3 6 9 24
3 7 9 12
3 7 9 13
3 7 9 14
3 7 9 15
3 7 9 16
3 7 9 17
3 7 9 18
3 7 9 19
3 7 9 20
3 7 9 21
3 7 9 22
3 7 9 23
3 7 9 24
3 8 9 12
3 8 9 13
3 8 9 14
3 8 9 15
3 8 9 16
3 8 9 17
3 8 9 18
3 8 9 19
3 8 9 20
3 8 9 21
3 8 9 22
3 8 9 23
3 8 9 24
3 9 9 12
3 9 9 13
3 9 9 14
3 9 9 15
3 9 9 16
3 9 9 17
3 9 9 18
3 9 9 19
3 9 9 20
3 9 9 21
3 9 9 22
3 9 9 23
3 9 9 24
3 10 9 12
3 10 9 13
3 10 9 14
3 10 9 15
3 10 9 16
3 10 9 17
3 10 9 18
3 10 9 19
3 10 9 20
3 10 9 21
3 10 9 22
3 10 9 23
3 10 9 24
3 1 10 12
3 1 10 13
3 1 10 14
3 1 10 15
3 1 10 16
3 1 10 17
3 1 10 18
3 1 10 19
3 1 10 20
3 1 10 21
3 1 10 22
3 1 10 23
3 1 10 24
3 2 10 12
3 2 10 13
3 2 10 14
3 2 10 15
3 2 10 16
3 2 10 17
3 2 10 18
3 2 10 19
3 2 10 20
3 2 10 21
3 2 10 22
3 2 10 23
3 2 10 24
3 3 10 12
3 3 10 13
3 3 10 14
3 3 10 15
3 3 10 16
3 3 10 17
3 3 10 18
3 3 10 19
3 3 10 20
3 3 10 21
3 3 10 22
3 3 10 23
3 3 10 24
3 4 10 12
3 4 10 13
3 4 10 14
3 4 10 15
3 4 10 16
3 4 10 17
3 4 10 18
3 4 10 19
3 4 10 20
3 4 10 21
3 4 10 22
3 4 10 23
3 4 10 24
3 5 10 12
3 5 10 13
3 5 10 14
3 5 10 15
3 5 10 16
3 5 10 17
3 5 10 18
3 5 10 19
3 5 10 20
3 5 10 21
3 5 10 22
3 5 10 23
3 5 10 24
3 6 10 12
3 6 10 13
3 6 10 14
3 6 10 15
3 6 10 16
3 6 10 17
3 6 10 18
3 6 10 19
3 6 10 20
3 6 10 21
3 6 10 22
3 6 10 23
3 6 10 24
3 7 10 12
3 7 10 13
3 7 10 14
3 7 10 15
3 7 10 16
3 7 10 17
3 7 10 18
3 7 10 19
3 7 10 20
3 7 10 21
3 7 10 22
3 7 10 23
3 7 10 24
3 8 10 12
3 8 10 13
3 8 10 14
3 8 10 15
3 8 10 16
3 8 10 17
3 8 10 18
3 8 10 19
3 8 10 20
3 8 10 21
3 8 10 22
3 8 10 23
3 8 10 24
3 9 10 12
3 9 10 13
3 9 10 14
3 9 10 15
3 9 10 16
3 9 10 17
3 9 10 18
3 9 10 19
3 9 10 20
3 9 10 21
3 9 10 22
3 9 10 23
3 9 10 24
3 10 10 12
3 10 10 13
3 10 10 14
3 10 10 15
3 10 10 16
3 10 10 17
3 10 10 18
3 10 10 19
3 10 10 20
3 10 10 21
3 10 10 22
3 10 10 23
3 10 10 24
3 1 11 12
3 1 11 13
3 1 11 14
3 1 11 15
3 1 11 16
3 1 11 17
3 1 11 18
3 1 11 19
3 1 11 20
3 1 11 21
3 1 11 22
3 1 11 23
3 1 11 24
3 2 11 12
3 2 11 13
3 2 11 14
3 2 11 15
3 2 11 16
3 2 11 17
3 2 11 18
3 2 11 19
3 2 11 20
3 2 11 21
3 2 11 22
3 2 11 23
3 2 11 24
3 3 11 12
3 3 11 13
3 3 11 14
3 3 11 15
3 3 11 16
3 3 11 17
3 3 11 18
3 3 11 19
3 3 11 20
3 3 11 21
3 3 11 22
3 3 11 23
3 3 11 24
3 4 11 12
3 4 11 13
3 4 11 14
3 4 11 15
3 4 11 16
3 4 11 17
3 4 11 18
3 4 11 19
3 4 11 20
3 4 11 21
3 4 11 22
3 4 11 23
3 4 11 24
3 5 11 12
3 5 11 13
3 5 11 14
3 5 11 15
3 5 11 16
3 5 11 17
3 5 11 18
3 5 11 19
3 5 11 20
3 5 11 21
3 5 11 22
3 5 11 23
3 5 11 24
3 6 11 12
3 6 11 13
3 6 11 14
3 6 11 15
3 6 11 16
3 6 11 17
3 6 11 18
3 6 11 19
3 6 11 20
3 6 11 21
3 6 11 22
3 6 11 23
3 6 11 24
3 7 11 12
3 7 11 13
3 7 11 14
3 7 11 15
3 7 11 16
3 7 11 17
3 7 11 18
3 7 11 19
3 7 11 20
3 7 11 21
3 7 11 22
3 7 11 23
3 7 11 24
3 8 11 12
3 8 11 13
3 8 11 14
3 8 11 15
3 8 11 16
3 8 11 17
3 8 11 18
3 8 11 19
3 8 11 20
3 8 11 21
3 8 11 22
3 8 11 23
3 8 11 24
3 9 11 12
3 9 11 13
3 9 11 14
3 9 11 15
3 9 11 16
3 9 11 17
3 9 11 18
3 9 11 19
3 9 11 20
3 9 11 21
3 9 11 22
3 9 11 23
3 9 11 24
3 10 11 12
3 10 11 13
3 10 11 14
3 10 11 15
3 10 11 16
3 10 11 17
3 10 11 18
3 10 11 19
3 10 11 20
3 10 11 21
3 10 11 22
3 10 11 23
3 10 11 24
3 1 12 12
3 1 12 13
3 1 12 14
3 1 12 15
3 1 12 16
3 1 12 17
3 1 12 18
3 1 12 19
3 1 12 20
3 1 12 21
3 1 12 22
3 1 12 23
3 1 12 24
3 2 12 12
3 2 12 13
3 2 12 14
3 2 12 15
3 2 12 16
3 2 12 17
3 2 12 18
3 2 12 19
3 2 12 20
3 2 12 21
3 2 12 22
3 2 12 23
3 2 12 24
3 3 12 12
3 3 12 13
3 3 12 14
3 3 12 15
3 3 12 16
3 3 12 17
3 3 12 18
3 3 12 19
3 3 12 20
3 3 12 21
3 3 12 22
3 3 12 23
3 3 12 24
3 4 12 12
3 4 12 13
3 4 12 14
3 4 12 15
3 4 12 16
3 4 12 17
3 4 12 18
3 4 12 19
3 4 12 20
3 4 12 21
3 4 12 22
3 4 12 23
3 4 12 24
3 5 12 12
3 5 12 13
3 5 12 14
3 5 12 15
3 5 12 16
3 5 12 17
3 5 12 18
3 5 12 19
3 5 12 20
3 5 12 21
3 5 12 22
3 5 12 23
3 5 12 24
3 6 12 12
3 6 12 13
3 6 12 14
3 6 12 15
3 6 12 16
3 6 12 17
3 6 12 18
3 6 12 19
3 6 12 20
3 6 12 21
3 6 12 22
3 6 12 23
3 6 12 24
3 7 12 12
3 7 12 13
3 7 12 14
3 7 12 15
3 7 12 16
3 7 12 17
3 7 12 18
3 7 12 19
3 7 12 20
3 7 12 21
3 7 12 22
3 7 12 23
3 7 12 24
3 8 12 12
3 8 12 13
3 8 12 14
3 8 12 15
3 8 12 16
3 8 12 17
3 8 12 18
3 8 12 19
3 8 12 20
3 8 12 21
3 8 12 22
3 8 12 23
3 8 12 24
3 9 12 12
3 9 12 13
3 9 12 14
3 9 12 15
3 9 12 16
3 9 12 17
3 9 12 18
3 9 12 19
3 9 12 20
3 9 12 21
3 9 12 22
3 9 12 23
3 9 12 24
3 10 12 12
3 10 12 13
3 10 12 14
3 10 12 15
3 10 12 16
3 10 12 17
3 10 12 18
3 10 12 19
3 10 12 20
3 10 12 21
3 10 12 22
3 10 12 23
3 10 12 24
3 1 13 12
3 1 13 13
3 1 13 14
3 1 13 15
3 1 13 16
3 1 13 17
3 1 13 18
3 1 13 19
3 1 13 20
3 1 13 21
3 1 13 22
3 1 13 23
3 1 13 24
3 2 13 12
3 2 13 13
3 2 13 14
3 2 13 15
3 2 13 16
3 2 13 17
3 2 13 18
3 2 13 19
3 2 13 20
3 2 13 21
3 2 13 22
3 2 13 23
3 2 13 24
3 3 13 12
3 3 13 13
3 3 13 14
3 3 13 15
3 3 13 16
3 3 13 17
3 3 13 18
3 3 13 19
3 3 13 20
3 3 13 21
3 3 13 22
3 3 13 23
3 3 13 24
3 4 13 12
3 4 13 13
3 4 13 14
3 4 13 15
3 4 13 16
3 4 13 17
3 4 13 18
3 4 13 19
3 4 13 20
3 4 13 21
3 4 13 22
3 4 13 23
3 4 13 24
3 5 13 12
3 5 13 13
3 5 13 14
3 5 13 15
3 5 13 16
3 5 13 17
3 5 13 18
3 5 13 19
3 5 13 20
3 5 13 21
3 5 13 22
3 5 13 23
3 5 13 24
3 6 13 12
3 6 13 13
3 6 13 14
3 6 13 15
3 6 13 16
3 6 13 17
3 6 13 18
3 6 13 19
3 6 13 20
3 6 13 21
3 6 13 22
3 6 13 23
3 6 13 24
3 7 13 12
3 7 13 13
3 7 13 14
3 7 13 15
3 7 13 16
3 7 13 17
3 7 13 18
3 7 13 19
3 7 13 20
3 7 13 21
3 7 13 22
3 7 13 23
3 7 13 24
3 8 13 12
3 8 13 13
3 8 13 14
3 8 13 15
3 8 13 16
3 8 13 17
3 8 13 18
3 8 13 19
3 8 13 20
3 8 13 21
3 8 13 22
3 8 13 23
3 8 13 24
3 9 13 12
3 9 13 13
3 9 13 14
3 9 13 15
3 9 13 16
3 9 13 17
3 9 13 18
3 9 13 19
3 9 13 20
3 9 13 21
3 9 13 22
3 9 13 23
3 9 13 24
3 10 13 12
3 10 13 13
3 10 13 14
3 10 13 15
3 10 13 16
3 10 13 17
3 10 13 18
3 10 13 19
3 10 13 20
3 10 13 21
3 10 13 22
3 10 13 23
3 10 13 24
4 1 8 12
4 1 8 13
4 1 8 14
4 1 8 15
4 1 8 16
4 1 8 17
4 1 8 18
4 1 8 19
4 1 8 20
4 1 8 21
4 1 8 22
4 1 8 23
4 1 8 24
4 2 8 12
4 2 8 13
4 2 8 14
4 2 8 15
4 2 8 16
4 2 8 17
4 2 8 18
4 2 8 19
4 2 8 20
4 2 8 21
4 2 8 22
4 2 8 23
4 2 8 24
4 3 8 12
4 3 8 13
4 3 8 14
4 3 8 15
4 3 8 16
4 3 8 17
4 3 8 18
4 3 8 19
4 3 8 20
4 3 8 21
4 3 8 22
4 3 8 23
4 3 8 24
4 4 8 12
4 4 8 13
4 4 8 14
4 4 8 15
4 4 8 16
4 4 8 17
4 4 8 18
4 4 8 19
4 4 8 20
4 4 8 21
4 4 8 22
4 4 8 23
4 4 8 24
4 5 8 12
4 5 8 13
4 5 8 14
4 5 8 15
4 5 8 16
4 5 8 17
4 5 8 18
4 5 8 19
4 5 8 20
4 5 8 21
4 5 8 22
4 5 8 23
4 5 8 24
4 6 8 12
4 6 8 13
4 6 8 14
4 6 8 15
4 6 8 16
4 6 8 17
4 6 8 18
4 6 8 19
4 6 8 20
4 6 8 21
4 6 8 22
4 6 8 23
4 6 8 24
4 7 8 12
4 7 8 13
4 7 8 14
4 7 8 15
4 7 8 16
4 7 8 17
4 7 8 18
4 7 8 19
4 7 8 20
4 7 8 21
4 7 8 22
4 7 8 23
4 7 8 24
4 8 8 12
4 8 8 13
4 8 8 14
4 8 8 15
4 8 8 16
4 8 8 17
4 8 8 18
4 8 8 19
4 8 8 20
4 8 8 21
4 8 8 22
4 8 8 23
4 8 8 24
4 9 8 12
4 9 8 13
4 9 8 14
4 9 8 15
4 9 8 16
4 9 8 17
4 9 8 18
4 9 8 19
4 9 8 20
4 9 8 21
4 9 8 22
4 9 8 23
4 9 8 24
4 10 8 12
4 10 8 13
4 10 8 14
4 10 8 15
4 10 8 16
4 10 8 17
4 10 8 18
4 10 8 19
4 10 8 20
4 10 8 21
4 10 8 22
4 10 8 23
4 10 8 24
4 1 9 12
4 1 9 13
4 1 9 14
4 1 9 15
4 1 9 16
4 1 9 17
4 1 9 18
4 1 9 19
4 1 9 20
4 1 9 21
4 1 9 22
4 1 9 23
4 1 9 24
4 2 9 12
4 2 9 13
4 2 9 14
4 2 9 15
4 2 9 16
4 2 9 17
4 2 9 18
4 2 9 19
4 2 9 20
4 2 9 21
4 2 9 22
4 2 9 23
4 2 9 24
4 3 9 12
4 3 9 13
4 3 9 14
4 3 9 15
4 3 9 16
4 3 9 17
4 3 9 18
4 3 9 19
4 3 9 20
4 3 9 21
4 3 9 22
4 3 9 23
4 3 9 24
4 4 9 12
4 4 9 13
4 4 9 14
4 4 9 15
4 4 9 16
4 4 9 17
4 4 9 18
4 4 9 19
4 4 9 20
4 4 9 21
4 4 9 22
4 4 9 23
4 4 9 24
4 5 9 12
4 5 9 13
4 5 9 14
4 5 9 15
4 5 9 16
4 5 9 17
4 5 9 18
4 5 9 19
4 5 9 20
4 5 9 21
4 5 9 22
4 5 9 23
4 5 9 24
4 6 9 12
4 6 9 13
4 6 9 14
4 6 9 15
4 6 9 16
4 6 9 17
4 6 9 18
4 6 9 19
4 6 9 20
4 6 9 21
4 6 9 22
4 6 9 23
4 6 9 24
4 7 9 12
4 7 9 13
4 7 9 14
4 7 9 15
4 7 9 16
4 7 9 17
4 7 9 18
4 7 9 19
4 7 9 20
4 7 9 21
4 7 9 22
4 7 9 23
4 7 9 24
4 8 9 12
4 8 9 13
4 8 9 14
4 8 9 15
4 8 9 16
4 8 9 17
4 8 9 18
4 8 9 19
4 8 9 20
4 8 9 21
4 8 9 22
4 8 9 23
4 8 9 24
4 9 9 12
4 9 9 13
4 9 9 14
4 9 9 15
4 9 9 16
4 9 9 17
4 9 9 18
4 9 9 19
4 9 9 20
4 9 9 21
4 9 9 22
4 9 9 23
4 9 9 24
4 10 9 12
4 10 9 13
4 10 9 14
4 10 9 15
4 10 9 16
4 10 9 17
4 10 9 18
4 10 9 19
4 10 9 20
4 10 9 21
4 10 9 22
4 10 9 23
4 10 9 24
4 1 10 12
4 1 10 13
4 1 10 14
4 1 10 15
4 1 10 16
4 1 10 17
4 1 10 18
4 1 10 19
4 1 10 20
4 1 10 21
4 1 10 22
4 1 10 23
4 1 10 24
4 2 10 12
4 2 10 13
4 2 10 14
4 2 10 15
4 2 10 16
4 2 10 17
4 2 10 18
4 2 10 19
4 2 10 20
4 2 10 21
4 2 10 22
4 2 10 23
4 2 10 24
4 3 10 12
4 3 10 13
4 3 10 14
4 3 10 15
4 3 10 16
4 3 10 17
4 3 10 18
4 3 10 19
4 3 10 20
4 3 10 21
4 3 10 22
4 3 10 23
4 3 10 24
4 4 10 12
4 4 10 13
4 4 10 14
4 4 10 15
4 4 10 16
4 4 10 17
4 4 10 18
4 4 10 19
4 4 10 20
4 4 10 21
4 4 10 22
4 4 10 23
4 4 10 24
4 5 10 12
4 5 10 13
4 5 10 14
4 5 10 15
4 5 10 16
4 5 10 17
4 5 10 18
4 5 10 19
4 5 10 20
4 5 10 21
4 5 10 22
4 5 10 23
4 5 10 24
4 6 10 12
4 6 10 13
4 6 10 14
4 6 10 15
4 6 10 16
4 6 10 17
4 6 10 18
4 6 10 19
4 6 10 20
4 6 10 21
4 6 10 22
4 6 10 23
4 6 10 24
4 7 10 12
4 7 10 13
4 7 10 14
4 7 10 15
4 7 10 16
4 7 10 17
4 7 10 18
4 7 10 19
4 7 10 20
4 7 10 21
4 7 10 22
4 7 10 23
4 7 10 24
4 8 10 12
4 8 10 13
4 8 10 14
4 8 10 15
4 8 10 16
4 8 10 17
4 8 10 18
4 8 10 19
4 8 10 20
4 8 10 21
4 8 10 22
4 8 10 23
4 8 10 24
4 9 10 12
4 9 10 13
4 9 10 14
4 9 10 15
4 9 10 16
4 9 10 17
4 9 10 18
4 9 10 19
4 9 10 20
4 9 10 21
4 9 10 22
4 9 10 23
4 9 10 24
4 10 10 12
4 10 10 13
4 10 10 14
4 10 10 15
4 10 10 16
4 10 10 17
4 10 10 18
4 10 10 19
4 10 10 20
4 10 10 21
4 10 10 22
4 10 10 23
4 10 10 24
4 1 11 12
4 1 11 13
4 1 11 14
4 1 11 15
4 1 11 16
4 1 11 17
4 1 11 18
4 1 11 19
4 1 11 20
4 1 11 21
4 1 11 22
4 1 11 23
4 1 11 24
4 2 11 12
4 2 11 13
4 2 11 14
4 2 11 15
4 2 11 16
4 2 11 17
4 2 11 18
4 2 11 19
4 2 11 20
4 2 11 21
4 2 11 22
4 2 11 23
4 2 11 24
4 3 11 12
4 3 11 13
4 3 11 14
4 3 11 15
4 3 11 16
4 3 11 17
4 3 11 18
4 3 11 19
4 3 11 20
4 3 11 21
4 3 11 22
4 3 11 23
4 3 11 24
4 4 11 12
4 4 11 13
4 4 11 14
4 4 11 15
4 4 11 16
4 4 11 17
4 4 11 18
4 4 11 19
4 4 11 20
4 4 11 21
4 4 11 22
4 4 11 23
4 4 11 24
4 5 11 12
4 5 11 13
4 5 11 14
4 5 11 15
4 5 11 16
4 5 11 17
4 5 11 18
4 5 11 19
4 5 11 20
4 5 11 21
4 5 11 22
4 5 11 23
4 5 11 24
4 6 11 12
4 6 11 13
4 6 11 14
4 6 11 15
4 6 11 16
4 6 11 17
4 6 11 18
4 6 11 19
4 6 11 20
4 6 11 21
4 6 11 22
4 6 11 23
4 6 11 24
4 7 11 12
4 7 11 13
4 7 11 14
4 7 11 15
4 7 11 16
4 7 11 17
4 7 11 18
4 7 11 19
4 7 11 20
4 7 11 21
4 7 11 22
4 7 11 23
4 7 11 24
4 8 11 12
4 8 11 13
4 8 11 14
4 8 11 15
4 8 11 16
4 8 11 17
4 8 11 18
4 8 11 19
4 8 11 20
4 8 11 21
4 8 11 22
4 8 11 23
4 8 11 24
4 9 11 12
4 9 11 13
4 9 11 14
4 9 11 15
4 9 11 16
4 9 11 17
4 9 11 18
4 9 11 19
4 9 11 20
4 9 11 21
4 9 11 22
4 9 11 23
4 9 11 24
4 10 11 12
4 10 11 13
4 10 11 14
4 10 11 15
4 10 11 16
4 10 11 17
4 10 11 18
4 10 11 19
4 10 11 20
4 10 11 21
4 10 11 22
4 10 11 23
4 10 11 24
4 1 12 12
4 1 12 13
4 1 12 14
4 1 12 15
4 1 12 16
4 1 12 17
4 1 12 18
4 1 12 19
4 1 12 20
4 1 12 21
4 1 12 22
4 1 12 23
4 1 12 24
4 2 12 12
4 2 12 13
4 2 12 14
4 2 12 15
4 2 12 16
4 2 12 17
4 2 12 18
4 2 12 19
4 2 12 20
4 2 12 21
4 2 12 22
4 2 12 23
4 2 12 24
4 3 12 12
4 3 12 13
4 3 12 14
4 3 12 15
4 3 12 16
4 3 12 17
4 3 12 18
4 3 12 19
4 3 12 20
4 3 12 21
4 3 12 22
4 3 12 23
4 3 12 24
4 4 12 12
4 4 12 13
4 4 12 14
4 4 12 15
4 4 12 16
4 4 12 17
4 4 12 18
4 4 12 19
4 4 12 20
4 4 12 21
4 4 12 22
4 4 12 23
4 4 12 24
4 5 12 12
4 5 12 13
4 5 12 14
4 5 12 15
4 5 12 16
4 5 12 17
4 5 12 18
4 5 12 19
4 5 12 20
4 5 12 21
4 5 12 22
4 5 12 23
4 5 12 24
4 6 12 12
4 6 12 13
4 6 12 14
4 6 12 15
4 6 12 16
4 6 12 17
4 6 12 18
4 6 12 19
4 6 12 20
4 6 12 21
4 6 12 22
4 6 12 23
4 6 12 24
4 7 12 12
4 7 12 13
4 7 12 14
4 7 12 15
4 7 12 16
4 7 12 17
4 7 12 18
4 7 12 19
4 7 12 20
4 7 12 21
4 7 12 22
4 7 12 23
4 7 12 24
4 8 12 12
4 8 12 13
4 8 12 14
4 8 12 15
4 8 12 16
4 8 12 17
4 8 12 18
4 8 12 19
4 8 12 20
4 8 12 21
4 8 12 22
4 8 12 23
4 8 12 24
4 9 12 12
4 9 12 13
4 9 12 14
4 9 12 15
4 9 12 16
4 9 12 17
4 9 12 18
4 9 12 19
4 9 12 20
4 9 12 21
4 9 12 22
4 9 12 23
4 9 12 24
4 10 12 12
4 10 12 13
4 10 12 14
4 10 12 15
4 10 12 16
4 10 12 17
4 10 12 18
4 10 12 19
4 10 12 20
4 10 12 21
4 10 12 22
4 10 12 23
4 10 12 24
4 1 13 12
4 1 13 13
4 1 13 14
4 1 13 15
4 1 13 16
4 1 13 17
4 1 13 18
4 1 13 19
4 1 13 20
4 1 13 21
4 1 13 22
4 1 13 23
4 1 13 24
4 2 13 12
4 2 13 13
4 2 13 14
4 2 13 15
4 2 13 16
4 2 13 17
4 2 13 18
4 2 13 19
4 2 13 20
4 2 13 21
4 2 13 22
4 2 13 23
4 2 13 24
4 3 13 12
4 3 13 13
4 3 13 14
4 3 13 15
4 3 13 16
4 3 13 17
4 3 13 18
4 3 13 19
4 3 13 20
4 3 13 21
4 3 13 22
4 3 13 23
4 3 13 24
4 4 13 12
4 4 13 13
4 4 13 14
4 4 13 15
4 4 13 16
4 4 13 17
4 4 13 18
4 4 13 19
4 4 13 20
4 4 13 21
4 4 13 22
4 4 13 23
4 4 13 24
4 5 13 12
4 5 13 13
4 5 13 14
4 5 13 15
4 5 13 16
4 5 13 17
4 5 13 18
4 5 13 19
4 5 13 20
4 5 13 21
4 5 13 22
4 5 13 23
4 5 13 24
4 6 13 12
4 6 13 13
4 6 13 14
4 6 13 15
4 6 13 16
4 6 13 17
4 6 13 18
4 6 13 19
4 6 13 20
4 6 13 21
4 6 13 22
4 6 13 23
4 6 13 24
4 7 13 12
4 7 13 13
4 7 13 14
4 7 13 15
4 7 13 16
4 7 13 17
4 7 13 18
4 7 13 19
4 7 13 20
4 7 13 21
4 7 13 22
4 7 13 23
4 7 13 24
4 8 13 12
4 8 13 13
4 8 13 14
4 8 13 15
4 8 13 16
4 8 13 17
4 8 13 18
4 8 13 19
4 8 13 20
4 8 13 21
4 8 13 22
4 8 13 23
4 8 13 24
4 9 13 12
4 9 13 13
4 9 13 14
4 9 13 15
4 9 13 16
4 9 13 17
4 9 13 18
4 9 13 19
4 9 13 20
4 9 13 21
4 9 13 22
4 9 13 23
4 9 13 24
4 10 13 12
4 10 13 13
4 10 13 14
4 10 13 15
4 10 13 16
4 10 13 17
4 10 13 18
4 10 13 19
4 10 13 20
4 10 13 21
4 10 13 22
4 10 13 23
4 10 13 24
5 1 8 12
5 1 8 13
5 1 8 14
5 1 8 15
5 1 8 16
5 1 8 17
5 1 8 18
5 1 8 19
5 1 8 20
5 1 8 21
5 1 8 22
5 1 8 23
5 1 8 24
5 2 8 12
5 2 8 13
5 2 8 14
5 2 8 15
5 2 8 16
5 2 8 17
5 2 8 18
5 2 8 19
5 2 8 20
5 2 8 21
5 2 8 22
5 2 8 23
5 2 8 24
5 3 8 12
5 3 8 13
5 3 8 14
5 3 8 15
5 3 8 16
5 3 8 17
5 3 8 18
5 3 8 19
5 3 8 20
5 3 8 21
5 3 8 22
5 3 8 23
5 3 8 24
5 4 8 12
5 4 8 13
5 4 8 14
5 4 8 15
5 4 8 16
5 4 8 17
5 4 8 18
5 4 8 19
5 4 8 20
5 4 8 21
5 4 8 22
5 4 8 23
5 4 8 24
5 5 8 12
5 5 8 13
5 5 8 14
5 5 8 15
5 5 8 16
5 5 8 17
5 5 8 18
5 5 8 19
5 5 8 20
5 5 8 21
5 5 8 22
5 5 8 23
5 5 8 24
5 6 8 12
5 6 8 13
5 6 8 14
5 6 8 15
5 6 8 16
5 6 8 17
5 6 8 18
5 6 8 19
5 6 8 20
5 6 8 21
5 6 8 22
5 6 8 23
5 6 8 24
5 7 8 12
5 7 8 13
5 7 8 14
5 7 8 15
5 7 8 16
5 7 8 17
5 7 8 18
5 7 8 19
5 7 8 20
5 7 8 21
5 7 8 22
5 7 8 23
5 7 8 24
5 8 8 12
5 8 8 13
5 8 8 14
5 8 8 15
5 8 8 16
5 8 8 17
5 8 8 18
5 8 8 19
5 8 8 20
5 8 8 21
5 8 8 22
5 8 8 23
5 8 8 24
5 9 8 12
5 9 8 13
5 9 8 14
5 9 8 15
5 9 8 16
5 9 8 17
5 9 8 18
5 9 8 19
5 9 8 20
5 9 8 21
5 9 8 22
5 9 8 23
5 9 8 24
5 10 8 12
5 10 8 13
5 10 8 14
5 10 8 15
5 10 8 16
5 10 8 17
5 10 8 18
5 10 8 19
5 10 8 20
5 10 8 21
5 10 8 22
5 10 8 23
5 10 8 24
5 1 9 12
5 1 9 13
5 1 9 14
5 1 9 15
5 1 9 16
5 1 9 17
5 1 9 18
5 1 9 19
5 1 9 20
5 1 9 21
5 1 9 22
5 1 9 23
5 1 9 24
5 2 9 12
5 2 9 13
5 2 9 14
5 2 9 15
5 2 9 16
5 2 9 17
5 2 9 18
5 2 9 19
5 2 9 20
5 2 9 21
5 2 9 22
5 2 9 23
5 2 9 24
5 3 9 12
5 3 9 13
5 3 9 14
5 3 9 15
5 3 9 16
5 3 9 17
5 3 9 18
5 3 9 19
5 3 9 20
5 3 9 21
5 3 9 22
5 3 9 23
5 3 9 24
5 4 9 12
5 4 9 13
5 4 9 14
5 4 9 15
5 4 9 16
5 4 9 17
5 4 9 18
5 4 9 19
5 4 9 20
5 4 9 21
5 4 9 22
5 4 9 23
5 4 9 24
5 5 9 12
5 5 9 13
5 5 9 14
5 5 9 15
5 5 9 16
5 5 9 17
5 5 9 18
5 5 9 19
5 5 9 20
5 5 9 21
5 5 9 22
5 5 9 23
5 5 9 24
5 6 9 12
5 6 9 13
5 6 9 14
5 6 9 15
5 6 9 16
5 6 9 17
5 6 9 18
5 6 9 19
5 6 9 20
5 6 9 21
5 6 9 22
5 6 9 23
5 6 9 24
5 7 9 12
5 7 9 13
5 7 9 14
5 7 9 15
5 7 9 16
5 7 9 17
5 7 9 18
5 7 9 19
5 7 9 20
5 7 9 21
5 7 9 22
5 7 9 23
5 7 9 24
5 8 9 12
5 8 9 13
5 8 9 14
5 8 9 15
5 8 9 16
5 8 9 17
5 8 9 18
5 8 9 19
5 8 9 20
5 8 9 21
5 8 9 22
5 8 9 23
5 8 9 24
5 9 9 12
5 9 9 13
5 9 9 14
5 9 9 15
5 9 9 16
5 9 9 17
5 9 9 18
5 9 9 19
5 9 9 20
5 9 9 21
5 9 9 22
5 9 9 23
5 9 9 24
5 10 9 12
5 10 9 13
5 10 9 14
5 10 9 15
5 10 9 16
5 10 9 17
5 10 9 18
5 10 9 19
5 10 9 20
5 10 9 21
5 10 9 22
5 10 9 23
5 10 9 24
5 1 10 12
5 1 10 13
5 1 10 14
5 1 10 15
5 1 10 16
5 1 10 17
5 1 10 18
5 1 10 19
5 1 10 20
5 1 10 21
5 1 10 22
5 1 10 23
5 1 10 24
5 2 10 12
5 2 10 13
5 2 10 14
5 2 10 15
5 2 10 16
5 2 10 17
5 2 10 18
5 2 10 19
5 2 10 20
5 2 10 21
5 2 10 22
5 2 10 23
5 2 10 24
5 3 10 12
5 3 10 13
5 3 10 14
5 3 10 15
5 3 10 16
5 3 10 17
5 3 10 18
5 3 10 19
5 3 10 20
5 3 10 21
5 3 10 22
5 3 10 23
5 3 10 24
5 4 10 12
5 4 10 13
5 4 10 14
5 4 10 15
5 4 10 16
5 4 10 17
5 4 10 18
5 4 10 19
5 4 10 20
5 4 10 21
5 4 10 22
5 4 10 23
5 4 10 24
5 5 10 12
5 5 10 13
5 5 10 14
5 5 10 15
5 5 10 16
5 5 10 17
5 5 10 18
5 5 10 19
5 5 10 20
5 5 10 21
5 5 10 22
5 5 10 23
5 5 10 24
5 6 10 12
5 6 10 13
5 6 10 14
5 6 10 15
5 6 10 16
5 6 10 17
5 6 10 18
5 6 10 19
5 6 10 20
5 6 10 21
5 6 10 22
5 6 10 23
5 6 10 24
5 7 10 12
5 7 10 13
5 7 10 14
5 7 10 15
5 7 10 16
5 7 10 17
5 7 10 18
5 7 10 19
5 7 10 20
5 7 10 21
5 7 10 22
5 7 10 23
5 7 10 24
5 8 10 12
5 8 10 13
5 8 10 14
5 8 10 15
5 8 10 16
5 8 10 17
5 8 10 18
5 8 10 19
5 8 10 20
5 8 10 21
5 8 10 22
5 8 10 23
5 8 10 24
5 9 10 12
5 9 10 13
5 9 10 14
5 9 10 15
5 9 10 16
5 9 10 17
5 9 10 18
5 9 10 19
5 9 10 20
5 9 10 21
5 9 10 22
5 9 10 23
5 9 10 24
5 10 10 12
5 10 10 13
5 10 10 14
5 10 10 15
5 10 10 16
5 10 10 17
5 10 10 18
5 10 10 19
5 10 10 20
5 10 10 21
5 10 10 22
5 10 10 23
5 10 10 24
5 1 11 12
5 1 11 13
5 1 11 14
5 1 11 15
5 1 11 16
5 1 11 17
5 1 11 18
5 1 11 19
5 1 11 20
5 1 11 21
5 1 11 22
5 1 11 23
5 1 11 24
5 2 11 12
5 2 11 13
5 2 11 14
5 2 11 15
5 2 11 16
5 2 11 17
5 2 11 18
5 2 11 19
5 2 11 20
5 2 11 21
5 2 11 22
5 2 11 23
5 2 11 24
5 3 11 12
5 3 11 13
5 3 11 14
5 3 11 15
5 3 11 16
5 3 11 17
5 3 11 18
5 3 11 19
5 3 11 20
5 3 11 21
5 3 11 22
5 3 11 23
5 3 11 24
5 4 11 12
5 4 11 13
5 4 11 14
5 4 11 15
5 4 11 16
5 4 11 17
5 4 11 18
5 4 11 19
5 4 11 20
5 4 11 21
5 4 11 22
5 4 11 23
5 4 11 24
5 5 11 12
5 5 11 13
5 5 11 14
5 5 11 15
5 5 11 16
5 5 11 17
5 5 11 18
5 5 11 19
5 5 11 20
5 5 11 21
5 5 11 22
5 5 11 23
5 5 11 24
5 6 11 12
5 6 11 13
5 6 11 14
5 6 11 15
5 6 11 16
5 6 11 17
5 6 11 18
5 6 11 19
5 6 11 20
5 6 11 21
5 6 11 22
5 6 11 23
5 6 11 24
5 7 11 12
5 7 11 13
5 7 11 14
5 7 11 15
5 7 11 16
5 7 11 17
5 7 11 18
5 7 11 19
5 7 11 20
5 7 11 21
5 7 11 22
5 7 11 23
5 7 11 24
5 8 11 12
5 8 11 13
5 8 11 14
5 8 11 15
5 8 11 16
5 8 11 17
5 8 11 18
5 8 11 19
5 8 11 20
5 8 11 21
5 8 11 22
5 8 11 23
5 8 11 24
5 9 11 12
5 9 11 13
5 9 11 14
5 9 11 15
5 9 11 16
5 9 11 17
5 9 11 18
5 9 11 19
5 9 11 20
5 9 11 21
5 9 11 22
5 9 11 23
5 9 11 24
5 10 11 12
5 10 11 13
5 10 11 14
5 10 11 15
5 10 11 16
5 10 11 17
5 10 11 18
5 10 11 19
5 10 11 20
5 10 11 21
5 10 11 22
5 10 11 23
5 10 11 24
5 1 12 12
5 1 12 13
5 1 12 14
5 1 12 15
5 1 12 16
5 1 12 17
5 1 12 18
5 1 12 19
5 1 12 20
5 1 12 21
5 1 12 22
5 1 12 23
5 1 12 24
5 2 12 12
5 2 12 13
5 2 12 14
5 2 12 15
5 2 12 16
5 2 12 17
5 2 12 18
5 2 12 19
5 2 12 20
5 2 12 21
5 2 12 22
5 2 12 23
5 2 12 24
5 3 12 12
5 3 12 13
5 3 12 14
5 3 12 15
5 3 12 16
5 3 12 17
5 3 12 18
5 3 12 19
5 3 12 20
5 3 12 21
5 3 12 22
5 3 12 23
5 3 12 24
5 4 12 12
5 4 12 13
5 4 12 14
5 4 12 15
5 4 12 16
5 4 12 17
5 4 12 18
5 4 12 19
5 4 12 20
5 4 12 21
5 4 12 22
5 4 12 23
5 4 12 24
5 5 12 12
5 5 12 13
5 5 12 14
5 5 12 15
5 5 12 16
5 5 12 17
5 5 12 18
5 5 12 19
5 5 12 20
5 5 12 21
5 5 12 22
5 5 12 23
5 5 12 24
5 6 12 12
5 6 12 13
5 6 12 14
5 6 12 15
5 6 12 16
5 6 12 17
5 6 12 18
5 6 12 19
5 6 12 20
5 6 12 21
5 6 12 22
5 6 12 23
5 6 12 24
5 7 12 12
5 7 12 13
5 7 12 14
5 7 12 15
5 7 12 16
5 7 12 17
5 7 12 18
5 7 12 19
5 7 12 20
5 7 12 21
5 7 12 22
5 7 12 23
5 7 12 24
5 8 12 12
5 8 12 13
5 8 12 14
5 8 12 15
5 8 12 16
5 8 12 17
5 8 12 18
5 8 12 19
5 8 12 20
5 8 12 21
5 8 12 22
5 8 12 23
5 8 12 24
5 9 12 12
5 9 12 13
5 9 12 14
5 9 12 15
5 9 12 16
5 9 12 17
5 9 12 18
5 9 12 19
5 9 12 20
5 9 12 21
5 9 12 22
5 9 12 23
5 9 12 24
5 10 12 12
5 10 12 13
5 10 12 14
5 10 12 15
5 10 12 16
5 10 12 17
5 10 12 18
5 10 12 19
5 10 12 20
5 10 12 21
5 10 12 22
5 10 12 23
5 10 12 24
5 1 13 12
5 1 13 13
5 1 13 14
5 1 13 15
5 1 13 16
5 1 13 17
5 1 13 18
5 1 13 19
5 1 13 20
5 1 13 21
5 1 13 22
5 1 13 23
5 1 13 24
5 2 13 12
5 2 13 13
5 2 13 14
5 2 13 15
5 2 13 16
5 2 13 17
5 2 13 18
5 2 13 19
5 2 13 20
5 2 13 21
5 2 13 22
5 2 13 23
5 2 13 24
5 3 13 12
5 3 13 13
5 3 13 14
5 3 13 15
5 3 13 16
5 3 13 17
5 3 13 18
5 3 13 19
5 3 13 20
5 3 13 21
5 3 13 22
5 3 13 23
5 3 13 24
5 4 13 12
5 4 13 13
5 4 13 14
5 4 13 15
5 4 13 16
5 4 13 17
5 4 13 18
5 4 13 19
5 4 13 20
5 4 13 21
5 4 13 22
5 4 13 23
5 4 13 24
5 5 13 12
5 5 13 13
5 5 13 14
5 5 13 15
5 5 13 16
5 5 13 17
5 5 13 18
5 5 13 19
5 5 13 20
5 5 13 21
5 5 13 22
5 5 13 23
5 5 13 24
5 6 13 12
5 6 13 13
5 6 13 14
5 6 13 15
5 6 13 16
5 6 13 17
5 6 13 18
5 6 13 19
5 6 13 20
5 6 13 21
5 6 13 22
5 6 13 23
5 6 13 24
5 7 13 12
5 7 13 13
5 7 13 14
5 7 13 15
5 7 13 16
5 7 13 17
5 7 13 18
5 7 13 19
5 7 13 20
5 7 13 21
5 7 13 22
5 7 13 23
5 7 13 24
5 8 13 12
5 8 13 13
5 8 13 14
5 8 13 15
5 8 13 16
5 8 13 17
5 8 13 18
5 8 13 19
5 8 13 20
5 8 13 21
5 8 13 22
5 8 13 23
5 8 13 24
5 9 13 12
5 9 13 13
5 9 13 14
5 9 13 15
5 9 13 16
5 9 13 17
5 9 13 18
5 9 13 19
5 9 13 20
5 9 13 21
5 9 13 22
5 9 13 23
5 9 13 24
5 10 13 12
5 10 13 13
5 10 13 14
5 10 13 15
5 10 13 16
5 10 13 17
5 10 13 18
5 10 13 19
5 10 13 20
5 10 13 21
5 10 13 22
5 10 13 23
5 10 13 24
6 1 8 12
6 1 8 13
6 1 8 14
6 1 8 15
6 1 8 16
6 1 8 17
6 1 8 18
6 1 8 19
6 1 8 20
6 1 8 21
6 1 8 22
6 1 8 23
6 1 8 24
6 2 8 12
6 2 8 13
6 2 8 14
6 2 8 15
6 2 8 16
6 2 8 17
6 2 8 18
6 2 8 19
6 2 8 20
6 2 8 21
6 2 8 22
6 2 8 23
6 2 8 24
6 3 8 12
6 3 8 13
6 3 8 14
6 3 8 15
6 3 8 16
6 3 8 17
6 3 8 18
6 3 8 19
6 3 8 20
6 3 8 21
6 3 8 22
6 3 8 23
6 3 8 24
6 4 8 12
6 4 8 13
6 4 8 14
6 4 8 15
6 4 8 16
6 4 8 17
6 4 8 18
6 4 8 19
6 4 8 20
6 4 8 21
6 4 8 22
6 4 8 23
6 4 8 24
6 5 8 12
6 5 8 13
6 5 8 14
6 5 8 15
6 5 8 16
6 5 8 17
6 5 8 18
6 5 8 19
6 5 8 20
6 5 8 21
6 5 8 22
6 5 8 23
6 5 8 24
6 6 8 12
6 6 8 13
6 6 8 14
6 6 8 15
6 6 8 16
6 6 8 17
6 6 8 18
6 6 8 19
6 6 8 20
6 6 8 21
6 6 8 22
6 6 8 23
6 6 8 24
6 7 8 12
6 7 8 13
6 7 8 14
6 7 8 15
6 7 8 16
6 7 8 17
6 7 8 18
6 7 8 19
6 7 8 20
6 7 8 21
6 7 8 22
6 7 8 23
6 7 8 24
6 8 8 12
6 8 8 13
6 8 8 14
6 8 8 15
6 8 8 16
6 8 8 17
6 8 8 18
6 8 8 19
6 8 8 20
6 8 8 21
6 8 8 22
6 8 8 23
6 8 8 24
6 9 8 12
6 9 8 13
6 9 8 14
6 9 8 15
6 9 8 16
6 9 8 17
6 9 8 18
6 9 8 19
6 9 8 20
6 9 8 21
6 9 8 22
6 9 8 23
6 9 8 24
6 10 8 12
6 10 8 13
6 10 8 14
6 10 8 15
6 10 8 16
6 10 8 17
6 10 8 18
6 10 8 19
6 10 8 20
6 10 8 21
6 10 8 22
6 10 8 23
6 10 8 24
6 1 9 12
6 1 9 13
6 1 9 14
6 1 9 15
6 1 9 16
6 1 9 17
6 1 9 18
6 1 9 19
6 1 9 20
6 1 9 21
6 1 9 22
6 1 9 23
6 1 9 24
6 2 9 12
6 2 9 13
6 2 9 14
6 2 9 15
6 2 9 16
6 2 9 17
6 2 9 18
6 2 9 19
6 2 9 20
6 2 9 21
6 2 9 22
6 2 9 23
6 2 9 24
6 3 9 12
6 3 9 13
6 3 9 14
6 3 9 15
6 3 9 16
6 3 9 17
6 3 9 18
6 3 9 19
6 3 9 20
6 3 9 21
6 3 9 22
6 3 9 23
6 3 9 24
6 4 9 12
6 4 9 13
6 4 9 14
6 4 9 15
6 4 9 16
6 4 9 17
6 4 9 18
6 4 9 19
6 4 9 20
6 4 9 21
6 4 9 22
6 4 9 23
6 4 9 24
6 5 9 12
6 5 9 13
6 5 9 14
6 5 9 15
6 5 9 16
6 5 9 17
6 5 9 18
6 5 9 19
6 5 9 20
6 5 9 21
6 5 9 22
6 5 9 23
6 5 9 24
6 6 9 12
6 6 9 13
6 6 9 14
6 6 9 15
6 6 9 16
6 6 9 17
6 6 9 18
6 6 9 19
6 6 9 20
6 6 9 21
6 6 9 22
6 6 9 23
6 6 9 24
6 7 9 12
6 7 9 13
6 7 9 14
6 7 9 15
6 7 9 16
6 7 9 17
6 7 9 18
6 7 9 19
6 7 9 20
6 7 9 21
6 7 9 22
6 7 9 23
6 7 9 24
6 8 9 12
6 8 9 13
6 8 9 14
6 8 9 15
6 8 9 16
6 8 9 17
6 8 9 18
6 8 9 19
6 8 9 20
6 8 9 21
6 8 9 22
6 8 9 23
6 8 9 24
6 9 9 12
6 9 9 13
6 9 9 14
6 9 9 15
6 9 9 16
6 9 9 17
6 9 9 18
6 9 9 19
6 9 9 20
6 9 9 21
6 9 9 22
6 9 9 23
6 9 9 24
6 10 9 12
6 10 9 13
6 10 9 14
6 10 9 15
6 10 9 16
6 10 9 17
6 10 9 18
6 10 9 19
6 10 9 20
6 10 9 21
6 10 9 22
6 10 9 23
6 10 9 24
6 1 10 12
6 1 10 13
6 1 10 14
6 1 10 15
6 1 10 16
6 1 10 17
6 1 10 18
6 1 10 19
6 1 10 20
6 1 10 21
6 1 10 22
6 1 10 23
6 1 10 24
6 2 10 12
6 2 10 13
6 2 10 14
6 2 10 15
6 2 10 16
6 2 10 17
6 2 10 18
6 2 10 19
6 2 10 20
6 2 10 21
6 2 10 22
6 2 10 23
6 2 10 24
6 3 10 12
6 3 10 13
6 3 10 14
6 3 10 15
6 3 10 16
6 3 10 17
6 3 10 18
6 3 10 19
6 3 10 20
6 3 10 21
6 3 10 22
6 3 10 23
6 3 10 24
6 4 10 12
6 4 10 13
6 4 10 14
6 4 10 15
6 4 10 16
6 4 10 17
6 4 10 18
6 4 10 19
6 4 10 20
6 4 10 21
6 4 10 22
6 4 10 23
6 4 10 24
6 5 10 12
6 5 10 13
6 5 10 14
6 5 10 15
6 5 10 16
6 5 10 17
6 5 10 18
6 5 10 19
6 5 10 20
6 5 10 21
6 5 10 22
6 5 10 23
6 5 10 24
6 6 10 12
6 6 10 13
6 6 10 14
6 6 10 15
6 6 10 16
6 6 10 17
6 6 10 18
6 6 10 19
6 6 10 20
6 6 10 21
6 6 10 22
6 6 10 23
6 6 10 24
6 7 10 12
6 7 10 13
6 7 10 14
6 7 10 15
6 7 10 16
6 7 10 17
6 7 10 18
6 7 10 19
6 7 10 20
6 7 10 21
6 7 10 22
6 7 10 23
6 7 10 24
6 8 10 12
6 8 10 13
6 8 10 14
6 8 10 15
6 8 10 16
6 8 10 17
6 8 10 18
6 8 10 19
6 8 10 20
6 8 10 21
6 8 10 22
6 8 10 23
6 8 10 24
6 9 10 12
6 9 10 13
6 9 10 14
6 9 10 15
6 9 10 16
6 9 10 17
6 9 10 18
6 9 10 19
6 9 10 20
6 9 10 21
6 9 10 22
6 9 10 23
6 9 10 24
6 10 10 12
6 10 10 13
6 10 10 14
6 10 10 15
6 10 10 16
6 10 10 17
6 10 10 18
6 10 10 19
6 10 10 20
6 10 10 21
6 10 10 22
6 10 10 23
6 10 10 24
6 1 11 12
6 1 11 13
6 1 11 14
6 1 11 15
6 1 11 16
6 1 11 17
6 1 11 18
6 1 11 19
6 1 11 20
6 1 11 21
6 1 11 22
6 1 11 23
6 1 11 24
6 2 11 12
6 2 11 13
6 2 11 14
6 2 11 15
6 2 11 16
6 2 11 17
6 2 11 18
6 2 11 19
6 2 11 20
6 2 11 21
6 2 11 22
6 2 11 23
6 2 11 24
6 3 11 12
6 3 11 13
6 3 11 14
6 3 11 15
6 3 11 16
6 3 11 17
6 3 11 18
6 3 11 19
6 3 11 20
6 3 11 21
6 3 11 22
6 3 11 23
6 3 11 24
6 4 11 12
6 4 11 13
6 4 11 14
6 4 11 15
6 4 11 16
6 4 11 17
6 4 11 18
6 4 11 19
6 4 11 20
6 4 11 21
6 4 11 22
6 4 11 23
6 4 11 24
6 5 11 12
6 5 11 13
6 5 11 14
6 5 11 15
6 5 11 16
6 5 11 17
6 5 11 18
6 5 11 19
6 5 11 20
6 5 11 21
6 5 11 22
6 5 11 23
6 5 11 24
6 6 11 12
6 6 11 13
6 6 11 14
6 6 11 15
6 6 11 16
6 6 11 17
6 6 11 18
6 6 11 19
6 6 11 20
6 6 11 21
6 6 11 22
6 6 11 23
6 6 11 24
6 7 11 12
6 7 11 13
6 7 11 14
6 7 11 15
6 7 11 16
6 7 11 17
6 7 11 18
6 7 11 19
6 7 11 20
6 7 11 21
6 7 11 22
6 7 11 23
6 7 11 24
6 8 11 12
6 8 11 13
6 8 11 14
6 8 11 15
6 8 11 16
6 8 11 17
6 8 11 18
6 8 11 19
6 8 11 20
6 8 11 21
6 8 11 22
6 8 11 23
6 8 11 24
6 9 11 12
6 9 11 13
6 9 11 14
6 9 11 15
6 9 11 16
6 9 11 17
6 9 11 18
6 9 11 19
6 9 11 20
6 9 11 21
6 9 11 22
6 9 11 23
6 9 11 24
6 10 11 12
6 10 11 13
6 10 11 14
6 10 11 15
6 10 11 16
6 10 11 17
6 10 11 18
6 10 11 19
6 10 11 20
6 10 11 21
6 10 11 22
6 10 11 23
6 10 11 24
6 1 12 12
6 1 12 13
6 1 12 14
6 1 12 15
6 1 12 16
6 1 12 17
6 1 12 18
6 1 12 19
6 1 12 20
6 1 12 21
6 1 12 22
6 1 12 23
6 1 12 24
6 2 12 12
6 2 12 13
6 2 12 14
6 2 12 15
6 2 12 16
6 2 12 17
6 2 12 18
6 2 12 19
6 2 12 20
6 2 12 21
6 2 12 22
6 2 12 23
6 2 12 24
6 3 12 12
6 3 12 13
6 3 12 14
6 3 12 15
6 3 12 16
6 3 12 17
6 3 12 18
6 3 12 19
6 3 12 20
6 3 12 21
6 3 12 22
6 3 12 23
6 3 12 24
6 4 12 12
6 4 12 13
6 4 12 14
6 4 12 15
6 4 12 16
6 4 12 17
6 4 12 18
6 4 12 19
6 4 12 20
6 4 12 21
6 4 12 22
6 4 12 23
6 4 12 24
6 5 12 12
6 5 12 13
6 5 12 14
6 5 12 15
6 5 12 16
6 5 12 17
6 5 12 18
6 5 12 19
6 5 12 20
6 5 12 21
6 5 12 22
6 5 12 23
6 5 12 24
6 6 12 12
6 6 12 13
6 6 12 14
6 6 12 15
6 6 12 16
6 6 12 17
6 6 12 18
6 6 12 19
6 6 12 20
6 6 12 21
6 6 12 22
6 6 12 23
6 6 12 24
6 7 12 12
6 7 12 13
6 7 12 14
6 7 12 15
6 7 12 16
6 7 12 17
6 7 12 18
6 7 12 19
6 7 12 20
6 7 12 21
6 7 12 22
6 7 12 23
6 7 12 24
6 8 12 12
6 8 12 13
6 8 12 14
6 8 12 15
6 8 12 16
6 8 12 17
6 8 12 18
6 8 12 19
6 8 12 20
6 8 12 21
6 8 12 22
6 8 12 23
6 8 12 24
6 9 12 12
6 9 12 13
6 9 12 14
6 9 12 15
6 9 12 16
6 9 12 17
6 9 12 18
6 9 12 19
6 9 12 20
6 9 12 21
6 9 12 22
6 9 12 23
6 9 12 24
6 10 12 12
6 10 12 13
6 10 12 14
6 10 12 15
6 10 12 16
6 10 12 17
6 10 12 18
6 10 12 19
6 10 12 20
6 10 12 21
6 10 12 22
6 10 12 23
6 10 12 24
6 1 13 12
6 1 13 13
6 1 13 14
6 1 13 15
6 1 13 16
6 1 13 17
6 1 13 18
6 1 13 19
6 1 13 20
6 1 13 21
6 1 13 22
6 1 13 23
6 1 13 24
6 2 13 12
6 2 13 13
6 2 13 14
6 2 13 15
6 2 13 16
6 2 13 17
6 2 13 18
6 2 13 19
6 2 13 20
6 2 13 21
6 2 13 22
6 2 13 23
6 2 13 24
6 3 13 12
6 3 13 13
6 3 13 14
6 3 13 15
6 3 13 16
6 3 13 17
6 3 13 18
6 3 13 19
6 3 13 20
6 3 13 21
6 3 13 22
6 3 13 23
6 3 13 24
6 4 13 12
6 4 13 13
6 4 13 14
6 4 13 15
6 4 13 16
6 4 13 17
6 4 13 18
6 4 13 19
6 4 13 20
6 4 13 21
6 4 13 22
6 4 13 23
6 4 13 24
6 5 13 12
6 5 13 13
6 5 13 14
6 5 13 15
6 5 13 16
6 5 13 17
6 5 13 18
6 5 13 19
6 5 13 20
6 5 13 21
6 5 13 22
6 5 13 23
6 5 13 24
6 6 13 12
6 6 13 13
6 6 13 14
6 6 13 15
6 6 13 16
6 6 13 17
6 6 13 18
6 6 13 19
6 6 13 20
6 6 13 21
6 6 13 22
6 6 13 23
6 6 13 24
6 7 13 12
6 7 13 13
6 7 13 14
6 7 13 15
6 7 13 16
6 7 13 17
6 7 13 18
6 7 13 19
6 7 13 20
6 7 13 21
6 7 13 22
6 7 13 23
6 7 13 24
6 8 13 12
6 8 13 13
6 8 13 14
6 8 13 15
6 8 13 16
6 8 13 17
6 8 13 18
6 8 13 19
6 8 13 20
6 8 13 21
6 8 13 22
6 8 13 23
6 8 13 24
6 9 13 12
6 9 13 13
6 9 13 14
6 9 13 15
6 9 13 16
6 9 13 17
6 9 13 18
6 9 13 19
6 9 13 20
6 9 13 21
6 9 13 22
6 9 13 23
6 9 13 24
6 10 13 12
6 10 13 13
6 10 13 14
6 10 13 15
6 10 13 16
6 10 13 17
6 10 13 18
6 10 13 19
6 10 13 20
6 10 13 21
6 10 13 22
6 10 13 23
6 10 13 24
