10 20
00111111111111111110
11111111110000000010
11111111111111110010
11111111111111110010
11111111111111111111
10100000001111111111
10100000001111111111
11111111111111111111
00000000000100001000
00000000000111111000
61
1 3 5 19
1 4 5 19
1 5 5 19
1 6 5 19
1 7 5 19
1 8 5 19
1 9 5 19
1 10 5 19
1 3 8 19
2 1 8 3
3 1 8 3
3 1 8 11
3 1 8 12
3 1 8 13
3 1 8 14
3 1 8 15
3 1 8 16
3 3 8 11
3 3 8 12
3 3 8 13
3 3 8 14
3 3 8 15
3 3 8 16
4 1 8 3
4 1 8 11
4 1 8 12
4 1 8 13
4 1 8 14
4 1 8 15
4 1 8 16
4 3 8 11
4 3 8 12
4 3 8 13
4 3 8 14
4 3 8 15
4 3 8 16
5 1 8 3
5 1 8 11
5 1 8 12
5 1 8 13
5 1 8 14
5 1 8 15
5 1 8 16
5 1 8 17
5 1 8 18
5 1 8 19
5 1 8 20
5 3 8 11
5 3 8 12
5 3 8 13
5 3 8 14
5 3 8 15
5 3 8 16
5 3 8 17
5 3 8 18
5 3 8 19
5 3 8 20
5 12 10 17
6 12 10 17
7 12 10 17
8 12 10 17
