20 18
000000000000000000
000000000000011110
000000000000010010
011111111100010010
011000001101111010
011000001111111110
011000001111011110
011111111111011110
011111111111111110
010001111111111110
010001101111011110
010001101111111110
010001111111111111
011111111111111111
000011100111111111
000011111111111011
000011000101111011
000011111100010011
000010000000010011
000011111111111111
450
2 14 6 17
2 14 7 17
2 14 8 17
2 14 9 17
2 14 10 17
2 14 11 17
2 14 12 17
2 14 13 17
2 14 14 17
2 14 15 17
2 14 20 17
4 2 8 9
4 2 8 10
4 3 8 9
4 3 8 10
4 2 9 9
4 2 9 10
4 3 9 9
4 3 9 10
4 2 14 9
4 2 14 10
5 12 9 14
5 12 9 15
5 12 10 14
5 12 10 15
5 12 12 14
5 12 12 15
5 12 13 14
5 12 13 15
5 12 14 14
5 12 14 15
5 12 15 14
5 12 15 15
5 12 16 14
5 12 16 15
5 12 17 14
5 12 17 15
6 9 9 14
6 9 9 15
6 9 9 16
6 9 9 17
6 10 9 14
6 10 9 15
6 10 9 16
6 10 9 17
6 11 9 14
6 11 9 15
6 11 9 16
6 11 9 17
6 12 9 14
6 12 9 15
6 12 9 16
6 12 9 17
6 9 10 14
6 9 10 15
6 9 10 16
6 9 10 17
6 10 10 14
6 10 10 15
6 10 10 16
6 10 10 17
6 11 10 14
6 11 10 15
6 11 10 16
6 11 10 17
6 12 10 14
6 12 10 15
6 12 10 16
6 12 10 17
6 9 12 14
6 9 12 15
6 9 12 16
6 9 12 17
6 10 12 14
6 10 12 15
6 10 12 16
6 10 12 17
6 11 12 14
6 11 12 15
6 11 12 16
6 11 12 17
6 12 12 14
6 12 12 15
6 12 12 16
6 12 12 17
6 9 13 14
6 9 13 15
6 9 13 16
6 9 13 17
6 10 13 14
6 10 13 15
6 10 13 16
6 10 13 17
6 11 13 14
6 11 13 15
6 11 13 16
6 11 13 17
6 12 13 14
6 12 13 15
6 12 13 16
6 12 13 17
6 9 14 14
6 9 14 15
6 9 14 16
6 9 14 17
6 10 14 14
6 10 14 15
6 10 14 16
6 10 14 17
6 11 14 14
6 11 14 15
6 11 14 16
6 11 14 17
6 12 14 14
6 12 14 15
6 12 14 16
6 12 14 17
6 10 15 14
6 10 15 15
6 10 15 16
6 10 15 17
6 11 15 14
6 11 15 15
6 11 15 16
6 11 15 17
6 12 15 14
6 12 15 15
6 12 15 16
6 12 15 17
6 10 16 14
6 10 16 15
6 11 16 14
6 11 16 15
6 12 16 14
6 12 16 15
6 12 17 14
6 12 17 15
6 14 20 17
7 14 20 17
8 6 13 9
8 6 13 10
8 6 13 11
8 6 13 12
8 7 13 9
8 7 13 10
8 7 13 11
8 7 13 12
8 2 14 6
8 2 14 7
8 2 14 9
8 2 14 10
8 2 14 11
8 2 14 12
8 6 14 9
8 6 14 10
8 6 14 11
8 6 14 12
8 7 14 9
8 7 14 10
8 7 14 11
8 7 14 12
8 6 16 10
8 6 16 11
8 6 16 12
8 7 16 10
8 7 16 11
8 7 16 12
8 6 18 10
8 14 20 17
9 9 12 14
9 9 12 15
9 9 12 16
9 9 12 17
9 10 12 14
9 10 12 15
9 10 12 16
9 10 12 17
9 11 12 14
9 11 12 15
9 11 12 16
9 11 12 17
9 12 12 14
9 12 12 15
9 12 12 16
9 12 12 17
9 6 13 9
9 6 13 10
9 6 13 11
9 6 13 12
9 6 13 14
9 6 13 15
9 6 13 16
9 6 13 17
9 7 13 9
9 7 13 10
9 7 13 11
9 7 13 12
9 7 13 14
9 7 13 15
9 7 13 16
9 7 13 17
9 9 13 14
9 9 13 15
9 9 13 16
9 9 13 17
9 10 13 14
9 10 13 15
9 10 13 16
9 10 13 17
9 11 13 14
9 11 13 15
9 11 13 16
9 11 13 17
9 12 13 14
9 12 13 15
9 12 13 16
9 12 13 17
9 2 14 6
9 2 14 7
9 2 14 9
9 2 14 10
9 2 14 11
9 2 14 12
9 2 14 14
9 2 14 15
9 2 14 16
9 2 14 17
9 6 14 9
9 6 14 10
9 6 14 11
9 6 14 12
9 6 14 14
9 6 14 15
9 6 14 16
9 6 14 17
9 7 14 9
9 7 14 10
9 7 14 11
9 7 14 12
9 7 14 14
9 7 14 15
9 7 14 16
9 7 14 17
9 9 14 14
9 9 14 15
9 9 14 16
9 9 14 17
9 10 14 14
9 10 14 15
9 10 14 16
9 10 14 17
9 11 14 14
9 11 14 15
9 11 14 16
9 11 14 17
9 12 14 14
9 12 14 15
9 12 14 16
9 12 14 17
9 10 15 14
9 10 15 15
9 10 15 16
9 10 15 17
9 11 15 14
9 11 15 15
9 11 15 16
9 11 15 17
9 12 15 14
9 12 15 15
9 12 15 16
9 12 15 17
9 6 16 10
9 6 16 11
9 6 16 12
9 6 16 14
9 6 16 15
9 7 16 10
9 7 16 11
9 7 16 12
9 7 16 14
9 7 16 15
9 10 16 14
9 10 16 15
9 11 16 14
9 11 16 15
9 12 16 14
9 12 16 15
9 12 17 14
9 12 17 15
9 6 18 10
9 14 20 17
10 9 12 14
10 9 12 15
10 9 12 16
10 9 12 17
10 10 12 14
10 10 12 15
10 10 12 16
10 10 12 17
10 11 12 14
10 11 12 15
10 11 12 16
10 11 12 17
10 12 12 14
10 12 12 15
10 12 12 16
10 12 12 17
10 6 13 9
10 6 13 10
10 6 13 11
10 6 13 12
10 6 13 14
10 6 13 15
10 6 13 16
10 6 13 17
10 7 13 9
10 7 13 10
10 7 13 11
10 7 13 12
10 7 13 14
10 7 13 15
10 7 13 16
10 7 13 17
10 9 13 14
10 9 13 15
10 9 13 16
10 9 13 17
10 10 13 14
10 10 13 15
10 10 13 16
10 10 13 17
10 11 13 14
10 11 13 15
10 11 13 16
10 11 13 17
10 12 13 14
10 12 13 15
10 12 13 16
10 12 13 17
10 6 14 9
10 6 14 10
10 6 14 11
10 6 14 12
10 6 14 14
10 6 14 15
10 6 14 16
10 6 14 17
10 7 14 9
10 7 14 10
10 7 14 11
10 7 14 12
10 7 14 14
10 7 14 15
10 7 14 16
10 7 14 17
10 9 14 14
10 9 14 15
10 9 14 16
10 9 14 17
10 10 14 14
10 10 14 15
10 10 14 16
10 10 14 17
10 11 14 14
10 11 14 15
10 11 14 16
10 11 14 17
10 12 14 14
10 12 14 15
10 12 14 16
10 12 14 17
10 10 15 14
10 10 15 15
10 10 15 16
10 10 15 17
10 11 15 14
10 11 15 15
10 11 15 16
10 11 15 17
10 12 15 14
10 12 15 15
10 12 15 16
10 12 15 17
10 6 16 10
10 6 16 11
10 6 16 12
10 6 16 14
10 6 16 15
10 7 16 10
10 7 16 11
10 7 16 12
10 7 16 14
10 7 16 15
10 10 16 14
10 10 16 15
10 11 16 14
10 11 16 15
10 12 16 14
10 12 16 15
10 12 17 14
10 12 17 15
10 6 18 10
10 14 20 17
11 14 20 17
12 14 20 17
13 6 16 10
13 6 16 11
13 6 16 12
13 6 16 13
13 6 16 14
13 6 16 15
13 7 16 10
13 7 16 11
13 7 16 12
13 7 16 13
13 7 16 14
13 7 16 15
13 6 18 10
13 14 20 17
13 14 20 18
14 5 16 10
14 5 16 11
14 5 16 12
14 5 16 13
14 5 16 14
14 5 16 15
14 6 16 10
14 6 16 11
14 6 16 12
14 6 16 13
14 6 16 14
14 6 16 15
14 7 16 10
14 7 16 11
14 7 16 12
14 7 16 13
14 7 16 14
14 7 16 15
14 5 18 10
14 6 18 10
14 5 20 14
14 5 20 17
14 5 20 18
14 14 20 17
14 14 20 18
15 14 20 17
15 14 20 18
16 5 18 10
16 6 18 10
16 5 20 14
