13 13
0011111111111
0010001111111
0010111111011
0010101111011
0010101111111
0010101111011
0011111111011
0010101111111
0011101111111
0011111111111
0010001101111
0010001111111
0011111101110
187
1 7 5 12
1 7 5 13
1 8 5 12
1 8 5 13
1 9 5 12
1 9 5 13
1 10 5 12
1 10 5 13
1 3 7 7
1 3 7 8
1 3 7 9
1 3 7 10
1 7 8 12
1 7 8 13
1 8 8 12
1 8 8 13
1 9 8 12
1 9 8 13
1 10 8 12
1 10 8 13
1 7 9 12
1 7 9 13
1 8 9 12
1 8 9 13
1 9 9 12
1 9 9 13
1 10 9 12
1 10 9 13
1 3 10 7
1 3 10 8
1 3 10 9
1 3 10 10
1 3 10 12
1 3 10 13
1 7 10 12
1 7 10 13
1 8 10 12
1 8 10 13
1 9 10 12
1 9 10 13
1 10 10 12
1 10 10 13
1 10 11 12
1 10 11 13
1 7 12 10
1 7 12 12
1 7 12 13
1 8 12 10
1 8 12 12
1 8 12 13
1 10 12 12
1 10 12 13
1 3 13 7
1 3 13 8
1 10 13 12
2 7 5 12
2 7 5 13
2 8 5 12
2 8 5 13
2 9 5 12
2 9 5 13
2 10 5 12
2 10 5 13
2 7 8 12
2 7 8 13
2 8 8 12
2 8 8 13
2 9 8 12
2 9 8 13
2 10 8 12
2 10 8 13
2 7 9 12
2 7 9 13
2 8 9 12
2 8 9 13
2 9 9 12
2 9 9 13
2 10 9 12
2 10 9 13
2 7 10 12
2 7 10 13
2 8 10 12
2 8 10 13
2 9 10 12
2 9 10 13
2 10 10 12
2 10 10 13
2 10 11 12
2 10 11 13
2 7 12 10
2 7 12 12
2 7 12 13
2 8 12 10
2 8 12 12
2 8 12 13
2 10 12 12
2 10 12 13
2 10 13 12
3 5 7 7
3 5 7 8
3 5 7 9
3 5 7 10
3 5 10 7
3 5 10 8
3 5 10 9
3 5 10 10
3 7 12 10
3 8 12 10
4 7 12 10
4 8 12 10
5 7 8 12
5 7 8 13
5 8 8 12
5 8 8 13
5 9 8 12
5 9 8 13
5 10 8 12
5 10 8 13
5 7 9 12
5 7 9 13
5 8 9 12
5 8 9 13
5 9 9 12
5 9 9 13
5 10 9 12
5 10 9 13
5 7 10 12
5 7 10 13
5 8 10 12
5 8 10 13
5 9 10 12
5 9 10 13
5 10 10 12
5 10 10 13
5 10 11 12
5 10 11 13
5 7 12 10
5 7 12 12
5 7 12 13
5 8 12 10
5 8 12 12
5 8 12 13
5 10 12 12
5 10 12 13
5 10 13 12
6 7 12 10
6 8 12 10
7 3 9 5
7 3 10 5
7 3 10 7
7 3 10 8
7 3 10 9
7 3 10 10
7 5 10 7
7 5 10 8
7 5 10 9
7 5 10 10
7 7 12 10
7 8 12 10
7 3 13 7
7 3 13 8
8 7 12 10
8 7 12 11
8 7 12 12
8 7 12 13
8 8 12 10
8 8 12 11
8 8 12 12
8 8 12 13
9 7 12 10
9 7 12 11
9 7 12 12
9 7 12 13
9 8 12 10
9 8 12 11
9 8 12 12
9 8 12 13
10 7 12 10
10 7 12 11
10 7 12 12
10 7 12 13
10 8 12 10
10 8 12 11
10 8 12 12
10 8 12 13
10 3 13 7
10 3 13 8
