24 22
0000000000000000000000
0000000000000000000000
0000000000000000011111
0000000000000000010001
0001111111111111110001
0001000000000000110001
0001111111111111110001
0001111111111111110001
0001001111111111111001
0001001110000000111001
0001011111111111111001
0001010010000000111001
0001010010000000111001
0001010010001110111001
0001010010001010111111
0001111111111111111000
1111111111101010011000
1000010010101010011000
1000010010101110011000
1000010011111111111000
1000010000100000010000
1000010000100000010000
1111111111100000010000
0000011111111111110000
86
3 18 15 22
5 4 7 17
5 4 7 18
5 4 8 17
5 4 8 18
5 4 16 17
5 4 16 18
7 7 11 17
7 7 11 18
7 8 11 17
7 8 11 18
7 9 11 17
7 9 11 18
7 4 16 9
7 4 16 17
7 4 16 18
7 9 16 17
7 9 16 18
7 4 17 9
7 9 20 18
8 7 11 17
8 7 11 18
8 8 11 17
8 8 11 18
8 9 11 17
8 9 11 18
8 4 16 9
8 4 16 17
8 4 16 18
8 9 16 17
8 9 16 18
8 4 17 9
8 9 20 18
9 7 11 17
9 7 11 18
9 7 11 19
9 8 11 17
9 8 11 18
9 8 11 19
9 9 11 17
9 9 11 18
9 9 11 19
9 9 16 17
9 9 16 18
9 9 16 19
9 9 20 18
9 9 20 19
11 6 16 9
11 6 16 17
11 6 16 18
11 6 16 19
11 9 16 17
11 9 16 18
11 9 16 19
11 6 17 9
11 9 20 18
11 9 20 19
11 6 24 18
14 13 16 15
14 13 19 15
14 13 20 15
16 13 19 15
16 9 20 11
16 9 20 13
16 9 20 15
16 9 20 18
16 9 20 19
16 11 20 13
16 11 20 15
16 11 20 18
16 11 20 19
16 13 20 15
16 13 20 18
16 13 20 19
16 15 20 18
16 15 20 19
16 6 23 11
16 6 24 11
16 6 24 18
16 11 24 18
17 9 20 11
17 1 23 6
17 1 23 11
17 6 23 11
17 6 24 11
20 11 24 18
