14 10
0000000000
0000000111
0011111101
0011111111
0011111111
1111111111
1111110111
1111111111
1111111101
1011111001
1111111111
0011001000
0011111000
0001111000
118
2 8 4 10
2 8 5 10
2 8 6 10
2 8 7 10
2 8 8 10
3 3 8 8
3 4 8 8
3 5 8 8
3 6 8 8
3 3 9 8
3 4 9 8
3 5 9 8
3 6 9 8
4 3 8 8
4 3 8 9
4 3 8 10
4 4 8 8
4 4 8 9
4 4 8 10
4 5 8 8
4 5 8 9
4 5 8 10
4 6 8 8
4 6 8 9
4 6 8 10
4 3 9 8
4 4 9 8
4 5 9 8
4 6 9 8
4 3 11 10
4 4 11 10
4 5 11 10
4 6 11 10
5 3 8 8
5 3 8 9
5 3 8 10
5 4 8 8
5 4 8 9
5 4 8 10
5 5 8 8
5 5 8 9
5 5 8 10
5 6 8 8
5 6 8 9
5 6 8 10
5 3 9 8
5 4 9 8
5 5 9 8
5 6 9 8
5 3 11 10
5 4 11 10
5 5 11 10
5 6 11 10
6 1 8 8
6 1 8 9
6 1 8 10
6 2 8 8
6 2 8 9
6 2 8 10
6 3 8 8
6 3 8 9
6 3 8 10
6 4 8 8
6 4 8 9
6 4 8 10
6 5 8 8
6 5 8 9
6 5 8 10
6 6 8 8
6 6 8 9
6 6 8 10
6 1 9 8
6 2 9 8
6 3 9 8
6 4 9 8
6 5 9 8
6 6 9 8
6 1 11 3
6 1 11 4
6 1 11 5
6 1 11 6
6 1 11 10
6 3 11 10
6 4 11 10
6 5 11 10
6 6 11 10
7 1 11 3
7 1 11 4
7 1 11 5
7 1 11 6
8 1 11 3
8 1 11 4
8 1 11 5
8 1 11 6
8 1 11 7
8 1 11 10
8 3 11 10
8 4 11 10
8 5 11 10
8 6 11 10
8 7 11 10
8 3 13 7
8 4 13 7
8 4 14 7
9 1 11 3
9 1 11 4
9 1 11 5
9 1 11 6
9 1 11 7
9 3 13 7
9 4 13 7
9 4 14 7
10 3 13 7
10 4 13 7
10 4 14 7
11 3 13 7
11 4 13 7
11 4 14 7
