20 17
00000111111111100
00000100111000100
00000100101000100
00000100111100100
00000111111111100
00000000111100000
00000000111100000
00000000111100000
00111111110100000
00100000110100000
00100000110100000
00100000110100000
00111111110100000
00000000010100000
00000000010100000
00000000011100000
00000000000000000
00000000000000000
00000000000000000
00000000000000000
22
1 9 4 11
1 6 5 9
1 6 5 11
1 6 5 15
1 9 5 11
1 9 5 15
1 11 5 15
1 9 6 11
1 9 7 11
1 9 8 11
2 9 4 11
2 9 5 11
2 9 6 11
2 9 7 11
2 9 8 11
4 10 16 12
5 10 16 12
6 10 16 12
7 10 16 12
8 10 16 12
9 3 13 9
9 3 13 10
