18 12
000000000000
000111111111
000100011001
011111111111
010111111011
010100011011
010100011011
111111111111
110111110110
111111111110
010000000010
010000000010
011111000010
011001000010
011111111110
001001000000
001001000000
001111000000
69
2 4 4 8
2 4 4 9
2 4 4 12
2 8 4 12
2 9 4 12
2 4 5 8
2 4 5 9
2 4 8 8
2 4 8 9
2 4 8 12
2 8 8 12
2 9 8 12
2 4 9 8
2 4 10 8
4 2 8 4
4 2 8 8
4 2 8 9
4 2 8 11
4 2 8 12
4 4 8 8
4 4 8 9
4 4 8 11
4 4 8 12
4 8 8 11
4 8 8 12
4 9 8 11
4 9 8 12
4 4 9 8
4 2 10 4
4 2 10 8
4 2 10 11
4 4 10 8
4 4 10 11
4 8 10 11
4 2 15 11
5 4 8 8
5 4 8 9
5 4 9 8
5 4 10 8
8 1 10 4
8 1 10 5
8 1 10 6
8 1 10 7
8 1 10 8
8 1 10 10
8 1 10 11
8 2 10 4
8 2 10 5
8 2 10 6
8 2 10 7
8 2 10 8
8 2 10 10
8 2 10 11
8 4 10 10
8 4 10 11
8 5 10 10
8 5 10 11
8 6 10 10
8 6 10 11
8 7 10 10
8 7 10 11
8 8 10 10
8 8 10 11
8 2 15 11
10 2 15 11
13 2 15 6
13 3 15 6
13 3 18 6
15 3 18 6
