25 25
0001111111100000000000000
0001111111111111111000000
0001000000100000001000000
0001000000100000001000000
0001111111111111111000000
0001000000100000000000000
0001000000100000000000000
0001000000100000000000000
0001000000100000000000000
0001000000100000000000000
0001111111100000000000000
0000011111111111000000000
0000010000000001000000000
0000010000000001000000000
0000010000000001000000000
0000010000000001000000000
0000010000000001000000000
0000010000000001000000000
0000010000000001000000000
0000010000000001000000000
0000011111111111000000000
0000000000000000000000000
0000000000000000000000000
0000000000000000000000000
0000000000000000000000000
8
1 4 5 11
1 4 11 11
2 4 5 11
2 4 5 19
2 11 5 19
2 4 11 11
5 4 11 11
12 6 21 16
