17 15
011111111111100
010000000000100
011111111110100
010000000010100
010000000010100
010000000010100
011111111111100
010000001010000
011111111111100
010000111110100
010000101010100
011111111111111
010000100010001
011111111111111
000000111110000
000000000000000
000000000000000
39
1 2 7 13
3 2 7 11
3 2 9 11
3 2 12 11
3 2 14 11
7 2 9 9
7 2 9 11
7 9 9 11
7 9 10 11
7 2 12 9
7 2 12 11
7 9 12 11
7 2 14 11
9 2 12 7
9 2 12 9
9 2 12 11
9 2 12 13
9 7 12 9
9 7 12 11
9 7 12 13
9 9 12 11
9 9 12 13
9 11 12 13
9 2 14 7
9 2 14 11
9 7 14 11
9 7 15 11
10 7 12 9
10 7 12 11
10 9 12 11
10 7 14 11
10 7 15 11
12 2 14 7
12 2 14 11
12 2 14 15
12 7 14 11
12 7 14 15
12 11 14 15
12 7 15 11
