20 21
011100000000000000000
010100000000000000000
010100011111111111100
010100010011111111100
010100010010100011100
010100010010100011100
010100010010100011100
010100010010100011100
010100010010100011100
010100010010100011100
010100010010100011100
010100010011111111100
111111111111111111100
110101111111111111100
111101111111111111100
111111111111111111100
001001011111111111100
001001000000100001000
001001000000100001000
001111000000111111000
167
1 2 13 4
1 2 15 4
1 2 16 4
3 11 12 13
3 11 12 17
3 11 12 18
3 11 12 19
3 13 12 17
3 13 12 18
3 13 12 19
3 8 13 11
3 8 13 13
3 8 13 17
3 8 13 18
3 8 13 19
3 11 13 13
3 11 13 17
3 11 13 18
3 11 13 19
3 13 13 17
3 13 13 18
3 13 13 19
3 8 14 11
3 8 14 13
3 8 14 17
3 8 14 18
3 8 14 19
3 11 14 13
3 11 14 17
3 11 14 18
3 11 14 19
3 13 14 17
3 13 14 18
3 13 14 19
3 8 15 11
3 8 15 13
3 8 15 17
3 8 15 18
3 8 15 19
3 11 15 13
3 11 15 17
3 11 15 18
3 11 15 19
3 13 15 17
3 13 15 18
3 13 15 19
3 8 16 11
3 8 16 13
3 8 16 17
3 8 16 18
3 8 16 19
3 11 16 13
3 11 16 17
3 11 16 18
3 11 16 19
3 13 16 17
3 13 16 18
3 13 16 19
3 8 17 11
3 8 17 13
3 8 17 17
3 8 17 18
3 8 17 19
3 11 17 13
3 11 17 17
3 11 17 18
3 11 17 19
3 13 17 17
3 13 17 18
3 13 17 19
3 13 20 18
4 11 12 13
4 11 12 17
4 11 12 18
4 11 12 19
4 13 12 17
4 13 12 18
4 13 12 19
4 11 13 13
4 11 13 17
4 11 13 18
4 11 13 19
4 13 13 17
4 13 13 18
4 13 13 19
4 11 14 13
4 11 14 17
4 11 14 18
4 11 14 19
4 13 14 17
4 13 14 18
4 13 14 19
4 11 15 13
4 11 15 17
4 11 15 18
4 11 15 19
4 13 15 17
4 13 15 18
4 13 15 19
4 11 16 13
4 11 16 17
4 11 16 18
4 11 16 19
4 13 16 17
4 13 16 18
4 13 16 19
4 11 17 13
4 11 17 17
4 11 17 18
4 11 17 19
4 13 17 17
4 13 17 18
4 13 17 19
4 13 20 18
12 13 20 18
13 1 15 4
13 2 15 4
13 1 16 4
13 1 16 6
13 1 16 7
13 1 16 8
13 1 16 9
13 1 16 10
13 1 16 11
13 1 16 12
13 1 16 13
13 1 16 14
13 1 16 15
13 1 16 16
13 1 16 17
13 1 16 18
13 1 16 19
13 2 16 4
13 2 16 6
13 2 16 7
13 2 16 8
13 2 16 9
13 2 16 10
13 2 16 11
13 2 16 12
13 2 16 13
13 2 16 14
13 2 16 15
13 2 16 16
13 2 16 17
13 2 16 18
13 2 16 19
13 4 16 6
13 4 16 7
13 4 16 8
13 4 16 9
13 4 16 10
13 4 16 11
13 4 16 12
13 4 16 13
13 4 16 14
13 4 16 15
13 4 16 16
13 4 16 17
13 4 16 18
13 4 16 19
13 13 20 18
14 13 20 18
15 13 20 18
16 3 20 6
16 13 20 18
17 13 20 18
