20 23
00000000000000000000000
00000000001111111000000
00000000001001001000000
00000000001001001111110
00000111101001111110010
00000100101001101010010
01111111111111111010010
01000111101111111111110
01000000001001111111110
01000000001001111010010
01111111111001111010010
11111111111001111010010
11111111111111111010010
10100000011001101010010
11111111111101101010010
00100001001111111111110
00100001001101111010000
00100001111100100010000
00100000001000111110000
00111111111000000000000
146
2 14 5 17
2 11 7 14
2 11 7 17
2 14 7 17
2 11 8 14
2 11 8 17
2 14 8 17
2 14 9 17
2 14 10 17
2 14 11 17
2 14 12 17
2 11 13 14
2 11 13 17
2 14 13 17
2 11 16 14
2 11 16 17
2 14 16 17
2 14 17 17
4 17 8 19
4 17 8 22
4 19 8 22
4 17 9 19
4 17 9 22
4 19 9 22
4 17 16 19
4 17 16 22
4 19 16 22
5 6 7 9
5 14 7 17
5 15 7 17
5 6 8 9
5 14 8 17
5 14 8 19
5 15 8 17
5 15 8 19
5 17 8 19
5 14 9 17
5 14 9 19
5 15 9 17
5 15 9 19
5 17 9 19
5 14 10 17
5 15 10 17
5 14 11 17
5 15 11 17
5 14 12 17
5 15 12 17
5 14 13 17
5 15 13 17
5 14 16 17
5 14 16 19
5 15 16 17
5 15 16 19
5 17 16 19
5 14 17 17
5 15 17 17
5 15 19 19
7 2 11 11
7 2 12 11
7 2 13 11
7 2 13 14
7 2 13 15
7 2 13 16
7 2 13 17
7 11 13 14
7 11 13 15
7 11 13 16
7 11 13 17
7 11 16 14
7 11 16 15
7 11 16 17
7 14 16 17
7 15 16 17
7 14 17 17
7 15 17 17
8 11 13 14
8 11 13 15
8 11 13 16
8 11 13 17
8 11 16 14
8 11 16 15
8 11 16 17
8 11 16 19
8 11 16 22
8 14 16 17
8 14 16 19
8 14 16 22
8 15 16 17
8 15 16 19
8 15 16 22
8 17 16 19
8 17 16 22
8 19 16 22
8 14 17 17
8 15 17 17
8 15 19 19
9 14 16 17
9 14 16 19
9 14 16 22
9 15 16 17
9 15 16 19
9 15 16 22
9 17 16 19
9 17 16 22
9 19 16 22
9 14 17 17
9 15 17 17
9 15 19 19
10 14 16 17
10 15 16 17
10 14 17 17
10 15 17 17
11 3 15 10
11 3 15 11
11 14 16 17
11 15 16 17
11 14 17 17
11 15 17 17
11 3 20 11
12 1 15 3
12 1 15 10
12 1 15 11
12 3 15 10
12 3 15 11
12 14 16 17
12 15 16 17
12 14 17 17
12 15 17 17
12 3 20 11
13 1 15 3
13 1 15 10
13 1 15 11
13 3 15 10
13 3 15 11
13 11 16 14
13 11 16 15
13 11 16 17
13 14 16 17
13 15 16 17
13 14 17 17
13 15 17 17
13 3 20 11
15 8 18 11
15 8 18 12
15 3 20 11
16 15 19 19
