10 10
0111111000
0110101000
0110111111
1111111001
1111111111
1111111100
1100110100
1111110100
1111110100
0000111100
49
1 5 3 7
1 2 4 5
1 2 4 7
1 3 4 5
1 3 4 7
1 5 4 7
1 2 5 5
1 2 5 7
1 3 5 5
1 3 5 7
1 5 5 7
1 2 6 5
1 2 6 7
1 3 6 5
1 3 6 7
1 5 6 7
1 2 8 5
1 2 9 5
3 5 5 10
3 6 5 10
3 7 5 10
4 1 8 5
4 1 8 6
4 2 8 5
4 2 8 6
4 1 9 5
4 1 9 6
4 2 9 5
4 2 9 6
5 1 8 5
5 1 8 6
5 2 8 5
5 2 8 6
5 1 9 5
5 1 9 6
5 2 9 5
5 2 9 6
5 5 10 8
5 6 10 8
6 1 8 5
6 1 8 6
6 2 8 5
6 2 8 6
6 1 9 5
6 1 9 6
6 2 9 5
6 2 9 6
6 5 10 8
6 6 10 8
