16 16
0000111111100000
0000101111111100
0000101011111100
0001111111111111
0001111111111111
0111111111111111
0101101100100001
0101101100100001
0111101111110001
0001111111110001
0000111111111001
0000111111111001
0000010111111111
0000011111111000
0000001100010000
0000001111110000
151
1 5 4 7
1 5 4 9
1 5 4 10
1 5 4 11
1 7 4 9
1 7 4 10
1 7 4 11
1 5 5 7
1 5 5 9
1 5 5 10
1 5 5 11
1 7 5 9
1 7 5 10
1 7 5 11
1 5 6 7
1 5 6 9
1 5 6 10
1 5 6 11
1 7 6 9
1 7 6 10
1 7 6 11
1 7 9 11
1 5 10 7
1 5 10 11
1 7 10 11
1 5 11 7
1 5 11 11
1 7 11 11
1 5 12 7
1 5 12 11
1 7 12 11
2 7 4 9
2 7 4 10
2 7 4 11
2 7 4 12
2 7 4 13
2 7 4 14
2 7 5 9
2 7 5 10
2 7 5 11
2 7 5 12
2 7 5 13
2 7 5 14
2 7 6 9
2 7 6 10
2 7 6 11
2 7 6 12
2 7 6 13
2 7 6 14
2 7 9 11
2 7 10 11
2 7 11 11
2 7 12 11
4 7 9 11
4 8 9 11
4 4 10 7
4 4 10 8
4 4 10 11
4 5 10 7
4 5 10 8
4 5 10 11
4 7 10 11
4 8 10 11
4 5 11 7
4 5 11 8
4 5 11 11
4 7 11 11
4 8 11 11
4 5 12 7
4 5 12 8
4 5 12 11
4 7 12 11
4 8 12 11
4 8 13 11
4 8 13 16
4 11 13 16
4 8 14 11
5 7 9 11
5 8 9 11
5 4 10 7
5 4 10 8
5 4 10 11
5 5 10 7
5 5 10 8
5 5 10 11
5 7 10 11
5 8 10 11
5 5 11 7
5 5 11 8
5 5 11 11
5 7 11 11
5 8 11 11
5 5 12 7
5 5 12 8
5 5 12 11
5 7 12 11
5 8 12 11
5 8 13 11
5 8 13 16
5 11 13 16
5 8 14 11
6 2 9 4
6 2 9 5
6 7 9 11
6 8 9 11
6 4 10 7
6 4 10 8
6 4 10 11
6 5 10 7
6 5 10 8
6 5 10 11
6 7 10 11
6 8 10 11
6 5 11 7
6 5 11 8
6 5 11 11
6 7 11 11
6 8 11 11
6 5 12 7
6 5 12 8
6 5 12 11
6 7 12 11
6 8 12 11
6 8 13 11
6 8 13 16
6 11 13 16
6 8 14 11
9 8 16 12
10 6 14 8
10 6 14 9
10 6 14 10
10 6 14 11
10 6 14 12
10 8 16 12
11 6 14 8
11 6 14 9
11 6 14 10
11 6 14 11
11 6 14 12
11 6 14 13
11 8 16 12
12 6 14 8
12 6 14 9
12 6 14 10
12 6 14 11
12 6 14 12
12 6 14 13
12 8 16 12
13 8 16 12
14 7 16 12
14 8 16 12
