19 18
000000000000000000
111100000111110000
100111111111110000
100110111111111111
100111111111110001
100111111111111001
100110111111111001
100111111111111111
100111111111011010
100111111111111010
100111111011011010
100111111111011010
100111001001011010
100111111111111110
100110001001011000
111110001111111000
000111111111110000
000000000000000000
000000000000000000
556
2 10 10 14
2 11 10 14
2 12 10 14
2 12 14 14
2 1 16 4
2 12 16 14
2 12 17 14
3 4 5 7
3 4 5 8
3 4 5 9
3 4 5 10
3 4 5 11
3 4 5 12
3 4 5 13
3 4 5 14
3 5 5 7
3 5 5 8
3 5 5 9
3 5 5 10
3 5 5 11
3 5 5 12
3 5 5 13
3 5 5 14
3 4 6 7
3 4 6 8
3 4 6 9
3 4 6 10
3 4 6 11
3 4 6 12
3 4 6 13
3 4 6 14
3 5 6 7
3 5 6 8
3 5 6 9
3 5 6 10
3 5 6 11
3 5 6 12
3 5 6 13
3 5 6 14
3 4 8 7
3 4 8 8
3 4 8 9
3 4 8 10
3 4 8 11
3 4 8 12
3 4 8 13
3 4 8 14
3 5 8 7
3 5 8 8
3 5 8 9
3 5 8 10
3 5 8 11
3 5 8 12
3 5 8 13
3 5 8 14
3 4 9 7
3 4 9 8
3 4 9 9
3 4 9 10
3 4 9 11
3 4 9 12
3 5 9 7
3 5 9 8
3 5 9 9
3 5 9 10
3 5 9 11
3 5 9 12
3 4 10 7
3 4 10 8
3 4 10 9
3 4 10 10
3 4 10 11
3 4 10 12
3 4 10 14
3 5 10 7
3 5 10 8
3 5 10 9
3 5 10 10
3 5 10 11
3 5 10 12
3 5 10 14
3 7 10 14
3 8 10 14
3 9 10 14
3 10 10 14
3 11 10 14
3 12 10 14
3 4 11 7
3 4 11 8
3 4 11 9
3 5 11 7
3 5 11 8
3 5 11 9
3 4 12 7
3 4 12 8
3 4 12 9
3 4 12 11
3 4 12 12
3 5 12 7
3 5 12 8
3 5 12 9
3 5 12 11
3 5 12 12
3 7 12 11
3 7 12 12
3 8 12 11
3 8 12 12
3 9 12 11
3 9 12 12
3 4 14 9
3 4 14 12
3 4 14 14
3 5 14 9
3 5 14 12
3 5 14 14
3 9 14 12
3 9 14 14
3 12 14 14
3 9 16 12
3 9 16 14
3 12 16 14
3 4 17 9
3 4 17 12
3 4 17 14
3 5 17 9
3 5 17 12
3 5 17 14
3 9 17 12
3 9 17 14
3 12 17 14
4 7 8 18
4 8 8 18
4 9 8 18
4 10 8 18
4 11 8 18
4 12 8 18
4 13 8 18
4 14 8 18
4 7 10 14
4 8 10 14
4 9 10 14
4 10 10 14
4 11 10 14
4 12 10 14
4 7 12 11
4 7 12 12
4 8 12 11
4 8 12 12
4 9 12 11
4 9 12 12
4 9 14 12
4 9 14 14
4 12 14 14
4 9 16 12
4 9 16 14
4 12 16 14
4 9 17 12
4 9 17 14
4 12 17 14
5 4 8 7
5 4 8 8
5 4 8 9
5 4 8 10
5 4 8 11
5 4 8 12
5 4 8 13
5 4 8 14
5 5 8 7
5 5 8 8
5 5 8 9
5 5 8 10
5 5 8 11
5 5 8 12
5 5 8 13
5 5 8 14
5 4 9 7
5 4 9 8
5 4 9 9
5 4 9 10
5 4 9 11
5 4 9 12
5 5 9 7
5 5 9 8
5 5 9 9
5 5 9 10
5 5 9 11
5 5 9 12
5 4 10 7
5 4 10 8
5 4 10 9
5 4 10 10
5 4 10 11
5 4 10 12
5 4 10 14
5 5 10 7
5 5 10 8
5 5 10 9
5 5 10 10
5 5 10 11
5 5 10 12
5 5 10 14
5 7 10 14
5 8 10 14
5 9 10 14
5 10 10 14
5 11 10 14
5 12 10 14
5 4 11 7
5 4 11 8
5 4 11 9
5 5 11 7
5 5 11 8
5 5 11 9
5 4 12 7
5 4 12 8
5 4 12 9
5 4 12 11
5 4 12 12
5 5 12 7
5 5 12 8
5 5 12 9
5 5 12 11
5 5 12 12
5 7 12 11
5 7 12 12
5 8 12 11
5 8 12 12
5 9 12 11
5 9 12 12
5 4 14 9
5 4 14 12
5 4 14 14
5 5 14 9
5 5 14 12
5 5 14 14
5 9 14 12
5 9 14 14
5 12 14 14
5 9 16 12
5 9 16 14
5 12 16 14
5 4 17 9
5 4 17 12
5 4 17 14
5 5 17 9
5 5 17 12
5 5 17 14
5 9 17 12
5 9 17 14
5 12 17 14
6 4 8 7
6 4 8 8
6 4 8 9
6 4 8 10
6 4 8 11
6 4 8 12
6 4 8 13
6 4 8 14
6 4 8 15
6 5 8 7
6 5 8 8
6 5 8 9
6 5 8 10
6 5 8 11
6 5 8 12
6 5 8 13
6 5 8 14
6 5 8 15
6 4 9 7
6 4 9 8
6 4 9 9
6 4 9 10
6 4 9 11
6 4 9 12
6 5 9 7
6 5 9 8
6 5 9 9
6 5 9 10
6 5 9 11
6 5 9 12
6 4 10 7
6 4 10 8
6 4 10 9
6 4 10 10
6 4 10 11
6 4 10 12
6 4 10 14
6 4 10 15
6 5 10 7
6 5 10 8
6 5 10 9
6 5 10 10
6 5 10 11
6 5 10 12
6 5 10 14
6 5 10 15
6 7 10 14
6 7 10 15
6 8 10 14
6 8 10 15
6 9 10 14
6 9 10 15
6 10 10 14
6 10 10 15
6 11 10 14
6 11 10 15
6 12 10 14
6 12 10 15
6 4 11 7
6 4 11 8
6 4 11 9
6 5 11 7
6 5 11 8
6 5 11 9
6 4 12 7
6 4 12 8
6 4 12 9
6 4 12 11
6 4 12 12
6 5 12 7
6 5 12 8
6 5 12 9
6 5 12 11
6 5 12 12
6 7 12 11
6 7 12 12
6 8 12 11
6 8 12 12
6 9 12 11
6 9 12 12
6 4 14 9
6 4 14 12
6 4 14 14
6 4 14 15
6 5 14 9
6 5 14 12
6 5 14 14
6 5 14 15
6 9 14 12
6 9 14 14
6 9 14 15
6 12 14 14
6 12 14 15
6 9 16 12
6 9 16 14
6 9 16 15
6 12 16 14
6 12 16 15
6 4 17 9
6 4 17 12
6 4 17 14
6 5 17 9
6 5 17 12
6 5 17 14
6 9 17 12
6 9 17 14
6 12 17 14
7 7 10 14
7 7 10 15
7 8 10 14
7 8 10 15
7 9 10 14
7 9 10 15
7 10 10 14
7 10 10 15
7 11 10 14
7 11 10 15
7 12 10 14
7 12 10 15
7 7 12 11
7 7 12 12
7 8 12 11
7 8 12 12
7 9 12 11
7 9 12 12
7 9 14 12
7 9 14 14
7 9 14 15
7 12 14 14
7 12 14 15
7 9 16 12
7 9 16 14
7 9 16 15
7 12 16 14
7 12 16 15
7 9 17 12
7 9 17 14
7 12 17 14
8 4 10 14
8 4 10 15
8 5 10 14
8 5 10 15
8 6 10 14
8 6 10 15
8 7 10 14
8 7 10 15
8 8 10 14
8 8 10 15
8 9 10 14
8 9 10 15
8 10 10 14
8 10 10 15
8 11 10 14
8 11 10 15
8 12 10 14
8 12 10 15
8 4 12 11
8 4 12 12
8 5 12 11
8 5 12 12
8 6 12 11
8 6 12 12
8 7 12 11
8 7 12 12
8 8 12 11
8 8 12 12
8 9 12 11
8 9 12 12
8 4 14 9
8 4 14 12
8 4 14 14
8 4 14 15
8 4 14 17
8 5 14 9
8 5 14 12
8 5 14 14
8 5 14 15
8 5 14 17
8 6 14 9
8 6 14 12
8 6 14 14
8 6 14 15
8 6 14 17
8 9 14 12
8 9 14 14
8 9 14 15
8 9 14 17
8 12 14 14
8 12 14 15
8 12 14 17
8 14 14 17
8 15 14 17
8 9 16 12
8 9 16 14
8 9 16 15
8 12 16 14
8 12 16 15
8 4 17 9
8 4 17 12
8 4 17 14
8 5 17 9
8 5 17 12
8 5 17 14
8 9 17 12
8 9 17 14
8 12 17 14
9 4 12 11
9 4 12 12
9 5 12 11
9 5 12 12
9 6 12 11
9 6 12 12
9 7 12 11
9 7 12 12
9 8 12 11
9 8 12 12
9 9 12 11
9 9 12 12
9 4 14 9
9 4 14 12
9 5 14 9
9 5 14 12
9 6 14 9
9 6 14 12
9 9 14 12
9 9 16 12
9 4 17 9
9 4 17 12
9 5 17 9
9 5 17 12
9 9 17 12
10 4 12 11
10 4 12 12
10 5 12 11
10 5 12 12
10 6 12 11
10 6 12 12
10 7 12 11
10 7 12 12
10 8 12 11
10 8 12 12
10 9 12 11
10 9 12 12
10 4 14 9
10 4 14 12
10 4 14 14
10 4 14 15
10 5 14 9
10 5 14 12
10 5 14 14
10 5 14 15
10 6 14 9
10 6 14 12
10 6 14 14
10 6 14 15
10 9 14 12
10 9 14 14
10 9 14 15
10 12 14 14
10 12 14 15
10 9 16 12
10 9 16 14
10 9 16 15
10 12 16 14
10 12 16 15
10 4 17 9
10 4 17 12
10 4 17 14
10 5 17 9
10 5 17 12
10 5 17 14
10 9 17 12
10 9 17 14
10 12 17 14
11 4 14 9
11 5 14 9
11 6 14 9
11 4 17 9
11 5 17 9
12 4 14 9
12 4 14 12
12 5 14 9
12 5 14 12
12 6 14 9
12 6 14 12
12 9 14 12
12 9 16 12
12 4 17 9
12 4 17 12
12 5 17 9
12 5 17 12
12 9 17 12
14 9 16 12
14 9 16 14
14 9 16 15
14 12 16 14
14 12 16 15
14 4 17 9
14 4 17 12
14 4 17 14
14 5 17 9
14 5 17 12
14 5 17 14
14 9 17 12
14 9 17 14
14 12 17 14
