16 25
1111111110011110000000000
1000000010010010000000000
1000000010010010000000000
1111111110010010001111000
0000000000010010001001000
0000000000010010001001000
0000000000010010001001000
0011110000010011111111100
0010010000011111011111111
0010010000000001011001101
1111111111111111111111111
1000000000000001111111101
1111111111111111111111001
1111111111111111111111111
1111111111111111111100000
0000000000000000000000000
83
1 1 4 9
1 12 9 15
4 19 8 22
4 19 9 22
4 19 11 22
4 19 12 22
4 19 13 22
4 19 14 22
8 3 11 6
8 16 11 18
8 16 11 19
8 16 11 22
8 16 11 23
8 18 11 22
8 18 11 23
8 19 11 22
8 19 11 23
8 16 12 18
8 16 12 19
8 16 12 22
8 16 12 23
8 18 12 22
8 18 12 23
8 19 12 22
8 19 12 23
8 16 13 18
8 16 13 19
8 16 13 22
8 18 13 22
8 19 13 22
8 16 14 18
8 16 14 19
8 16 14 22
8 18 14 22
8 19 14 22
8 16 15 18
8 16 15 19
9 18 11 22
9 18 11 23
9 18 11 25
9 19 11 22
9 19 11 23
9 19 11 25
9 22 11 25
9 23 11 25
9 18 12 22
9 18 12 23
9 19 12 22
9 19 12 23
9 18 13 22
9 19 13 22
9 18 14 22
9 18 14 25
9 19 14 22
9 19 14 25
9 22 14 25
11 1 13 16
11 1 13 17
11 1 13 18
11 1 13 19
11 1 13 20
11 1 13 21
11 1 13 22
11 1 14 16
11 1 14 17
11 1 14 18
11 1 14 19
11 1 14 20
11 1 14 21
11 1 14 22
11 1 14 25
11 16 14 25
11 17 14 25
11 18 14 25
11 19 14 25
11 20 14 25
11 21 14 25
11 22 14 25
11 1 15 16
11 1 15 17
11 1 15 18
11 1 15 19
11 1 15 20
