25 13
0000000000000
0000000000000
0000000000000
1111100000000
1111111111110
1101111100010
1111100100010
1101100100010
1101100100010
1111111111110
1001100100000
1111100100000
1111111111111
1000110001011
1000110001011
1000110001011
1000110001011
1000111111111
1000110001011
1111110001011
0000010001111
0000010000010
0000011111110
0000000000000
0000000000000
76
4 1 7 4
4 1 7 5
4 2 7 4
4 2 7 5
4 1 10 4
4 1 10 5
4 2 10 4
4 2 10 5
4 1 12 4
4 1 12 5
4 1 13 4
4 1 13 5
4 1 20 5
5 1 7 4
5 1 7 5
5 2 7 4
5 2 7 5
5 1 10 4
5 1 10 5
5 1 10 8
5 1 10 12
5 2 10 4
5 2 10 5
5 2 10 8
5 2 10 12
5 4 10 8
5 4 10 12
5 5 10 8
5 5 10 12
5 8 10 12
5 1 12 4
5 1 12 5
5 1 13 4
5 1 13 5
5 1 13 8
5 4 13 8
5 5 13 8
5 1 20 5
6 4 10 8
6 5 10 8
6 4 13 8
6 5 13 8
7 1 10 4
7 1 10 5
7 2 10 4
7 2 10 5
7 1 12 4
7 1 12 5
7 1 13 4
7 1 13 5
7 1 20 5
10 1 12 4
10 1 12 5
10 1 13 4
10 1 13 5
10 1 13 8
10 4 13 8
10 5 13 8
10 1 20 5
12 1 20 5
13 5 18 10
13 5 18 12
13 5 18 13
13 6 18 10
13 6 18 12
13 6 18 13
13 10 18 12
13 10 18 13
13 1 20 5
13 1 20 6
13 10 21 12
13 10 21 13
13 6 23 12
18 10 21 12
18 10 21 13
18 6 23 12
