23 20
00000000000000000000
00000000000000000000
00000000000000000000
00000000000000000000
00000000000000000000
00000000000000000000
00000000000111111110
00000000000100000010
00000000001111111110
00000000001100000110
00000000001100000110
00000000001100000110
00000000001100000110
01111111111111110110
01000001111111110110
01111111111111110110
00000001001111111110
00000001001000100100
00000001001111111100
00000001000000100000
00000001111111100000
00000000000000000000
00000000000000000000
25
7 12 9 19
7 12 17 19
9 11 17 18
9 11 17 19
9 12 17 18
9 12 17 19
9 11 19 18
14 2 16 8
14 2 16 9
14 2 16 10
14 2 16 11
14 2 16 12
14 2 16 13
14 2 16 14
14 2 16 15
14 2 16 16
14 11 19 15
14 8 21 15
15 11 19 15
15 8 21 15
16 11 19 15
16 8 21 15
17 11 19 15
17 11 19 18
17 15 19 18
