12 24
011111111111111111111111
010111111111111111111111
011111111111111111111111
011111111111011111111111
011111111111111111111111
011111111111111111111111
011111111111111111111011
011111111111111001111011
000110111111111111111111
000110111111111111111111
000111111111111111111111
000000000111111111111110
2589
1 2 3 4
1 2 3 5
1 2 3 6
1 2 3 7
1 2 3 8
1 2 3 9
1 2 3 10
1 2 3 11
1 2 3 12
1 2 3 13
1 2 3 14
1 2 3 15
1 2 3 16
1 2 3 17
1 2 3 18
1 2 3 19
1 2 3 20
1 2 3 21
1 2 3 22
1 2 3 23
1 2 3 24
1 2 4 4
1 2 4 5
1 2 4 6
1 2 4 7
1 2 4 8
1 2 4 9
1 2 4 10
1 2 4 11
1 2 4 12
1 2 5 4
1 2 5 5
1 2 5 6
1 2 5 7
1 2 5 8
1 2 5 9
1 2 5 10
1 2 5 11
1 2 5 12
1 2 5 14
1 2 5 15
1 2 5 16
1 2 5 17
1 2 5 18
1 2 5 19
1 2 5 20
1 2 5 21
1 2 5 22
1 2 5 23
1 2 5 24
1 4 5 14
1 4 5 15
1 4 5 16
1 4 5 17
1 4 5 18
1 4 5 19
1 4 5 20
1 4 5 21
1 4 5 22
1 4 5 23
1 4 5 24
1 5 5 14
1 5 5 15
1 5 5 16
1 5 5 17
1 5 5 18
1 5 5 19
1 5 5 20
1 5 5 21
1 5 5 22
1 5 5 23
1 5 5 24
1 6 5 14
1 6 5 15
1 6 5 16
1 6 5 17
1 6 5 18
1 6 5 19
1 6 5 20
1 6 5 21
1 6 5 22
1 6 5 23
1 6 5 24
1 7 5 14
1 7 5 15
1 7 5 16
1 7 5 17
1 7 5 18
1 7 5 19
1 7 5 20
1 7 5 21
1 7 5 22
1 7 5 23
1 7 5 24
1 8 5 14
1 8 5 15
1 8 5 16
1 8 5 17
1 8 5 18
1 8 5 19
1 8 5 20
1 8 5 21
1 8 5 22
1 8 5 23
1 8 5 24
1 9 5 14
1 9 5 15
1 9 5 16
1 9 5 17
1 9 5 18
1 9 5 19
1 9 5 20
1 9 5 21
1 9 5 22
1 9 5 23
1 9 5 24
1 10 5 14
1 10 5 15
1 10 5 16
1 10 5 17
1 10 5 18
1 10 5 19
1 10 5 20
1 10 5 21
1 10 5 22
1 10 5 23
1 10 5 24
1 11 5 14
1 11 5 15
1 11 5 16
1 11 5 17
1 11 5 18
1 11 5 19
1 11 5 20
1 11 5 21
1 11 5 22
1 11 5 23
1 11 5 24
1 12 5 14
1 12 5 15
1 12 5 16
1 12 5 17
1 12 5 18
1 12 5 19
1 12 5 20
1 12 5 21
1 12 5 22
1 12 5 23
1 12 5 24
1 2 6 4
1 2 6 5
1 2 6 6
1 2 6 7
1 2 6 8
1 2 6 9
1 2 6 10
1 2 6 11
1 2 6 12
1 2 6 14
1 2 6 15
1 2 6 16
1 2 6 17
1 2 6 18
1 2 6 19
1 2 6 20
1 2 6 21
1 2 6 22
1 2 6 23
1 2 6 24
1 4 6 14
1 4 6 15
1 4 6 16
1 4 6 17
1 4 6 18
1 4 6 19
1 4 6 20
1 4 6 21
1 4 6 22
1 4 6 23
1 4 6 24
1 5 6 14
1 5 6 15
1 5 6 16
1 5 6 17
1 5 6 18
1 5 6 19
1 5 6 20
1 5 6 21
1 5 6 22
1 5 6 23
1 5 6 24
1 6 6 14
1 6 6 15
1 6 6 16
1 6 6 17
1 6 6 18
1 6 6 19
1 6 6 20
1 6 6 21
1 6 6 22
1 6 6 23
1 6 6 24
1 7 6 14
1 7 6 15
1 7 6 16
1 7 6 17
1 7 6 18
1 7 6 19
1 7 6 20
1 7 6 21
1 7 6 22
1 7 6 23
1 7 6 24
1 8 6 14
1 8 6 15
1 8 6 16
1 8 6 17
1 8 6 18
1 8 6 19
1 8 6 20
1 8 6 21
1 8 6 22
1 8 6 23
1 8 6 24
1 9 6 14
1 9 6 15
1 9 6 16
1 9 6 17
1 9 6 18
1 9 6 19
1 9 6 20
1 9 6 21
1 9 6 22
1 9 6 23
1 9 6 24
1 10 6 14
1 10 6 15
1 10 6 16
1 10 6 17
1 10 6 18
1 10 6 19
1 10 6 20
1 10 6 21
1 10 6 22
1 10 6 23
1 10 6 24
1 11 6 14
1 11 6 15
1 11 6 16
1 11 6 17
1 11 6 18
1 11 6 19
1 11 6 20
1 11 6 21
1 11 6 22
1 11 6 23
1 11 6 24
1 12 6 14
1 12 6 15
1 12 6 16
1 12 6 17
1 12 6 18
1 12 6 19
1 12 6 20
1 12 6 21
1 12 6 22
1 12 6 23
1 12 6 24
1 2 7 4
1 2 7 5
1 2 7 6
1 2 7 7
1 2 7 8
1 2 7 9
1 2 7 10
1 2 7 11
1 2 7 12
1 2 7 14
1 2 7 15
1 2 7 16
1 2 7 17
1 2 7 18
1 2 7 19
1 2 7 20
1 2 7 21
1 4 7 14
1 4 7 15
1 4 7 16
1 4 7 17
1 4 7 18
1 4 7 19
1 4 7 20
1 4 7 21
1 5 7 14
1 5 7 15
1 5 7 16
1 5 7 17
1 5 7 18
1 5 7 19
1 5 7 20
1 5 7 21
1 6 7 14
1 6 7 15
1 6 7 16
1 6 7 17
1 6 7 18
1 6 7 19
1 6 7 20
1 6 7 21
1 7 7 14
1 7 7 15
1 7 7 16
1 7 7 17
1 7 7 18
1 7 7 19
1 7 7 20
1 7 7 21
1 8 7 14
1 8 7 15
1 8 7 16
1 8 7 17
1 8 7 18
1 8 7 19
1 8 7 20
1 8 7 21
1 9 7 14
1 9 7 15
1 9 7 16
1 9 7 17
1 9 7 18
1 9 7 19
1 9 7 20
1 9 7 21
1 10 7 14
1 10 7 15
1 10 7 16
1 10 7 17
1 10 7 18
1 10 7 19
1 10 7 20
1 10 7 21
1 11 7 14
1 11 7 15
1 11 7 16
1 11 7 17
1 11 7 18
1 11 7 19
1 11 7 20
1 11 7 21
1 12 7 14
1 12 7 15
1 12 7 16
1 12 7 17
1 12 7 18
1 12 7 19
1 12 7 20
1 12 7 21
1 2 8 4
1 2 8 5
1 2 8 6
1 2 8 7
1 2 8 8
1 2 8 9
1 2 8 10
1 2 8 11
1 2 8 12
1 2 8 14
1 2 8 15
1 4 8 14
1 4 8 15
1 5 8 14
1 5 8 15
1 6 8 14
1 6 8 15
1 7 8 14
1 7 8 15
1 8 8 14
1 8 8 15
1 9 8 14
1 9 8 15
1 10 8 14
1 10 8 15
1 11 8 14
1 11 8 15
1 12 8 14
1 12 8 15
1 7 9 14
1 7 9 15
1 7 9 18
1 7 9 19
1 7 9 20
1 7 9 21
1 7 9 23
1 7 9 24
1 8 9 14
1 8 9 15
1 8 9 18
1 8 9 19
1 8 9 20
1 8 9 21
1 8 9 23
1 8 9 24
1 9 9 14
1 9 9 15
1 9 9 18
1 9 9 19
1 9 9 20
1 9 9 21
1 9 9 23
1 9 9 24
1 10 9 14
1 10 9 15
1 10 9 18
1 10 9 19
1 10 9 20
1 10 9 21
1 10 9 23
1 10 9 24
1 11 9 14
1 11 9 15
1 11 9 18
1 11 9 19
1 11 9 20
1 11 9 21
1 11 9 23
1 11 9 24
1 12 9 14
1 12 9 15
1 12 9 18
1 12 9 19
1 12 9 20
1 12 9 21
1 12 9 23
1 12 9 24
1 14 9 18
1 14 9 19
1 14 9 20
1 14 9 21
1 14 9 23
1 14 9 24
1 15 9 18
1 15 9 19
1 15 9 20
1 15 9 21
1 15 9 23
1 15 9 24
1 18 9 23
1 18 9 24
1 19 9 23
1 19 9 24
1 20 9 23
1 20 9 24
1 21 9 23
1 21 9 24
1 7 10 14
1 7 10 15
1 7 10 18
1 7 10 19
1 7 10 20
1 7 10 21
1 7 10 23
1 7 10 24
1 8 10 14
1 8 10 15
1 8 10 18
1 8 10 19
1 8 10 20
1 8 10 21
1 8 10 23
1 8 10 24
1 9 10 14
1 9 10 15
1 9 10 18
1 9 10 19
1 9 10 20
1 9 10 21
1 9 10 23
1 9 10 24
1 10 10 14
1 10 10 15
1 10 10 18
1 10 10 19
1 10 10 20
1 10 10 21
1 10 10 23
1 10 10 24
1 11 10 14
1 11 10 15
1 11 10 18
1 11 10 19
1 11 10 20
1 11 10 21
1 11 10 23
1 11 10 24
1 12 10 14
1 12 10 15
1 12 10 18
1 12 10 19
1 12 10 20
1 12 10 21
1 12 10 23
1 12 10 24
1 14 10 18
1 14 10 19
1 14 10 20
1 14 10 21
1 14 10 23
1 14 10 24
1 15 10 18
1 15 10 19
1 15 10 20
1 15 10 21
1 15 10 23
1 15 10 24
1 18 10 23
1 18 10 24
1 19 10 23
1 19 10 24
1 20 10 23
1 20 10 24
1 21 10 23
1 21 10 24
1 4 11 7
1 4 11 8
1 4 11 9
1 4 11 10
1 4 11 11
1 4 11 12
1 4 11 14
1 4 11 15
1 4 11 18
1 4 11 19
1 4 11 20
1 4 11 21
1 4 11 23
1 4 11 24
1 5 11 7
1 5 11 8
1 5 11 9
1 5 11 10
1 5 11 11
1 5 11 12
1 5 11 14
1 5 11 15
1 5 11 18
1 5 11 19
1 5 11 20
1 5 11 21
1 5 11 23
1 5 11 24
1 7 11 14
1 7 11 15
1 7 11 18
1 7 11 19
1 7 11 20
1 7 11 21
1 7 11 23
1 7 11 24
1 8 11 14
1 8 11 15
1 8 11 18
1 8 11 19
1 8 11 20
1 8 11 21
1 8 11 23
1 8 11 24
1 9 11 14
1 9 11 15
1 9 11 18
1 9 11 19
1 9 11 20
1 9 11 21
1 9 11 23
1 9 11 24
1 10 11 14
1 10 11 15
1 10 11 18
1 10 11 19
1 10 11 20
1 10 11 21
1 10 11 23
1 10 11 24
1 11 11 14
1 11 11 15
1 11 11 18
1 11 11 19
1 11 11 20
1 11 11 21
1 11 11 23
1 11 11 24
1 12 11 14
1 12 11 15
1 12 11 18
1 12 11 19
1 12 11 20
1 12 11 21
1 12 11 23
1 12 11 24
1 14 11 18
1 14 11 19
1 14 11 20
1 14 11 21
1 14 11 23
1 14 11 24
1 15 11 18
1 15 11 19
1 15 11 20
1 15 11 21
1 15 11 23
1 15 11 24
1 18 11 23
1 18 11 24
1 19 11 23
1 19 11 24
1 20 11 23
1 20 11 24
1 21 11 23
1 21 11 24
1 10 12 14
1 10 12 15
1 10 12 18
1 10 12 19
1 10 12 20
1 10 12 21
1 10 12 23
1 11 12 14
1 11 12 15
1 11 12 18
1 11 12 19
1 11 12 20
1 11 12 21
1 11 12 23
1 12 12 14
1 12 12 15
1 12 12 18
1 12 12 19
1 12 12 20
1 12 12 21
1 12 12 23
1 14 12 18
1 14 12 19
1 14 12 20
1 14 12 21
1 14 12 23
1 15 12 18
1 15 12 19
1 15 12 20
1 15 12 21
1 15 12 23
1 18 12 23
1 19 12 23
1 20 12 23
1 21 12 23
2 4 5 14
2 4 5 15
2 4 5 16
2 4 5 17
2 4 5 18
2 4 5 19
2 4 5 20
2 4 5 21
2 4 5 22
2 4 5 23
2 4 5 24
2 5 5 14
2 5 5 15
2 5 5 16
2 5 5 17
2 5 5 18
2 5 5 19
2 5 5 20
2 5 5 21
2 5 5 22
2 5 5 23
2 5 5 24
2 6 5 14
2 6 5 15
2 6 5 16
2 6 5 17
2 6 5 18
2 6 5 19
2 6 5 20
2 6 5 21
2 6 5 22
2 6 5 23
2 6 5 24
2 7 5 14
2 7 5 15
2 7 5 16
2 7 5 17
2 7 5 18
2 7 5 19
2 7 5 20
2 7 5 21
2 7 5 22
2 7 5 23
2 7 5 24
2 8 5 14
2 8 5 15
2 8 5 16
2 8 5 17
2 8 5 18
2 8 5 19
2 8 5 20
2 8 5 21
2 8 5 22
2 8 5 23
2 8 5 24
2 9 5 14
2 9 5 15
2 9 5 16
2 9 5 17
2 9 5 18
2 9 5 19
2 9 5 20
2 9 5 21
2 9 5 22
2 9 5 23
2 9 5 24
2 10 5 14
2 10 5 15
2 10 5 16
2 10 5 17
2 10 5 18
2 10 5 19
2 10 5 20
2 10 5 21
2 10 5 22
2 10 5 23
2 10 5 24
2 11 5 14
2 11 5 15
2 11 5 16
2 11 5 17
2 11 5 18
2 11 5 19
2 11 5 20
2 11 5 21
2 11 5 22
2 11 5 23
2 11 5 24
2 12 5 14
2 12 5 15
2 12 5 16
2 12 5 17
2 12 5 18
2 12 5 19
2 12 5 20
2 12 5 21
2 12 5 22
2 12 5 23
2 12 5 24
2 4 6 14
2 4 6 15
2 4 6 16
2 4 6 17
2 4 6 18
2 4 6 19
2 4 6 20
2 4 6 21
2 4 6 22
2 4 6 23
2 4 6 24
2 5 6 14
2 5 6 15
2 5 6 16
2 5 6 17
2 5 6 18
2 5 6 19
2 5 6 20
2 5 6 21
2 5 6 22
2 5 6 23
2 5 6 24
2 6 6 14
2 6 6 15
2 6 6 16
2 6 6 17
2 6 6 18
2 6 6 19
2 6 6 20
2 6 6 21
2 6 6 22
2 6 6 23
2 6 6 24
2 7 6 14
2 7 6 15
2 7 6 16
2 7 6 17
2 7 6 18
2 7 6 19
2 7 6 20
2 7 6 21
2 7 6 22
2 7 6 23
2 7 6 24
2 8 6 14
2 8 6 15
2 8 6 16
2 8 6 17
2 8 6 18
2 8 6 19
2 8 6 20
2 8 6 21
2 8 6 22
2 8 6 23
2 8 6 24
2 9 6 14
2 9 6 15
2 9 6 16
2 9 6 17
2 9 6 18
2 9 6 19
2 9 6 20
2 9 6 21
2 9 6 22
2 9 6 23
2 9 6 24
2 10 6 14
2 10 6 15
2 10 6 16
2 10 6 17
2 10 6 18
2 10 6 19
2 10 6 20
2 10 6 21
2 10 6 22
2 10 6 23
2 10 6 24
2 11 6 14
2 11 6 15
2 11 6 16
2 11 6 17
2 11 6 18
2 11 6 19
2 11 6 20
2 11 6 21
2 11 6 22
2 11 6 23
2 11 6 24
2 12 6 14
2 12 6 15
2 12 6 16
2 12 6 17
2 12 6 18
2 12 6 19
2 12 6 20
2 12 6 21
2 12 6 22
2 12 6 23
2 12 6 24
2 4 7 14
2 4 7 15
2 4 7 16
2 4 7 17
2 4 7 18
2 4 7 19
2 4 7 20
2 4 7 21
2 5 7 14
2 5 7 15
2 5 7 16
2 5 7 17
2 5 7 18
2 5 7 19
2 5 7 20
2 5 7 21
2 6 7 14
2 6 7 15
2 6 7 16
2 6 7 17
2 6 7 18
2 6 7 19
2 6 7 20
2 6 7 21
2 7 7 14
2 7 7 15
2 7 7 16
2 7 7 17
2 7 7 18
2 7 7 19
2 7 7 20
2 7 7 21
2 8 7 14
2 8 7 15
2 8 7 16
2 8 7 17
2 8 7 18
2 8 7 19
2 8 7 20
2 8 7 21
2 9 7 14
2 9 7 15
2 9 7 16
2 9 7 17
2 9 7 18
2 9 7 19
2 9 7 20
2 9 7 21
2 10 7 14
2 10 7 15
2 10 7 16
2 10 7 17
2 10 7 18
2 10 7 19
2 10 7 20
2 10 7 21
2 11 7 14
2 11 7 15
2 11 7 16
2 11 7 17
2 11 7 18
2 11 7 19
2 11 7 20
2 11 7 21
2 12 7 14
2 12 7 15
2 12 7 16
2 12 7 17
2 12 7 18
2 12 7 19
2 12 7 20
2 12 7 21
2 4 8 14
2 4 8 15
2 5 8 14
2 5 8 15
2 6 8 14
2 6 8 15
2 7 8 14
2 7 8 15
2 8 8 14
2 8 8 15
2 9 8 14
2 9 8 15
2 10 8 14
2 10 8 15
2 11 8 14
2 11 8 15
2 12 8 14
2 12 8 15
2 7 9 14
2 7 9 15
2 7 9 18
2 7 9 19
2 7 9 20
2 7 9 21
2 7 9 23
2 7 9 24
2 8 9 14
2 8 9 15
2 8 9 18
2 8 9 19
2 8 9 20
2 8 9 21
2 8 9 23
2 8 9 24
2 9 9 14
2 9 9 15
2 9 9 18
2 9 9 19
2 9 9 20
2 9 9 21
2 9 9 23
2 9 9 24
2 10 9 14
2 10 9 15
2 10 9 18
2 10 9 19
2 10 9 20
2 10 9 21
2 10 9 23
2 10 9 24
2 11 9 14
2 11 9 15
2 11 9 18
2 11 9 19
2 11 9 20
2 11 9 21
2 11 9 23
2 11 9 24
2 12 9 14
2 12 9 15
2 12 9 18
2 12 9 19
2 12 9 20
2 12 9 21
2 12 9 23
2 12 9 24
2 14 9 18
2 14 9 19
2 14 9 20
2 14 9 21
2 14 9 23
2 14 9 24
2 15 9 18
2 15 9 19
2 15 9 20
2 15 9 21
2 15 9 23
2 15 9 24
2 18 9 23
2 18 9 24
2 19 9 23
2 19 9 24
2 20 9 23
2 20 9 24
2 21 9 23
2 21 9 24
2 7 10 14
2 7 10 15
2 7 10 18
2 7 10 19
2 7 10 20
2 7 10 21
2 7 10 23
2 7 10 24
2 8 10 14
2 8 10 15
2 8 10 18
2 8 10 19
2 8 10 20
2 8 10 21
2 8 10 23
2 8 10 24
2 9 10 14
2 9 10 15
2 9 10 18
2 9 10 19
2 9 10 20
2 9 10 21
2 9 10 23
2 9 10 24
2 10 10 14
2 10 10 15
2 10 10 18
2 10 10 19
2 10 10 20
2 10 10 21
2 10 10 23
2 10 10 24
2 11 10 14
2 11 10 15
2 11 10 18
2 11 10 19
2 11 10 20
2 11 10 21
2 11 10 23
2 11 10 24
2 12 10 14
2 12 10 15
2 12 10 18
2 12 10 19
2 12 10 20
2 12 10 21
2 12 10 23
2 12 10 24
2 14 10 18
2 14 10 19
2 14 10 20
2 14 10 21
2 14 10 23
2 14 10 24
2 15 10 18
2 15 10 19
2 15 10 20
2 15 10 21
2 15 10 23
2 15 10 24
2 18 10 23
2 18 10 24
2 19 10 23
2 19 10 24
2 20 10 23
2 20 10 24
2 21 10 23
2 21 10 24
2 4 11 7
2 4 11 8
2 4 11 9
2 4 11 10
2 4 11 11
2 4 11 12
2 4 11 14
2 4 11 15
2 4 11 18
2 4 11 19
2 4 11 20
2 4 11 21
2 4 11 23
2 4 11 24
2 5 11 7
2 5 11 8
2 5 11 9
2 5 11 10
2 5 11 11
2 5 11 12
2 5 11 14
2 5 11 15
2 5 11 18
2 5 11 19
2 5 11 20
2 5 11 21
2 5 11 23
2 5 11 24
2 7 11 14
2 7 11 15
2 7 11 18
2 7 11 19
2 7 11 20
2 7 11 21
2 7 11 23
2 7 11 24
2 8 11 14
2 8 11 15
2 8 11 18
2 8 11 19
2 8 11 20
2 8 11 21
2 8 11 23
2 8 11 24
2 9 11 14
2 9 11 15
2 9 11 18
2 9 11 19
2 9 11 20
2 9 11 21
2 9 11 23
2 9 11 24
2 10 11 14
2 10 11 15
2 10 11 18
2 10 11 19
2 10 11 20
2 10 11 21
2 10 11 23
2 10 11 24
2 11 11 14
2 11 11 15
2 11 11 18
2 11 11 19
2 11 11 20
2 11 11 21
2 11 11 23
2 11 11 24
2 12 11 14
2 12 11 15
2 12 11 18
2 12 11 19
2 12 11 20
2 12 11 21
2 12 11 23
2 12 11 24
2 14 11 18
2 14 11 19
2 14 11 20
2 14 11 21
2 14 11 23
2 14 11 24
2 15 11 18
2 15 11 19
2 15 11 20
2 15 11 21
2 15 11 23
2 15 11 24
2 18 11 23
2 18 11 24
2 19 11 23
2 19 11 24
2 20 11 23
2 20 11 24
2 21 11 23
2 21 11 24
2 10 12 14
2 10 12 15
2 10 12 18
2 10 12 19
2 10 12 20
2 10 12 21
2 10 12 23
2 11 12 14
2 11 12 15
2 11 12 18
2 11 12 19
2 11 12 20
2 11 12 21
2 11 12 23
2 12 12 14
2 12 12 15
2 12 12 18
2 12 12 19
2 12 12 20
2 12 12 21
2 12 12 23
2 14 12 18
2 14 12 19
2 14 12 20
2 14 12 21
2 14 12 23
2 15 12 18
2 15 12 19
2 15 12 20
2 15 12 21
2 15 12 23
2 18 12 23
2 19 12 23
2 20 12 23
2 21 12 23
3 2 5 14
3 2 5 15
3 2 5 16
3 2 5 17
3 2 5 18
3 2 5 19
3 2 5 20
3 2 5 21
3 2 5 22
3 2 5 23
3 2 5 24
3 3 5 14
3 3 5 15
3 3 5 16
3 3 5 17
3 3 5 18
3 3 5 19
3 3 5 20
3 3 5 21
3 3 5 22
3 3 5 23
3 3 5 24
3 4 5 14
3 4 5 15
3 4 5 16
3 4 5 17
3 4 5 18
3 4 5 19
3 4 5 20
3 4 5 21
3 4 5 22
3 4 5 23
3 4 5 24
3 5 5 14
3 5 5 15
3 5 5 16
3 5 5 17
3 5 5 18
3 5 5 19
3 5 5 20
3 5 5 21
3 5 5 22
3 5 5 23
3 5 5 24
3 6 5 14
3 6 5 15
3 6 5 16
3 6 5 17
3 6 5 18
3 6 5 19
3 6 5 20
3 6 5 21
3 6 5 22
3 6 5 23
3 6 5 24
3 7 5 14
3 7 5 15
3 7 5 16
3 7 5 17
3 7 5 18
3 7 5 19
3 7 5 20
3 7 5 21
3 7 5 22
3 7 5 23
3 7 5 24
3 8 5 14
3 8 5 15
3 8 5 16
3 8 5 17
3 8 5 18
3 8 5 19
3 8 5 20
3 8 5 21
3 8 5 22
3 8 5 23
3 8 5 24
3 9 5 14
3 9 5 15
3 9 5 16
3 9 5 17
3 9 5 18
3 9 5 19
3 9 5 20
3 9 5 21
3 9 5 22
3 9 5 23
3 9 5 24
3 10 5 14
3 10 5 15
3 10 5 16
3 10 5 17
3 10 5 18
3 10 5 19
3 10 5 20
3 10 5 21
3 10 5 22
3 10 5 23
3 10 5 24
3 11 5 14
3 11 5 15
3 11 5 16
3 11 5 17
3 11 5 18
3 11 5 19
3 11 5 20
3 11 5 21
3 11 5 22
3 11 5 23
3 11 5 24
3 12 5 14
3 12 5 15
3 12 5 16
3 12 5 17
3 12 5 18
3 12 5 19
3 12 5 20
3 12 5 21
3 12 5 22
3 12 5 23
3 12 5 24
3 2 6 14
3 2 6 15
3 2 6 16
3 2 6 17
3 2 6 18
3 2 6 19
3 2 6 20
3 2 6 21
3 2 6 22
3 2 6 23
3 2 6 24
3 3 6 14
3 3 6 15
3 3 6 16
3 3 6 17
3 3 6 18
3 3 6 19
3 3 6 20
3 3 6 21
3 3 6 22
3 3 6 23
3 3 6 24
3 4 6 14
3 4 6 15
3 4 6 16
3 4 6 17
3 4 6 18
3 4 6 19
3 4 6 20
3 4 6 21
3 4 6 22
3 4 6 23
3 4 6 24
3 5 6 14
3 5 6 15
3 5 6 16
3 5 6 17
3 5 6 18
3 5 6 19
3 5 6 20
3 5 6 21
3 5 6 22
3 5 6 23
3 5 6 24
3 6 6 14
3 6 6 15
3 6 6 16
3 6 6 17
3 6 6 18
3 6 6 19
3 6 6 20
3 6 6 21
3 6 6 22
3 6 6 23
3 6 6 24
3 7 6 14
3 7 6 15
3 7 6 16
3 7 6 17
3 7 6 18
3 7 6 19
3 7 6 20
3 7 6 21
3 7 6 22
3 7 6 23
3 7 6 24
3 8 6 14
3 8 6 15
3 8 6 16
3 8 6 17
3 8 6 18
3 8 6 19
3 8 6 20
3 8 6 21
3 8 6 22
3 8 6 23
3 8 6 24
3 9 6 14
3 9 6 15
3 9 6 16
3 9 6 17
3 9 6 18
3 9 6 19
3 9 6 20
3 9 6 21
3 9 6 22
3 9 6 23
3 9 6 24
3 10 6 14
3 10 6 15
3 10 6 16
3 10 6 17
3 10 6 18
3 10 6 19
3 10 6 20
3 10 6 21
3 10 6 22
3 10 6 23
3 10 6 24
3 11 6 14
3 11 6 15
3 11 6 16
3 11 6 17
3 11 6 18
3 11 6 19
3 11 6 20
3 11 6 21
3 11 6 22
3 11 6 23
3 11 6 24
3 12 6 14
3 12 6 15
3 12 6 16
3 12 6 17
3 12 6 18
3 12 6 19
3 12 6 20
3 12 6 21
3 12 6 22
3 12 6 23
3 12 6 24
3 2 7 14
3 2 7 15
3 2 7 16
3 2 7 17
3 2 7 18
3 2 7 19
3 2 7 20
3 2 7 21
3 3 7 14
3 3 7 15
3 3 7 16
3 3 7 17
3 3 7 18
3 3 7 19
3 3 7 20
3 3 7 21
3 4 7 14
3 4 7 15
3 4 7 16
3 4 7 17
3 4 7 18
3 4 7 19
3 4 7 20
3 4 7 21
3 5 7 14
3 5 7 15
3 5 7 16
3 5 7 17
3 5 7 18
3 5 7 19
3 5 7 20
3 5 7 21
3 6 7 14
3 6 7 15
3 6 7 16
3 6 7 17
3 6 7 18
3 6 7 19
3 6 7 20
3 6 7 21
3 7 7 14
3 7 7 15
3 7 7 16
3 7 7 17
3 7 7 18
3 7 7 19
3 7 7 20
3 7 7 21
3 8 7 14
3 8 7 15
3 8 7 16
3 8 7 17
3 8 7 18
3 8 7 19
3 8 7 20
3 8 7 21
3 9 7 14
3 9 7 15
3 9 7 16
3 9 7 17
3 9 7 18
3 9 7 19
3 9 7 20
3 9 7 21
3 10 7 14
3 10 7 15
3 10 7 16
3 10 7 17
3 10 7 18
3 10 7 19
3 10 7 20
3 10 7 21
3 11 7 14
3 11 7 15
3 11 7 16
3 11 7 17
3 11 7 18
3 11 7 19
3 11 7 20
3 11 7 21
3 12 7 14
3 12 7 15
3 12 7 16
3 12 7 17
3 12 7 18
3 12 7 19
3 12 7 20
3 12 7 21
3 2 8 14
3 2 8 15
3 3 8 14
3 3 8 15
3 4 8 14
3 4 8 15
3 5 8 14
3 5 8 15
3 6 8 14
3 6 8 15
3 7 8 14
3 7 8 15
3 8 8 14
3 8 8 15
3 9 8 14
3 9 8 15
3 10 8 14
3 10 8 15
3 11 8 14
3 11 8 15
3 12 8 14
3 12 8 15
3 7 9 14
3 7 9 15
3 7 9 18
3 7 9 19
3 7 9 20
3 7 9 21
3 7 9 23
3 7 9 24
3 8 9 14
3 8 9 15
3 8 9 18
3 8 9 19
3 8 9 20
3 8 9 21
3 8 9 23
3 8 9 24
3 9 9 14
3 9 9 15
3 9 9 18
3 9 9 19
3 9 9 20
3 9 9 21
3 9 9 23
3 9 9 24
3 10 9 14
3 10 9 15
3 10 9 18
3 10 9 19
3 10 9 20
3 10 9 21
3 10 9 23
3 10 9 24
3 11 9 14
3 11 9 15
3 11 9 18
3 11 9 19
3 11 9 20
3 11 9 21
3 11 9 23
3 11 9 24
3 12 9 14
3 12 9 15
3 12 9 18
3 12 9 19
3 12 9 20
3 12 9 21
3 12 9 23
3 12 9 24
3 14 9 18
3 14 9 19
3 14 9 20
3 14 9 21
3 14 9 23
3 14 9 24
3 15 9 18
3 15 9 19
3 15 9 20
3 15 9 21
3 15 9 23
3 15 9 24
3 18 9 23
3 18 9 24
3 19 9 23
3 19 9 24
3 20 9 23
3 20 9 24
3 21 9 23
3 21 9 24
3 7 10 14
3 7 10 15
3 7 10 18
3 7 10 19
3 7 10 20
3 7 10 21
3 7 10 23
3 7 10 24
3 8 10 14
3 8 10 15
3 8 10 18
3 8 10 19
3 8 10 20
3 8 10 21
3 8 10 23
3 8 10 24
3 9 10 14
3 9 10 15
3 9 10 18
3 9 10 19
3 9 10 20
3 9 10 21
3 9 10 23
3 9 10 24
3 10 10 14
3 10 10 15
3 10 10 18
3 10 10 19
3 10 10 20
3 10 10 21
3 10 10 23
3 10 10 24
3 11 10 14
3 11 10 15
3 11 10 18
3 11 10 19
3 11 10 20
3 11 10 21
3 11 10 23
3 11 10 24
3 12 10 14
3 12 10 15
3 12 10 18
3 12 10 19
3 12 10 20
3 12 10 21
3 12 10 23
3 12 10 24
3 14 10 18
3 14 10 19
3 14 10 20
3 14 10 21
3 14 10 23
3 14 10 24
3 15 10 18
3 15 10 19
3 15 10 20
3 15 10 21
3 15 10 23
3 15 10 24
3 18 10 23
3 18 10 24
3 19 10 23
3 19 10 24
3 20 10 23
3 20 10 24
3 21 10 23
3 21 10 24
3 4 11 7
3 4 11 8
3 4 11 9
3 4 11 10
3 4 11 11
3 4 11 12
3 4 11 14
3 4 11 15
3 4 11 18
3 4 11 19
3 4 11 20
3 4 11 21
3 4 11 23
3 4 11 24
3 5 11 7
3 5 11 8
3 5 11 9
3 5 11 10
3 5 11 11
3 5 11 12
3 5 11 14
3 5 11 15
3 5 11 18
3 5 11 19
3 5 11 20
3 5 11 21
3 5 11 23
3 5 11 24
3 7 11 14
3 7 11 15
3 7 11 18
3 7 11 19
3 7 11 20
3 7 11 21
3 7 11 23
3 7 11 24
3 8 11 14
3 8 11 15
3 8 11 18
3 8 11 19
3 8 11 20
3 8 11 21
3 8 11 23
3 8 11 24
3 9 11 14
3 9 11 15
3 9 11 18
3 9 11 19
3 9 11 20
3 9 11 21
3 9 11 23
3 9 11 24
3 10 11 14
3 10 11 15
3 10 11 18
3 10 11 19
3 10 11 20
3 10 11 21
3 10 11 23
3 10 11 24
3 11 11 14
3 11 11 15
3 11 11 18
3 11 11 19
3 11 11 20
3 11 11 21
3 11 11 23
3 11 11 24
3 12 11 14
3 12 11 15
3 12 11 18
3 12 11 19
3 12 11 20
3 12 11 21
3 12 11 23
3 12 11 24
3 14 11 18
3 14 11 19
3 14 11 20
3 14 11 21
3 14 11 23
3 14 11 24
3 15 11 18
3 15 11 19
3 15 11 20
3 15 11 21
3 15 11 23
3 15 11 24
3 18 11 23
3 18 11 24
3 19 11 23
3 19 11 24
3 20 11 23
3 20 11 24
3 21 11 23
3 21 11 24
3 10 12 14
3 10 12 15
3 10 12 18
3 10 12 19
3 10 12 20
3 10 12 21
3 10 12 23
3 11 12 14
3 11 12 15
3 11 12 18
3 11 12 19
3 11 12 20
3 11 12 21
3 11 12 23
3 12 12 14
3 12 12 15
3 12 12 18
3 12 12 19
3 12 12 20
3 12 12 21
3 12 12 23
3 14 12 18
3 14 12 19
3 14 12 20
3 14 12 21
3 14 12 23
3 15 12 18
3 15 12 19
3 15 12 20
3 15 12 21
3 15 12 23
3 18 12 23
3 19 12 23
3 20 12 23
3 21 12 23
4 14 9 18
4 14 9 19
4 14 9 20
4 14 9 21
4 14 9 23
4 14 9 24
4 15 9 18
4 15 9 19
4 15 9 20
4 15 9 21
4 15 9 23
4 15 9 24
4 18 9 23
4 18 9 24
4 19 9 23
4 19 9 24
4 20 9 23
4 20 9 24
4 21 9 23
4 21 9 24
4 14 10 18
4 14 10 19
4 14 10 20
4 14 10 21
4 14 10 23
4 14 10 24
4 15 10 18
4 15 10 19
4 15 10 20
4 15 10 21
4 15 10 23
4 15 10 24
4 18 10 23
4 18 10 24
4 19 10 23
4 19 10 24
4 20 10 23
4 20 10 24
4 21 10 23
4 21 10 24
4 4 11 7
4 4 11 8
4 4 11 9
4 4 11 10
4 4 11 11
4 4 11 12
4 5 11 7
4 5 11 8
4 5 11 9
4 5 11 10
4 5 11 11
4 5 11 12
4 14 11 18
4 14 11 19
4 14 11 20
4 14 11 21
4 14 11 23
4 14 11 24
4 15 11 18
4 15 11 19
4 15 11 20
4 15 11 21
4 15 11 23
4 15 11 24
4 18 11 23
4 18 11 24
4 19 11 23
4 19 11 24
4 20 11 23
4 20 11 24
4 21 11 23
4 21 11 24
4 14 12 18
4 14 12 19
4 14 12 20
4 14 12 21
4 14 12 23
4 15 12 18
4 15 12 19
4 15 12 20
4 15 12 21
4 15 12 23
4 18 12 23
4 19 12 23
4 20 12 23
4 21 12 23
5 7 9 18
5 7 9 19
5 7 9 20
5 7 9 21
5 7 9 23
5 7 9 24
5 8 9 18
5 8 9 19
5 8 9 20
5 8 9 21
5 8 9 23
5 8 9 24
5 9 9 18
5 9 9 19
5 9 9 20
5 9 9 21
5 9 9 23
5 9 9 24
5 10 9 18
5 10 9 19
5 10 9 20
5 10 9 21
5 10 9 23
5 10 9 24
5 11 9 18
5 11 9 19
5 11 9 20
5 11 9 21
5 11 9 23
5 11 9 24
5 12 9 18
5 12 9 19
5 12 9 20
5 12 9 21
5 12 9 23
5 12 9 24
5 13 9 18
5 13 9 19
5 13 9 20
5 13 9 21
5 13 9 23
5 13 9 24
5 14 9 18
5 14 9 19
5 14 9 20
5 14 9 21
5 14 9 23
5 14 9 24
5 15 9 18
5 15 9 19
5 15 9 20
5 15 9 21
5 15 9 23
5 15 9 24
5 18 9 23
5 18 9 24
5 19 9 23
5 19 9 24
5 20 9 23
5 20 9 24
5 21 9 23
5 21 9 24
5 7 10 18
5 7 10 19
5 7 10 20
5 7 10 21
5 7 10 23
5 7 10 24
5 8 10 18
5 8 10 19
5 8 10 20
5 8 10 21
5 8 10 23
5 8 10 24
5 9 10 18
5 9 10 19
5 9 10 20
5 9 10 21
5 9 10 23
5 9 10 24
5 10 10 18
5 10 10 19
5 10 10 20
5 10 10 21
5 10 10 23
5 10 10 24
5 11 10 18
5 11 10 19
5 11 10 20
5 11 10 21
5 11 10 23
5 11 10 24
5 12 10 18
5 12 10 19
5 12 10 20
5 12 10 21
5 12 10 23
5 12 10 24
5 13 10 18
5 13 10 19
5 13 10 20
5 13 10 21
5 13 10 23
5 13 10 24
5 14 10 18
5 14 10 19
5 14 10 20
5 14 10 21
5 14 10 23
5 14 10 24
5 15 10 18
5 15 10 19
5 15 10 20
5 15 10 21
5 15 10 23
5 15 10 24
5 18 10 23
5 18 10 24
5 19 10 23
5 19 10 24
5 20 10 23
5 20 10 24
5 21 10 23
5 21 10 24
5 4 11 7
5 4 11 8
5 4 11 9
5 4 11 10
5 4 11 11
5 4 11 12
5 4 11 13
5 4 11 14
5 4 11 15
5 4 11 18
5 4 11 19
5 4 11 20
5 4 11 21
5 4 11 23
5 4 11 24
5 5 11 7
5 5 11 8
5 5 11 9
5 5 11 10
5 5 11 11
5 5 11 12
5 5 11 13
5 5 11 14
5 5 11 15
5 5 11 18
5 5 11 19
5 5 11 20
5 5 11 21
5 5 11 23
5 5 11 24
5 7 11 18
5 7 11 19
5 7 11 20
5 7 11 21
5 7 11 23
5 7 11 24
5 8 11 18
5 8 11 19
5 8 11 20
5 8 11 21
5 8 11 23
5 8 11 24
5 9 11 18
5 9 11 19
5 9 11 20
5 9 11 21
5 9 11 23
5 9 11 24
5 10 11 18
5 10 11 19
5 10 11 20
5 10 11 21
5 10 11 23
5 10 11 24
5 11 11 18
5 11 11 19
5 11 11 20
5 11 11 21
5 11 11 23
5 11 11 24
5 12 11 18
5 12 11 19
5 12 11 20
5 12 11 21
5 12 11 23
5 12 11 24
5 13 11 18
5 13 11 19
5 13 11 20
5 13 11 21
5 13 11 23
5 13 11 24
5 14 11 18
5 14 11 19
5 14 11 20
5 14 11 21
5 14 11 23
5 14 11 24
5 15 11 18
5 15 11 19
5 15 11 20
5 15 11 21
5 15 11 23
5 15 11 24
5 18 11 23
5 18 11 24
5 19 11 23
5 19 11 24
5 20 11 23
5 20 11 24
5 21 11 23
5 21 11 24
5 10 12 18
5 10 12 19
5 10 12 20
5 10 12 21
5 10 12 23
5 11 12 18
5 11 12 19
5 11 12 20
5 11 12 21
5 11 12 23
5 12 12 18
5 12 12 19
5 12 12 20
5 12 12 21
5 12 12 23
5 13 12 18
5 13 12 19
5 13 12 20
5 13 12 21
5 13 12 23
5 14 12 18
5 14 12 19
5 14 12 20
5 14 12 21
5 14 12 23
5 15 12 18
5 15 12 19
5 15 12 20
5 15 12 21
5 15 12 23
5 18 12 23
5 19 12 23
5 20 12 23
5 21 12 23
6 7 9 18
6 7 9 19
6 7 9 20
6 7 9 21
6 7 9 23
6 7 9 24
6 8 9 18
6 8 9 19
6 8 9 20
6 8 9 21
6 8 9 23
6 8 9 24
6 9 9 18
6 9 9 19
6 9 9 20
6 9 9 21
6 9 9 23
6 9 9 24
6 10 9 18
6 10 9 19
6 10 9 20
6 10 9 21
6 10 9 23
6 10 9 24
6 11 9 18
6 11 9 19
6 11 9 20
6 11 9 21
6 11 9 23
6 11 9 24
6 12 9 18
6 12 9 19
6 12 9 20
6 12 9 21
6 12 9 23
6 12 9 24
6 13 9 18
6 13 9 19
6 13 9 20
6 13 9 21
6 13 9 23
6 13 9 24
6 14 9 18
6 14 9 19
6 14 9 20
6 14 9 21
6 14 9 23
6 14 9 24
6 15 9 18
6 15 9 19
6 15 9 20
6 15 9 21
6 15 9 23
6 15 9 24
6 18 9 23
6 18 9 24
6 19 9 23
6 19 9 24
6 20 9 23
6 20 9 24
6 21 9 23
6 21 9 24
6 7 10 18
6 7 10 19
6 7 10 20
6 7 10 21
6 7 10 23
6 7 10 24
6 8 10 18
6 8 10 19
6 8 10 20
6 8 10 21
6 8 10 23
6 8 10 24
6 9 10 18
6 9 10 19
6 9 10 20
6 9 10 21
6 9 10 23
6 9 10 24
6 10 10 18
6 10 10 19
6 10 10 20
6 10 10 21
6 10 10 23
6 10 10 24
6 11 10 18
6 11 10 19
6 11 10 20
6 11 10 21
6 11 10 23
6 11 10 24
6 12 10 18
6 12 10 19
6 12 10 20
6 12 10 21
6 12 10 23
6 12 10 24
6 13 10 18
6 13 10 19
6 13 10 20
6 13 10 21
6 13 10 23
6 13 10 24
6 14 10 18
6 14 10 19
6 14 10 20
6 14 10 21
6 14 10 23
6 14 10 24
6 15 10 18
6 15 10 19
6 15 10 20
6 15 10 21
6 15 10 23
6 15 10 24
6 18 10 23
6 18 10 24
6 19 10 23
6 19 10 24
6 20 10 23
6 20 10 24
6 21 10 23
6 21 10 24
6 4 11 7
6 4 11 8
6 4 11 9
6 4 11 10
6 4 11 11
6 4 11 12
6 4 11 13
6 4 11 14
6 4 11 15
6 4 11 18
6 4 11 19
6 4 11 20
6 4 11 21
6 4 11 23
6 4 11 24
6 5 11 7
6 5 11 8
6 5 11 9
6 5 11 10
6 5 11 11
6 5 11 12
6 5 11 13
6 5 11 14
6 5 11 15
6 5 11 18
6 5 11 19
6 5 11 20
6 5 11 21
6 5 11 23
6 5 11 24
6 7 11 18
6 7 11 19
6 7 11 20
6 7 11 21
6 7 11 23
6 7 11 24
6 8 11 18
6 8 11 19
6 8 11 20
6 8 11 21
6 8 11 23
6 8 11 24
6 9 11 18
6 9 11 19
6 9 11 20
6 9 11 21
6 9 11 23
6 9 11 24
6 10 11 18
6 10 11 19
6 10 11 20
6 10 11 21
6 10 11 23
6 10 11 24
6 11 11 18
6 11 11 19
6 11 11 20
6 11 11 21
6 11 11 23
6 11 11 24
6 12 11 18
6 12 11 19
6 12 11 20
6 12 11 21
6 12 11 23
6 12 11 24
6 13 11 18
6 13 11 19
6 13 11 20
6 13 11 21
6 13 11 23
6 13 11 24
6 14 11 18
6 14 11 19
6 14 11 20
6 14 11 21
6 14 11 23
6 14 11 24
6 15 11 18
6 15 11 19
6 15 11 20
6 15 11 21
6 15 11 23
6 15 11 24
6 18 11 23
6 18 11 24
6 19 11 23
6 19 11 24
6 20 11 23
6 20 11 24
6 21 11 23
6 21 11 24
6 10 12 18
6 10 12 19
6 10 12 20
6 10 12 21
6 10 12 23
6 11 12 18
6 11 12 19
6 11 12 20
6 11 12 21
6 11 12 23
6 12 12 18
6 12 12 19
6 12 12 20
6 12 12 21
6 12 12 23
6 13 12 18
6 13 12 19
6 13 12 20
6 13 12 21
6 13 12 23
6 14 12 18
6 14 12 19
6 14 12 20
6 14 12 21
6 14 12 23
6 15 12 18
6 15 12 19
6 15 12 20
6 15 12 21
6 15 12 23
6 18 12 23
6 19 12 23
6 20 12 23
6 21 12 23
7 7 9 18
7 7 9 19
7 7 9 20
7 7 9 21
7 8 9 18
7 8 9 19
7 8 9 20
7 8 9 21
7 9 9 18
7 9 9 19
7 9 9 20
7 9 9 21
7 10 9 18
7 10 9 19
7 10 9 20
7 10 9 21
7 11 9 18
7 11 9 19
7 11 9 20
7 11 9 21
7 12 9 18
7 12 9 19
7 12 9 20
7 12 9 21
7 13 9 18
7 13 9 19
7 13 9 20
7 13 9 21
7 14 9 18
7 14 9 19
7 14 9 20
7 14 9 21
7 15 9 18
7 15 9 19
7 15 9 20
7 15 9 21
7 7 10 18
7 7 10 19
7 7 10 20
7 7 10 21
7 8 10 18
7 8 10 19
7 8 10 20
7 8 10 21
7 9 10 18
7 9 10 19
7 9 10 20
7 9 10 21
7 10 10 18
7 10 10 19
7 10 10 20
7 10 10 21
7 11 10 18
7 11 10 19
7 11 10 20
7 11 10 21
7 12 10 18
7 12 10 19
7 12 10 20
7 12 10 21
7 13 10 18
7 13 10 19
7 13 10 20
7 13 10 21
7 14 10 18
7 14 10 19
7 14 10 20
7 14 10 21
7 15 10 18
7 15 10 19
7 15 10 20
7 15 10 21
7 4 11 7
7 4 11 8
7 4 11 9
7 4 11 10
7 4 11 11
7 4 11 12
7 4 11 13
7 4 11 14
7 4 11 15
7 4 11 18
7 4 11 19
7 4 11 20
7 4 11 21
7 5 11 7
7 5 11 8
7 5 11 9
7 5 11 10
7 5 11 11
7 5 11 12
7 5 11 13
7 5 11 14
7 5 11 15
7 5 11 18
7 5 11 19
7 5 11 20
7 5 11 21
7 7 11 18
7 7 11 19
7 7 11 20
7 7 11 21
7 8 11 18
7 8 11 19
7 8 11 20
7 8 11 21
7 9 11 18
7 9 11 19
7 9 11 20
7 9 11 21
7 10 11 18
7 10 11 19
7 10 11 20
7 10 11 21
7 11 11 18
7 11 11 19
7 11 11 20
7 11 11 21
7 12 11 18
7 12 11 19
7 12 11 20
7 12 11 21
7 13 11 18
7 13 11 19
7 13 11 20
7 13 11 21
7 14 11 18
7 14 11 19
7 14 11 20
7 14 11 21
7 15 11 18
7 15 11 19
7 15 11 20
7 15 11 21
7 10 12 18
7 10 12 19
7 10 12 20
7 10 12 21
7 11 12 18
7 11 12 19
7 11 12 20
7 11 12 21
7 12 12 18
7 12 12 19
7 12 12 20
7 12 12 21
7 13 12 18
7 13 12 19
7 13 12 20
7 13 12 21
7 14 12 18
7 14 12 19
7 14 12 20
7 14 12 21
7 15 12 18
7 15 12 19
7 15 12 20
7 15 12 21
8 4 11 7
8 4 11 8
8 4 11 9
8 4 11 10
8 4 11 11
8 4 11 12
8 4 11 13
8 4 11 14
8 4 11 15
8 5 11 7
8 5 11 8
8 5 11 9
8 5 11 10
8 5 11 11
8 5 11 12
8 5 11 13
8 5 11 14
8 5 11 15
