23 21
011111111111111111110
010000011010000000110
010000011010000000110
010000011010000000110
111111111111111110110
111010011110101010110
111010011110101010110
111111111111111111110
101111111111111111110
101011111111111011110
101011111111111111110
101010011111111111110
101110011010001110100
101000011111111110100
101000011111111110100
111111111111101110100
001111111111111111110
001101001101101110110
111111111111111111110
111111111111111110010
111111111111111111110
000001000101000000010
000001111101111111110
1051
1 2 5 8
1 2 5 9
1 2 5 11
1 8 5 11
1 9 5 11
1 8 6 11
1 9 6 11
1 8 7 11
1 9 7 11
1 2 8 8
1 2 8 9
1 2 8 11
1 2 8 19
1 2 8 20
1 8 8 11
1 8 8 19
1 8 8 20
1 9 8 11
1 9 8 19
1 9 8 20
1 11 8 19
1 11 8 20
1 8 9 11
1 8 9 19
1 8 9 20
1 9 9 11
1 9 9 19
1 9 9 20
1 11 9 19
1 11 9 20
1 8 10 11
1 9 10 11
1 8 11 11
1 8 11 19
1 8 11 20
1 9 11 11
1 9 11 19
1 9 11 20
1 11 11 19
1 11 11 20
1 8 12 11
1 8 12 19
1 8 12 20
1 9 12 11
1 9 12 19
1 9 12 20
1 11 12 19
1 11 12 20
1 8 14 11
1 9 14 11
1 8 15 11
1 9 15 11
1 8 16 11
1 9 16 11
1 8 17 11
1 8 17 19
1 9 17 11
1 9 17 19
1 11 17 19
1 9 19 19
5 1 8 5
5 1 8 8
5 1 8 9
5 1 8 10
5 1 8 11
5 1 8 13
5 1 8 15
5 1 8 17
5 2 8 5
5 2 8 8
5 2 8 9
5 2 8 10
5 2 8 11
5 2 8 13
5 2 8 15
5 2 8 17
5 3 8 5
5 3 8 8
5 3 8 9
5 3 8 10
5 3 8 11
5 3 8 13
5 3 8 15
5 3 8 17
5 5 8 8
5 5 8 9
5 5 8 10
5 5 8 11
5 5 8 13
5 5 8 15
5 5 8 17
5 8 8 13
5 8 8 15
5 8 8 17
5 9 8 13
5 9 8 15
5 9 8 17
5 10 8 13
5 10 8 15
5 10 8 17
5 11 8 13
5 11 8 15
5 11 8 17
5 13 8 15
5 13 8 17
5 15 8 17
5 3 9 5
5 3 9 8
5 3 9 9
5 3 9 10
5 3 9 11
5 3 9 13
5 3 9 15
5 3 9 17
5 5 9 8
5 5 9 9
5 5 9 10
5 5 9 11
5 5 9 13
5 5 9 15
5 5 9 17
5 8 9 13
5 8 9 15
5 8 9 17
5 9 9 13
5 9 9 15
5 9 9 17
5 10 9 13
5 10 9 15
5 10 9 17
5 11 9 13
5 11 9 15
5 11 9 17
5 13 9 15
5 13 9 17
5 15 9 17
5 5 10 8
5 5 10 9
5 5 10 10
5 5 10 11
5 5 10 13
5 5 10 15
5 8 10 13
5 8 10 15
5 9 10 13
5 9 10 15
5 10 10 13
5 10 10 15
5 11 10 13
5 11 10 15
5 13 10 15
5 5 11 8
5 5 11 9
5 5 11 10
5 5 11 11
5 5 11 13
5 5 11 15
5 5 11 17
5 8 11 13
5 8 11 15
5 8 11 17
5 9 11 13
5 9 11 15
5 9 11 17
5 10 11 13
5 10 11 15
5 10 11 17
5 11 11 13
5 11 11 15
5 11 11 17
5 13 11 15
5 13 11 17
5 15 11 17
5 8 12 13
5 8 12 15
5 8 12 17
5 9 12 13
5 9 12 15
5 9 12 17
5 10 12 13
5 10 12 15
5 10 12 17
5 11 12 13
5 11 12 15
5 11 12 17
5 13 12 15
5 13 12 17
5 15 12 17
5 3 13 5
5 15 13 17
5 8 14 11
5 8 14 15
5 8 14 17
5 9 14 11
5 9 14 15
5 9 14 17
5 11 14 15
5 11 14 17
5 15 14 17
5 8 15 11
5 8 15 15
5 8 15 17
5 9 15 11
5 9 15 15
5 9 15 17
5 11 15 15
5 11 15 17
5 15 15 17
5 1 16 3
5 1 16 8
5 1 16 9
5 1 16 11
5 3 16 8
5 3 16 9
5 3 16 11
5 8 16 11
5 9 16 11
5 15 16 17
5 3 17 8
5 3 17 9
5 3 17 11
5 3 17 15
5 3 17 17
5 8 17 11
5 8 17 15
5 8 17 17
5 9 17 11
5 9 17 15
5 9 17 17
5 11 17 15
5 11 17 17
5 15 17 17
5 15 18 17
5 3 19 9
5 3 19 15
5 3 19 17
5 9 19 15
5 9 19 17
5 15 19 17
5 3 20 9
5 3 20 15
5 3 20 17
5 9 20 15
5 9 20 17
5 15 20 17
5 3 21 9
5 3 21 15
5 3 21 17
5 9 21 15
5 9 21 17
5 15 21 17
6 8 14 11
6 9 14 11
6 8 15 11
6 9 15 11
6 1 16 3
6 8 16 11
6 9 16 11
6 8 17 11
6 9 17 11
7 8 14 11
7 9 14 11
7 8 15 11
7 9 15 11
7 1 16 3
7 8 16 11
7 9 16 11
7 8 17 11
7 9 17 11
8 5 11 17
8 5 11 18
8 5 11 19
8 5 11 20
8 6 11 17
8 6 11 18
8 6 11 19
8 6 11 20
8 7 11 17
8 7 11 18
8 7 11 19
8 7 11 20
8 8 11 17
8 8 11 18
8 8 11 19
8 8 11 20
8 9 11 17
8 9 11 18
8 9 11 19
8 9 11 20
8 10 11 17
8 10 11 18
8 10 11 19
8 10 11 20
8 11 11 17
8 11 11 18
8 11 11 19
8 11 11 20
8 12 11 17
8 12 11 18
8 12 11 19
8 12 11 20
8 13 11 17
8 13 11 18
8 13 11 19
8 13 11 20
8 14 11 17
8 14 11 18
8 14 11 19
8 14 11 20
8 15 11 17
8 15 11 18
8 15 11 19
8 15 11 20
8 8 12 17
8 8 12 18
8 8 12 19
8 8 12 20
8 9 12 17
8 9 12 18
8 9 12 19
8 9 12 20
8 10 12 17
8 10 12 18
8 10 12 19
8 10 12 20
8 11 12 17
8 11 12 18
8 11 12 19
8 11 12 20
8 12 12 17
8 12 12 18
8 12 12 19
8 12 12 20
8 13 12 17
8 13 12 18
8 13 12 19
8 13 12 20
8 14 12 17
8 14 12 18
8 14 12 19
8 14 12 20
8 15 12 17
8 15 12 18
8 15 12 19
8 15 12 20
8 3 13 5
8 15 13 17
8 8 14 11
8 8 14 15
8 8 14 17
8 9 14 11
8 9 14 15
8 9 14 17
8 11 14 15
8 11 14 17
8 15 14 17
8 8 15 11
8 8 15 15
8 8 15 17
8 9 15 11
8 9 15 15
8 9 15 17
8 11 15 15
8 11 15 17
8 15 15 17
8 1 16 3
8 1 16 8
8 1 16 9
8 1 16 11
8 3 16 8
8 3 16 9
8 3 16 11
8 8 16 11
8 9 16 11
8 15 16 17
8 3 17 8
8 3 17 9
8 3 17 11
8 3 17 15
8 3 17 17
8 3 17 19
8 8 17 11
8 8 17 15
8 8 17 17
8 8 17 19
8 9 17 11
8 9 17 15
8 9 17 17
8 9 17 19
8 11 17 15
8 11 17 17
8 11 17 19
8 15 17 17
8 15 17 19
8 17 17 19
8 15 18 17
8 3 19 9
8 3 19 15
8 3 19 17
8 3 19 19
8 9 19 15
8 9 19 17
8 9 19 19
8 15 19 17
8 15 19 19
8 17 19 19
8 3 20 9
8 3 20 15
8 3 20 17
8 9 20 15
8 9 20 17
8 15 20 17
8 3 21 9
8 3 21 15
8 3 21 17
8 9 21 15
8 9 21 17
8 15 21 17
9 5 11 17
9 5 11 18
9 5 11 19
9 5 11 20
9 6 11 17
9 6 11 18
9 6 11 19
9 6 11 20
9 7 11 17
9 7 11 18
9 7 11 19
9 7 11 20
9 8 11 17
9 8 11 18
9 8 11 19
9 8 11 20
9 9 11 17
9 9 11 18
9 9 11 19
9 9 11 20
9 10 11 17
9 10 11 18
9 10 11 19
9 10 11 20
9 11 11 17
9 11 11 18
9 11 11 19
9 11 11 20
9 12 11 17
9 12 11 18
9 12 11 19
9 12 11 20
9 13 11 17
9 13 11 18
9 13 11 19
9 13 11 20
9 14 11 17
9 14 11 18
9 14 11 19
9 14 11 20
9 15 11 17
9 15 11 18
9 15 11 19
9 15 11 20
9 8 12 17
9 8 12 18
9 8 12 19
9 8 12 20
9 9 12 17
9 9 12 18
9 9 12 19
9 9 12 20
9 10 12 17
9 10 12 18
9 10 12 19
9 10 12 20
9 11 12 17
9 11 12 18
9 11 12 19
9 11 12 20
9 12 12 17
9 12 12 18
9 12 12 19
9 12 12 20
9 13 12 17
9 13 12 18
9 13 12 19
9 13 12 20
9 14 12 17
9 14 12 18
9 14 12 19
9 14 12 20
9 15 12 17
9 15 12 18
9 15 12 19
9 15 12 20
9 3 13 5
9 15 13 17
9 8 14 11
9 8 14 15
9 8 14 17
9 9 14 11
9 9 14 15
9 9 14 17
9 11 14 15
9 11 14 17
9 15 14 17
9 8 15 11
9 8 15 15
9 8 15 17
9 9 15 11
9 9 15 15
9 9 15 17
9 11 15 15
9 11 15 17
9 15 15 17
9 3 16 8
9 3 16 9
9 3 16 11
9 8 16 11
9 9 16 11
9 15 16 17
9 3 17 8
9 3 17 9
9 3 17 11
9 3 17 15
9 3 17 17
9 3 17 19
9 8 17 11
9 8 17 15
9 8 17 17
9 8 17 19
9 9 17 11
9 9 17 15
9 9 17 17
9 9 17 19
9 11 17 15
9 11 17 17
9 11 17 19
9 15 17 17
9 15 17 19
9 17 17 19
9 15 18 17
9 3 19 9
9 3 19 15
9 3 19 17
9 3 19 19
9 9 19 15
9 9 19 17
9 9 19 19
9 15 19 17
9 15 19 19
9 17 19 19
9 3 20 9
9 3 20 15
9 3 20 17
9 9 20 15
9 9 20 17
9 15 20 17
9 3 21 9
9 3 21 15
9 3 21 17
9 9 21 15
9 9 21 17
9 15 21 17
10 8 14 11
10 8 14 15
10 9 14 11
10 9 14 15
10 11 14 15
10 8 15 11
10 8 15 15
10 9 15 11
10 9 15 15
10 11 15 15
10 8 16 11
10 9 16 11
10 8 17 11
10 8 17 15
10 9 17 11
10 9 17 15
10 11 17 15
10 17 17 19
10 9 19 15
10 17 19 19
10 9 20 15
10 9 21 15
11 8 14 11
11 8 14 15
11 8 14 16
11 8 14 17
11 9 14 11
11 9 14 15
11 9 14 16
11 9 14 17
11 11 14 15
11 11 14 16
11 11 14 17
11 8 15 11
11 8 15 15
11 8 15 16
11 8 15 17
11 9 15 11
11 9 15 15
11 9 15 16
11 9 15 17
11 11 15 15
11 11 15 16
11 11 15 17
11 8 16 11
11 9 16 11
11 8 17 11
11 8 17 15
11 8 17 16
11 8 17 17
11 8 17 19
11 9 17 11
11 9 17 15
11 9 17 16
11 9 17 17
11 9 17 19
11 11 17 15
11 11 17 16
11 11 17 17
11 11 17 19
11 15 17 19
11 16 17 19
11 17 17 19
11 9 19 15
11 9 19 16
11 9 19 17
11 9 19 19
11 15 19 19
11 16 19 19
11 17 19 19
11 9 20 15
11 9 20 16
11 9 20 17
11 9 21 15
11 9 21 16
11 9 21 17
12 8 14 11
12 8 14 15
12 8 14 16
12 8 14 17
12 9 14 11
12 9 14 15
12 9 14 16
12 9 14 17
12 11 14 15
12 11 14 16
12 11 14 17
12 8 15 11
12 8 15 15
12 8 15 16
12 8 15 17
12 9 15 11
12 9 15 15
12 9 15 16
12 9 15 17
12 11 15 15
12 11 15 16
12 11 15 17
12 8 16 11
12 9 16 11
12 8 17 11
12 8 17 15
12 8 17 16
12 8 17 17
12 8 17 19
12 9 17 11
12 9 17 15
12 9 17 16
12 9 17 17
12 9 17 19
12 11 17 15
12 11 17 16
12 11 17 17
12 11 17 19
12 15 17 19
12 16 17 19
12 17 17 19
12 9 19 15
12 9 19 16
12 9 19 17
12 9 19 19
12 15 19 19
12 16 19 19
12 17 19 19
12 9 20 15
12 9 20 16
12 9 20 17
12 9 21 15
12 9 21 16
12 9 21 17
14 8 17 15
14 8 17 16
14 8 17 17
14 9 17 15
14 9 17 16
14 9 17 17
14 10 17 15
14 10 17 16
14 10 17 17
14 11 17 15
14 11 17 16
14 11 17 17
14 12 17 15
14 12 17 16
14 12 17 17
14 13 17 15
14 13 17 16
14 13 17 17
14 9 19 12
14 9 19 13
14 9 19 15
14 9 19 16
14 9 19 17
14 10 19 12
14 10 19 13
14 10 19 15
14 10 19 16
14 10 19 17
14 12 19 15
14 12 19 16
14 12 19 17
14 13 19 15
14 13 19 16
14 13 19 17
14 9 20 12
14 9 20 13
14 9 20 15
14 9 20 16
14 9 20 17
14 10 20 12
14 10 20 13
14 10 20 15
14 10 20 16
14 10 20 17
14 12 20 15
14 12 20 16
14 12 20 17
14 13 20 15
14 13 20 16
14 13 20 17
14 9 21 12
14 9 21 13
14 9 21 15
14 9 21 16
14 9 21 17
14 10 21 12
14 10 21 13
14 10 21 15
14 10 21 16
14 10 21 17
14 12 21 15
14 12 21 16
14 12 21 17
14 13 21 15
14 13 21 16
14 13 21 17
15 8 17 15
15 8 17 16
15 8 17 17
15 9 17 15
15 9 17 16
15 9 17 17
15 10 17 15
15 10 17 16
15 10 17 17
15 11 17 15
15 11 17 16
15 11 17 17
15 12 17 15
15 12 17 16
15 12 17 17
15 13 17 15
15 13 17 16
15 13 17 17
15 9 19 12
15 9 19 13
15 9 19 15
15 9 19 16
15 9 19 17
15 10 19 12
15 10 19 13
15 10 19 15
15 10 19 16
15 10 19 17
15 12 19 15
15 12 19 16
15 12 19 17
15 13 19 15
15 13 19 16
15 13 19 17
15 9 20 12
15 9 20 13
15 9 20 15
15 9 20 16
15 9 20 17
15 10 20 12
15 10 20 13
15 10 20 15
15 10 20 16
15 10 20 17
15 12 20 15
15 12 20 16
15 12 20 17
15 13 20 15
15 13 20 16
15 13 20 17
15 9 21 12
15 9 21 13
15 9 21 15
15 9 21 16
15 9 21 17
15 10 21 12
15 10 21 13
15 10 21 15
15 10 21 16
15 10 21 17
15 12 21 15
15 12 21 16
15 12 21 17
15 13 21 15
15 13 21 16
15 13 21 17
16 3 19 6
16 3 19 9
16 3 19 10
16 3 19 12
16 3 19 13
16 4 19 6
16 4 19 9
16 4 19 10
16 4 19 12
16 4 19 13
16 6 19 9
16 6 19 10
16 6 19 12
16 6 19 13
16 9 19 12
16 9 19 13
16 10 19 12
16 10 19 13
16 3 20 6
16 3 20 9
16 3 20 10
16 3 20 12
16 3 20 13
16 4 20 6
16 4 20 9
16 4 20 10
16 4 20 12
16 4 20 13
16 6 20 9
16 6 20 10
16 6 20 12
16 6 20 13
16 9 20 12
16 9 20 13
16 10 20 12
16 10 20 13
16 3 21 6
16 3 21 9
16 3 21 10
16 3 21 12
16 3 21 13
16 4 21 6
16 4 21 9
16 4 21 10
16 4 21 12
16 4 21 13
16 6 21 9
16 6 21 10
16 6 21 12
16 6 21 13
16 9 21 12
16 9 21 13
16 10 21 12
16 10 21 13
16 6 23 10
17 3 19 6
17 3 19 9
17 3 19 10
17 3 19 12
17 3 19 13
17 3 19 15
17 3 19 16
17 3 19 17
17 3 19 19
17 3 19 20
17 4 19 6
17 4 19 9
17 4 19 10
17 4 19 12
17 4 19 13
17 4 19 15
17 4 19 16
17 4 19 17
17 4 19 19
17 4 19 20
17 6 19 9
17 6 19 10
17 6 19 12
17 6 19 13
17 6 19 15
17 6 19 16
17 6 19 17
17 6 19 19
17 6 19 20
17 9 19 12
17 9 19 13
17 9 19 15
17 9 19 16
17 9 19 17
17 9 19 19
17 9 19 20
17 10 19 12
17 10 19 13
17 10 19 15
17 10 19 16
17 10 19 17
17 10 19 19
17 10 19 20
17 12 19 15
17 12 19 16
17 12 19 17
17 12 19 19
17 12 19 20
17 13 19 15
17 13 19 16
17 13 19 17
17 13 19 19
17 13 19 20
17 15 19 19
17 15 19 20
17 16 19 19
17 16 19 20
17 17 19 19
17 17 19 20
17 3 20 6
17 3 20 9
17 3 20 10
17 3 20 12
17 3 20 13
17 3 20 15
17 3 20 16
17 3 20 17
17 4 20 6
17 4 20 9
17 4 20 10
17 4 20 12
17 4 20 13
17 4 20 15
17 4 20 16
17 4 20 17
17 6 20 9
17 6 20 10
17 6 20 12
17 6 20 13
17 6 20 15
17 6 20 16
17 6 20 17
17 9 20 12
17 9 20 13
17 9 20 15
17 9 20 16
17 9 20 17
17 10 20 12
17 10 20 13
17 10 20 15
17 10 20 16
17 10 20 17
17 12 20 15
17 12 20 16
17 12 20 17
17 13 20 15
17 13 20 16
17 13 20 17
17 3 21 6
17 3 21 9
17 3 21 10
17 3 21 12
17 3 21 13
17 3 21 15
17 3 21 16
17 3 21 17
17 3 21 20
17 4 21 6
17 4 21 9
17 4 21 10
17 4 21 12
17 4 21 13
17 4 21 15
17 4 21 16
17 4 21 17
17 4 21 20
17 6 21 9
17 6 21 10
17 6 21 12
17 6 21 13
17 6 21 15
17 6 21 16
17 6 21 17
17 6 21 20
17 9 21 12
17 9 21 13
17 9 21 15
17 9 21 16
17 9 21 17
17 9 21 20
17 10 21 12
17 10 21 13
17 10 21 15
17 10 21 16
17 10 21 17
17 10 21 20
17 12 21 15
17 12 21 16
17 12 21 17
17 12 21 20
17 13 21 15
17 13 21 16
17 13 21 17
17 13 21 20
17 15 21 20
17 16 21 20
17 17 21 20
17 6 23 10
17 12 23 20
19 1 21 20
19 2 21 20
19 3 21 20
19 4 21 20
19 5 21 20
19 6 21 20
19 7 21 20
19 8 21 20
19 9 21 20
19 10 21 20
19 11 21 20
19 12 21 20
19 13 21 20
19 14 21 20
19 15 21 20
19 16 21 20
19 17 21 20
19 6 23 10
19 12 23 20
20 6 23 10
21 6 23 10
21 12 23 20
