21 14
01111000000111
01001000000101
01001000000101
01001111111111
01001101111101
01001101011101
01001101011101
01001101011101
01001111111111
01001001011101
01001001011101
01001001011101
01001001011101
01111001011101
00000001011101
00000001111101
00000001010111
00000001010000
00000001010000
00000001110000
00000000000000
39
1 12 4 14
1 12 9 14
1 2 14 5
1 12 17 14
4 5 9 8
4 5 9 10
4 5 9 11
4 5 9 12
4 5 9 14
4 6 9 8
4 6 9 10
4 6 9 11
4 6 9 12
4 6 9 14
4 8 9 10
4 8 9 11
4 8 9 12
4 8 9 14
4 10 9 14
4 11 9 14
4 12 9 14
4 8 16 10
4 8 16 11
4 8 16 12
4 12 17 14
4 8 20 10
5 8 9 10
5 8 9 11
5 8 9 12
5 8 16 10
5 8 16 11
5 8 16 12
5 8 20 10
9 8 16 10
9 8 16 11
9 8 16 12
9 12 17 14
9 8 20 10
16 8 20 10
