24 11
00000000000
00000000000
00000000000
00000000000
00000000000
00000000111
00000000101
00011111111
00010000111
00010000111
00111110111
00111111111
00110010111
00110010011
00110010011
00110011111
00110010011
00110010011
00110010011
00111111111
00111111111
00111110000
00000000000
00000000000
43
6 9 8 11
6 9 9 11
6 9 10 11
6 9 11 11
6 9 12 11
6 9 13 11
8 4 12 9
8 4 12 10
8 4 12 11
8 4 20 10
8 4 20 11
8 4 21 10
8 4 21 11
11 3 20 7
11 4 20 7
11 3 21 7
11 4 21 7
11 3 22 7
11 4 22 7
12 7 16 10
12 7 16 11
12 3 20 7
12 3 20 10
12 3 20 11
12 4 20 7
12 4 20 10
12 4 20 11
12 7 20 10
12 7 20 11
12 3 21 7
12 3 21 10
12 3 21 11
12 4 21 7
12 4 21 10
12 4 21 11
12 7 21 10
12 7 21 11
12 3 22 7
12 4 22 7
16 7 20 10
16 7 20 11
16 7 21 10
16 7 21 11
