15 24
000001111111111111111111
000001010001111110000001
000001010111110010000001
000111111111111111111111
000101111101010000000001
000101111101010000000001
000101111101010000000001
000101111101011111000001
000111111111111001000001
000001001000001001000001
000001001000001001000001
000001001111111111111111
000001000000000000000001
000001000000000000000001
000001111111111111111111
58
1 6 4 8
1 6 4 12
1 6 4 13
1 6 4 14
1 6 4 17
1 6 4 24
1 8 4 12
1 8 4 13
1 8 4 14
1 8 4 17
1 8 4 24
1 12 4 17
1 12 4 24
1 13 4 17
1 13 4 24
1 14 4 17
1 14 4 24
1 17 4 24
1 6 5 8
1 6 6 8
1 6 7 8
1 6 8 8
1 6 9 8
1 6 9 12
1 6 9 14
1 8 9 12
1 8 9 14
1 12 9 14
1 6 15 24
2 12 4 17
2 13 4 17
2 14 4 17
2 12 9 14
3 10 9 12
3 10 9 14
3 12 9 14
4 4 9 6
4 4 9 7
4 4 9 8
4 4 9 9
4 4 9 10
4 4 9 12
4 4 9 14
4 6 9 12
4 6 9 14
4 7 9 12
4 7 9 14
4 8 9 12
4 8 9 14
4 9 9 12
4 9 9 14
4 10 9 12
4 10 9 14
4 12 9 14
4 9 12 24
4 6 15 24
8 15 12 18
9 9 12 15
