24 19
0000000000000000000
0000000000000000000
0000111111111000000
0000111110001000000
0000110011111000000
0000110010011000000
0000111110011000000
0000111111111000000
0000010111111100000
0000010110010100000
0111111110010100000
0100010110010100000
0100010110010100000
0100010111110100000
0100010110000100000
0100010111111100000
0100010110000000000
0100010110000001110
0100011110000001010
0100010100000001010
0111111100000001010
0000000000000001010
0000000000000001110
0000000000000000000
45
3 9 5 13
3 5 7 9
3 6 7 9
3 5 8 9
3 5 8 13
3 6 8 9
3 6 8 13
3 9 8 13
3 9 9 13
3 6 11 9
3 6 19 9
4 5 7 9
4 6 7 9
4 5 8 9
4 6 8 9
4 6 11 9
4 6 19 9
5 9 8 12
5 9 8 13
5 9 9 12
5 9 9 13
5 9 14 12
7 6 11 8
7 6 11 9
7 6 19 8
7 6 19 9
7 6 21 8
8 6 11 8
8 6 11 9
8 8 14 12
8 9 14 12
8 6 19 8
8 6 19 9
8 6 21 8
9 8 14 12
9 9 14 12
9 8 16 14
9 9 16 14
11 6 19 8
11 6 19 9
11 2 21 6
11 2 21 8
11 6 21 8
18 16 23 18
19 6 21 8
