25 23
00000000000001110000000
00000000001111111111000
00000000001001010001000
00000000001001010001000
00000000001001010001000
00000000001111111111000
00111000000001010000000
00101000000001010000000
00101000000001010000000
11111111111111111111110
11111111111001010000010
11101000001001010000010
11101000001001010000010
11101111001001010000010
11101001001001010000010
11111111111001110000010
10111001010000000000010
10111001010000000000010
10111001010000000000010
10111001010000000000010
10011001010111111000010
10011001010100001000010
11111111111111111111110
00011111110100001000000
00001111000111111000000
69
1 14 6 16
1 14 10 16
1 14 16 16
2 11 6 14
2 11 6 16
2 11 6 20
2 14 6 16
2 14 6 20
2 16 6 20
2 14 10 16
2 14 16 16
6 14 10 16
6 14 16 16
7 3 10 5
7 3 11 5
7 3 16 5
7 3 17 5
7 3 18 5
7 3 19 5
7 3 20 5
10 1 16 5
10 1 16 11
10 2 16 5
10 2 16 11
10 3 16 5
10 3 16 11
10 5 16 11
10 14 16 16
10 3 17 5
10 3 18 5
10 3 19 5
10 3 20 5
10 1 23 5
10 1 23 22
10 5 23 22
11 1 16 5
11 1 16 11
11 2 16 5
11 2 16 11
11 3 16 5
11 3 16 11
11 5 16 11
11 3 17 5
11 3 18 5
11 3 19 5
11 3 20 5
11 1 23 5
14 5 16 8
14 5 23 8
14 5 24 8
14 5 25 8
16 1 23 4
16 1 23 5
16 1 23 8
16 1 23 10
16 4 23 8
16 4 23 10
16 5 23 8
16 5 23 10
16 8 23 10
16 4 24 8
16 4 24 10
16 5 24 8
16 5 24 10
16 8 24 10
16 5 25 8
21 12 23 17
21 12 25 17
23 12 25 17
