17 17
00011111100000000
00011000111111111
01111111111111111
01011000100000001
01011000100000001
01011000100000001
01111111111111111
01111111111110011
01011110101010011
01111110101111111
00111111111110001
00100010111111111
11111111100010000
10111111111110000
10000010100010000
10000011111110000
11111111100000000
126
1 4 3 9
1 5 3 9
1 4 7 9
1 5 7 9
1 4 8 9
1 5 8 9
1 4 11 9
1 5 11 9
2 9 7 17
2 9 12 17
3 2 7 4
3 2 7 5
3 2 7 9
3 2 7 17
3 4 7 9
3 4 7 17
3 5 7 9
3 5 7 17
3 9 7 17
3 2 8 4
3 2 8 5
3 2 8 9
3 4 8 9
3 5 8 9
3 2 10 4
3 2 10 5
3 4 11 9
3 5 11 9
3 9 12 17
7 2 10 4
7 2 10 5
7 2 10 6
7 2 10 7
7 11 10 13
7 11 10 16
7 11 10 17
7 13 10 16
7 13 10 17
7 4 11 9
7 4 11 11
7 4 11 13
7 5 11 9
7 5 11 11
7 5 11 13
7 6 11 9
7 6 11 11
7 6 11 13
7 7 11 9
7 7 11 11
7 7 11 13
7 9 11 11
7 9 11 13
7 11 11 13
7 9 12 11
7 9 12 13
7 9 12 17
7 11 12 13
7 11 12 17
7 13 12 17
7 7 13 9
7 7 14 9
7 7 14 13
7 9 14 13
7 7 16 9
7 7 16 13
7 9 16 13
7 7 17 9
8 2 10 4
8 2 10 5
8 2 10 6
8 2 10 7
8 11 10 13
8 4 11 9
8 4 11 11
8 4 11 13
8 5 11 9
8 5 11 11
8 5 11 13
8 6 11 9
8 6 11 11
8 6 11 13
8 7 11 9
8 7 11 11
8 7 11 13
8 9 11 11
8 9 11 13
8 11 11 13
8 9 12 11
8 9 12 13
8 11 12 13
8 7 13 9
8 7 14 9
8 7 14 13
8 9 14 13
8 7 16 9
8 7 16 13
8 9 16 13
8 7 17 9
10 11 12 17
10 12 12 17
10 13 12 17
10 3 13 7
10 3 14 7
11 3 13 7
11 3 13 9
11 7 13 9
11 3 14 7
11 3 14 9
11 3 14 13
11 7 14 9
11 7 14 13
11 9 14 13
11 7 16 9
11 7 16 13
11 9 16 13
11 7 17 9
12 9 14 13
12 9 16 13
13 7 16 9
13 1 17 7
13 1 17 9
13 7 17 9
14 7 16 9
14 7 16 13
14 9 16 13
14 7 17 9
