14 13
0000111111100
0000101101100
0000101111111
0000111111101
0000101111001
0000111111001
0000001011001
0000001011001
0111111111111
0100001011001
0100001011001
0100001011001
0100001111001
0111111111111
67
1 7 3 10
1 7 3 11
1 8 3 10
1 8 3 11
1 5 4 7
1 5 4 8
1 5 4 10
1 5 4 11
1 7 4 10
1 7 4 11
1 8 4 10
1 8 4 11
1 7 5 10
1 8 5 10
1 5 6 7
1 5 6 8
1 5 6 10
1 7 6 10
1 8 6 10
1 7 9 10
1 7 13 10
1 7 14 10
3 7 9 9
3 7 9 10
3 7 9 13
3 9 9 13
3 10 9 13
3 7 13 9
3 7 13 10
3 7 14 9
3 7 14 10
3 7 14 13
3 9 14 13
3 10 14 13
4 5 6 7
4 5 6 8
4 5 6 9
4 5 6 10
4 7 9 9
4 7 9 10
4 7 13 9
4 7 13 10
4 7 14 9
4 7 14 10
5 7 9 9
5 7 9 10
5 7 13 9
5 7 13 10
5 7 14 9
5 7 14 10
6 7 9 9
6 7 9 10
6 7 13 9
6 7 13 10
6 7 14 9
6 7 14 10
9 7 13 9
9 7 13 10
9 2 14 7
9 2 14 9
9 2 14 10
9 2 14 13
9 7 14 9
9 7 14 10
9 7 14 13
9 9 14 13
9 10 14 13
