16 21
000000001111111111100
000000001000000000100
000000001111111111100
000000000000000000000
000001111000011111111
000001001000011001001
000001001000011111111
000001111000111111000
011111111111111111000
010010000010101011000
010010000010111111000
011111100010001111000
010010100010000010000
010010100010000010000
011111111111111110000
000000000000000000000
42
1 9 3 19
5 14 7 18
5 14 7 21
5 15 7 18
5 15 7 21
5 18 7 21
5 6 8 9
5 14 8 18
5 15 8 18
5 6 9 9
5 14 9 18
5 15 9 18
5 15 11 18
5 15 12 18
7 15 11 17
7 15 11 18
7 15 12 17
7 15 12 18
8 13 11 15
8 13 11 17
8 13 11 18
8 15 11 17
8 15 11 18
8 15 12 17
8 15 12 18
9 13 11 15
9 13 11 17
9 13 11 18
9 15 11 17
9 15 11 18
9 2 12 5
9 15 12 17
9 15 12 18
9 2 15 5
9 2 15 11
9 2 15 17
9 5 15 11
9 5 15 17
9 11 15 17
12 2 15 5
12 2 15 7
12 5 15 7
