25 21
000000000000000000000
000000000000000000000
111111111111111111111
100000000000000000001
100000000000000000001
101110000000000000001
101010011111111111111
101010010000111100001
101010011111111111111
101011111111110100101
101011011111111111101
111111111111111111111
001011010000110100100
001011111111110100100
001010010001111111100
001010010001110101100
001010010001110101100
111111111111111111100
101010000001010011100
101011100001010011100
101010100001010011100
101110100001111111100
111111111111111111100
000011100000000000000
000000000000000000000
262
3 1 12 21
6 3 12 5
6 3 18 5
6 3 22 5
6 3 23 5
7 8 9 13
7 8 9 14
7 8 9 15
7 8 9 16
7 8 9 21
7 13 9 21
7 14 9 21
7 15 9 21
7 16 9 21
7 8 10 13
7 8 10 14
7 8 11 13
7 8 11 14
7 8 11 16
7 13 11 16
7 14 11 16
7 8 12 13
7 8 12 14
7 8 12 16
7 8 12 21
7 13 12 16
7 13 12 21
7 14 12 16
7 14 12 21
7 16 12 21
7 8 14 13
7 8 14 14
7 13 15 16
7 14 15 16
7 8 18 13
7 8 18 14
7 8 18 16
7 13 18 16
7 14 18 16
8 13 11 16
8 14 11 16
8 13 12 16
8 14 12 16
8 13 15 16
8 14 15 16
8 13 18 16
8 14 18 16
9 8 11 16
9 8 11 19
9 9 11 16
9 9 11 19
9 10 11 16
9 10 11 19
9 11 11 16
9 11 11 19
9 12 11 16
9 12 11 19
9 13 11 16
9 13 11 19
9 14 11 16
9 14 11 19
9 16 11 19
9 8 12 16
9 8 12 19
9 8 12 21
9 9 12 16
9 9 12 19
9 9 12 21
9 10 12 16
9 10 12 19
9 10 12 21
9 11 12 16
9 11 12 19
9 11 12 21
9 12 12 16
9 12 12 19
9 12 12 21
9 13 12 16
9 13 12 19
9 13 12 21
9 14 12 16
9 14 12 19
9 14 12 21
9 16 12 19
9 16 12 21
9 19 12 21
9 8 14 13
9 8 14 14
9 13 15 16
9 13 15 19
9 14 15 16
9 14 15 19
9 16 15 19
9 8 18 13
9 8 18 14
9 8 18 16
9 8 18 19
9 13 18 16
9 13 18 19
9 14 18 16
9 14 18 19
9 16 18 19
9 14 22 19
9 14 23 19
10 5 12 8
10 5 12 9
10 5 12 10
10 5 12 11
10 5 12 12
10 5 12 13
10 5 12 14
10 6 12 8
10 6 12 9
10 6 12 10
10 6 12 11
10 6 12 12
10 6 12 13
10 6 12 14
10 5 14 8
10 5 14 13
10 5 14 14
10 6 14 8
10 6 14 13
10 6 14 14
10 8 14 13
10 8 14 14
10 5 18 8
10 5 18 13
10 5 18 14
10 8 18 13
10 8 18 14
10 5 23 14
11 8 14 13
11 8 14 14
11 13 15 16
11 13 15 19
11 14 15 16
11 14 15 19
11 16 15 19
11 8 18 13
11 8 18 14
11 8 18 16
11 8 18 19
11 13 18 16
11 13 18 19
11 14 18 16
11 14 18 19
11 16 18 19
11 14 22 19
11 14 23 19
12 5 14 8
12 5 14 13
12 5 14 14
12 6 14 8
12 6 14 13
12 6 14 14
12 8 14 13
12 8 14 14
12 13 15 16
12 13 15 19
12 14 15 16
12 14 15 19
12 16 15 19
12 3 18 5
12 3 18 8
12 3 18 13
12 3 18 14
12 3 18 16
12 3 18 19
12 5 18 8
12 5 18 13
12 5 18 14
12 5 18 16
12 5 18 19
12 8 18 13
12 8 18 14
12 8 18 16
12 8 18 19
12 13 18 16
12 13 18 19
12 14 18 16
12 14 18 19
12 16 18 19
12 3 22 5
12 14 22 19
12 3 23 5
12 3 23 14
12 3 23 19
12 5 23 14
12 5 23 19
12 14 23 19
14 5 18 8
14 5 18 12
14 5 18 13
14 5 18 14
14 8 18 12
14 8 18 13
14 8 18 14
14 12 22 14
14 5 23 12
14 5 23 14
14 12 23 14
15 12 18 16
15 12 18 18
15 12 18 19
15 13 18 16
15 13 18 18
15 13 18 19
15 14 18 16
15 14 18 18
15 14 18 19
15 16 18 18
15 16 18 19
15 12 22 14
15 12 22 18
15 12 22 19
15 14 22 18
15 14 22 19
15 12 23 14
15 12 23 18
15 12 23 19
15 14 23 18
15 14 23 19
16 12 22 14
16 12 23 14
17 12 22 14
17 12 23 14
18 3 22 5
18 12 22 14
18 12 22 17
18 12 22 18
18 12 22 19
18 14 22 17
18 14 22 18
18 14 22 19
18 1 23 3
18 1 23 5
18 1 23 12
18 1 23 14
18 1 23 17
18 1 23 18
18 1 23 19
18 3 23 5
18 3 23 12
18 3 23 14
18 3 23 17
18 3 23 18
18 3 23 19
18 5 23 12
18 5 23 14
18 5 23 17
18 5 23 18
18 5 23 19
18 12 23 14
18 12 23 17
18 12 23 18
18 12 23 19
18 14 23 17
18 14 23 18
18 14 23 19
20 5 23 7
20 5 24 7
