15 16
0000001110000000
0000001010001111
0000001010001001
0000001010001001
0000001010001001
0000001110001001
1111111111111101
1111111111111111
1000000100001101
1000000100001101
1000000100001101
1000000100001111
1111111111111111
1111111111111111
1111111100000000
39
1 7 6 9
1 7 7 9
1 7 8 9
2 13 8 16
2 13 12 16
2 13 13 16
2 13 14 16
7 1 13 8
7 1 13 13
7 1 13 14
7 8 13 13
7 8 13 14
7 1 14 8
7 1 14 13
7 1 14 14
7 8 14 13
7 8 14 14
7 1 15 8
8 13 12 16
8 14 12 16
8 1 13 8
8 1 13 13
8 1 13 14
8 1 13 16
8 8 13 13
8 8 13 14
8 8 13 16
8 13 13 16
8 14 13 16
8 1 14 8
8 1 14 13
8 1 14 14
8 1 14 16
8 8 14 13
8 8 14 14
8 8 14 16
8 13 14 16
8 14 14 16
8 1 15 8
