10 21
000000000000000000000
000000000000000000000
000000000000000111111
111111111111111111111
100000111111111111111
100000100010000101001
100000100010000111111
100000111111111111000
111111111111111111000
000000000000000000000
39
3 16 7 18
3 16 7 21
3 18 7 21
3 16 8 18
3 16 9 18
4 16 7 18
4 16 7 21
4 18 7 21
4 7 8 11
4 7 8 16
4 7 8 18
4 11 8 16
4 11 8 18
4 16 8 18
4 1 9 7
4 1 9 11
4 1 9 16
4 1 9 18
4 7 9 11
4 7 9 16
4 7 9 18
4 11 9 16
4 11 9 18
4 16 9 18
5 16 7 18
5 16 7 21
5 18 7 21
5 7 8 11
5 7 8 16
5 7 8 18
5 11 8 16
5 11 8 18
5 16 8 18
5 7 9 11
5 7 9 16
5 7 9 18
5 11 9 16
5 11 9 18
5 16 9 18
