23 19
0000000000000000000
0000000000000000000
0000000000000000000
0000000000000111111
0000000111111111111
0000000100000100001
0000000100000100001
0000000100000100001
0000000111111111111
0000000001111111111
0000000001000110111
0000000001000111111
0000000001000010110
0000000001000010110
0000000001000010110
0000000001000010110
0000000001111111110
0000000000000010100
0000000000000010100
0000000000000011100
0000000000000000000
0000000000000000000
0000000000000000000
36
4 14 9 19
4 14 10 19
4 14 12 19
5 8 9 14
5 8 9 19
5 14 9 19
5 14 10 19
5 14 12 19
9 14 12 17
9 14 12 18
9 14 12 19
9 15 12 17
9 15 12 18
9 15 12 19
9 10 17 15
9 10 17 17
9 10 17 18
9 15 17 17
9 15 17 18
9 15 20 17
10 14 12 17
10 14 12 18
10 14 12 19
10 15 12 17
10 15 12 18
10 15 12 19
10 10 17 15
10 10 17 17
10 10 17 18
10 15 17 17
10 15 17 18
10 15 20 17
12 15 17 17
12 15 17 18
12 15 20 17
17 15 20 17
