24 22
0000000000000000000000
0011111111111111111000
0010000000000000001000
0010000011111111101000
0010000010000000101000
0010000010000000101000
0010000011111111101000
0010000011000000101000
0111111111000000101000
0110000111000000101000
0110000111111110101000
0111111111000010101000
0010000111111111101000
0011111111111111111000
0000011111110010101111
0000011101010010101001
0000011101010010101001
0000011111110010101001
0000010101111111101001
0000010100000010001001
0000010100000010001111
0000011111111110000000
0000000000000000000000
0000000000000000000000
72
2 3 14 19
4 9 7 17
4 9 13 17
4 9 14 17
7 9 13 17
7 10 13 17
7 9 14 17
7 10 14 17
7 10 19 17
9 2 12 8
9 2 12 9
9 2 12 10
9 3 12 8
9 3 12 9
9 3 12 10
9 3 14 8
9 3 14 9
9 3 14 10
9 8 18 10
10 8 18 10
11 8 13 15
11 9 13 15
11 10 13 15
11 8 14 15
11 9 14 15
11 10 14 15
11 8 18 10
11 10 19 15
11 8 22 15
12 3 14 8
12 3 14 9
12 3 14 10
12 8 18 10
13 8 18 10
13 8 18 12
13 10 18 12
13 10 19 12
13 10 19 15
13 10 19 17
13 12 19 15
13 12 19 17
13 15 19 17
13 8 22 15
14 6 18 10
14 6 18 12
14 7 18 10
14 7 18 12
14 8 18 10
14 8 18 12
14 10 18 12
14 10 19 12
14 10 19 15
14 10 19 17
14 12 19 15
14 12 19 17
14 15 19 17
14 6 22 8
14 6 22 15
14 8 22 15
15 6 18 10
15 6 18 12
15 7 18 10
15 7 18 12
15 8 18 10
15 8 18 12
15 10 18 12
15 10 19 12
15 19 21 22
15 6 22 8
16 6 22 8
17 6 22 8
18 6 22 8
