19 18
000000000000000000
001111111111111000
001000111000001000
001000101000001000
001111111111111000
011111111000000000
011111111000011111
010010000000010001
010010000000010001
010010000000010001
011110000000010001
000000000000010001
000000000000011111
000000001111111111
000000001000000001
000000001000000001
000000001000000001
000000001111111111
000000000000000000
20
2 3 5 7
2 3 5 9
2 3 5 15
2 7 5 9
2 7 5 15
2 9 5 15
2 3 6 7
2 3 6 9
2 7 6 9
2 3 7 7
2 3 7 9
2 7 7 9
3 7 5 9
3 7 6 9
3 7 7 9
6 2 11 5
7 2 11 5
7 14 13 18
7 14 14 18
14 9 18 18
