20 17
00000001111000000
00000001001000000
00000001001000000
00000001111000000
00000000000000000
00111111110000000
00100100010000000
00100100010000000
00100100011111100
00100100011000100
00111100011000100
00100000011000100
00100011111100100
00100010011100100
11111111111111100
10100010011100100
10111111111100100
10000010001100100
10000010001100100
11111111111111100
33
1 8 4 11
6 3 11 6
6 3 15 10
6 3 17 10
9 10 15 15
9 11 15 15
9 11 20 15
13 7 15 10
13 7 15 11
13 7 15 12
13 7 17 10
13 7 17 11
13 7 17 12
13 7 20 11
13 7 20 12
15 3 17 7
15 3 17 10
15 3 17 11
15 3 17 12
15 7 17 10
15 7 17 11
15 7 17 12
15 1 20 7
15 1 20 11
15 1 20 12
15 1 20 15
15 7 20 11
15 7 20 12
15 7 20 15
15 11 20 15
15 12 20 15
17 7 20 11
17 7 20 12
