13 23
00000000001111111111110
00011111111111111100010
00010101011111111111110
00111111111111111111100
01111111111111100100100
01111111111111111111111
01111111111111111111111
01111011011111100001111
01111111111100100001101
01101111111111111111101
01111111111111111111111
00100111010000100001111
00111111111111111111111
809
1 11 3 22
1 12 3 22
1 13 3 22
1 14 3 22
1 15 3 22
1 16 3 22
1 17 3 22
1 18 3 22
1 11 6 18
1 12 6 18
1 13 6 18
1 14 6 18
1 15 6 18
1 11 7 18
1 12 7 18
1 13 7 18
1 14 7 18
1 15 7 18
1 11 10 15
1 12 10 15
1 11 11 15
1 12 11 15
2 4 4 6
2 4 4 8
2 4 4 10
2 4 4 11
2 4 4 12
2 4 4 13
2 4 4 14
2 4 4 15
2 4 4 16
2 4 4 17
2 4 4 18
2 6 4 8
2 6 4 10
2 6 4 11
2 6 4 12
2 6 4 13
2 6 4 14
2 6 4 15
2 6 4 16
2 6 4 17
2 6 4 18
2 8 4 10
2 8 4 11
2 8 4 12
2 8 4 13
2 8 4 14
2 8 4 15
2 8 4 16
2 8 4 17
2 8 4 18
2 4 5 6
2 4 5 8
2 4 5 10
2 4 5 11
2 4 5 12
2 4 5 13
2 4 5 14
2 4 5 15
2 6 5 8
2 6 5 10
2 6 5 11
2 6 5 12
2 6 5 13
2 6 5 14
2 6 5 15
2 8 5 10
2 8 5 11
2 8 5 12
2 8 5 13
2 8 5 14
2 8 5 15
2 4 6 6
2 4 6 8
2 4 6 10
2 4 6 11
2 4 6 12
2 4 6 13
2 4 6 14
2 4 6 15
2 4 6 18
2 6 6 8
2 6 6 10
2 6 6 11
2 6 6 12
2 6 6 13
2 6 6 14
2 6 6 15
2 6 6 18
2 8 6 10
2 8 6 11
2 8 6 12
2 8 6 13
2 8 6 14
2 8 6 15
2 8 6 18
2 10 6 18
2 11 6 18
2 12 6 18
2 13 6 18
2 14 6 18
2 15 6 18
2 4 7 6
2 4 7 8
2 4 7 10
2 4 7 11
2 4 7 12
2 4 7 13
2 4 7 14
2 4 7 15
2 4 7 18
2 6 7 8
2 6 7 10
2 6 7 11
2 6 7 12
2 6 7 13
2 6 7 14
2 6 7 15
2 6 7 18
2 8 7 10
2 8 7 11
2 8 7 12
2 8 7 13
2 8 7 14
2 8 7 15
2 8 7 18
2 10 7 18
2 11 7 18
2 12 7 18
2 13 7 18
2 14 7 18
2 15 7 18
2 4 9 8
2 4 9 10
2 4 9 11
2 4 9 12
2 8 9 10
2 8 9 11
2 8 9 12
2 8 10 10
2 8 10 11
2 8 10 12
2 8 10 15
2 10 10 15
2 11 10 15
2 12 10 15
2 8 11 10
2 8 11 11
2 8 11 12
2 8 11 15
2 10 11 15
2 11 11 15
2 12 11 15
2 8 13 10
2 8 13 15
2 10 13 15
3 10 6 18
3 10 6 21
3 11 6 18
3 11 6 21
3 12 6 18
3 12 6 21
3 13 6 18
3 13 6 21
3 14 6 18
3 14 6 21
3 15 6 18
3 15 6 21
3 18 6 21
3 10 7 18
3 10 7 21
3 11 7 18
3 11 7 21
3 12 7 18
3 12 7 21
3 13 7 18
3 13 7 21
3 14 7 18
3 14 7 21
3 15 7 18
3 15 7 21
3 18 7 21
3 10 10 15
3 10 10 21
3 11 10 15
3 11 10 21
3 12 10 15
3 12 10 21
3 15 10 21
3 10 11 15
3 10 11 21
3 11 11 15
3 11 11 21
3 12 11 15
3 12 11 21
3 15 11 21
3 10 13 15
3 10 13 21
3 15 13 21
4 3 6 18
4 3 6 21
4 4 6 18
4 4 6 21
4 5 6 18
4 5 6 21
4 6 6 18
4 6 6 21
4 7 6 18
4 7 6 21
4 8 6 18
4 8 6 21
4 9 6 18
4 9 6 21
4 10 6 18
4 10 6 21
4 11 6 18
4 11 6 21
4 12 6 18
4 12 6 21
4 13 6 18
4 13 6 21
4 14 6 18
4 14 6 21
4 15 6 18
4 15 6 21
4 18 6 21
4 3 7 18
4 3 7 21
4 4 7 18
4 4 7 21
4 5 7 18
4 5 7 21
4 6 7 18
4 6 7 21
4 7 7 18
4 7 7 21
4 8 7 18
4 8 7 21
4 9 7 18
4 9 7 21
4 10 7 18
4 10 7 21
4 11 7 18
4 11 7 21
4 12 7 18
4 12 7 21
4 13 7 18
4 13 7 21
4 14 7 18
4 14 7 21
4 15 7 18
4 15 7 21
4 18 7 21
4 3 9 7
4 3 9 8
4 3 9 10
4 3 9 11
4 3 9 12
4 4 9 7
4 4 9 8
4 4 9 10
4 4 9 11
4 4 9 12
4 5 9 7
4 5 9 8
4 5 9 10
4 5 9 11
4 5 9 12
4 7 9 10
4 7 9 11
4 7 9 12
4 8 9 10
4 8 9 11
4 8 9 12
4 5 10 7
4 5 10 8
4 5 10 10
4 5 10 11
4 5 10 12
4 5 10 15
4 5 10 21
4 7 10 10
4 7 10 11
4 7 10 12
4 7 10 15
4 7 10 21
4 8 10 10
4 8 10 11
4 8 10 12
4 8 10 15
4 8 10 21
4 10 10 15
4 10 10 21
4 11 10 15
4 11 10 21
4 12 10 15
4 12 10 21
4 15 10 21
4 3 11 5
4 3 11 7
4 3 11 8
4 3 11 10
4 3 11 11
4 3 11 12
4 3 11 15
4 3 11 21
4 5 11 7
4 5 11 8
4 5 11 10
4 5 11 11
4 5 11 12
4 5 11 15
4 5 11 21
4 7 11 10
4 7 11 11
4 7 11 12
4 7 11 15
4 7 11 21
4 8 11 10
4 8 11 11
4 8 11 12
4 8 11 15
4 8 11 21
4 10 11 15
4 10 11 21
4 11 11 15
4 11 11 21
4 12 11 15
4 12 11 21
4 15 11 21
4 3 13 7
4 3 13 8
4 3 13 10
4 3 13 15
4 3 13 21
4 7 13 10
4 7 13 15
4 7 13 21
4 8 13 10
4 8 13 15
4 8 13 21
4 10 13 15
4 10 13 21
4 15 13 21
5 2 9 7
5 2 9 8
5 2 9 10
5 2 9 11
5 2 9 12
5 3 9 7
5 3 9 8
5 3 9 10
5 3 9 11
5 3 9 12
5 4 9 7
5 4 9 8
5 4 9 10
5 4 9 11
5 4 9 12
5 5 9 7
5 5 9 8
5 5 9 10
5 5 9 11
5 5 9 12
5 7 9 10
5 7 9 11
5 7 9 12
5 8 9 10
5 8 9 11
5 8 9 12
5 5 10 7
5 5 10 8
5 5 10 10
5 5 10 11
5 5 10 12
5 5 10 15
5 7 10 10
5 7 10 11
5 7 10 12
5 7 10 15
5 8 10 10
5 8 10 11
5 8 10 12
5 8 10 15
5 10 10 15
5 11 10 15
5 12 10 15
5 2 11 5
5 2 11 7
5 2 11 8
5 2 11 10
5 2 11 11
5 2 11 12
5 2 11 15
5 3 11 5
5 3 11 7
5 3 11 8
5 3 11 10
5 3 11 11
5 3 11 12
5 3 11 15
5 5 11 7
5 5 11 8
5 5 11 10
5 5 11 11
5 5 11 12
5 5 11 15
5 7 11 10
5 7 11 11
5 7 11 12
5 7 11 15
5 8 11 10
5 8 11 11
5 8 11 12
5 8 11 15
5 10 11 15
5 11 11 15
5 12 11 15
5 3 13 7
5 3 13 8
5 3 13 10
5 3 13 15
5 7 13 10
5 7 13 15
5 8 13 10
5 8 13 15
5 10 13 15
6 2 9 7
6 2 9 8
6 2 9 10
6 2 9 11
6 2 9 12
6 3 9 7
6 3 9 8
6 3 9 10
6 3 9 11
6 3 9 12
6 4 9 7
6 4 9 8
6 4 9 10
6 4 9 11
6 4 9 12
6 5 9 7
6 5 9 8
6 5 9 10
6 5 9 11
6 5 9 12
6 7 9 10
6 7 9 11
6 7 9 12
6 8 9 10
6 8 9 11
6 8 9 12
6 5 10 7
6 5 10 8
6 5 10 10
6 5 10 11
6 5 10 12
6 5 10 15
6 5 10 20
6 5 10 21
6 7 10 10
6 7 10 11
6 7 10 12
6 7 10 15
6 7 10 20
6 7 10 21
6 8 10 10
6 8 10 11
6 8 10 12
6 8 10 15
6 8 10 20
6 8 10 21
6 10 10 15
6 10 10 20
6 10 10 21
6 11 10 15
6 11 10 20
6 11 10 21
6 12 10 15
6 12 10 20
6 12 10 21
6 15 10 20
6 15 10 21
6 2 11 5
6 2 11 7
6 2 11 8
6 2 11 10
6 2 11 11
6 2 11 12
6 2 11 15
6 2 11 20
6 2 11 21
6 2 11 23
6 3 11 5
6 3 11 7
6 3 11 8
6 3 11 10
6 3 11 11
6 3 11 12
6 3 11 15
6 3 11 20
6 3 11 21
6 3 11 23
6 5 11 7
6 5 11 8
6 5 11 10
6 5 11 11
6 5 11 12
6 5 11 15
6 5 11 20
6 5 11 21
6 5 11 23
6 7 11 10
6 7 11 11
6 7 11 12
6 7 11 15
6 7 11 20
6 7 11 21
6 7 11 23
6 8 11 10
6 8 11 11
6 8 11 12
6 8 11 15
6 8 11 20
6 8 11 21
6 8 11 23
6 10 11 15
6 10 11 20
6 10 11 21
6 10 11 23
6 11 11 15
6 11 11 20
6 11 11 21
6 11 11 23
6 12 11 15
6 12 11 20
6 12 11 21
6 12 11 23
6 15 11 20
6 15 11 21
6 15 11 23
6 20 11 23
6 21 11 23
6 20 12 23
6 21 12 23
6 3 13 7
6 3 13 8
6 3 13 10
6 3 13 15
6 3 13 20
6 3 13 21
6 3 13 23
6 7 13 10
6 7 13 15
6 7 13 20
6 7 13 21
6 7 13 23
6 8 13 10
6 8 13 15
6 8 13 20
6 8 13 21
6 8 13 23
6 10 13 15
6 10 13 20
6 10 13 21
6 10 13 23
6 15 13 20
6 15 13 21
6 15 13 23
6 20 13 23
6 21 13 23
7 2 9 7
7 2 9 8
7 2 9 10
7 2 9 11
7 2 9 12
7 3 9 7
7 3 9 8
7 3 9 10
7 3 9 11
7 3 9 12
7 4 9 7
7 4 9 8
7 4 9 10
7 4 9 11
7 4 9 12
7 5 9 7
7 5 9 8
7 5 9 10
7 5 9 11
7 5 9 12
7 7 9 10
7 7 9 11
7 7 9 12
7 8 9 10
7 8 9 11
7 8 9 12
7 5 10 7
7 5 10 8
7 5 10 10
7 5 10 11
7 5 10 12
7 5 10 15
7 5 10 20
7 5 10 21
7 7 10 10
7 7 10 11
7 7 10 12
7 7 10 15
7 7 10 20
7 7 10 21
7 8 10 10
7 8 10 11
7 8 10 12
7 8 10 15
7 8 10 20
7 8 10 21
7 10 10 15
7 10 10 20
7 10 10 21
7 11 10 15
7 11 10 20
7 11 10 21
7 12 10 15
7 12 10 20
7 12 10 21
7 15 10 20
7 15 10 21
7 2 11 5
7 2 11 7
7 2 11 8
7 2 11 10
7 2 11 11
7 2 11 12
7 2 11 15
7 2 11 20
7 2 11 21
7 2 11 23
7 3 11 5
7 3 11 7
7 3 11 8
7 3 11 10
7 3 11 11
7 3 11 12
7 3 11 15
7 3 11 20
7 3 11 21
7 3 11 23
7 5 11 7
7 5 11 8
7 5 11 10
7 5 11 11
7 5 11 12
7 5 11 15
7 5 11 20
7 5 11 21
7 5 11 23
7 7 11 10
7 7 11 11
7 7 11 12
7 7 11 15
7 7 11 20
7 7 11 21
7 7 11 23
7 8 11 10
7 8 11 11
7 8 11 12
7 8 11 15
7 8 11 20
7 8 11 21
7 8 11 23
7 10 11 15
7 10 11 20
7 10 11 21
7 10 11 23
7 11 11 15
7 11 11 20
7 11 11 21
7 11 11 23
7 12 11 15
7 12 11 20
7 12 11 21
7 12 11 23
7 15 11 20
7 15 11 21
7 15 11 23
7 20 11 23
7 21 11 23
7 20 12 23
7 21 12 23
7 3 13 7
7 3 13 8
7 3 13 10
7 3 13 15
7 3 13 20
7 3 13 21
7 3 13 23
7 7 13 10
7 7 13 15
7 7 13 20
7 7 13 21
7 7 13 23
7 8 13 10
7 8 13 15
7 8 13 20
7 8 13 21
7 8 13 23
7 10 13 15
7 10 13 20
7 10 13 21
7 10 13 23
7 15 13 20
7 15 13 21
7 15 13 23
7 20 13 23
7 21 13 23
8 10 10 15
8 11 10 15
8 12 10 15
8 2 11 5
8 3 11 5
8 10 11 15
8 11 11 15
8 12 11 15
8 20 11 23
8 21 11 23
8 20 12 23
8 21 12 23
8 10 13 15
8 20 13 23
8 21 13 23
9 2 11 5
9 2 11 6
9 2 11 7
9 2 11 8
9 2 11 9
9 2 11 10
9 2 11 11
9 2 11 12
9 3 11 5
9 3 11 6
9 3 11 7
9 3 11 8
9 3 11 9
9 3 11 10
9 3 11 11
9 3 11 12
9 3 13 6
9 3 13 7
9 3 13 8
9 3 13 10
9 6 13 10
9 7 13 10
9 8 13 10
10 6 13 10
10 6 13 15
10 6 13 20
10 6 13 21
10 7 13 10
10 7 13 15
10 7 13 20
10 7 13 21
10 8 13 10
10 8 13 15
10 8 13 20
10 8 13 21
10 10 13 15
10 10 13 20
10 10 13 21
10 15 13 20
10 15 13 21
11 3 13 6
11 3 13 7
11 3 13 8
11 3 13 10
11 3 13 15
11 3 13 20
11 3 13 21
11 3 13 22
11 3 13 23
11 6 13 10
11 6 13 15
11 6 13 20
11 6 13 21
11 6 13 22
11 6 13 23
11 7 13 10
11 7 13 15
11 7 13 20
11 7 13 21
11 7 13 22
11 7 13 23
11 8 13 10
11 8 13 15
11 8 13 20
11 8 13 21
11 8 13 22
11 8 13 23
11 10 13 15
11 10 13 20
11 10 13 21
11 10 13 22
11 10 13 23
11 15 13 20
11 15 13 21
11 15 13 22
11 15 13 23
