14 22
1111111000000111100000
1111111111111111111110
1011111111111111110110
1111111111111111111110
1110111111111111111111
1111111010111111111111
1111111111111110111111
1111101111111110111111
1111111111111111111111
1101101011111111111110
1111111111111111111110
1111111111111111111110
1000011111111111111110
1111111111000000011100
1925
1 1 4 3
1 1 4 4
1 1 4 5
1 1 4 6
1 1 4 7
1 1 5 3
1 1 6 3
1 1 6 5
1 1 6 6
1 1 6 7
1 3 6 5
1 3 6 6
1 3 6 7
1 1 7 3
1 1 7 5
1 1 7 6
1 1 7 7
1 3 7 5
1 3 7 6
1 3 7 7
1 1 8 3
1 1 8 5
1 3 8 5
1 1 9 3
1 1 9 5
1 1 9 7
1 3 9 5
1 3 9 7
1 5 9 7
1 14 9 17
1 15 9 17
1 14 10 17
1 15 10 17
1 1 11 5
1 1 11 7
1 5 11 7
1 14 11 17
1 15 11 17
1 1 12 5
1 1 12 7
1 5 12 7
1 14 12 17
1 15 12 17
1 14 13 17
1 15 13 17
1 1 14 7
2 1 4 3
2 1 4 4
2 1 4 5
2 1 4 6
2 1 4 7
2 1 4 8
2 1 4 9
2 1 4 10
2 1 4 11
2 1 4 12
2 1 4 13
2 1 4 14
2 1 4 15
2 1 4 16
2 1 4 17
2 1 4 18
2 1 4 20
2 1 4 21
2 3 4 20
2 3 4 21
2 4 4 20
2 4 4 21
2 5 4 20
2 5 4 21
2 6 4 20
2 6 4 21
2 7 4 20
2 7 4 21
2 8 4 20
2 8 4 21
2 9 4 20
2 9 4 21
2 10 4 20
2 10 4 21
2 11 4 20
2 11 4 21
2 12 4 20
2 12 4 21
2 13 4 20
2 13 4 21
2 14 4 20
2 14 4 21
2 15 4 20
2 15 4 21
2 16 4 20
2 16 4 21
2 17 4 20
2 17 4 21
2 18 4 20
2 18 4 21
2 1 5 3
2 5 5 20
2 5 5 21
2 6 5 20
2 6 5 21
2 7 5 20
2 7 5 21
2 8 5 20
2 8 5 21
2 9 5 20
2 9 5 21
2 10 5 20
2 10 5 21
2 11 5 20
2 11 5 21
2 12 5 20
2 12 5 21
2 13 5 20
2 13 5 21
2 14 5 20
2 14 5 21
2 15 5 20
2 15 5 21
2 16 5 20
2 16 5 21
2 17 5 20
2 17 5 21
2 18 5 20
2 18 5 21
2 1 6 3
2 1 6 5
2 1 6 6
2 1 6 7
2 3 6 5
2 3 6 6
2 3 6 7
2 11 6 20
2 11 6 21
2 12 6 20
2 12 6 21
2 13 6 20
2 13 6 21
2 14 6 20
2 14 6 21
2 15 6 20
2 15 6 21
2 16 6 20
2 16 6 21
2 17 6 20
2 17 6 21
2 18 6 20
2 18 6 21
2 1 7 3
2 1 7 5
2 1 7 6
2 1 7 7
2 1 7 9
2 1 7 11
2 1 7 12
2 1 7 13
2 1 7 14
2 1 7 15
2 3 7 5
2 3 7 6
2 3 7 7
2 3 7 9
2 3 7 11
2 3 7 12
2 3 7 13
2 3 7 14
2 3 7 15
2 5 7 9
2 5 7 11
2 5 7 12
2 5 7 13
2 5 7 14
2 5 7 15
2 6 7 9
2 6 7 11
2 6 7 12
2 6 7 13
2 6 7 14
2 6 7 15
2 7 7 9
2 7 7 11
2 7 7 12
2 7 7 13
2 7 7 14
2 7 7 15
2 9 7 11
2 9 7 12
2 9 7 13
2 9 7 14
2 9 7 15
2 17 7 20
2 17 7 21
2 18 7 20
2 18 7 21
2 1 8 3
2 1 8 5
2 3 8 5
2 7 8 9
2 7 8 11
2 7 8 12
2 7 8 13
2 7 8 14
2 7 8 15
2 9 8 11
2 9 8 12
2 9 8 13
2 9 8 14
2 9 8 15
2 17 8 20
2 17 8 21
2 18 8 20
2 18 8 21
2 1 9 3
2 1 9 5
2 1 9 7
2 1 9 9
2 1 9 11
2 1 9 12
2 1 9 13
2 1 9 14
2 1 9 15
2 1 9 17
2 1 9 18
2 1 9 20
2 1 9 21
2 3 9 5
2 3 9 7
2 3 9 9
2 3 9 11
2 3 9 12
2 3 9 13
2 3 9 14
2 3 9 15
2 3 9 17
2 3 9 18
2 3 9 20
2 3 9 21
2 5 9 7
2 5 9 9
2 5 9 11
2 5 9 12
2 5 9 13
2 5 9 14
2 5 9 15
2 5 9 17
2 5 9 18
2 5 9 20
2 5 9 21
2 7 9 9
2 7 9 11
2 7 9 12
2 7 9 13
2 7 9 14
2 7 9 15
2 7 9 17
2 7 9 18
2 7 9 20
2 7 9 21
2 9 9 11
2 9 9 12
2 9 9 13
2 9 9 14
2 9 9 15
2 9 9 17
2 9 9 18
2 9 9 20
2 9 9 21
2 11 9 17
2 11 9 18
2 11 9 20
2 11 9 21
2 12 9 17
2 12 9 18
2 12 9 20
2 12 9 21
2 13 9 17
2 13 9 18
2 13 9 20
2 13 9 21
2 14 9 17
2 14 9 18
2 14 9 20
2 14 9 21
2 15 9 17
2 15 9 18
2 15 9 20
2 15 9 21
2 17 9 20
2 17 9 21
2 18 9 20
2 18 9 21
2 9 10 11
2 9 10 12
2 9 10 13
2 9 10 14
2 9 10 15
2 9 10 17
2 9 10 18
2 9 10 20
2 9 10 21
2 11 10 17
2 11 10 18
2 11 10 20
2 11 10 21
2 12 10 17
2 12 10 18
2 12 10 20
2 12 10 21
2 13 10 17
2 13 10 18
2 13 10 20
2 13 10 21
2 14 10 17
2 14 10 18
2 14 10 20
2 14 10 21
2 15 10 17
2 15 10 18
2 15 10 20
2 15 10 21
2 17 10 20
2 17 10 21
2 18 10 20
2 18 10 21
2 1 11 5
2 1 11 7
2 1 11 9
2 1 11 11
2 1 11 12
2 1 11 13
2 1 11 14
2 1 11 15
2 1 11 17
2 1 11 18
2 1 11 20
2 1 11 21
2 5 11 7
2 5 11 9
2 5 11 11
2 5 11 12
2 5 11 13
2 5 11 14
2 5 11 15
2 5 11 17
2 5 11 18
2 5 11 20
2 5 11 21
2 7 11 9
2 7 11 11
2 7 11 12
2 7 11 13
2 7 11 14
2 7 11 15
2 7 11 17
2 7 11 18
2 7 11 20
2 7 11 21
2 9 11 11
2 9 11 12
2 9 11 13
2 9 11 14
2 9 11 15
2 9 11 17
2 9 11 18
2 9 11 20
2 9 11 21
2 11 11 17
2 11 11 18
2 11 11 20
2 11 11 21
2 12 11 17
2 12 11 18
2 12 11 20
2 12 11 21
2 13 11 17
2 13 11 18
2 13 11 20
2 13 11 21
2 14 11 17
2 14 11 18
2 14 11 20
2 14 11 21
2 15 11 17
2 15 11 18
2 15 11 20
2 15 11 21
2 17 11 20
2 17 11 21
2 18 11 20
2 18 11 21
2 1 12 5
2 1 12 7
2 1 12 9
2 1 12 11
2 1 12 12
2 1 12 13
2 1 12 14
2 1 12 15
2 1 12 17
2 1 12 18
2 1 12 20
2 1 12 21
2 5 12 7
2 5 12 9
2 5 12 11
2 5 12 12
2 5 12 13
2 5 12 14
2 5 12 15
2 5 12 17
2 5 12 18
2 5 12 20
2 5 12 21
2 7 12 9
2 7 12 11
2 7 12 12
2 7 12 13
2 7 12 14
2 7 12 15
2 7 12 17
2 7 12 18
2 7 12 20
2 7 12 21
2 9 12 11
2 9 12 12
2 9 12 13
2 9 12 14
2 9 12 15
2 9 12 17
2 9 12 18
2 9 12 20
2 9 12 21
2 11 12 17
2 11 12 18
2 11 12 20
2 11 12 21
2 12 12 17
2 12 12 18
2 12 12 20
2 12 12 21
2 13 12 17
2 13 12 18
2 13 12 20
2 13 12 21
2 14 12 17
2 14 12 18
2 14 12 20
2 14 12 21
2 15 12 17
2 15 12 18
2 15 12 20
2 15 12 21
2 17 12 20
2 17 12 21
2 18 12 20
2 18 12 21
2 7 13 9
2 7 13 11
2 7 13 12
2 7 13 13
2 7 13 14
2 7 13 15
2 7 13 17
2 7 13 18
2 7 13 20
2 7 13 21
2 9 13 11
2 9 13 12
2 9 13 13
2 9 13 14
2 9 13 15
2 9 13 17
2 9 13 18
2 9 13 20
2 9 13 21
2 11 13 17
2 11 13 18
2 11 13 20
2 11 13 21
2 12 13 17
2 12 13 18
2 12 13 20
2 12 13 21
2 13 13 17
2 13 13 18
2 13 13 20
2 13 13 21
2 14 13 17
2 14 13 18
2 14 13 20
2 14 13 21
2 15 13 17
2 15 13 18
2 15 13 20
2 15 13 21
2 17 13 20
2 17 13 21
2 18 13 20
2 18 13 21
2 1 14 7
2 1 14 9
2 7 14 9
2 18 14 20
3 3 6 5
3 3 6 6
3 3 6 7
3 3 7 5
3 3 7 6
3 3 7 7
3 3 7 9
3 3 7 11
3 3 7 12
3 3 7 13
3 3 7 14
3 3 7 15
3 5 7 9
3 5 7 11
3 5 7 12
3 5 7 13
3 5 7 14
3 5 7 15
3 6 7 9
3 6 7 11
3 6 7 12
3 6 7 13
3 6 7 14
3 6 7 15
3 7 7 9
3 7 7 11
3 7 7 12
3 7 7 13
3 7 7 14
3 7 7 15
3 9 7 11
3 9 7 12
3 9 7 13
3 9 7 14
3 9 7 15
3 3 8 5
3 7 8 9
3 7 8 11
3 7 8 12
3 7 8 13
3 7 8 14
3 7 8 15
3 9 8 11
3 9 8 12
3 9 8 13
3 9 8 14
3 9 8 15
3 3 9 5
3 3 9 7
3 3 9 9
3 3 9 11
3 3 9 12
3 3 9 13
3 3 9 14
3 3 9 15
3 3 9 17
3 3 9 18
3 5 9 7
3 5 9 9
3 5 9 11
3 5 9 12
3 5 9 13
3 5 9 14
3 5 9 15
3 5 9 17
3 5 9 18
3 7 9 9
3 7 9 11
3 7 9 12
3 7 9 13
3 7 9 14
3 7 9 15
3 7 9 17
3 7 9 18
3 9 9 11
3 9 9 12
3 9 9 13
3 9 9 14
3 9 9 15
3 9 9 17
3 9 9 18
3 11 9 17
3 11 9 18
3 12 9 17
3 12 9 18
3 13 9 17
3 13 9 18
3 14 9 17
3 14 9 18
3 15 9 17
3 15 9 18
3 9 10 11
3 9 10 12
3 9 10 13
3 9 10 14
3 9 10 15
3 9 10 17
3 9 10 18
3 11 10 17
3 11 10 18
3 12 10 17
3 12 10 18
3 13 10 17
3 13 10 18
3 14 10 17
3 14 10 18
3 15 10 17
3 15 10 18
3 5 11 7
3 5 11 9
3 5 11 11
3 5 11 12
3 5 11 13
3 5 11 14
3 5 11 15
3 5 11 17
3 5 11 18
3 7 11 9
3 7 11 11
3 7 11 12
3 7 11 13
3 7 11 14
3 7 11 15
3 7 11 17
3 7 11 18
3 9 11 11
3 9 11 12
3 9 11 13
3 9 11 14
3 9 11 15
3 9 11 17
3 9 11 18
3 11 11 17
3 11 11 18
3 12 11 17
3 12 11 18
3 13 11 17
3 13 11 18
3 14 11 17
3 14 11 18
3 15 11 17
3 15 11 18
3 5 12 7
3 5 12 9
3 5 12 11
3 5 12 12
3 5 12 13
3 5 12 14
3 5 12 15
3 5 12 17
3 5 12 18
3 7 12 9
3 7 12 11
3 7 12 12
3 7 12 13
3 7 12 14
3 7 12 15
3 7 12 17
3 7 12 18
3 9 12 11
3 9 12 12
3 9 12 13
3 9 12 14
3 9 12 15
3 9 12 17
3 9 12 18
3 11 12 17
3 11 12 18
3 12 12 17
3 12 12 18
3 13 12 17
3 13 12 18
3 14 12 17
3 14 12 18
3 15 12 17
3 15 12 18
3 7 13 9
3 7 13 11
3 7 13 12
3 7 13 13
3 7 13 14
3 7 13 15
3 7 13 17
3 7 13 18
3 9 13 11
3 9 13 12
3 9 13 13
3 9 13 14
3 9 13 15
3 9 13 17
3 9 13 18
3 11 13 17
3 11 13 18
3 12 13 17
3 12 13 18
3 13 13 17
3 13 13 18
3 14 13 17
3 14 13 18
3 15 13 17
3 15 13 18
3 7 14 9
4 1 6 5
4 1 6 6
4 1 6 7
4 2 6 5
4 2 6 6
4 2 6 7
4 3 6 5
4 3 6 6
4 3 6 7
4 1 7 5
4 1 7 6
4 1 7 7
4 1 7 9
4 1 7 11
4 1 7 12
4 1 7 13
4 1 7 14
4 1 7 15
4 2 7 5
4 2 7 6
4 2 7 7
4 2 7 9
4 2 7 11
4 2 7 12
4 2 7 13
4 2 7 14
4 2 7 15
4 3 7 5
4 3 7 6
4 3 7 7
4 3 7 9
4 3 7 11
4 3 7 12
4 3 7 13
4 3 7 14
4 3 7 15
4 5 7 9
4 5 7 11
4 5 7 12
4 5 7 13
4 5 7 14
4 5 7 15
4 6 7 9
4 6 7 11
4 6 7 12
4 6 7 13
4 6 7 14
4 6 7 15
4 7 7 9
4 7 7 11
4 7 7 12
4 7 7 13
4 7 7 14
4 7 7 15
4 9 7 11
4 9 7 12
4 9 7 13
4 9 7 14
4 9 7 15
4 1 8 5
4 2 8 5
4 3 8 5
4 7 8 9
4 7 8 11
4 7 8 12
4 7 8 13
4 7 8 14
4 7 8 15
4 9 8 11
4 9 8 12
4 9 8 13
4 9 8 14
4 9 8 15
4 1 9 5
4 1 9 7
4 1 9 9
4 1 9 11
4 1 9 12
4 1 9 13
4 1 9 14
4 1 9 15
4 1 9 17
4 1 9 18
4 1 9 19
4 1 9 20
4 1 9 21
4 2 9 5
4 2 9 7
4 2 9 9
4 2 9 11
4 2 9 12
4 2 9 13
4 2 9 14
4 2 9 15
4 2 9 17
4 2 9 18
4 2 9 19
4 2 9 20
4 2 9 21
4 3 9 5
4 3 9 7
4 3 9 9
4 3 9 11
4 3 9 12
4 3 9 13
4 3 9 14
4 3 9 15
4 3 9 17
4 3 9 18
4 3 9 19
4 3 9 20
4 3 9 21
4 5 9 7
4 5 9 9
4 5 9 11
4 5 9 12
4 5 9 13
4 5 9 14
4 5 9 15
4 5 9 17
4 5 9 18
4 5 9 19
4 5 9 20
4 5 9 21
4 7 9 9
4 7 9 11
4 7 9 12
4 7 9 13
4 7 9 14
4 7 9 15
4 7 9 17
4 7 9 18
4 7 9 19
4 7 9 20
4 7 9 21
4 9 9 11
4 9 9 12
4 9 9 13
4 9 9 14
4 9 9 15
4 9 9 17
4 9 9 18
4 9 9 19
4 9 9 20
4 9 9 21
4 11 9 17
4 11 9 18
4 11 9 19
4 11 9 20
4 11 9 21
4 12 9 17
4 12 9 18
4 12 9 19
4 12 9 20
4 12 9 21
4 13 9 17
4 13 9 18
4 13 9 19
4 13 9 20
4 13 9 21
4 14 9 17
4 14 9 18
4 14 9 19
4 14 9 20
4 14 9 21
4 15 9 17
4 15 9 18
4 15 9 19
4 15 9 20
4 15 9 21
4 9 10 11
4 9 10 12
4 9 10 13
4 9 10 14
4 9 10 15
4 9 10 17
4 9 10 18
4 9 10 19
4 9 10 20
4 9 10 21
4 11 10 17
4 11 10 18
4 11 10 19
4 11 10 20
4 11 10 21
4 12 10 17
4 12 10 18
4 12 10 19
4 12 10 20
4 12 10 21
4 13 10 17
4 13 10 18
4 13 10 19
4 13 10 20
4 13 10 21
4 14 10 17
4 14 10 18
4 14 10 19
4 14 10 20
4 14 10 21
4 15 10 17
4 15 10 18
4 15 10 19
4 15 10 20
4 15 10 21
4 1 11 5
4 1 11 7
4 1 11 9
4 1 11 11
4 1 11 12
4 1 11 13
4 1 11 14
4 1 11 15
4 1 11 17
4 1 11 18
4 1 11 19
4 1 11 20
4 1 11 21
4 2 11 5
4 2 11 7
4 2 11 9
4 2 11 11
4 2 11 12
4 2 11 13
4 2 11 14
4 2 11 15
4 2 11 17
4 2 11 18
4 2 11 19
4 2 11 20
4 2 11 21
4 5 11 7
4 5 11 9
4 5 11 11
4 5 11 12
4 5 11 13
4 5 11 14
4 5 11 15
4 5 11 17
4 5 11 18
4 5 11 19
4 5 11 20
4 5 11 21
4 7 11 9
4 7 11 11
4 7 11 12
4 7 11 13
4 7 11 14
4 7 11 15
4 7 11 17
4 7 11 18
4 7 11 19
4 7 11 20
4 7 11 21
4 9 11 11
4 9 11 12
4 9 11 13
4 9 11 14
4 9 11 15
4 9 11 17
4 9 11 18
4 9 11 19
4 9 11 20
4 9 11 21
4 11 11 17
4 11 11 18
4 11 11 19
4 11 11 20
4 11 11 21
4 12 11 17
4 12 11 18
4 12 11 19
4 12 11 20
4 12 11 21
4 13 11 17
4 13 11 18
4 13 11 19
4 13 11 20
4 13 11 21
4 14 11 17
4 14 11 18
4 14 11 19
4 14 11 20
4 14 11 21
4 15 11 17
4 15 11 18
4 15 11 19
4 15 11 20
4 15 11 21
4 1 12 5
4 1 12 7
4 1 12 9
4 1 12 11
4 1 12 12
4 1 12 13
4 1 12 14
4 1 12 15
4 1 12 17
4 1 12 18
4 1 12 19
4 1 12 20
4 1 12 21
4 2 12 5
4 2 12 7
4 2 12 9
4 2 12 11
4 2 12 12
4 2 12 13
4 2 12 14
4 2 12 15
4 2 12 17
4 2 12 18
4 2 12 19
4 2 12 20
4 2 12 21
4 5 12 7
4 5 12 9
4 5 12 11
4 5 12 12
4 5 12 13
4 5 12 14
4 5 12 15
4 5 12 17
4 5 12 18
4 5 12 19
4 5 12 20
4 5 12 21
4 7 12 9
4 7 12 11
4 7 12 12
4 7 12 13
4 7 12 14
4 7 12 15
4 7 12 17
4 7 12 18
4 7 12 19
4 7 12 20
4 7 12 21
4 9 12 11
4 9 12 12
4 9 12 13
4 9 12 14
4 9 12 15
4 9 12 17
4 9 12 18
4 9 12 19
4 9 12 20
4 9 12 21
4 11 12 17
4 11 12 18
4 11 12 19
4 11 12 20
4 11 12 21
4 12 12 17
4 12 12 18
4 12 12 19
4 12 12 20
4 12 12 21
4 13 12 17
4 13 12 18
4 13 12 19
4 13 12 20
4 13 12 21
4 14 12 17
4 14 12 18
4 14 12 19
4 14 12 20
4 14 12 21
4 15 12 17
4 15 12 18
4 15 12 19
4 15 12 20
4 15 12 21
4 7 13 9
4 7 13 11
4 7 13 12
4 7 13 13
4 7 13 14
4 7 13 15
4 7 13 17
4 7 13 18
4 7 13 19
4 7 13 20
4 7 13 21
4 9 13 11
4 9 13 12
4 9 13 13
4 9 13 14
4 9 13 15
4 9 13 17
4 9 13 18
4 9 13 19
4 9 13 20
4 9 13 21
4 11 13 17
4 11 13 18
4 11 13 19
4 11 13 20
4 11 13 21
4 12 13 17
4 12 13 18
4 12 13 19
4 12 13 20
4 12 13 21
4 13 13 17
4 13 13 18
4 13 13 19
4 13 13 20
4 13 13 21
4 14 13 17
4 14 13 18
4 14 13 19
4 14 13 20
4 14 13 21
4 15 13 17
4 15 13 18
4 15 13 19
4 15 13 20
4 15 13 21
4 1 14 7
4 1 14 9
4 7 14 9
5 5 7 9
5 5 7 11
5 5 7 12
5 5 7 13
5 5 7 14
5 5 7 15
5 6 7 9
5 6 7 11
5 6 7 12
5 6 7 13
5 6 7 14
5 6 7 15
5 7 7 9
5 7 7 11
5 7 7 12
5 7 7 13
5 7 7 14
5 7 7 15
5 9 7 11
5 9 7 12
5 9 7 13
5 9 7 14
5 9 7 15
5 7 8 9
5 7 8 11
5 7 8 12
5 7 8 13
5 7 8 14
5 7 8 15
5 9 8 11
5 9 8 12
5 9 8 13
5 9 8 14
5 9 8 15
5 5 9 7
5 5 9 9
5 5 9 11
5 5 9 12
5 5 9 13
5 5 9 14
5 5 9 15
5 5 9 17
5 5 9 18
5 5 9 19
5 5 9 20
5 5 9 21
5 5 9 22
5 7 9 9
5 7 9 11
5 7 9 12
5 7 9 13
5 7 9 14
5 7 9 15
5 7 9 17
5 7 9 18
5 7 9 19
5 7 9 20
5 7 9 21
5 7 9 22
5 9 9 11
5 9 9 12
5 9 9 13
5 9 9 14
5 9 9 15
5 9 9 17
5 9 9 18
5 9 9 19
5 9 9 20
5 9 9 21
5 9 9 22
5 11 9 17
5 11 9 18
5 11 9 19
5 11 9 20
5 11 9 21
5 11 9 22
5 12 9 17
5 12 9 18
5 12 9 19
5 12 9 20
5 12 9 21
5 12 9 22
5 13 9 17
5 13 9 18
5 13 9 19
5 13 9 20
5 13 9 21
5 13 9 22
5 14 9 17
5 14 9 18
5 14 9 19
5 14 9 20
5 14 9 21
5 14 9 22
5 15 9 17
5 15 9 18
5 15 9 19
5 15 9 20
5 15 9 21
5 15 9 22
5 9 10 11
5 9 10 12
5 9 10 13
5 9 10 14
5 9 10 15
5 9 10 17
5 9 10 18
5 9 10 19
5 9 10 20
5 9 10 21
5 11 10 17
5 11 10 18
5 11 10 19
5 11 10 20
5 11 10 21
5 12 10 17
5 12 10 18
5 12 10 19
5 12 10 20
5 12 10 21
5 13 10 17
5 13 10 18
5 13 10 19
5 13 10 20
5 13 10 21
5 14 10 17
5 14 10 18
5 14 10 19
5 14 10 20
5 14 10 21
5 15 10 17
5 15 10 18
5 15 10 19
5 15 10 20
5 15 10 21
5 5 11 7
5 5 11 9
5 5 11 11
5 5 11 12
5 5 11 13
5 5 11 14
5 5 11 15
5 5 11 17
5 5 11 18
5 5 11 19
5 5 11 20
5 5 11 21
5 7 11 9
5 7 11 11
5 7 11 12
5 7 11 13
5 7 11 14
5 7 11 15
5 7 11 17
5 7 11 18
5 7 11 19
5 7 11 20
5 7 11 21
5 9 11 11
5 9 11 12
5 9 11 13
5 9 11 14
5 9 11 15
5 9 11 17
5 9 11 18
5 9 11 19
5 9 11 20
5 9 11 21
5 11 11 17
5 11 11 18
5 11 11 19
5 11 11 20
5 11 11 21
5 12 11 17
5 12 11 18
5 12 11 19
5 12 11 20
5 12 11 21
5 13 11 17
5 13 11 18
5 13 11 19
5 13 11 20
5 13 11 21
5 14 11 17
5 14 11 18
5 14 11 19
5 14 11 20
5 14 11 21
5 15 11 17
5 15 11 18
5 15 11 19
5 15 11 20
5 15 11 21
5 5 12 7
5 5 12 9
5 5 12 11
5 5 12 12
5 5 12 13
5 5 12 14
5 5 12 15
5 5 12 17
5 5 12 18
5 5 12 19
5 5 12 20
5 5 12 21
5 7 12 9
5 7 12 11
5 7 12 12
5 7 12 13
5 7 12 14
5 7 12 15
5 7 12 17
5 7 12 18
5 7 12 19
5 7 12 20
5 7 12 21
5 9 12 11
5 9 12 12
5 9 12 13
5 9 12 14
5 9 12 15
5 9 12 17
5 9 12 18
5 9 12 19
5 9 12 20
5 9 12 21
5 11 12 17
5 11 12 18
5 11 12 19
5 11 12 20
5 11 12 21
5 12 12 17
5 12 12 18
5 12 12 19
5 12 12 20
5 12 12 21
5 13 12 17
5 13 12 18
5 13 12 19
5 13 12 20
5 13 12 21
5 14 12 17
5 14 12 18
5 14 12 19
5 14 12 20
5 14 12 21
5 15 12 17
5 15 12 18
5 15 12 19
5 15 12 20
5 15 12 21
5 7 13 9
5 7 13 11
5 7 13 12
5 7 13 13
5 7 13 14
5 7 13 15
5 7 13 17
5 7 13 18
5 7 13 19
5 7 13 20
5 7 13 21
5 9 13 11
5 9 13 12
5 9 13 13
5 9 13 14
5 9 13 15
5 9 13 17
5 9 13 18
5 9 13 19
5 9 13 20
5 9 13 21
5 11 13 17
5 11 13 18
5 11 13 19
5 11 13 20
5 11 13 21
5 12 13 17
5 12 13 18
5 12 13 19
5 12 13 20
5 12 13 21
5 13 13 17
5 13 13 18
5 13 13 19
5 13 13 20
5 13 13 21
5 14 13 17
5 14 13 18
5 14 13 19
5 14 13 20
5 14 13 21
5 15 13 17
5 15 13 18
5 15 13 19
5 15 13 20
5 15 13 21
5 7 14 9
6 1 9 7
6 2 9 7
6 3 9 7
6 4 9 7
6 5 9 7
6 11 9 17
6 11 9 18
6 11 9 19
6 11 9 20
6 11 9 21
6 11 9 22
6 12 9 17
6 12 9 18
6 12 9 19
6 12 9 20
6 12 9 21
6 12 9 22
6 13 9 17
6 13 9 18
6 13 9 19
6 13 9 20
6 13 9 21
6 13 9 22
6 14 9 17
6 14 9 18
6 14 9 19
6 14 9 20
6 14 9 21
6 14 9 22
6 15 9 17
6 15 9 18
6 15 9 19
6 15 9 20
6 15 9 21
6 15 9 22
6 11 10 17
6 11 10 18
6 11 10 19
6 11 10 20
6 11 10 21
6 12 10 17
6 12 10 18
6 12 10 19
6 12 10 20
6 12 10 21
6 13 10 17
6 13 10 18
6 13 10 19
6 13 10 20
6 13 10 21
6 14 10 17
6 14 10 18
6 14 10 19
6 14 10 20
6 14 10 21
6 15 10 17
6 15 10 18
6 15 10 19
6 15 10 20
6 15 10 21
6 1 11 4
6 1 11 5
6 1 11 7
6 2 11 4
6 2 11 5
6 2 11 7
6 4 11 7
6 5 11 7
6 11 11 17
6 11 11 18
6 11 11 19
6 11 11 20
6 11 11 21
6 12 11 17
6 12 11 18
6 12 11 19
6 12 11 20
6 12 11 21
6 13 11 17
6 13 11 18
6 13 11 19
6 13 11 20
6 13 11 21
6 14 11 17
6 14 11 18
6 14 11 19
6 14 11 20
6 14 11 21
6 15 11 17
6 15 11 18
6 15 11 19
6 15 11 20
6 15 11 21
6 1 12 4
6 1 12 5
6 1 12 7
6 2 12 4
6 2 12 5
6 2 12 7
6 4 12 7
6 5 12 7
6 11 12 17
6 11 12 18
6 11 12 19
6 11 12 20
6 11 12 21
6 12 12 17
6 12 12 18
6 12 12 19
6 12 12 20
6 12 12 21
6 13 12 17
6 13 12 18
6 13 12 19
6 13 12 20
6 13 12 21
6 14 12 17
6 14 12 18
6 14 12 19
6 14 12 20
6 14 12 21
6 15 12 17
6 15 12 18
6 15 12 19
6 15 12 20
6 15 12 21
6 11 13 17
6 11 13 18
6 11 13 19
6 11 13 20
6 11 13 21
6 12 13 17
6 12 13 18
6 12 13 19
6 12 13 20
6 12 13 21
6 13 13 17
6 13 13 18
6 13 13 19
6 13 13 20
6 13 13 21
6 14 13 17
6 14 13 18
6 14 13 19
6 14 13 20
6 14 13 21
6 15 13 17
6 15 13 18
6 15 13 19
6 15 13 20
6 15 13 21
6 1 14 7
7 1 9 7
7 1 9 8
7 1 9 9
7 1 9 10
7 1 9 11
7 1 9 12
7 1 9 13
7 1 9 14
7 1 9 15
7 2 9 7
7 2 9 8
7 2 9 9
7 2 9 10
7 2 9 11
7 2 9 12
7 2 9 13
7 2 9 14
7 2 9 15
7 3 9 7
7 3 9 8
7 3 9 9
7 3 9 10
7 3 9 11
7 3 9 12
7 3 9 13
7 3 9 14
7 3 9 15
7 4 9 7
7 4 9 8
7 4 9 9
7 4 9 10
7 4 9 11
7 4 9 12
7 4 9 13
7 4 9 14
7 4 9 15
7 5 9 7
7 5 9 8
7 5 9 9
7 5 9 10
7 5 9 11
7 5 9 12
7 5 9 13
7 5 9 14
7 5 9 15
7 1 11 4
7 1 11 5
7 1 11 7
7 1 11 9
7 1 11 10
7 1 11 11
7 1 11 12
7 1 11 13
7 1 11 14
7 1 11 15
7 2 11 4
7 2 11 5
7 2 11 7
7 2 11 9
7 2 11 10
7 2 11 11
7 2 11 12
7 2 11 13
7 2 11 14
7 2 11 15
7 4 11 7
7 4 11 9
7 4 11 10
7 4 11 11
7 4 11 12
7 4 11 13
7 4 11 14
7 4 11 15
7 5 11 7
7 5 11 9
7 5 11 10
7 5 11 11
7 5 11 12
7 5 11 13
7 5 11 14
7 5 11 15
7 7 11 9
7 7 11 10
7 7 11 11
7 7 11 12
7 7 11 13
7 7 11 14
7 7 11 15
7 1 12 4
7 1 12 5
7 1 12 7
7 1 12 9
7 1 12 10
7 1 12 11
7 1 12 12
7 1 12 13
7 1 12 14
7 1 12 15
7 2 12 4
7 2 12 5
7 2 12 7
7 2 12 9
7 2 12 10
7 2 12 11
7 2 12 12
7 2 12 13
7 2 12 14
7 2 12 15
7 4 12 7
7 4 12 9
7 4 12 10
7 4 12 11
7 4 12 12
7 4 12 13
7 4 12 14
7 4 12 15
7 5 12 7
7 5 12 9
7 5 12 10
7 5 12 11
7 5 12 12
7 5 12 13
7 5 12 14
7 5 12 15
7 7 12 9
7 7 12 10
7 7 12 11
7 7 12 12
7 7 12 13
7 7 12 14
7 7 12 15
7 7 13 9
7 7 13 10
7 7 13 11
7 7 13 12
7 7 13 13
7 7 13 14
7 7 13 15
7 1 14 7
7 1 14 9
7 1 14 10
7 7 14 9
7 7 14 10
8 1 11 4
8 1 11 5
8 2 11 4
8 2 11 5
8 7 11 9
8 7 11 10
8 7 11 11
8 7 11 12
8 7 11 13
8 7 11 14
8 7 11 15
8 1 12 4
8 1 12 5
8 2 12 4
8 2 12 5
8 7 12 9
8 7 12 10
8 7 12 11
8 7 12 12
8 7 12 13
8 7 12 14
8 7 12 15
8 7 13 9
8 7 13 10
8 7 13 11
8 7 13 12
8 7 13 13
8 7 13 14
8 7 13 15
8 7 14 9
8 7 14 10
9 1 11 4
9 1 11 5
9 1 11 7
9 1 11 9
9 1 11 10
9 1 11 11
9 1 11 12
9 1 11 13
9 1 11 14
9 1 11 15
9 1 11 16
9 1 11 17
9 1 11 18
9 1 11 19
9 1 11 20
9 1 11 21
9 2 11 4
9 2 11 5
9 2 11 7
9 2 11 9
9 2 11 10
9 2 11 11
9 2 11 12
9 2 11 13
9 2 11 14
9 2 11 15
9 2 11 16
9 2 11 17
9 2 11 18
9 2 11 19
9 2 11 20
9 2 11 21
9 4 11 7
9 4 11 9
9 4 11 10
9 4 11 11
9 4 11 12
9 4 11 13
9 4 11 14
9 4 11 15
9 4 11 16
9 4 11 17
9 4 11 18
9 4 11 19
9 4 11 20
9 4 11 21
9 5 11 7
9 5 11 9
9 5 11 10
9 5 11 11
9 5 11 12
9 5 11 13
9 5 11 14
9 5 11 15
9 5 11 16
9 5 11 17
9 5 11 18
9 5 11 19
9 5 11 20
9 5 11 21
9 7 11 9
9 7 11 10
9 7 11 11
9 7 11 12
9 7 11 13
9 7 11 14
9 7 11 15
9 7 11 16
9 7 11 17
9 7 11 18
9 7 11 19
9 7 11 20
9 7 11 21
9 1 12 4
9 1 12 5
9 1 12 7
9 1 12 9
9 1 12 10
9 1 12 11
9 1 12 12
9 1 12 13
9 1 12 14
9 1 12 15
9 1 12 16
9 1 12 17
9 1 12 18
9 1 12 19
9 1 12 20
9 1 12 21
9 2 12 4
9 2 12 5
9 2 12 7
9 2 12 9
9 2 12 10
9 2 12 11
9 2 12 12
9 2 12 13
9 2 12 14
9 2 12 15
9 2 12 16
9 2 12 17
9 2 12 18
9 2 12 19
9 2 12 20
9 2 12 21
9 4 12 7
9 4 12 9
9 4 12 10
9 4 12 11
9 4 12 12
9 4 12 13
9 4 12 14
9 4 12 15
9 4 12 16
9 4 12 17
9 4 12 18
9 4 12 19
9 4 12 20
9 4 12 21
9 5 12 7
9 5 12 9
9 5 12 10
9 5 12 11
9 5 12 12
9 5 12 13
9 5 12 14
9 5 12 15
9 5 12 16
9 5 12 17
9 5 12 18
9 5 12 19
9 5 12 20
9 5 12 21
9 7 12 9
9 7 12 10
9 7 12 11
9 7 12 12
9 7 12 13
9 7 12 14
9 7 12 15
9 7 12 16
9 7 12 17
9 7 12 18
9 7 12 19
9 7 12 20
9 7 12 21
9 7 13 9
9 7 13 10
9 7 13 11
9 7 13 12
9 7 13 13
9 7 13 14
9 7 13 15
9 7 13 16
9 7 13 17
9 7 13 18
9 7 13 19
9 7 13 20
9 7 13 21
9 1 14 7
9 1 14 9
9 1 14 10
9 7 14 9
9 7 14 10
11 1 14 6
11 1 14 7
11 1 14 8
11 1 14 9
11 1 14 10
12 1 14 6
12 1 14 7
12 1 14 8
12 1 14 9
12 1 14 10
