21 24
000000000000000000000000
001111111111111111111110
001000001100000100011110
001000001100000100010110
001000001100000111111110
111111111111111111111110
101000101100000110011100
101000101100000110011100
101000101100000110011100
101000101100000110011100
101000101100000110001000
111111111111111110001000
101000101100000111111000
101000101111111100000000
101000101000000100000000
101000101000000100000000
111111101000000100000000
101000001000000100000000
101000001000000100000000
111111111111111100000000
001111111000000000000000
96
2 16 5 20
2 16 5 22
2 16 5 23
2 20 5 22
2 20 5 23
2 3 6 9
2 3 6 10
2 3 6 16
2 3 6 20
2 3 6 22
2 3 6 23
2 9 6 16
2 9 6 20
2 9 6 22
2 9 6 23
2 10 6 16
2 10 6 20
2 10 6 22
2 10 6 23
2 16 6 20
2 16 6 22
2 16 6 23
2 20 6 22
2 20 6 23
2 20 7 22
2 20 8 22
2 20 9 22
2 20 10 22
2 3 12 9
2 3 12 10
2 3 12 16
2 9 12 16
2 10 12 16
2 9 14 16
2 10 14 16
2 3 20 9
2 3 20 16
2 9 20 16
2 3 21 9
3 20 5 22
3 20 5 23
3 20 6 22
3 20 6 23
3 20 7 22
3 20 8 22
3 20 9 22
3 20 10 22
5 16 13 21
5 17 13 21
6 1 12 3
6 1 12 7
6 1 12 9
6 1 12 10
6 1 12 16
6 1 12 17
6 3 12 7
6 3 12 9
6 3 12 10
6 3 12 16
6 3 12 17
6 7 12 9
6 7 12 10
6 7 12 16
6 7 12 17
6 9 12 16
6 9 12 17
6 10 12 16
6 10 12 17
6 16 13 21
6 17 13 21
6 9 14 16
6 10 14 16
6 1 17 3
6 1 17 7
6 3 17 7
6 1 20 3
6 1 20 9
6 1 20 16
6 3 20 9
6 3 20 16
6 9 20 16
6 3 21 9
12 9 14 16
12 10 14 16
12 1 17 3
12 1 17 7
12 3 17 7
12 1 20 3
12 1 20 9
12 1 20 16
12 3 20 9
12 3 20 16
12 9 20 16
12 3 21 9
14 9 20 16
17 1 20 3
