23 23
00000000000000000000000
01111000000000000000000
01001000000000000000000
01111000000000000000000
00000000000000000000000
00000000000000000000000
00000000000000000000000
00000000000000000000000
00000000000000000000000
00000000011110000000000
00000000010010000000000
00000000010010000000000
00000000010010000000000
00000000010010000000000
00000000010010000000000
00011111111111111000000
00010000010010001000000
00010000010010001000000
00010000010010001000000
00010000010010001000000
00010000011110001000000
00010000000000001000000
00011111111111111000000
5
2 2 4 5
10 10 16 13
10 10 21 13
16 10 21 13
16 4 23 17
