22 22
0000000000000000011111
0000000000000000010001
0000001111111110010001
0000001000000010010001
0000001000000010010001
0001111111111110010001
0001001000111111110001
0001001000100010010001
0001001111111111110001
0001111111111110010001
0011111111111111111111
0010111111111110010011
0010100100111100010011
0010100100111100011111
0010100100111100000010
0010111111111100000010
0010000100111000000010
0010000100111000000010
0010000111111000000010
0010000000101111111110
0011111111100100000100
0000000000000111111100
93
1 18 11 22
1 18 14 22
3 7 6 15
3 7 9 15
3 7 10 15
3 7 11 15
3 7 12 15
6 7 9 11
6 7 9 15
6 11 9 15
6 4 10 7
6 4 10 11
6 4 10 15
6 7 10 11
6 7 10 15
6 11 10 15
6 4 11 7
6 4 11 11
6 4 11 15
6 7 11 11
6 7 11 15
6 11 11 15
6 7 12 11
6 7 12 15
6 11 12 15
7 11 9 15
7 11 9 18
7 15 9 18
7 11 10 15
7 11 11 15
7 11 11 18
7 15 11 18
7 11 12 15
9 7 11 18
9 8 11 18
9 9 11 18
9 10 11 18
9 11 11 18
9 12 11 18
9 13 11 18
9 14 11 18
9 15 11 18
9 8 16 11
9 8 16 12
9 8 16 13
9 8 16 14
9 8 19 11
9 8 19 12
9 8 19 13
10 5 16 8
10 5 16 11
10 5 16 12
10 5 16 13
10 5 16 14
10 8 16 11
10 8 16 12
10 8 16 13
10 8 16 14
10 8 19 11
10 8 19 12
10 8 19 13
11 18 14 21
11 18 14 22
11 5 16 8
11 5 16 11
11 5 16 12
11 5 16 13
11 5 16 14
11 8 16 11
11 8 16 12
11 8 16 13
11 8 16 14
11 8 19 11
11 8 19 12
11 8 19 13
11 13 20 21
11 3 21 11
12 5 16 8
12 5 16 11
12 5 16 12
12 5 16 13
12 5 16 14
12 8 16 11
12 8 16 12
12 8 16 13
12 8 16 14
12 8 19 11
12 8 19 12
12 8 19 13
16 8 19 11
16 8 19 12
16 8 19 13
20 14 22 20
