14 19
0000000000000000000
0000000000000000000
1111111000000001110
1000001000000001010
1000111111111001010
1000101111111111111
1000101100101001011
1000101100101001011
1111111111111001011
0000001100100001011
0000001100100001111
0000001100100000001
0000001111100000001
0000001111111111111
34
3 16 6 18
3 1 9 7
3 16 11 18
5 5 9 7
5 5 9 8
5 5 9 11
5 5 9 13
5 7 9 11
5 7 9 13
5 8 9 11
5 8 9 13
5 11 9 13
5 7 13 11
5 8 13 11
5 7 14 11
5 8 14 11
6 7 9 11
6 7 9 13
6 8 9 11
6 8 9 13
6 11 9 13
6 16 11 18
6 16 11 19
6 7 13 11
6 8 13 11
6 7 14 11
6 7 14 19
6 8 14 11
6 8 14 19
6 11 14 19
9 7 13 11
9 8 13 11
9 7 14 11
9 8 14 11
