24 21
000000000000000000000
000001111111111111111
000001100111110000011
000001100100010000011
111111111111110000011
100001100100110000011
100001100100110000011
100001100100110000011
100001100100111111111
100001100100110000011
100001100100110000011
100001100100110000011
100001111111111111111
100000100100110000010
100000100100110000010
100000100100111111110
100000100111110000010
100000100000100000010
100000100111110000010
100000100100110000010
111111111111111111110
000000000100010000000
000000000100010000000
000000000111110000000
58
2 6 5 10
2 6 5 14
2 7 5 10
2 7 5 14
2 10 5 14
2 14 9 20
2 14 9 21
2 6 13 10
2 6 13 14
2 6 13 20
2 6 13 21
2 7 13 10
2 7 13 14
2 7 13 20
2 7 13 21
2 10 13 14
2 10 13 20
2 10 13 21
2 14 13 20
2 14 13 21
2 14 16 20
2 10 17 14
2 7 21 20
3 10 5 14
3 10 13 14
3 10 17 14
5 6 13 10
5 6 13 13
5 6 13 14
5 7 13 10
5 7 13 13
5 7 13 14
5 10 13 13
5 10 13 14
5 10 17 13
5 10 17 14
5 1 21 7
5 1 21 13
5 7 21 13
9 13 13 20
9 13 13 21
9 14 13 20
9 14 13 21
9 13 16 20
9 14 16 20
9 13 21 20
13 13 16 20
13 14 16 20
13 10 17 13
13 10 17 14
13 7 21 13
13 7 21 20
13 13 21 20
16 13 21 20
19 10 21 13
19 10 21 14
19 10 24 14
21 10 24 14
