12 25
0011111111111111111111000
0011111001111111111111000
0011111111111111111111000
0011111111111111111111111
0011111111111111111111111
0011111111111111111111111
0011111111111111111111011
0011111111111111111111111
0011111111111111111111111
0011111111111111111111111
0011111111111111111111111
0011111111111111111111111
1250
1 3 3 10
1 3 3 11
1 3 3 12
1 3 3 13
1 3 3 14
1 3 3 15
1 3 3 16
1 3 3 17
1 3 3 18
1 3 3 19
1 3 3 20
1 3 3 21
1 3 3 22
1 4 3 10
1 4 3 11
1 4 3 12
1 4 3 13
1 4 3 14
1 4 3 15
1 4 3 16
1 4 3 17
1 4 3 18
1 4 3 19
1 4 3 20
1 4 3 21
1 4 3 22
1 5 3 10
1 5 3 11
1 5 3 12
1 5 3 13
1 5 3 14
1 5 3 15
1 5 3 16
1 5 3 17
1 5 3 18
1 5 3 19
1 5 3 20
1 5 3 21
1 5 3 22
1 6 3 10
1 6 3 11
1 6 3 12
1 6 3 13
1 6 3 14
1 6 3 15
1 6 3 16
1 6 3 17
1 6 3 18
1 6 3 19
1 6 3 20
1 6 3 21
1 6 3 22
1 7 3 10
1 7 3 11
1 7 3 12
1 7 3 13
1 7 3 14
1 7 3 15
1 7 3 16
1 7 3 17
1 7 3 18
1 7 3 19
1 7 3 20
1 7 3 21
1 7 3 22
1 3 4 10
1 3 4 11
1 3 4 12
1 3 4 13
1 3 4 14
1 3 4 15
1 3 4 16
1 3 4 17
1 3 4 18
1 3 4 19
1 3 4 20
1 3 4 21
1 3 4 22
1 4 4 10
1 4 4 11
1 4 4 12
1 4 4 13
1 4 4 14
1 4 4 15
1 4 4 16
1 4 4 17
1 4 4 18
1 4 4 19
1 4 4 20
1 4 4 21
1 4 4 22
1 5 4 10
1 5 4 11
1 5 4 12
1 5 4 13
1 5 4 14
1 5 4 15
1 5 4 16
1 5 4 17
1 5 4 18
1 5 4 19
1 5 4 20
1 5 4 21
1 5 4 22
1 6 4 10
1 6 4 11
1 6 4 12
1 6 4 13
1 6 4 14
1 6 4 15
1 6 4 16
1 6 4 17
1 6 4 18
1 6 4 19
1 6 4 20
1 6 4 21
1 6 4 22
1 7 4 10
1 7 4 11
1 7 4 12
1 7 4 13
1 7 4 14
1 7 4 15
1 7 4 16
1 7 4 17
1 7 4 18
1 7 4 19
1 7 4 20
1 7 4 21
1 7 4 22
1 3 5 10
1 3 5 11
1 3 5 12
1 3 5 13
1 3 5 14
1 3 5 15
1 3 5 16
1 3 5 17
1 3 5 18
1 3 5 19
1 3 5 20
1 3 5 21
1 3 5 22
1 4 5 10
1 4 5 11
1 4 5 12
1 4 5 13
1 4 5 14
1 4 5 15
1 4 5 16
1 4 5 17
1 4 5 18
1 4 5 19
1 4 5 20
1 4 5 21
1 4 5 22
1 5 5 10
1 5 5 11
1 5 5 12
1 5 5 13
1 5 5 14
1 5 5 15
1 5 5 16
1 5 5 17
1 5 5 18
1 5 5 19
1 5 5 20
1 5 5 21
1 5 5 22
1 6 5 10
1 6 5 11
1 6 5 12
1 6 5 13
1 6 5 14
1 6 5 15
1 6 5 16
1 6 5 17
1 6 5 18
1 6 5 19
1 6 5 20
1 6 5 21
1 6 5 22
1 7 5 10
1 7 5 11
1 7 5 12
1 7 5 13
1 7 5 14
1 7 5 15
1 7 5 16
1 7 5 17
1 7 5 18
1 7 5 19
1 7 5 20
1 7 5 21
1 7 5 22
1 3 6 10
1 3 6 11
1 3 6 12
1 3 6 13
1 3 6 14
1 3 6 15
1 3 6 16
1 3 6 17
1 3 6 18
1 3 6 19
1 3 6 20
1 3 6 21
1 3 6 22
1 4 6 10
1 4 6 11
1 4 6 12
1 4 6 13
1 4 6 14
1 4 6 15
1 4 6 16
1 4 6 17
1 4 6 18
1 4 6 19
1 4 6 20
1 4 6 21
1 4 6 22
1 5 6 10
1 5 6 11
1 5 6 12
1 5 6 13
1 5 6 14
1 5 6 15
1 5 6 16
1 5 6 17
1 5 6 18
1 5 6 19
1 5 6 20
1 5 6 21
1 5 6 22
1 6 6 10
1 6 6 11
1 6 6 12
1 6 6 13
1 6 6 14
1 6 6 15
1 6 6 16
1 6 6 17
1 6 6 18
1 6 6 19
1 6 6 20
1 6 6 21
1 6 6 22
1 7 6 10
1 7 6 11
1 7 6 12
1 7 6 13
1 7 6 14
1 7 6 15
1 7 6 16
1 7 6 17
1 7 6 18
1 7 6 19
1 7 6 20
1 7 6 21
1 7 6 22
1 3 7 10
1 3 7 11
1 3 7 12
1 3 7 13
1 3 7 14
1 3 7 15
1 3 7 16
1 3 7 17
1 3 7 18
1 3 7 19
1 3 7 20
1 3 7 21
1 3 7 22
1 4 7 10
1 4 7 11
1 4 7 12
1 4 7 13
1 4 7 14
1 4 7 15
1 4 7 16
1 4 7 17
1 4 7 18
1 4 7 19
1 4 7 20
1 4 7 21
1 4 7 22
1 5 7 10
1 5 7 11
1 5 7 12
1 5 7 13
1 5 7 14
1 5 7 15
1 5 7 16
1 5 7 17
1 5 7 18
1 5 7 19
1 5 7 20
1 5 7 21
1 5 7 22
1 6 7 10
1 6 7 11
1 6 7 12
1 6 7 13
1 6 7 14
1 6 7 15
1 6 7 16
1 6 7 17
1 6 7 18
1 6 7 19
1 6 7 20
1 6 7 21
1 6 7 22
1 7 7 10
1 7 7 11
1 7 7 12
1 7 7 13
1 7 7 14
1 7 7 15
1 7 7 16
1 7 7 17
1 7 7 18
1 7 7 19
1 7 7 20
1 7 7 21
1 7 7 22
1 3 8 10
1 3 8 11
1 3 8 12
1 3 8 13
1 3 8 14
1 3 8 15
1 3 8 16
1 3 8 17
1 3 8 18
1 3 8 19
1 3 8 20
1 3 8 21
1 3 8 22
1 4 8 10
1 4 8 11
1 4 8 12
1 4 8 13
1 4 8 14
1 4 8 15
1 4 8 16
1 4 8 17
1 4 8 18
1 4 8 19
1 4 8 20
1 4 8 21
1 4 8 22
1 5 8 10
1 5 8 11
1 5 8 12
1 5 8 13
1 5 8 14
1 5 8 15
1 5 8 16
1 5 8 17
1 5 8 18
1 5 8 19
1 5 8 20
1 5 8 21
1 5 8 22
1 6 8 10
1 6 8 11
1 6 8 12
1 6 8 13
1 6 8 14
1 6 8 15
1 6 8 16
1 6 8 17
1 6 8 18
1 6 8 19
1 6 8 20
1 6 8 21
1 6 8 22
1 7 8 10
1 7 8 11
1 7 8 12
1 7 8 13
1 7 8 14
1 7 8 15
1 7 8 16
1 7 8 17
1 7 8 18
1 7 8 19
1 7 8 20
1 7 8 21
1 7 8 22
1 3 9 10
1 3 9 11
1 3 9 12
1 3 9 13
1 3 9 14
1 3 9 15
1 3 9 16
1 3 9 17
1 3 9 18
1 3 9 19
1 3 9 20
1 3 9 21
1 3 9 22
1 4 9 10
1 4 9 11
1 4 9 12
1 4 9 13
1 4 9 14
1 4 9 15
1 4 9 16
1 4 9 17
1 4 9 18
1 4 9 19
1 4 9 20
1 4 9 21
1 4 9 22
1 5 9 10
1 5 9 11
1 5 9 12
1 5 9 13
1 5 9 14
1 5 9 15
1 5 9 16
1 5 9 17
1 5 9 18
1 5 9 19
1 5 9 20
1 5 9 21
1 5 9 22
1 6 9 10
1 6 9 11
1 6 9 12
1 6 9 13
1 6 9 14
1 6 9 15
1 6 9 16
1 6 9 17
1 6 9 18
1 6 9 19
1 6 9 20
1 6 9 21
1 6 9 22
1 7 9 10
1 7 9 11
1 7 9 12
1 7 9 13
1 7 9 14
1 7 9 15
1 7 9 16
1 7 9 17
1 7 9 18
1 7 9 19
1 7 9 20
1 7 9 21
1 7 9 22
1 3 10 10
1 3 10 11
1 3 10 12
1 3 10 13
1 3 10 14
1 3 10 15
1 3 10 16
1 3 10 17
1 3 10 18
1 3 10 19
1 3 10 20
1 3 10 21
1 3 10 22
1 4 10 10
1 4 10 11
1 4 10 12
1 4 10 13
1 4 10 14
1 4 10 15
1 4 10 16
1 4 10 17
1 4 10 18
1 4 10 19
1 4 10 20
1 4 10 21
1 4 10 22
1 5 10 10
1 5 10 11
1 5 10 12
1 5 10 13
1 5 10 14
1 5 10 15
1 5 10 16
1 5 10 17
1 5 10 18
1 5 10 19
1 5 10 20
1 5 10 21
1 5 10 22
1 6 10 10
1 6 10 11
1 6 10 12
1 6 10 13
1 6 10 14
1 6 10 15
1 6 10 16
1 6 10 17
1 6 10 18
1 6 10 19
1 6 10 20
1 6 10 21
1 6 10 22
1 7 10 10
1 7 10 11
1 7 10 12
1 7 10 13
1 7 10 14
1 7 10 15
1 7 10 16
1 7 10 17
1 7 10 18
1 7 10 19
1 7 10 20
1 7 10 21
1 7 10 22
1 3 11 10
1 3 11 11
1 3 11 12
1 3 11 13
1 3 11 14
1 3 11 15
1 3 11 16
1 3 11 17
1 3 11 18
1 3 11 19
1 3 11 20
1 3 11 21
1 3 11 22
1 4 11 10
1 4 11 11
1 4 11 12
1 4 11 13
1 4 11 14
1 4 11 15
1 4 11 16
1 4 11 17
1 4 11 18
1 4 11 19
1 4 11 20
1 4 11 21
1 4 11 22
1 5 11 10
1 5 11 11
1 5 11 12
1 5 11 13
1 5 11 14
1 5 11 15
1 5 11 16
1 5 11 17
1 5 11 18
1 5 11 19
1 5 11 20
1 5 11 21
1 5 11 22
1 6 11 10
1 6 11 11
1 6 11 12
1 6 11 13
1 6 11 14
1 6 11 15
1 6 11 16
1 6 11 17
1 6 11 18
1 6 11 19
1 6 11 20
1 6 11 21
1 6 11 22
1 7 11 10
1 7 11 11
1 7 11 12
1 7 11 13
1 7 11 14
1 7 11 15
1 7 11 16
1 7 11 17
1 7 11 18
1 7 11 19
1 7 11 20
1 7 11 21
1 7 11 22
1 3 12 10
1 3 12 11
1 3 12 12
1 3 12 13
1 3 12 14
1 3 12 15
1 3 12 16
1 3 12 17
1 3 12 18
1 3 12 19
1 3 12 20
1 3 12 21
1 3 12 22
1 4 12 10
1 4 12 11
1 4 12 12
1 4 12 13
1 4 12 14
1 4 12 15
1 4 12 16
1 4 12 17
1 4 12 18
1 4 12 19
1 4 12 20
1 4 12 21
1 4 12 22
1 5 12 10
1 5 12 11
1 5 12 12
1 5 12 13
1 5 12 14
1 5 12 15
1 5 12 16
1 5 12 17
1 5 12 18
1 5 12 19
1 5 12 20
1 5 12 21
1 5 12 22
1 6 12 10
1 6 12 11
1 6 12 12
1 6 12 13
1 6 12 14
1 6 12 15
1 6 12 16
1 6 12 17
1 6 12 18
1 6 12 19
1 6 12 20
1 6 12 21
1 6 12 22
1 7 12 10
1 7 12 11
1 7 12 12
1 7 12 13
1 7 12 14
1 7 12 15
1 7 12 16
1 7 12 17
1 7 12 18
1 7 12 19
1 7 12 20
1 7 12 21
1 7 12 22
4 3 8 24
4 3 8 25
4 4 8 24
4 4 8 25
4 5 8 24
4 5 8 25
4 6 8 24
4 6 8 25
4 7 8 24
4 7 8 25
4 8 8 24
4 8 8 25
4 9 8 24
4 9 8 25
4 10 8 24
4 10 8 25
4 11 8 24
4 11 8 25
4 12 8 24
4 12 8 25
4 13 8 24
4 13 8 25
4 14 8 24
4 14 8 25
4 15 8 24
4 15 8 25
4 16 8 24
4 16 8 25
4 17 8 24
4 17 8 25
4 18 8 24
4 18 8 25
4 19 8 24
4 19 8 25
4 20 8 24
4 20 8 25
4 21 8 24
4 21 8 25
4 22 8 24
4 22 8 25
4 3 9 24
4 3 9 25
4 4 9 24
4 4 9 25
4 5 9 24
4 5 9 25
4 6 9 24
4 6 9 25
4 7 9 24
4 7 9 25
4 8 9 24
4 8 9 25
4 9 9 24
4 9 9 25
4 10 9 24
4 10 9 25
4 11 9 24
4 11 9 25
4 12 9 24
4 12 9 25
4 13 9 24
4 13 9 25
4 14 9 24
4 14 9 25
4 15 9 24
4 15 9 25
4 16 9 24
4 16 9 25
4 17 9 24
4 17 9 25
4 18 9 24
4 18 9 25
4 19 9 24
4 19 9 25
4 20 9 24
4 20 9 25
4 21 9 24
4 21 9 25
4 22 9 24
4 22 9 25
4 3 10 24
4 3 10 25
4 4 10 24
4 4 10 25
4 5 10 24
4 5 10 25
4 6 10 24
4 6 10 25
4 7 10 24
4 7 10 25
4 8 10 24
4 8 10 25
4 9 10 24
4 9 10 25
4 10 10 24
4 10 10 25
4 11 10 24
4 11 10 25
4 12 10 24
4 12 10 25
4 13 10 24
4 13 10 25
4 14 10 24
4 14 10 25
4 15 10 24
4 15 10 25
4 16 10 24
4 16 10 25
4 17 10 24
4 17 10 25
4 18 10 24
4 18 10 25
4 19 10 24
4 19 10 25
4 20 10 24
4 20 10 25
4 21 10 24
4 21 10 25
4 22 10 24
4 22 10 25
4 3 11 24
4 3 11 25
4 4 11 24
4 4 11 25
4 5 11 24
4 5 11 25
4 6 11 24
4 6 11 25
4 7 11 24
4 7 11 25
4 8 11 24
4 8 11 25
4 9 11 24
4 9 11 25
4 10 11 24
4 10 11 25
4 11 11 24
4 11 11 25
4 12 11 24
4 12 11 25
4 13 11 24
4 13 11 25
4 14 11 24
4 14 11 25
4 15 11 24
4 15 11 25
4 16 11 24
4 16 11 25
4 17 11 24
4 17 11 25
4 18 11 24
4 18 11 25
4 19 11 24
4 19 11 25
4 20 11 24
4 20 11 25
4 21 11 24
4 21 11 25
4 22 11 24
4 22 11 25
4 3 12 24
4 3 12 25
4 4 12 24
4 4 12 25
4 5 12 24
4 5 12 25
4 6 12 24
4 6 12 25
4 7 12 24
4 7 12 25
4 8 12 24
4 8 12 25
4 9 12 24
4 9 12 25
4 10 12 24
4 10 12 25
4 11 12 24
4 11 12 25
4 12 12 24
4 12 12 25
4 13 12 24
4 13 12 25
4 14 12 24
4 14 12 25
4 15 12 24
4 15 12 25
4 16 12 24
4 16 12 25
4 17 12 24
4 17 12 25
4 18 12 24
4 18 12 25
4 19 12 24
4 19 12 25
4 20 12 24
4 20 12 25
4 21 12 24
4 21 12 25
4 22 12 24
4 22 12 25
5 3 8 24
5 3 8 25
5 4 8 24
5 4 8 25
5 5 8 24
5 5 8 25
5 6 8 24
5 6 8 25
5 7 8 24
5 7 8 25
5 8 8 24
5 8 8 25
5 9 8 24
5 9 8 25
5 10 8 24
5 10 8 25
5 11 8 24
5 11 8 25
5 12 8 24
5 12 8 25
5 13 8 24
5 13 8 25
5 14 8 24
5 14 8 25
5 15 8 24
5 15 8 25
5 16 8 24
5 16 8 25
5 17 8 24
5 17 8 25
5 18 8 24
5 18 8 25
5 19 8 24
5 19 8 25
5 20 8 24
5 20 8 25
5 21 8 24
5 21 8 25
5 22 8 24
5 22 8 25
5 3 9 24
5 3 9 25
5 4 9 24
5 4 9 25
5 5 9 24
5 5 9 25
5 6 9 24
5 6 9 25
5 7 9 24
5 7 9 25
5 8 9 24
5 8 9 25
5 9 9 24
5 9 9 25
5 10 9 24
5 10 9 25
5 11 9 24
5 11 9 25
5 12 9 24
5 12 9 25
5 13 9 24
5 13 9 25
5 14 9 24
5 14 9 25
5 15 9 24
5 15 9 25
5 16 9 24
5 16 9 25
5 17 9 24
5 17 9 25
5 18 9 24
5 18 9 25
5 19 9 24
5 19 9 25
5 20 9 24
5 20 9 25
5 21 9 24
5 21 9 25
5 22 9 24
5 22 9 25
5 3 10 24
5 3 10 25
5 4 10 24
5 4 10 25
5 5 10 24
5 5 10 25
5 6 10 24
5 6 10 25
5 7 10 24
5 7 10 25
5 8 10 24
5 8 10 25
5 9 10 24
5 9 10 25
5 10 10 24
5 10 10 25
5 11 10 24
5 11 10 25
5 12 10 24
5 12 10 25
5 13 10 24
5 13 10 25
5 14 10 24
5 14 10 25
5 15 10 24
5 15 10 25
5 16 10 24
5 16 10 25
5 17 10 24
5 17 10 25
5 18 10 24
5 18 10 25
5 19 10 24
5 19 10 25
5 20 10 24
5 20 10 25
5 21 10 24
5 21 10 25
5 22 10 24
5 22 10 25
5 3 11 24
5 3 11 25
5 4 11 24
5 4 11 25
5 5 11 24
5 5 11 25
5 6 11 24
5 6 11 25
5 7 11 24
5 7 11 25
5 8 11 24
5 8 11 25
5 9 11 24
5 9 11 25
5 10 11 24
5 10 11 25
5 11 11 24
5 11 11 25
5 12 11 24
5 12 11 25
5 13 11 24
5 13 11 25
5 14 11 24
5 14 11 25
5 15 11 24
5 15 11 25
5 16 11 24
5 16 11 25
5 17 11 24
5 17 11 25
5 18 11 24
5 18 11 25
5 19 11 24
5 19 11 25
5 20 11 24
5 20 11 25
5 21 11 24
5 21 11 25
5 22 11 24
5 22 11 25
5 3 12 24
5 3 12 25
5 4 12 24
5 4 12 25
5 5 12 24
5 5 12 25
5 6 12 24
5 6 12 25
5 7 12 24
5 7 12 25
5 8 12 24
5 8 12 25
5 9 12 24
5 9 12 25
5 10 12 24
5 10 12 25
5 11 12 24
5 11 12 25
5 12 12 24
5 12 12 25
5 13 12 24
5 13 12 25
5 14 12 24
5 14 12 25
5 15 12 24
5 15 12 25
5 16 12 24
5 16 12 25
5 17 12 24
5 17 12 25
5 18 12 24
5 18 12 25
5 19 12 24
5 19 12 25
5 20 12 24
5 20 12 25
5 21 12 24
5 21 12 25
5 22 12 24
5 22 12 25
6 3 8 24
6 3 8 25
6 4 8 24
6 4 8 25
6 5 8 24
6 5 8 25
6 6 8 24
6 6 8 25
6 7 8 24
6 7 8 25
6 8 8 24
6 8 8 25
6 9 8 24
6 9 8 25
6 10 8 24
6 10 8 25
6 11 8 24
6 11 8 25
6 12 8 24
6 12 8 25
6 13 8 24
6 13 8 25
6 14 8 24
6 14 8 25
6 15 8 24
6 15 8 25
6 16 8 24
6 16 8 25
6 17 8 24
6 17 8 25
6 18 8 24
6 18 8 25
6 19 8 24
6 19 8 25
6 20 8 24
6 20 8 25
6 21 8 24
6 21 8 25
6 22 8 24
6 22 8 25
6 3 9 24
6 3 9 25
6 4 9 24
6 4 9 25
6 5 9 24
6 5 9 25
6 6 9 24
6 6 9 25
6 7 9 24
6 7 9 25
6 8 9 24
6 8 9 25
6 9 9 24
6 9 9 25
6 10 9 24
6 10 9 25
6 11 9 24
6 11 9 25
6 12 9 24
6 12 9 25
6 13 9 24
6 13 9 25
6 14 9 24
6 14 9 25
6 15 9 24
6 15 9 25
6 16 9 24
6 16 9 25
6 17 9 24
6 17 9 25
6 18 9 24
6 18 9 25
6 19 9 24
6 19 9 25
6 20 9 24
6 20 9 25
6 21 9 24
6 21 9 25
6 22 9 24
6 22 9 25
6 3 10 24
6 3 10 25
6 4 10 24
6 4 10 25
6 5 10 24
6 5 10 25
6 6 10 24
6 6 10 25
6 7 10 24
6 7 10 25
6 8 10 24
6 8 10 25
6 9 10 24
6 9 10 25
6 10 10 24
6 10 10 25
6 11 10 24
6 11 10 25
6 12 10 24
6 12 10 25
6 13 10 24
6 13 10 25
6 14 10 24
6 14 10 25
6 15 10 24
6 15 10 25
6 16 10 24
6 16 10 25
6 17 10 24
6 17 10 25
6 18 10 24
6 18 10 25
6 19 10 24
6 19 10 25
6 20 10 24
6 20 10 25
6 21 10 24
6 21 10 25
6 22 10 24
6 22 10 25
6 3 11 24
6 3 11 25
6 4 11 24
6 4 11 25
6 5 11 24
6 5 11 25
6 6 11 24
6 6 11 25
6 7 11 24
6 7 11 25
6 8 11 24
6 8 11 25
6 9 11 24
6 9 11 25
6 10 11 24
6 10 11 25
6 11 11 24
6 11 11 25
6 12 11 24
6 12 11 25
6 13 11 24
6 13 11 25
6 14 11 24
6 14 11 25
6 15 11 24
6 15 11 25
6 16 11 24
6 16 11 25
6 17 11 24
6 17 11 25
6 18 11 24
6 18 11 25
6 19 11 24
6 19 11 25
6 20 11 24
6 20 11 25
6 21 11 24
6 21 11 25
6 22 11 24
6 22 11 25
6 3 12 24
6 3 12 25
6 4 12 24
6 4 12 25
6 5 12 24
6 5 12 25
6 6 12 24
6 6 12 25
6 7 12 24
6 7 12 25
6 8 12 24
6 8 12 25
6 9 12 24
6 9 12 25
6 10 12 24
6 10 12 25
6 11 12 24
6 11 12 25
6 12 12 24
6 12 12 25
6 13 12 24
6 13 12 25
6 14 12 24
6 14 12 25
6 15 12 24
6 15 12 25
6 16 12 24
6 16 12 25
6 17 12 24
6 17 12 25
6 18 12 24
6 18 12 25
6 19 12 24
6 19 12 25
6 20 12 24
6 20 12 25
6 21 12 24
6 21 12 25
6 22 12 24
6 22 12 25
