20 21
000000000000000000000
000000000001111111110
000000001111100010010
000000001011100010010
000000001011100010010
000000001011100010010
000000001011100010010
000000001011110010010
000000001111111110010
000000001111110110010
001111111111111111111
001000001111110110011
001000001111110110011
001111111111111111111
001111111111111111111
001100000001010101001
001111111111111111001
001100000101111100001
001111111111111100001
001111111111111111111
317
2 12 9 17
2 13 9 17
2 12 11 17
2 12 11 20
2 13 11 17
2 13 11 20
2 17 11 20
2 12 14 17
2 12 14 20
2 13 14 17
2 13 14 20
2 17 14 20
2 12 15 17
2 12 15 20
2 13 15 17
2 13 15 20
2 17 15 20
3 9 9 11
3 9 9 12
3 9 9 13
3 9 10 11
3 9 10 12
3 9 10 13
3 9 11 11
3 9 11 12
3 9 11 13
3 9 12 11
3 9 12 12
3 9 12 13
3 9 13 11
3 9 13 12
3 9 13 13
3 9 14 11
3 9 14 12
3 9 14 13
3 9 15 11
3 9 15 12
3 9 15 13
8 12 17 14
8 12 18 14
8 12 19 14
8 12 20 14
9 9 11 16
9 9 11 17
9 10 11 16
9 10 11 17
9 11 11 16
9 11 11 17
9 12 11 16
9 12 11 17
9 13 11 16
9 13 11 17
9 14 11 16
9 14 11 17
9 9 14 16
9 9 14 17
9 10 14 16
9 10 14 17
9 11 14 16
9 11 14 17
9 12 14 16
9 12 14 17
9 13 14 16
9 13 14 17
9 14 14 16
9 14 14 17
9 9 15 16
9 9 15 17
9 10 15 16
9 10 15 17
9 11 15 16
9 11 15 17
9 12 15 16
9 12 15 17
9 13 15 16
9 13 15 17
9 14 15 16
9 14 15 17
9 12 17 14
9 12 17 16
9 14 17 16
9 12 18 14
9 12 18 16
9 14 18 16
9 12 19 14
9 12 19 16
9 14 19 16
9 12 20 14
9 12 20 16
9 14 20 16
10 12 17 14
10 12 18 14
10 12 19 14
10 12 20 14
11 3 14 9
11 3 14 10
11 3 14 11
11 3 14 12
11 3 14 13
11 3 14 14
11 3 14 16
11 3 14 17
11 3 14 20
11 3 14 21
11 9 14 16
11 9 14 17
11 9 14 20
11 9 14 21
11 10 14 16
11 10 14 17
11 10 14 20
11 10 14 21
11 11 14 16
11 11 14 17
11 11 14 20
11 11 14 21
11 12 14 16
11 12 14 17
11 12 14 20
11 12 14 21
11 13 14 16
11 13 14 17
11 13 14 20
11 13 14 21
11 14 14 16
11 14 14 17
11 14 14 20
11 14 14 21
11 16 14 20
11 16 14 21
11 17 14 20
11 17 14 21
11 3 15 9
11 3 15 10
11 3 15 11
11 3 15 12
11 3 15 13
11 3 15 14
11 3 15 16
11 3 15 17
11 3 15 20
11 3 15 21
11 9 15 16
11 9 15 17
11 9 15 20
11 9 15 21
11 10 15 16
11 10 15 17
11 10 15 20
11 10 15 21
11 11 15 16
11 11 15 17
11 11 15 20
11 11 15 21
11 12 15 16
11 12 15 17
11 12 15 20
11 12 15 21
11 13 15 16
11 13 15 17
11 13 15 20
11 13 15 21
11 14 15 16
11 14 15 17
11 14 15 20
11 14 15 21
11 16 15 20
11 16 15 21
11 17 15 20
11 17 15 21
11 3 17 12
11 3 17 14
11 3 17 16
11 12 17 14
11 12 17 16
11 14 17 16
11 12 18 14
11 12 18 16
11 14 18 16
11 3 19 12
11 3 19 14
11 3 19 16
11 12 19 14
11 12 19 16
11 14 19 16
11 3 20 12
11 3 20 14
11 3 20 16
11 3 20 21
11 12 20 14
11 12 20 16
11 12 20 21
11 14 20 16
11 14 20 21
11 16 20 21
12 12 17 14
12 12 18 14
12 12 19 14
12 12 20 14
13 12 17 14
13 12 18 14
13 12 19 14
13 12 20 14
14 3 17 12
14 3 17 14
14 3 17 16
14 3 17 18
14 4 17 12
14 4 17 14
14 4 17 16
14 4 17 18
14 12 17 14
14 12 17 16
14 12 17 18
14 14 17 16
14 14 17 18
14 16 17 18
14 12 18 14
14 12 18 16
14 14 18 16
14 3 19 12
14 3 19 14
14 3 19 16
14 4 19 12
14 4 19 14
14 4 19 16
14 12 19 14
14 12 19 16
14 14 19 16
14 3 20 12
14 3 20 14
14 3 20 16
14 3 20 21
14 4 20 12
14 4 20 14
14 4 20 16
14 4 20 21
14 12 20 14
14 12 20 16
14 12 20 21
14 14 20 16
14 14 20 21
14 16 20 21
15 3 17 12
15 3 17 14
15 3 17 16
15 3 17 18
15 4 17 12
15 4 17 14
15 4 17 16
15 4 17 18
15 12 17 14
15 12 17 16
15 12 17 18
15 14 17 16
15 14 17 18
15 16 17 18
15 12 18 14
15 12 18 16
15 14 18 16
15 3 19 12
15 3 19 14
15 3 19 16
15 4 19 12
15 4 19 14
15 4 19 16
15 12 19 14
15 12 19 16
15 14 19 16
15 3 20 12
15 3 20 14
15 3 20 16
15 3 20 21
15 4 20 12
15 4 20 14
15 4 20 16
15 4 20 21
15 12 20 14
15 12 20 16
15 12 20 21
15 14 20 16
15 14 20 21
15 16 20 21
17 3 19 10
17 3 19 12
17 3 19 13
17 3 19 14
17 3 19 15
17 3 19 16
17 4 19 10
17 4 19 12
17 4 19 13
17 4 19 14
17 4 19 15
17 4 19 16
17 10 19 12
17 10 19 13
17 10 19 14
17 10 19 15
17 10 19 16
17 3 20 10
17 3 20 12
17 3 20 13
17 3 20 14
17 3 20 15
17 3 20 16
17 4 20 10
17 4 20 12
17 4 20 13
17 4 20 14
17 4 20 15
17 4 20 16
17 10 20 12
17 10 20 13
17 10 20 14
17 10 20 15
17 10 20 16
