20 22
0000000000000000000000
0000000000000000000000
0001111110000000000000
1111111111000000000000
1001111111000000000000
1001100011000000000000
1001100011000000000000
1001111111000000000000
1001111111000001111110
1001100111111111000010
1001100110000011000010
1001100110000011000010
1001111110000011000010
1001111110000011000010
1111100110000011000010
0000100110000011111110
0000100110000011000010
0000100110000011111110
0000111110000011000010
0000000111111111111110
74
3 4 8 9
3 5 8 9
3 4 9 9
3 5 9 9
3 4 13 9
3 5 13 9
3 4 14 9
3 5 14 9
3 5 19 9
4 4 8 9
4 4 8 10
4 5 8 9
4 5 8 10
4 4 9 9
4 4 9 10
4 5 9 9
4 5 9 10
4 4 13 9
4 5 13 9
4 4 14 9
4 5 14 9
4 1 15 4
4 1 15 5
4 5 19 9
5 4 8 9
5 4 8 10
5 5 8 9
5 5 8 10
5 4 9 9
5 4 9 10
5 5 9 9
5 5 9 10
5 4 13 9
5 5 13 9
5 4 14 9
5 5 14 9
5 5 19 9
8 4 13 8
8 4 13 9
8 5 13 8
8 5 13 9
8 4 14 8
8 4 14 9
8 5 14 8
8 5 14 9
8 5 19 8
8 5 19 9
9 4 13 8
9 4 13 9
9 5 13 8
9 5 13 9
9 4 14 8
9 4 14 9
9 5 14 8
9 5 14 9
9 16 16 21
9 16 18 21
9 5 19 8
9 5 19 9
9 16 20 21
10 8 20 15
10 8 20 16
10 9 20 15
10 9 20 16
13 5 19 8
13 5 19 9
14 5 19 8
14 5 19 9
16 15 18 21
16 16 18 21
16 15 20 21
16 16 20 21
18 15 20 21
18 16 20 21
