25 23
00000000000000000000000
00000000000000000000000
00111111100000000000000
00100000100000000000000
00100000100000000000000
00100001111111100000000
00100001100000100000000
00100001100000100000000
00100001100000100000000
00111111101111111111000
00000001111111101001000
00000000001100001001000
00011111111111111111000
00010000101101001011000
00010000101101001011000
00010000101111111011000
00010000111111000011000
00010000001000000011000
00010000001000000011000
00010000001000000011000
00010000001000000011000
00010000001111110011000
00010000001111111111000
00010000000100010010000
00011111111111111110000
28
3 3 10 9
6 8 11 15
6 9 11 15
10 11 13 17
10 11 13 20
10 12 13 17
10 12 13 20
10 17 13 20
10 11 16 17
10 12 16 17
10 11 23 20
13 11 16 14
13 11 16 17
13 12 16 14
13 12 16 17
13 14 16 17
13 9 17 11
13 9 17 12
13 9 17 14
13 11 17 14
13 12 17 14
13 11 23 19
13 11 23 20
13 4 25 19
22 12 25 16
23 12 25 16
23 12 25 19
23 16 25 19
