16 16
0000000111111111
0001111111110001
0001000100010001
0001000100010001
0001000100010001
0001000100010001
0001000100010001
0001000100010001
0001000100010001
0001000111111111
0001111111111110
0001100011010010
0001100011010010
0001111111010010
0001000011111110
0001111111110000
32
1 8 10 12
1 8 10 16
1 12 10 16
1 8 11 12
2 8 10 12
2 4 11 8
2 4 11 12
2 8 11 12
2 4 16 12
10 9 15 12
10 9 15 15
10 10 15 12
10 10 15 15
10 12 15 15
10 9 16 12
10 10 16 12
11 4 14 9
11 4 14 10
11 5 14 9
11 5 14 10
11 9 15 12
11 9 15 15
11 10 15 12
11 10 15 15
11 12 15 15
11 4 16 9
11 4 16 10
11 4 16 12
11 9 16 12
11 10 16 12
14 4 16 9
14 4 16 10
