21 22
1111111111111111111111
1001111111111111111111
1111111111111111111111
1111111111111111111111
1111110111111111111111
1111111111111111111111
1111111111111111111111
0111111111111111111101
0111111111111111111111
0111111111111111111111
0111111111111111111111
0111111111111111111111
0111111111111111111111
0111111111111111111111
0111111111111111111111
0111111111111111111111
0111111111111111111111
0111111111111111111111
0111111111111111111111
0011111111111111110000
0011111111110000000000
4646
1 1 3 4
1 1 3 5
1 1 3 6
1 1 3 7
1 1 3 8
1 1 3 9
1 1 3 10
1 1 3 11
1 1 3 12
1 1 3 13
1 1 3 14
1 1 3 15
1 1 3 16
1 1 3 17
1 1 3 18
1 1 3 19
1 1 3 20
1 1 3 21
1 1 3 22
1 1 4 4
1 1 4 5
1 1 4 6
1 1 4 7
1 1 4 8
1 1 4 9
1 1 4 10
1 1 4 11
1 1 4 12
1 1 4 13
1 1 4 14
1 1 4 15
1 1 4 16
1 1 4 17
1 1 4 18
1 1 4 19
1 1 4 20
1 1 4 21
1 1 4 22
1 1 5 4
1 1 5 5
1 1 5 6
1 1 6 4
1 1 6 5
1 1 6 6
1 1 6 8
1 1 6 9
1 1 6 10
1 1 6 11
1 1 6 12
1 1 6 13
1 1 6 14
1 1 6 15
1 1 6 16
1 1 6 17
1 1 6 18
1 1 6 19
1 1 6 20
1 1 6 21
1 1 6 22
1 4 6 8
1 4 6 9
1 4 6 10
1 4 6 11
1 4 6 12
1 4 6 13
1 4 6 14
1 4 6 15
1 4 6 16
1 4 6 17
1 4 6 18
1 4 6 19
1 4 6 20
1 4 6 21
1 4 6 22
1 5 6 8
1 5 6 9
1 5 6 10
1 5 6 11
1 5 6 12
1 5 6 13
1 5 6 14
1 5 6 15
1 5 6 16
1 5 6 17
1 5 6 18
1 5 6 19
1 5 6 20
1 5 6 21
1 5 6 22
1 6 6 8
1 6 6 9
1 6 6 10
1 6 6 11
1 6 6 12
1 6 6 13
1 6 6 14
1 6 6 15
1 6 6 16
1 6 6 17
1 6 6 18
1 6 6 19
1 6 6 20
1 6 6 21
1 6 6 22
1 1 7 4
1 1 7 5
1 1 7 6
1 1 7 8
1 1 7 9
1 1 7 10
1 1 7 11
1 1 7 12
1 1 7 13
1 1 7 14
1 1 7 15
1 1 7 16
1 1 7 17
1 1 7 18
1 1 7 19
1 1 7 20
1 1 7 21
1 1 7 22
1 4 7 8
1 4 7 9
1 4 7 10
1 4 7 11
1 4 7 12
1 4 7 13
1 4 7 14
1 4 7 15
1 4 7 16
1 4 7 17
1 4 7 18
1 4 7 19
1 4 7 20
1 4 7 21
1 4 7 22
1 5 7 8
1 5 7 9
1 5 7 10
1 5 7 11
1 5 7 12
1 5 7 13
1 5 7 14
1 5 7 15
1 5 7 16
1 5 7 17
1 5 7 18
1 5 7 19
1 5 7 20
1 5 7 21
1 5 7 22
1 6 7 8
1 6 7 9
1 6 7 10
1 6 7 11
1 6 7 12
1 6 7 13
1 6 7 14
1 6 7 15
1 6 7 16
1 6 7 17
1 6 7 18
1 6 7 19
1 6 7 20
1 6 7 21
1 6 7 22
1 4 8 8
1 4 8 9
1 4 8 10
1 4 8 11
1 4 8 12
1 4 8 13
1 4 8 14
1 4 8 15
1 4 8 16
1 4 8 17
1 4 8 18
1 4 8 19
1 4 8 20
1 5 8 8
1 5 8 9
1 5 8 10
1 5 8 11
1 5 8 12
1 5 8 13
1 5 8 14
1 5 8 15
1 5 8 16
1 5 8 17
1 5 8 18
1 5 8 19
1 5 8 20
1 6 8 8
1 6 8 9
1 6 8 10
1 6 8 11
1 6 8 12
1 6 8 13
1 6 8 14
1 6 8 15
1 6 8 16
1 6 8 17
1 6 8 18
1 6 8 19
1 6 8 20
1 4 9 8
1 4 9 9
1 4 9 10
1 4 9 11
1 4 9 12
1 4 9 13
1 4 9 14
1 4 9 15
1 4 9 16
1 4 9 17
1 4 9 18
1 4 9 19
1 4 9 20
1 4 9 22
1 5 9 8
1 5 9 9
1 5 9 10
1 5 9 11
1 5 9 12
1 5 9 13
1 5 9 14
1 5 9 15
1 5 9 16
1 5 9 17
1 5 9 18
1 5 9 19
1 5 9 20
1 5 9 22
1 6 9 8
1 6 9 9
1 6 9 10
1 6 9 11
1 6 9 12
1 6 9 13
1 6 9 14
1 6 9 15
1 6 9 16
1 6 9 17
1 6 9 18
1 6 9 19
1 6 9 20
1 6 9 22
1 8 9 22
1 9 9 22
1 10 9 22
1 11 9 22
1 12 9 22
1 13 9 22
1 14 9 22
1 15 9 22
1 16 9 22
1 17 9 22
1 18 9 22
1 19 9 22
1 20 9 22
1 4 10 8
1 4 10 9
1 4 10 10
1 4 10 11
1 4 10 12
1 4 10 13
1 4 10 14
1 4 10 15
1 4 10 16
1 4 10 17
1 4 10 18
1 4 10 19
1 4 10 20
1 4 10 22
1 5 10 8
1 5 10 9
1 5 10 10
1 5 10 11
1 5 10 12
1 5 10 13
1 5 10 14
1 5 10 15
1 5 10 16
1 5 10 17
1 5 10 18
1 5 10 19
1 5 10 20
1 5 10 22
1 6 10 8
1 6 10 9
1 6 10 10
1 6 10 11
1 6 10 12
1 6 10 13
1 6 10 14
1 6 10 15
1 6 10 16
1 6 10 17
1 6 10 18
1 6 10 19
1 6 10 20
1 6 10 22
1 8 10 22
1 9 10 22
1 10 10 22
1 11 10 22
1 12 10 22
1 13 10 22
1 14 10 22
1 15 10 22
1 16 10 22
1 17 10 22
1 18 10 22
1 19 10 22
1 20 10 22
1 4 11 8
1 4 11 9
1 4 11 10
1 4 11 11
1 4 11 12
1 4 11 13
1 4 11 14
1 4 11 15
1 4 11 16
1 4 11 17
1 4 11 18
1 4 11 19
1 4 11 20
1 4 11 22
1 5 11 8
1 5 11 9
1 5 11 10
1 5 11 11
1 5 11 12
1 5 11 13
1 5 11 14
1 5 11 15
1 5 11 16
1 5 11 17
1 5 11 18
1 5 11 19
1 5 11 20
1 5 11 22
1 6 11 8
1 6 11 9
1 6 11 10
1 6 11 11
1 6 11 12
1 6 11 13
1 6 11 14
1 6 11 15
1 6 11 16
1 6 11 17
1 6 11 18
1 6 11 19
1 6 11 20
1 6 11 22
1 8 11 22
1 9 11 22
1 10 11 22
1 11 11 22
1 12 11 22
1 13 11 22
1 14 11 22
1 15 11 22
1 16 11 22
1 17 11 22
1 18 11 22
1 19 11 22
1 20 11 22
1 4 12 8
1 4 12 9
1 4 12 10
1 4 12 11
1 4 12 12
1 4 12 13
1 4 12 14
1 4 12 15
1 4 12 16
1 4 12 17
1 4 12 18
1 4 12 19
1 4 12 20
1 4 12 22
1 5 12 8
1 5 12 9
1 5 12 10
1 5 12 11
1 5 12 12
1 5 12 13
1 5 12 14
1 5 12 15
1 5 12 16
1 5 12 17
1 5 12 18
1 5 12 19
1 5 12 20
1 5 12 22
1 6 12 8
1 6 12 9
1 6 12 10
1 6 12 11
1 6 12 12
1 6 12 13
1 6 12 14
1 6 12 15
1 6 12 16
1 6 12 17
1 6 12 18
1 6 12 19
1 6 12 20
1 6 12 22
1 8 12 22
1 9 12 22
1 10 12 22
1 11 12 22
1 12 12 22
1 13 12 22
1 14 12 22
1 15 12 22
1 16 12 22
1 17 12 22
1 18 12 22
1 19 12 22
1 20 12 22
1 4 13 8
1 4 13 9
1 4 13 10
1 4 13 11
1 4 13 12
1 4 13 13
1 4 13 14
1 4 13 15
1 4 13 16
1 4 13 17
1 4 13 18
1 4 13 19
1 4 13 20
1 4 13 22
1 5 13 8
1 5 13 9
1 5 13 10
1 5 13 11
1 5 13 12
1 5 13 13
1 5 13 14
1 5 13 15
1 5 13 16
1 5 13 17
1 5 13 18
1 5 13 19
1 5 13 20
1 5 13 22
1 6 13 8
1 6 13 9
1 6 13 10
1 6 13 11
1 6 13 12
1 6 13 13
1 6 13 14
1 6 13 15
1 6 13 16
1 6 13 17
1 6 13 18
1 6 13 19
1 6 13 20
1 6 13 22
1 8 13 22
1 9 13 22
1 10 13 22
1 11 13 22
1 12 13 22
1 13 13 22
1 14 13 22
1 15 13 22
1 16 13 22
1 17 13 22
1 18 13 22
1 19 13 22
1 20 13 22
1 4 14 8
1 4 14 9
1 4 14 10
1 4 14 11
1 4 14 12
1 4 14 13
1 4 14 14
1 4 14 15
1 4 14 16
1 4 14 17
1 4 14 18
1 4 14 19
1 4 14 20
1 4 14 22
1 5 14 8
1 5 14 9
1 5 14 10
1 5 14 11
1 5 14 12
1 5 14 13
1 5 14 14
1 5 14 15
1 5 14 16
1 5 14 17
1 5 14 18
1 5 14 19
1 5 14 20
1 5 14 22
1 6 14 8
1 6 14 9
1 6 14 10
1 6 14 11
1 6 14 12
1 6 14 13
1 6 14 14
1 6 14 15
1 6 14 16
1 6 14 17
1 6 14 18
1 6 14 19
1 6 14 20
1 6 14 22
1 8 14 22
1 9 14 22
1 10 14 22
1 11 14 22
1 12 14 22
1 13 14 22
1 14 14 22
1 15 14 22
1 16 14 22
1 17 14 22
1 18 14 22
1 19 14 22
1 20 14 22
1 4 15 8
1 4 15 9
1 4 15 10
1 4 15 11
1 4 15 12
1 4 15 13
1 4 15 14
1 4 15 15
1 4 15 16
1 4 15 17
1 4 15 18
1 4 15 19
1 4 15 20
1 4 15 22
1 5 15 8
1 5 15 9
1 5 15 10
1 5 15 11
1 5 15 12
1 5 15 13
1 5 15 14
1 5 15 15
1 5 15 16
1 5 15 17
1 5 15 18
1 5 15 19
1 5 15 20
1 5 15 22
1 6 15 8
1 6 15 9
1 6 15 10
1 6 15 11
1 6 15 12
1 6 15 13
1 6 15 14
1 6 15 15
1 6 15 16
1 6 15 17
1 6 15 18
1 6 15 19
1 6 15 20
1 6 15 22
1 8 15 22
1 9 15 22
1 10 15 22
1 11 15 22
1 12 15 22
1 13 15 22
1 14 15 22
1 15 15 22
1 16 15 22
1 17 15 22
1 18 15 22
1 19 15 22
1 20 15 22
1 4 16 8
1 4 16 9
1 4 16 10
1 4 16 11
1 4 16 12
1 4 16 13
1 4 16 14
1 4 16 15
1 4 16 16
1 4 16 17
1 4 16 18
1 4 16 19
1 4 16 20
1 4 16 22
1 5 16 8
1 5 16 9
1 5 16 10
1 5 16 11
1 5 16 12
1 5 16 13
1 5 16 14
1 5 16 15
1 5 16 16
1 5 16 17
1 5 16 18
1 5 16 19
1 5 16 20
1 5 16 22
1 6 16 8
1 6 16 9
1 6 16 10
1 6 16 11
1 6 16 12
1 6 16 13
1 6 16 14
1 6 16 15
1 6 16 16
1 6 16 17
1 6 16 18
1 6 16 19
1 6 16 20
1 6 16 22
1 8 16 22
1 9 16 22
1 10 16 22
1 11 16 22
1 12 16 22
1 13 16 22
1 14 16 22
1 15 16 22
1 16 16 22
1 17 16 22
1 18 16 22
1 19 16 22
1 20 16 22
1 4 17 8
1 4 17 9
1 4 17 10
1 4 17 11
1 4 17 12
1 4 17 13
1 4 17 14
1 4 17 15
1 4 17 16
1 4 17 17
1 4 17 18
1 4 17 19
1 4 17 20
1 4 17 22
1 5 17 8
1 5 17 9
1 5 17 10
1 5 17 11
1 5 17 12
1 5 17 13
1 5 17 14
1 5 17 15
1 5 17 16
1 5 17 17
1 5 17 18
1 5 17 19
1 5 17 20
1 5 17 22
1 6 17 8
1 6 17 9
1 6 17 10
1 6 17 11
1 6 17 12
1 6 17 13
1 6 17 14
1 6 17 15
1 6 17 16
1 6 17 17
1 6 17 18
1 6 17 19
1 6 17 20
1 6 17 22
1 8 17 22
1 9 17 22
1 10 17 22
1 11 17 22
1 12 17 22
1 13 17 22
1 14 17 22
1 15 17 22
1 16 17 22
1 17 17 22
1 18 17 22
1 19 17 22
1 20 17 22
1 4 18 8
1 4 18 9
1 4 18 10
1 4 18 11
1 4 18 12
1 4 18 13
1 4 18 14
1 4 18 15
1 4 18 16
1 4 18 17
1 4 18 18
1 4 18 19
1 4 18 20
1 4 18 22
1 5 18 8
1 5 18 9
1 5 18 10
1 5 18 11
1 5 18 12
1 5 18 13
1 5 18 14
1 5 18 15
1 5 18 16
1 5 18 17
1 5 18 18
1 5 18 19
1 5 18 20
1 5 18 22
1 6 18 8
1 6 18 9
1 6 18 10
1 6 18 11
1 6 18 12
1 6 18 13
1 6 18 14
1 6 18 15
1 6 18 16
1 6 18 17
1 6 18 18
1 6 18 19
1 6 18 20
1 6 18 22
1 8 18 22
1 9 18 22
1 10 18 22
1 11 18 22
1 12 18 22
1 13 18 22
1 14 18 22
1 15 18 22
1 16 18 22
1 17 18 22
1 18 18 22
1 19 18 22
1 20 18 22
1 4 19 8
1 4 19 9
1 4 19 10
1 4 19 11
1 4 19 12
1 4 19 13
1 4 19 14
1 4 19 15
1 4 19 16
1 4 19 17
1 4 19 18
1 4 19 19
1 4 19 20
1 4 19 22
1 5 19 8
1 5 19 9
1 5 19 10
1 5 19 11
1 5 19 12
1 5 19 13
1 5 19 14
1 5 19 15
1 5 19 16
1 5 19 17
1 5 19 18
1 5 19 19
1 5 19 20
1 5 19 22
1 6 19 8
1 6 19 9
1 6 19 10
1 6 19 11
1 6 19 12
1 6 19 13
1 6 19 14
1 6 19 15
1 6 19 16
1 6 19 17
1 6 19 18
1 6 19 19
1 6 19 20
1 6 19 22
1 8 19 22
1 9 19 22
1 10 19 22
1 11 19 22
1 12 19 22
1 13 19 22
1 14 19 22
1 15 19 22
1 16 19 22
1 17 19 22
1 18 19 22
1 19 19 22
1 20 19 22
1 4 20 8
1 4 20 9
1 4 20 10
1 4 20 11
1 4 20 12
1 4 20 13
1 4 20 14
1 4 20 15
1 4 20 16
1 4 20 17
1 4 20 18
1 5 20 8
1 5 20 9
1 5 20 10
1 5 20 11
1 5 20 12
1 5 20 13
1 5 20 14
1 5 20 15
1 5 20 16
1 5 20 17
1 5 20 18
1 6 20 8
1 6 20 9
1 6 20 10
1 6 20 11
1 6 20 12
1 6 20 13
1 6 20 14
1 6 20 15
1 6 20 16
1 6 20 17
1 6 20 18
1 4 21 8
1 4 21 9
1 4 21 10
1 4 21 11
1 4 21 12
1 5 21 8
1 5 21 9
1 5 21 10
1 5 21 11
1 5 21 12
1 6 21 8
1 6 21 9
1 6 21 10
1 6 21 11
1 6 21 12
2 4 6 8
2 4 6 9
2 4 6 10
2 4 6 11
2 4 6 12
2 4 6 13
2 4 6 14
2 4 6 15
2 4 6 16
2 4 6 17
2 4 6 18
2 4 6 19
2 4 6 20
2 4 6 21
2 4 6 22
2 5 6 8
2 5 6 9
2 5 6 10
2 5 6 11
2 5 6 12
2 5 6 13
2 5 6 14
2 5 6 15
2 5 6 16
2 5 6 17
2 5 6 18
2 5 6 19
2 5 6 20
2 5 6 21
2 5 6 22
2 6 6 8
2 6 6 9
2 6 6 10
2 6 6 11
2 6 6 12
2 6 6 13
2 6 6 14
2 6 6 15
2 6 6 16
2 6 6 17
2 6 6 18
2 6 6 19
2 6 6 20
2 6 6 21
2 6 6 22
2 4 7 8
2 4 7 9
2 4 7 10
2 4 7 11
2 4 7 12
2 4 7 13
2 4 7 14
2 4 7 15
2 4 7 16
2 4 7 17
2 4 7 18
2 4 7 19
2 4 7 20
2 4 7 21
2 4 7 22
2 5 7 8
2 5 7 9
2 5 7 10
2 5 7 11
2 5 7 12
2 5 7 13
2 5 7 14
2 5 7 15
2 5 7 16
2 5 7 17
2 5 7 18
2 5 7 19
2 5 7 20
2 5 7 21
2 5 7 22
2 6 7 8
2 6 7 9
2 6 7 10
2 6 7 11
2 6 7 12
2 6 7 13
2 6 7 14
2 6 7 15
2 6 7 16
2 6 7 17
2 6 7 18
2 6 7 19
2 6 7 20
2 6 7 21
2 6 7 22
2 4 8 8
2 4 8 9
2 4 8 10
2 4 8 11
2 4 8 12
2 4 8 13
2 4 8 14
2 4 8 15
2 4 8 16
2 4 8 17
2 4 8 18
2 4 8 19
2 4 8 20
2 5 8 8
2 5 8 9
2 5 8 10
2 5 8 11
2 5 8 12
2 5 8 13
2 5 8 14
2 5 8 15
2 5 8 16
2 5 8 17
2 5 8 18
2 5 8 19
2 5 8 20
2 6 8 8
2 6 8 9
2 6 8 10
2 6 8 11
2 6 8 12
2 6 8 13
2 6 8 14
2 6 8 15
2 6 8 16
2 6 8 17
2 6 8 18
2 6 8 19
2 6 8 20
2 4 9 8
2 4 9 9
2 4 9 10
2 4 9 11
2 4 9 12
2 4 9 13
2 4 9 14
2 4 9 15
2 4 9 16
2 4 9 17
2 4 9 18
2 4 9 19
2 4 9 20
2 4 9 22
2 5 9 8
2 5 9 9
2 5 9 10
2 5 9 11
2 5 9 12
2 5 9 13
2 5 9 14
2 5 9 15
2 5 9 16
2 5 9 17
2 5 9 18
2 5 9 19
2 5 9 20
2 5 9 22
2 6 9 8
2 6 9 9
2 6 9 10
2 6 9 11
2 6 9 12
2 6 9 13
2 6 9 14
2 6 9 15
2 6 9 16
2 6 9 17
2 6 9 18
2 6 9 19
2 6 9 20
2 6 9 22
2 8 9 22
2 9 9 22
2 10 9 22
2 11 9 22
2 12 9 22
2 13 9 22
2 14 9 22
2 15 9 22
2 16 9 22
2 17 9 22
2 18 9 22
2 19 9 22
2 20 9 22
2 4 10 8
2 4 10 9
2 4 10 10
2 4 10 11
2 4 10 12
2 4 10 13
2 4 10 14
2 4 10 15
2 4 10 16
2 4 10 17
2 4 10 18
2 4 10 19
2 4 10 20
2 4 10 22
2 5 10 8
2 5 10 9
2 5 10 10
2 5 10 11
2 5 10 12
2 5 10 13
2 5 10 14
2 5 10 15
2 5 10 16
2 5 10 17
2 5 10 18
2 5 10 19
2 5 10 20
2 5 10 22
2 6 10 8
2 6 10 9
2 6 10 10
2 6 10 11
2 6 10 12
2 6 10 13
2 6 10 14
2 6 10 15
2 6 10 16
2 6 10 17
2 6 10 18
2 6 10 19
2 6 10 20
2 6 10 22
2 8 10 22
2 9 10 22
2 10 10 22
2 11 10 22
2 12 10 22
2 13 10 22
2 14 10 22
2 15 10 22
2 16 10 22
2 17 10 22
2 18 10 22
2 19 10 22
2 20 10 22
2 4 11 8
2 4 11 9
2 4 11 10
2 4 11 11
2 4 11 12
2 4 11 13
2 4 11 14
2 4 11 15
2 4 11 16
2 4 11 17
2 4 11 18
2 4 11 19
2 4 11 20
2 4 11 22
2 5 11 8
2 5 11 9
2 5 11 10
2 5 11 11
2 5 11 12
2 5 11 13
2 5 11 14
2 5 11 15
2 5 11 16
2 5 11 17
2 5 11 18
2 5 11 19
2 5 11 20
2 5 11 22
2 6 11 8
2 6 11 9
2 6 11 10
2 6 11 11
2 6 11 12
2 6 11 13
2 6 11 14
2 6 11 15
2 6 11 16
2 6 11 17
2 6 11 18
2 6 11 19
2 6 11 20
2 6 11 22
2 8 11 22
2 9 11 22
2 10 11 22
2 11 11 22
2 12 11 22
2 13 11 22
2 14 11 22
2 15 11 22
2 16 11 22
2 17 11 22
2 18 11 22
2 19 11 22
2 20 11 22
2 4 12 8
2 4 12 9
2 4 12 10
2 4 12 11
2 4 12 12
2 4 12 13
2 4 12 14
2 4 12 15
2 4 12 16
2 4 12 17
2 4 12 18
2 4 12 19
2 4 12 20
2 4 12 22
2 5 12 8
2 5 12 9
2 5 12 10
2 5 12 11
2 5 12 12
2 5 12 13
2 5 12 14
2 5 12 15
2 5 12 16
2 5 12 17
2 5 12 18
2 5 12 19
2 5 12 20
2 5 12 22
2 6 12 8
2 6 12 9
2 6 12 10
2 6 12 11
2 6 12 12
2 6 12 13
2 6 12 14
2 6 12 15
2 6 12 16
2 6 12 17
2 6 12 18
2 6 12 19
2 6 12 20
2 6 12 22
2 8 12 22
2 9 12 22
2 10 12 22
2 11 12 22
2 12 12 22
2 13 12 22
2 14 12 22
2 15 12 22
2 16 12 22
2 17 12 22
2 18 12 22
2 19 12 22
2 20 12 22
2 4 13 8
2 4 13 9
2 4 13 10
2 4 13 11
2 4 13 12
2 4 13 13
2 4 13 14
2 4 13 15
2 4 13 16
2 4 13 17
2 4 13 18
2 4 13 19
2 4 13 20
2 4 13 22
2 5 13 8
2 5 13 9
2 5 13 10
2 5 13 11
2 5 13 12
2 5 13 13
2 5 13 14
2 5 13 15
2 5 13 16
2 5 13 17
2 5 13 18
2 5 13 19
2 5 13 20
2 5 13 22
2 6 13 8
2 6 13 9
2 6 13 10
2 6 13 11
2 6 13 12
2 6 13 13
2 6 13 14
2 6 13 15
2 6 13 16
2 6 13 17
2 6 13 18
2 6 13 19
2 6 13 20
2 6 13 22
2 8 13 22
2 9 13 22
2 10 13 22
2 11 13 22
2 12 13 22
2 13 13 22
2 14 13 22
2 15 13 22
2 16 13 22
2 17 13 22
2 18 13 22
2 19 13 22
2 20 13 22
2 4 14 8
2 4 14 9
2 4 14 10
2 4 14 11
2 4 14 12
2 4 14 13
2 4 14 14
2 4 14 15
2 4 14 16
2 4 14 17
2 4 14 18
2 4 14 19
2 4 14 20
2 4 14 22
2 5 14 8
2 5 14 9
2 5 14 10
2 5 14 11
2 5 14 12
2 5 14 13
2 5 14 14
2 5 14 15
2 5 14 16
2 5 14 17
2 5 14 18
2 5 14 19
2 5 14 20
2 5 14 22
2 6 14 8
2 6 14 9
2 6 14 10
2 6 14 11
2 6 14 12
2 6 14 13
2 6 14 14
2 6 14 15
2 6 14 16
2 6 14 17
2 6 14 18
2 6 14 19
2 6 14 20
2 6 14 22
2 8 14 22
2 9 14 22
2 10 14 22
2 11 14 22
2 12 14 22
2 13 14 22
2 14 14 22
2 15 14 22
2 16 14 22
2 17 14 22
2 18 14 22
2 19 14 22
2 20 14 22
2 4 15 8
2 4 15 9
2 4 15 10
2 4 15 11
2 4 15 12
2 4 15 13
2 4 15 14
2 4 15 15
2 4 15 16
2 4 15 17
2 4 15 18
2 4 15 19
2 4 15 20
2 4 15 22
2 5 15 8
2 5 15 9
2 5 15 10
2 5 15 11
2 5 15 12
2 5 15 13
2 5 15 14
2 5 15 15
2 5 15 16
2 5 15 17
2 5 15 18
2 5 15 19
2 5 15 20
2 5 15 22
2 6 15 8
2 6 15 9
2 6 15 10
2 6 15 11
2 6 15 12
2 6 15 13
2 6 15 14
2 6 15 15
2 6 15 16
2 6 15 17
2 6 15 18
2 6 15 19
2 6 15 20
2 6 15 22
2 8 15 22
2 9 15 22
2 10 15 22
2 11 15 22
2 12 15 22
2 13 15 22
2 14 15 22
2 15 15 22
2 16 15 22
2 17 15 22
2 18 15 22
2 19 15 22
2 20 15 22
2 4 16 8
2 4 16 9
2 4 16 10
2 4 16 11
2 4 16 12
2 4 16 13
2 4 16 14
2 4 16 15
2 4 16 16
2 4 16 17
2 4 16 18
2 4 16 19
2 4 16 20
2 4 16 22
2 5 16 8
2 5 16 9
2 5 16 10
2 5 16 11
2 5 16 12
2 5 16 13
2 5 16 14
2 5 16 15
2 5 16 16
2 5 16 17
2 5 16 18
2 5 16 19
2 5 16 20
2 5 16 22
2 6 16 8
2 6 16 9
2 6 16 10
2 6 16 11
2 6 16 12
2 6 16 13
2 6 16 14
2 6 16 15
2 6 16 16
2 6 16 17
2 6 16 18
2 6 16 19
2 6 16 20
2 6 16 22
2 8 16 22
2 9 16 22
2 10 16 22
2 11 16 22
2 12 16 22
2 13 16 22
2 14 16 22
2 15 16 22
2 16 16 22
2 17 16 22
2 18 16 22
2 19 16 22
2 20 16 22
2 4 17 8
2 4 17 9
2 4 17 10
2 4 17 11
2 4 17 12
2 4 17 13
2 4 17 14
2 4 17 15
2 4 17 16
2 4 17 17
2 4 17 18
2 4 17 19
2 4 17 20
2 4 17 22
2 5 17 8
2 5 17 9
2 5 17 10
2 5 17 11
2 5 17 12
2 5 17 13
2 5 17 14
2 5 17 15
2 5 17 16
2 5 17 17
2 5 17 18
2 5 17 19
2 5 17 20
2 5 17 22
2 6 17 8
2 6 17 9
2 6 17 10
2 6 17 11
2 6 17 12
2 6 17 13
2 6 17 14
2 6 17 15
2 6 17 16
2 6 17 17
2 6 17 18
2 6 17 19
2 6 17 20
2 6 17 22
2 8 17 22
2 9 17 22
2 10 17 22
2 11 17 22
2 12 17 22
2 13 17 22
2 14 17 22
2 15 17 22
2 16 17 22
2 17 17 22
2 18 17 22
2 19 17 22
2 20 17 22
2 4 18 8
2 4 18 9
2 4 18 10
2 4 18 11
2 4 18 12
2 4 18 13
2 4 18 14
2 4 18 15
2 4 18 16
2 4 18 17
2 4 18 18
2 4 18 19
2 4 18 20
2 4 18 22
2 5 18 8
2 5 18 9
2 5 18 10
2 5 18 11
2 5 18 12
2 5 18 13
2 5 18 14
2 5 18 15
2 5 18 16
2 5 18 17
2 5 18 18
2 5 18 19
2 5 18 20
2 5 18 22
2 6 18 8
2 6 18 9
2 6 18 10
2 6 18 11
2 6 18 12
2 6 18 13
2 6 18 14
2 6 18 15
2 6 18 16
2 6 18 17
2 6 18 18
2 6 18 19
2 6 18 20
2 6 18 22
2 8 18 22
2 9 18 22
2 10 18 22
2 11 18 22
2 12 18 22
2 13 18 22
2 14 18 22
2 15 18 22
2 16 18 22
2 17 18 22
2 18 18 22
2 19 18 22
2 20 18 22
2 4 19 8
2 4 19 9
2 4 19 10
2 4 19 11
2 4 19 12
2 4 19 13
2 4 19 14
2 4 19 15
2 4 19 16
2 4 19 17
2 4 19 18
2 4 19 19
2 4 19 20
2 4 19 22
2 5 19 8
2 5 19 9
2 5 19 10
2 5 19 11
2 5 19 12
2 5 19 13
2 5 19 14
2 5 19 15
2 5 19 16
2 5 19 17
2 5 19 18
2 5 19 19
2 5 19 20
2 5 19 22
2 6 19 8
2 6 19 9
2 6 19 10
2 6 19 11
2 6 19 12
2 6 19 13
2 6 19 14
2 6 19 15
2 6 19 16
2 6 19 17
2 6 19 18
2 6 19 19
2 6 19 20
2 6 19 22
2 8 19 22
2 9 19 22
2 10 19 22
2 11 19 22
2 12 19 22
2 13 19 22
2 14 19 22
2 15 19 22
2 16 19 22
2 17 19 22
2 18 19 22
2 19 19 22
2 20 19 22
2 4 20 8
2 4 20 9
2 4 20 10
2 4 20 11
2 4 20 12
2 4 20 13
2 4 20 14
2 4 20 15
2 4 20 16
2 4 20 17
2 4 20 18
2 5 20 8
2 5 20 9
2 5 20 10
2 5 20 11
2 5 20 12
2 5 20 13
2 5 20 14
2 5 20 15
2 5 20 16
2 5 20 17
2 5 20 18
2 6 20 8
2 6 20 9
2 6 20 10
2 6 20 11
2 6 20 12
2 6 20 13
2 6 20 14
2 6 20 15
2 6 20 16
2 6 20 17
2 6 20 18
2 4 21 8
2 4 21 9
2 4 21 10
2 4 21 11
2 4 21 12
2 5 21 8
2 5 21 9
2 5 21 10
2 5 21 11
2 5 21 12
2 6 21 8
2 6 21 9
2 6 21 10
2 6 21 11
2 6 21 12
3 1 6 8
3 1 6 9
3 1 6 10
3 1 6 11
3 1 6 12
3 1 6 13
3 1 6 14
3 1 6 15
3 1 6 16
3 1 6 17
3 1 6 18
3 1 6 19
3 1 6 20
3 1 6 21
3 1 6 22
3 2 6 8
3 2 6 9
3 2 6 10
3 2 6 11
3 2 6 12
3 2 6 13
3 2 6 14
3 2 6 15
3 2 6 16
3 2 6 17
3 2 6 18
3 2 6 19
3 2 6 20
3 2 6 21
3 2 6 22
3 3 6 8
3 3 6 9
3 3 6 10
3 3 6 11
3 3 6 12
3 3 6 13
3 3 6 14
3 3 6 15
3 3 6 16
3 3 6 17
3 3 6 18
3 3 6 19
3 3 6 20
3 3 6 21
3 3 6 22
3 4 6 8
3 4 6 9
3 4 6 10
3 4 6 11
3 4 6 12
3 4 6 13
3 4 6 14
3 4 6 15
3 4 6 16
3 4 6 17
3 4 6 18
3 4 6 19
3 4 6 20
3 4 6 21
3 4 6 22
3 5 6 8
3 5 6 9
3 5 6 10
3 5 6 11
3 5 6 12
3 5 6 13
3 5 6 14
3 5 6 15
3 5 6 16
3 5 6 17
3 5 6 18
3 5 6 19
3 5 6 20
3 5 6 21
3 5 6 22
3 6 6 8
3 6 6 9
3 6 6 10
3 6 6 11
3 6 6 12
3 6 6 13
3 6 6 14
3 6 6 15
3 6 6 16
3 6 6 17
3 6 6 18
3 6 6 19
3 6 6 20
3 6 6 21
3 6 6 22
3 1 7 8
3 1 7 9
3 1 7 10
3 1 7 11
3 1 7 12
3 1 7 13
3 1 7 14
3 1 7 15
3 1 7 16
3 1 7 17
3 1 7 18
3 1 7 19
3 1 7 20
3 1 7 21
3 1 7 22
3 2 7 8
3 2 7 9
3 2 7 10
3 2 7 11
3 2 7 12
3 2 7 13
3 2 7 14
3 2 7 15
3 2 7 16
3 2 7 17
3 2 7 18
3 2 7 19
3 2 7 20
3 2 7 21
3 2 7 22
3 3 7 8
3 3 7 9
3 3 7 10
3 3 7 11
3 3 7 12
3 3 7 13
3 3 7 14
3 3 7 15
3 3 7 16
3 3 7 17
3 3 7 18
3 3 7 19
3 3 7 20
3 3 7 21
3 3 7 22
3 4 7 8
3 4 7 9
3 4 7 10
3 4 7 11
3 4 7 12
3 4 7 13
3 4 7 14
3 4 7 15
3 4 7 16
3 4 7 17
3 4 7 18
3 4 7 19
3 4 7 20
3 4 7 21
3 4 7 22
3 5 7 8
3 5 7 9
3 5 7 10
3 5 7 11
3 5 7 12
3 5 7 13
3 5 7 14
3 5 7 15
3 5 7 16
3 5 7 17
3 5 7 18
3 5 7 19
3 5 7 20
3 5 7 21
3 5 7 22
3 6 7 8
3 6 7 9
3 6 7 10
3 6 7 11
3 6 7 12
3 6 7 13
3 6 7 14
3 6 7 15
3 6 7 16
3 6 7 17
3 6 7 18
3 6 7 19
3 6 7 20
3 6 7 21
3 6 7 22
3 2 8 8
3 2 8 9
3 2 8 10
3 2 8 11
3 2 8 12
3 2 8 13
3 2 8 14
3 2 8 15
3 2 8 16
3 2 8 17
3 2 8 18
3 2 8 19
3 2 8 20
3 3 8 8
3 3 8 9
3 3 8 10
3 3 8 11
3 3 8 12
3 3 8 13
3 3 8 14
3 3 8 15
3 3 8 16
3 3 8 17
3 3 8 18
3 3 8 19
3 3 8 20
3 4 8 8
3 4 8 9
3 4 8 10
3 4 8 11
3 4 8 12
3 4 8 13
3 4 8 14
3 4 8 15
3 4 8 16
3 4 8 17
3 4 8 18
3 4 8 19
3 4 8 20
3 5 8 8
3 5 8 9
3 5 8 10
3 5 8 11
3 5 8 12
3 5 8 13
3 5 8 14
3 5 8 15
3 5 8 16
3 5 8 17
3 5 8 18
3 5 8 19
3 5 8 20
3 6 8 8
3 6 8 9
3 6 8 10
3 6 8 11
3 6 8 12
3 6 8 13
3 6 8 14
3 6 8 15
3 6 8 16
3 6 8 17
3 6 8 18
3 6 8 19
3 6 8 20
3 2 9 8
3 2 9 9
3 2 9 10
3 2 9 11
3 2 9 12
3 2 9 13
3 2 9 14
3 2 9 15
3 2 9 16
3 2 9 17
3 2 9 18
3 2 9 19
3 2 9 20
3 2 9 22
3 3 9 8
3 3 9 9
3 3 9 10
3 3 9 11
3 3 9 12
3 3 9 13
3 3 9 14
3 3 9 15
3 3 9 16
3 3 9 17
3 3 9 18
3 3 9 19
3 3 9 20
3 3 9 22
3 4 9 8
3 4 9 9
3 4 9 10
3 4 9 11
3 4 9 12
3 4 9 13
3 4 9 14
3 4 9 15
3 4 9 16
3 4 9 17
3 4 9 18
3 4 9 19
3 4 9 20
3 4 9 22
3 5 9 8
3 5 9 9
3 5 9 10
3 5 9 11
3 5 9 12
3 5 9 13
3 5 9 14
3 5 9 15
3 5 9 16
3 5 9 17
3 5 9 18
3 5 9 19
3 5 9 20
3 5 9 22
3 6 9 8
3 6 9 9
3 6 9 10
3 6 9 11
3 6 9 12
3 6 9 13
3 6 9 14
3 6 9 15
3 6 9 16
3 6 9 17
3 6 9 18
3 6 9 19
3 6 9 20
3 6 9 22
3 8 9 22
3 9 9 22
3 10 9 22
3 11 9 22
3 12 9 22
3 13 9 22
3 14 9 22
3 15 9 22
3 16 9 22
3 17 9 22
3 18 9 22
3 19 9 22
3 20 9 22
3 2 10 8
3 2 10 9
3 2 10 10
3 2 10 11
3 2 10 12
3 2 10 13
3 2 10 14
3 2 10 15
3 2 10 16
3 2 10 17
3 2 10 18
3 2 10 19
3 2 10 20
3 2 10 22
3 3 10 8
3 3 10 9
3 3 10 10
3 3 10 11
3 3 10 12
3 3 10 13
3 3 10 14
3 3 10 15
3 3 10 16
3 3 10 17
3 3 10 18
3 3 10 19
3 3 10 20
3 3 10 22
3 4 10 8
3 4 10 9
3 4 10 10
3 4 10 11
3 4 10 12
3 4 10 13
3 4 10 14
3 4 10 15
3 4 10 16
3 4 10 17
3 4 10 18
3 4 10 19
3 4 10 20
3 4 10 22
3 5 10 8
3 5 10 9
3 5 10 10
3 5 10 11
3 5 10 12
3 5 10 13
3 5 10 14
3 5 10 15
3 5 10 16
3 5 10 17
3 5 10 18
3 5 10 19
3 5 10 20
3 5 10 22
3 6 10 8
3 6 10 9
3 6 10 10
3 6 10 11
3 6 10 12
3 6 10 13
3 6 10 14
3 6 10 15
3 6 10 16
3 6 10 17
3 6 10 18
3 6 10 19
3 6 10 20
3 6 10 22
3 8 10 22
3 9 10 22
3 10 10 22
3 11 10 22
3 12 10 22
3 13 10 22
3 14 10 22
3 15 10 22
3 16 10 22
3 17 10 22
3 18 10 22
3 19 10 22
3 20 10 22
3 2 11 8
3 2 11 9
3 2 11 10
3 2 11 11
3 2 11 12
3 2 11 13
3 2 11 14
3 2 11 15
3 2 11 16
3 2 11 17
3 2 11 18
3 2 11 19
3 2 11 20
3 2 11 22
3 3 11 8
3 3 11 9
3 3 11 10
3 3 11 11
3 3 11 12
3 3 11 13
3 3 11 14
3 3 11 15
3 3 11 16
3 3 11 17
3 3 11 18
3 3 11 19
3 3 11 20
3 3 11 22
3 4 11 8
3 4 11 9
3 4 11 10
3 4 11 11
3 4 11 12
3 4 11 13
3 4 11 14
3 4 11 15
3 4 11 16
3 4 11 17
3 4 11 18
3 4 11 19
3 4 11 20
3 4 11 22
3 5 11 8
3 5 11 9
3 5 11 10
3 5 11 11
3 5 11 12
3 5 11 13
3 5 11 14
3 5 11 15
3 5 11 16
3 5 11 17
3 5 11 18
3 5 11 19
3 5 11 20
3 5 11 22
3 6 11 8
3 6 11 9
3 6 11 10
3 6 11 11
3 6 11 12
3 6 11 13
3 6 11 14
3 6 11 15
3 6 11 16
3 6 11 17
3 6 11 18
3 6 11 19
3 6 11 20
3 6 11 22
3 8 11 22
3 9 11 22
3 10 11 22
3 11 11 22
3 12 11 22
3 13 11 22
3 14 11 22
3 15 11 22
3 16 11 22
3 17 11 22
3 18 11 22
3 19 11 22
3 20 11 22
3 2 12 8
3 2 12 9
3 2 12 10
3 2 12 11
3 2 12 12
3 2 12 13
3 2 12 14
3 2 12 15
3 2 12 16
3 2 12 17
3 2 12 18
3 2 12 19
3 2 12 20
3 2 12 22
3 3 12 8
3 3 12 9
3 3 12 10
3 3 12 11
3 3 12 12
3 3 12 13
3 3 12 14
3 3 12 15
3 3 12 16
3 3 12 17
3 3 12 18
3 3 12 19
3 3 12 20
3 3 12 22
3 4 12 8
3 4 12 9
3 4 12 10
3 4 12 11
3 4 12 12
3 4 12 13
3 4 12 14
3 4 12 15
3 4 12 16
3 4 12 17
3 4 12 18
3 4 12 19
3 4 12 20
3 4 12 22
3 5 12 8
3 5 12 9
3 5 12 10
3 5 12 11
3 5 12 12
3 5 12 13
3 5 12 14
3 5 12 15
3 5 12 16
3 5 12 17
3 5 12 18
3 5 12 19
3 5 12 20
3 5 12 22
3 6 12 8
3 6 12 9
3 6 12 10
3 6 12 11
3 6 12 12
3 6 12 13
3 6 12 14
3 6 12 15
3 6 12 16
3 6 12 17
3 6 12 18
3 6 12 19
3 6 12 20
3 6 12 22
3 8 12 22
3 9 12 22
3 10 12 22
3 11 12 22
3 12 12 22
3 13 12 22
3 14 12 22
3 15 12 22
3 16 12 22
3 17 12 22
3 18 12 22
3 19 12 22
3 20 12 22
3 2 13 8
3 2 13 9
3 2 13 10
3 2 13 11
3 2 13 12
3 2 13 13
3 2 13 14
3 2 13 15
3 2 13 16
3 2 13 17
3 2 13 18
3 2 13 19
3 2 13 20
3 2 13 22
3 3 13 8
3 3 13 9
3 3 13 10
3 3 13 11
3 3 13 12
3 3 13 13
3 3 13 14
3 3 13 15
3 3 13 16
3 3 13 17
3 3 13 18
3 3 13 19
3 3 13 20
3 3 13 22
3 4 13 8
3 4 13 9
3 4 13 10
3 4 13 11
3 4 13 12
3 4 13 13
3 4 13 14
3 4 13 15
3 4 13 16
3 4 13 17
3 4 13 18
3 4 13 19
3 4 13 20
3 4 13 22
3 5 13 8
3 5 13 9
3 5 13 10
3 5 13 11
3 5 13 12
3 5 13 13
3 5 13 14
3 5 13 15
3 5 13 16
3 5 13 17
3 5 13 18
3 5 13 19
3 5 13 20
3 5 13 22
3 6 13 8
3 6 13 9
3 6 13 10
3 6 13 11
3 6 13 12
3 6 13 13
3 6 13 14
3 6 13 15
3 6 13 16
3 6 13 17
3 6 13 18
3 6 13 19
3 6 13 20
3 6 13 22
3 8 13 22
3 9 13 22
3 10 13 22
3 11 13 22
3 12 13 22
3 13 13 22
3 14 13 22
3 15 13 22
3 16 13 22
3 17 13 22
3 18 13 22
3 19 13 22
3 20 13 22
3 2 14 8
3 2 14 9
3 2 14 10
3 2 14 11
3 2 14 12
3 2 14 13
3 2 14 14
3 2 14 15
3 2 14 16
3 2 14 17
3 2 14 18
3 2 14 19
3 2 14 20
3 2 14 22
3 3 14 8
3 3 14 9
3 3 14 10
3 3 14 11
3 3 14 12
3 3 14 13
3 3 14 14
3 3 14 15
3 3 14 16
3 3 14 17
3 3 14 18
3 3 14 19
3 3 14 20
3 3 14 22
3 4 14 8
3 4 14 9
3 4 14 10
3 4 14 11
3 4 14 12
3 4 14 13
3 4 14 14
3 4 14 15
3 4 14 16
3 4 14 17
3 4 14 18
3 4 14 19
3 4 14 20
3 4 14 22
3 5 14 8
3 5 14 9
3 5 14 10
3 5 14 11
3 5 14 12
3 5 14 13
3 5 14 14
3 5 14 15
3 5 14 16
3 5 14 17
3 5 14 18
3 5 14 19
3 5 14 20
3 5 14 22
3 6 14 8
3 6 14 9
3 6 14 10
3 6 14 11
3 6 14 12
3 6 14 13
3 6 14 14
3 6 14 15
3 6 14 16
3 6 14 17
3 6 14 18
3 6 14 19
3 6 14 20
3 6 14 22
3 8 14 22
3 9 14 22
3 10 14 22
3 11 14 22
3 12 14 22
3 13 14 22
3 14 14 22
3 15 14 22
3 16 14 22
3 17 14 22
3 18 14 22
3 19 14 22
3 20 14 22
3 2 15 8
3 2 15 9
3 2 15 10
3 2 15 11
3 2 15 12
3 2 15 13
3 2 15 14
3 2 15 15
3 2 15 16
3 2 15 17
3 2 15 18
3 2 15 19
3 2 15 20
3 2 15 22
3 3 15 8
3 3 15 9
3 3 15 10
3 3 15 11
3 3 15 12
3 3 15 13
3 3 15 14
3 3 15 15
3 3 15 16
3 3 15 17
3 3 15 18
3 3 15 19
3 3 15 20
3 3 15 22
3 4 15 8
3 4 15 9
3 4 15 10
3 4 15 11
3 4 15 12
3 4 15 13
3 4 15 14
3 4 15 15
3 4 15 16
3 4 15 17
3 4 15 18
3 4 15 19
3 4 15 20
3 4 15 22
3 5 15 8
3 5 15 9
3 5 15 10
3 5 15 11
3 5 15 12
3 5 15 13
3 5 15 14
3 5 15 15
3 5 15 16
3 5 15 17
3 5 15 18
3 5 15 19
3 5 15 20
3 5 15 22
3 6 15 8
3 6 15 9
3 6 15 10
3 6 15 11
3 6 15 12
3 6 15 13
3 6 15 14
3 6 15 15
3 6 15 16
3 6 15 17
3 6 15 18
3 6 15 19
3 6 15 20
3 6 15 22
3 8 15 22
3 9 15 22
3 10 15 22
3 11 15 22
3 12 15 22
3 13 15 22
3 14 15 22
3 15 15 22
3 16 15 22
3 17 15 22
3 18 15 22
3 19 15 22
3 20 15 22
3 2 16 8
3 2 16 9
3 2 16 10
3 2 16 11
3 2 16 12
3 2 16 13
3 2 16 14
3 2 16 15
3 2 16 16
3 2 16 17
3 2 16 18
3 2 16 19
3 2 16 20
3 2 16 22
3 3 16 8
3 3 16 9
3 3 16 10
3 3 16 11
3 3 16 12
3 3 16 13
3 3 16 14
3 3 16 15
3 3 16 16
3 3 16 17
3 3 16 18
3 3 16 19
3 3 16 20
3 3 16 22
3 4 16 8
3 4 16 9
3 4 16 10
3 4 16 11
3 4 16 12
3 4 16 13
3 4 16 14
3 4 16 15
3 4 16 16
3 4 16 17
3 4 16 18
3 4 16 19
3 4 16 20
3 4 16 22
3 5 16 8
3 5 16 9
3 5 16 10
3 5 16 11
3 5 16 12
3 5 16 13
3 5 16 14
3 5 16 15
3 5 16 16
3 5 16 17
3 5 16 18
3 5 16 19
3 5 16 20
3 5 16 22
3 6 16 8
3 6 16 9
3 6 16 10
3 6 16 11
3 6 16 12
3 6 16 13
3 6 16 14
3 6 16 15
3 6 16 16
3 6 16 17
3 6 16 18
3 6 16 19
3 6 16 20
3 6 16 22
3 8 16 22
3 9 16 22
3 10 16 22
3 11 16 22
3 12 16 22
3 13 16 22
3 14 16 22
3 15 16 22
3 16 16 22
3 17 16 22
3 18 16 22
3 19 16 22
3 20 16 22
3 2 17 8
3 2 17 9
3 2 17 10
3 2 17 11
3 2 17 12
3 2 17 13
3 2 17 14
3 2 17 15
3 2 17 16
3 2 17 17
3 2 17 18
3 2 17 19
3 2 17 20
3 2 17 22
3 3 17 8
3 3 17 9
3 3 17 10
3 3 17 11
3 3 17 12
3 3 17 13
3 3 17 14
3 3 17 15
3 3 17 16
3 3 17 17
3 3 17 18
3 3 17 19
3 3 17 20
3 3 17 22
3 4 17 8
3 4 17 9
3 4 17 10
3 4 17 11
3 4 17 12
3 4 17 13
3 4 17 14
3 4 17 15
3 4 17 16
3 4 17 17
3 4 17 18
3 4 17 19
3 4 17 20
3 4 17 22
3 5 17 8
3 5 17 9
3 5 17 10
3 5 17 11
3 5 17 12
3 5 17 13
3 5 17 14
3 5 17 15
3 5 17 16
3 5 17 17
3 5 17 18
3 5 17 19
3 5 17 20
3 5 17 22
3 6 17 8
3 6 17 9
3 6 17 10
3 6 17 11
3 6 17 12
3 6 17 13
3 6 17 14
3 6 17 15
3 6 17 16
3 6 17 17
3 6 17 18
3 6 17 19
3 6 17 20
3 6 17 22
3 8 17 22
3 9 17 22
3 10 17 22
3 11 17 22
3 12 17 22
3 13 17 22
3 14 17 22
3 15 17 22
3 16 17 22
3 17 17 22
3 18 17 22
3 19 17 22
3 20 17 22
3 2 18 8
3 2 18 9
3 2 18 10
3 2 18 11
3 2 18 12
3 2 18 13
3 2 18 14
3 2 18 15
3 2 18 16
3 2 18 17
3 2 18 18
3 2 18 19
3 2 18 20
3 2 18 22
3 3 18 8
3 3 18 9
3 3 18 10
3 3 18 11
3 3 18 12
3 3 18 13
3 3 18 14
3 3 18 15
3 3 18 16
3 3 18 17
3 3 18 18
3 3 18 19
3 3 18 20
3 3 18 22
3 4 18 8
3 4 18 9
3 4 18 10
3 4 18 11
3 4 18 12
3 4 18 13
3 4 18 14
3 4 18 15
3 4 18 16
3 4 18 17
3 4 18 18
3 4 18 19
3 4 18 20
3 4 18 22
3 5 18 8
3 5 18 9
3 5 18 10
3 5 18 11
3 5 18 12
3 5 18 13
3 5 18 14
3 5 18 15
3 5 18 16
3 5 18 17
3 5 18 18
3 5 18 19
3 5 18 20
3 5 18 22
3 6 18 8
3 6 18 9
3 6 18 10
3 6 18 11
3 6 18 12
3 6 18 13
3 6 18 14
3 6 18 15
3 6 18 16
3 6 18 17
3 6 18 18
3 6 18 19
3 6 18 20
3 6 18 22
3 8 18 22
3 9 18 22
3 10 18 22
3 11 18 22
3 12 18 22
3 13 18 22
3 14 18 22
3 15 18 22
3 16 18 22
3 17 18 22
3 18 18 22
3 19 18 22
3 20 18 22
3 2 19 8
3 2 19 9
3 2 19 10
3 2 19 11
3 2 19 12
3 2 19 13
3 2 19 14
3 2 19 15
3 2 19 16
3 2 19 17
3 2 19 18
3 2 19 19
3 2 19 20
3 2 19 22
3 3 19 8
3 3 19 9
3 3 19 10
3 3 19 11
3 3 19 12
3 3 19 13
3 3 19 14
3 3 19 15
3 3 19 16
3 3 19 17
3 3 19 18
3 3 19 19
3 3 19 20
3 3 19 22
3 4 19 8
3 4 19 9
3 4 19 10
3 4 19 11
3 4 19 12
3 4 19 13
3 4 19 14
3 4 19 15
3 4 19 16
3 4 19 17
3 4 19 18
3 4 19 19
3 4 19 20
3 4 19 22
3 5 19 8
3 5 19 9
3 5 19 10
3 5 19 11
3 5 19 12
3 5 19 13
3 5 19 14
3 5 19 15
3 5 19 16
3 5 19 17
3 5 19 18
3 5 19 19
3 5 19 20
3 5 19 22
3 6 19 8
3 6 19 9
3 6 19 10
3 6 19 11
3 6 19 12
3 6 19 13
3 6 19 14
3 6 19 15
3 6 19 16
3 6 19 17
3 6 19 18
3 6 19 19
3 6 19 20
3 6 19 22
3 8 19 22
3 9 19 22
3 10 19 22
3 11 19 22
3 12 19 22
3 13 19 22
3 14 19 22
3 15 19 22
3 16 19 22
3 17 19 22
3 18 19 22
3 19 19 22
3 20 19 22
3 3 20 8
3 3 20 9
3 3 20 10
3 3 20 11
3 3 20 12
3 3 20 13
3 3 20 14
3 3 20 15
3 3 20 16
3 3 20 17
3 3 20 18
3 4 20 8
3 4 20 9
3 4 20 10
3 4 20 11
3 4 20 12
3 4 20 13
3 4 20 14
3 4 20 15
3 4 20 16
3 4 20 17
3 4 20 18
3 5 20 8
3 5 20 9
3 5 20 10
3 5 20 11
3 5 20 12
3 5 20 13
3 5 20 14
3 5 20 15
3 5 20 16
3 5 20 17
3 5 20 18
3 6 20 8
3 6 20 9
3 6 20 10
3 6 20 11
3 6 20 12
3 6 20 13
3 6 20 14
3 6 20 15
3 6 20 16
3 6 20 17
3 6 20 18
3 3 21 8
3 3 21 9
3 3 21 10
3 3 21 11
3 3 21 12
3 4 21 8
3 4 21 9
3 4 21 10
3 4 21 11
3 4 21 12
3 5 21 8
3 5 21 9
3 5 21 10
3 5 21 11
3 5 21 12
3 6 21 8
3 6 21 9
3 6 21 10
3 6 21 11
3 6 21 12
4 1 6 8
4 1 6 9
4 1 6 10
4 1 6 11
4 1 6 12
4 1 6 13
4 1 6 14
4 1 6 15
4 1 6 16
4 1 6 17
4 1 6 18
4 1 6 19
4 1 6 20
4 1 6 21
4 1 6 22
4 2 6 8
4 2 6 9
4 2 6 10
4 2 6 11
4 2 6 12
4 2 6 13
4 2 6 14
4 2 6 15
4 2 6 16
4 2 6 17
4 2 6 18
4 2 6 19
4 2 6 20
4 2 6 21
4 2 6 22
4 3 6 8
4 3 6 9
4 3 6 10
4 3 6 11
4 3 6 12
4 3 6 13
4 3 6 14
4 3 6 15
4 3 6 16
4 3 6 17
4 3 6 18
4 3 6 19
4 3 6 20
4 3 6 21
4 3 6 22
4 4 6 8
4 4 6 9
4 4 6 10
4 4 6 11
4 4 6 12
4 4 6 13
4 4 6 14
4 4 6 15
4 4 6 16
4 4 6 17
4 4 6 18
4 4 6 19
4 4 6 20
4 4 6 21
4 4 6 22
4 5 6 8
4 5 6 9
4 5 6 10
4 5 6 11
4 5 6 12
4 5 6 13
4 5 6 14
4 5 6 15
4 5 6 16
4 5 6 17
4 5 6 18
4 5 6 19
4 5 6 20
4 5 6 21
4 5 6 22
4 6 6 8
4 6 6 9
4 6 6 10
4 6 6 11
4 6 6 12
4 6 6 13
4 6 6 14
4 6 6 15
4 6 6 16
4 6 6 17
4 6 6 18
4 6 6 19
4 6 6 20
4 6 6 21
4 6 6 22
4 1 7 8
4 1 7 9
4 1 7 10
4 1 7 11
4 1 7 12
4 1 7 13
4 1 7 14
4 1 7 15
4 1 7 16
4 1 7 17
4 1 7 18
4 1 7 19
4 1 7 20
4 1 7 21
4 1 7 22
4 2 7 8
4 2 7 9
4 2 7 10
4 2 7 11
4 2 7 12
4 2 7 13
4 2 7 14
4 2 7 15
4 2 7 16
4 2 7 17
4 2 7 18
4 2 7 19
4 2 7 20
4 2 7 21
4 2 7 22
4 3 7 8
4 3 7 9
4 3 7 10
4 3 7 11
4 3 7 12
4 3 7 13
4 3 7 14
4 3 7 15
4 3 7 16
4 3 7 17
4 3 7 18
4 3 7 19
4 3 7 20
4 3 7 21
4 3 7 22
4 4 7 8
4 4 7 9
4 4 7 10
4 4 7 11
4 4 7 12
4 4 7 13
4 4 7 14
4 4 7 15
4 4 7 16
4 4 7 17
4 4 7 18
4 4 7 19
4 4 7 20
4 4 7 21
4 4 7 22
4 5 7 8
4 5 7 9
4 5 7 10
4 5 7 11
4 5 7 12
4 5 7 13
4 5 7 14
4 5 7 15
4 5 7 16
4 5 7 17
4 5 7 18
4 5 7 19
4 5 7 20
4 5 7 21
4 5 7 22
4 6 7 8
4 6 7 9
4 6 7 10
4 6 7 11
4 6 7 12
4 6 7 13
4 6 7 14
4 6 7 15
4 6 7 16
4 6 7 17
4 6 7 18
4 6 7 19
4 6 7 20
4 6 7 21
4 6 7 22
4 2 8 8
4 2 8 9
4 2 8 10
4 2 8 11
4 2 8 12
4 2 8 13
4 2 8 14
4 2 8 15
4 2 8 16
4 2 8 17
4 2 8 18
4 2 8 19
4 2 8 20
4 3 8 8
4 3 8 9
4 3 8 10
4 3 8 11
4 3 8 12
4 3 8 13
4 3 8 14
4 3 8 15
4 3 8 16
4 3 8 17
4 3 8 18
4 3 8 19
4 3 8 20
4 4 8 8
4 4 8 9
4 4 8 10
4 4 8 11
4 4 8 12
4 4 8 13
4 4 8 14
4 4 8 15
4 4 8 16
4 4 8 17
4 4 8 18
4 4 8 19
4 4 8 20
4 5 8 8
4 5 8 9
4 5 8 10
4 5 8 11
4 5 8 12
4 5 8 13
4 5 8 14
4 5 8 15
4 5 8 16
4 5 8 17
4 5 8 18
4 5 8 19
4 5 8 20
4 6 8 8
4 6 8 9
4 6 8 10
4 6 8 11
4 6 8 12
4 6 8 13
4 6 8 14
4 6 8 15
4 6 8 16
4 6 8 17
4 6 8 18
4 6 8 19
4 6 8 20
4 2 9 8
4 2 9 9
4 2 9 10
4 2 9 11
4 2 9 12
4 2 9 13
4 2 9 14
4 2 9 15
4 2 9 16
4 2 9 17
4 2 9 18
4 2 9 19
4 2 9 20
4 2 9 22
4 3 9 8
4 3 9 9
4 3 9 10
4 3 9 11
4 3 9 12
4 3 9 13
4 3 9 14
4 3 9 15
4 3 9 16
4 3 9 17
4 3 9 18
4 3 9 19
4 3 9 20
4 3 9 22
4 4 9 8
4 4 9 9
4 4 9 10
4 4 9 11
4 4 9 12
4 4 9 13
4 4 9 14
4 4 9 15
4 4 9 16
4 4 9 17
4 4 9 18
4 4 9 19
4 4 9 20
4 4 9 22
4 5 9 8
4 5 9 9
4 5 9 10
4 5 9 11
4 5 9 12
4 5 9 13
4 5 9 14
4 5 9 15
4 5 9 16
4 5 9 17
4 5 9 18
4 5 9 19
4 5 9 20
4 5 9 22
4 6 9 8
4 6 9 9
4 6 9 10
4 6 9 11
4 6 9 12
4 6 9 13
4 6 9 14
4 6 9 15
4 6 9 16
4 6 9 17
4 6 9 18
4 6 9 19
4 6 9 20
4 6 9 22
4 8 9 22
4 9 9 22
4 10 9 22
4 11 9 22
4 12 9 22
4 13 9 22
4 14 9 22
4 15 9 22
4 16 9 22
4 17 9 22
4 18 9 22
4 19 9 22
4 20 9 22
4 2 10 8
4 2 10 9
4 2 10 10
4 2 10 11
4 2 10 12
4 2 10 13
4 2 10 14
4 2 10 15
4 2 10 16
4 2 10 17
4 2 10 18
4 2 10 19
4 2 10 20
4 2 10 22
4 3 10 8
4 3 10 9
4 3 10 10
4 3 10 11
4 3 10 12
4 3 10 13
4 3 10 14
4 3 10 15
4 3 10 16
4 3 10 17
4 3 10 18
4 3 10 19
4 3 10 20
4 3 10 22
4 4 10 8
4 4 10 9
4 4 10 10
4 4 10 11
4 4 10 12
4 4 10 13
4 4 10 14
4 4 10 15
4 4 10 16
4 4 10 17
4 4 10 18
4 4 10 19
4 4 10 20
4 4 10 22
4 5 10 8
4 5 10 9
4 5 10 10
4 5 10 11
4 5 10 12
4 5 10 13
4 5 10 14
4 5 10 15
4 5 10 16
4 5 10 17
4 5 10 18
4 5 10 19
4 5 10 20
4 5 10 22
4 6 10 8
4 6 10 9
4 6 10 10
4 6 10 11
4 6 10 12
4 6 10 13
4 6 10 14
4 6 10 15
4 6 10 16
4 6 10 17
4 6 10 18
4 6 10 19
4 6 10 20
4 6 10 22
4 8 10 22
4 9 10 22
4 10 10 22
4 11 10 22
4 12 10 22
4 13 10 22
4 14 10 22
4 15 10 22
4 16 10 22
4 17 10 22
4 18 10 22
4 19 10 22
4 20 10 22
4 2 11 8
4 2 11 9
4 2 11 10
4 2 11 11
4 2 11 12
4 2 11 13
4 2 11 14
4 2 11 15
4 2 11 16
4 2 11 17
4 2 11 18
4 2 11 19
4 2 11 20
4 2 11 22
4 3 11 8
4 3 11 9
4 3 11 10
4 3 11 11
4 3 11 12
4 3 11 13
4 3 11 14
4 3 11 15
4 3 11 16
4 3 11 17
4 3 11 18
4 3 11 19
4 3 11 20
4 3 11 22
4 4 11 8
4 4 11 9
4 4 11 10
4 4 11 11
4 4 11 12
4 4 11 13
4 4 11 14
4 4 11 15
4 4 11 16
4 4 11 17
4 4 11 18
4 4 11 19
4 4 11 20
4 4 11 22
4 5 11 8
4 5 11 9
4 5 11 10
4 5 11 11
4 5 11 12
4 5 11 13
4 5 11 14
4 5 11 15
4 5 11 16
4 5 11 17
4 5 11 18
4 5 11 19
4 5 11 20
4 5 11 22
4 6 11 8
4 6 11 9
4 6 11 10
4 6 11 11
4 6 11 12
4 6 11 13
4 6 11 14
4 6 11 15
4 6 11 16
4 6 11 17
4 6 11 18
4 6 11 19
4 6 11 20
4 6 11 22
4 8 11 22
4 9 11 22
4 10 11 22
4 11 11 22
4 12 11 22
4 13 11 22
4 14 11 22
4 15 11 22
4 16 11 22
4 17 11 22
4 18 11 22
4 19 11 22
4 20 11 22
4 2 12 8
4 2 12 9
4 2 12 10
4 2 12 11
4 2 12 12
4 2 12 13
4 2 12 14
4 2 12 15
4 2 12 16
4 2 12 17
4 2 12 18
4 2 12 19
4 2 12 20
4 2 12 22
4 3 12 8
4 3 12 9
4 3 12 10
4 3 12 11
4 3 12 12
4 3 12 13
4 3 12 14
4 3 12 15
4 3 12 16
4 3 12 17
4 3 12 18
4 3 12 19
4 3 12 20
4 3 12 22
4 4 12 8
4 4 12 9
4 4 12 10
4 4 12 11
4 4 12 12
4 4 12 13
4 4 12 14
4 4 12 15
4 4 12 16
4 4 12 17
4 4 12 18
4 4 12 19
4 4 12 20
4 4 12 22
4 5 12 8
4 5 12 9
4 5 12 10
4 5 12 11
4 5 12 12
4 5 12 13
4 5 12 14
4 5 12 15
4 5 12 16
4 5 12 17
4 5 12 18
4 5 12 19
4 5 12 20
4 5 12 22
4 6 12 8
4 6 12 9
4 6 12 10
4 6 12 11
4 6 12 12
4 6 12 13
4 6 12 14
4 6 12 15
4 6 12 16
4 6 12 17
4 6 12 18
4 6 12 19
4 6 12 20
4 6 12 22
4 8 12 22
4 9 12 22
4 10 12 22
4 11 12 22
4 12 12 22
4 13 12 22
4 14 12 22
4 15 12 22
4 16 12 22
4 17 12 22
4 18 12 22
4 19 12 22
4 20 12 22
4 2 13 8
4 2 13 9
4 2 13 10
4 2 13 11
4 2 13 12
4 2 13 13
4 2 13 14
4 2 13 15
4 2 13 16
4 2 13 17
4 2 13 18
4 2 13 19
4 2 13 20
4 2 13 22
4 3 13 8
4 3 13 9
4 3 13 10
4 3 13 11
4 3 13 12
4 3 13 13
4 3 13 14
4 3 13 15
4 3 13 16
4 3 13 17
4 3 13 18
4 3 13 19
4 3 13 20
4 3 13 22
4 4 13 8
4 4 13 9
4 4 13 10
4 4 13 11
4 4 13 12
4 4 13 13
4 4 13 14
4 4 13 15
4 4 13 16
4 4 13 17
4 4 13 18
4 4 13 19
4 4 13 20
4 4 13 22
4 5 13 8
4 5 13 9
4 5 13 10
4 5 13 11
4 5 13 12
4 5 13 13
4 5 13 14
4 5 13 15
4 5 13 16
4 5 13 17
4 5 13 18
4 5 13 19
4 5 13 20
4 5 13 22
4 6 13 8
4 6 13 9
4 6 13 10
4 6 13 11
4 6 13 12
4 6 13 13
4 6 13 14
4 6 13 15
4 6 13 16
4 6 13 17
4 6 13 18
4 6 13 19
4 6 13 20
4 6 13 22
4 8 13 22
4 9 13 22
4 10 13 22
4 11 13 22
4 12 13 22
4 13 13 22
4 14 13 22
4 15 13 22
4 16 13 22
4 17 13 22
4 18 13 22
4 19 13 22
4 20 13 22
4 2 14 8
4 2 14 9
4 2 14 10
4 2 14 11
4 2 14 12
4 2 14 13
4 2 14 14
4 2 14 15
4 2 14 16
4 2 14 17
4 2 14 18
4 2 14 19
4 2 14 20
4 2 14 22
4 3 14 8
4 3 14 9
4 3 14 10
4 3 14 11
4 3 14 12
4 3 14 13
4 3 14 14
4 3 14 15
4 3 14 16
4 3 14 17
4 3 14 18
4 3 14 19
4 3 14 20
4 3 14 22
4 4 14 8
4 4 14 9
4 4 14 10
4 4 14 11
4 4 14 12
4 4 14 13
4 4 14 14
4 4 14 15
4 4 14 16
4 4 14 17
4 4 14 18
4 4 14 19
4 4 14 20
4 4 14 22
4 5 14 8
4 5 14 9
4 5 14 10
4 5 14 11
4 5 14 12
4 5 14 13
4 5 14 14
4 5 14 15
4 5 14 16
4 5 14 17
4 5 14 18
4 5 14 19
4 5 14 20
4 5 14 22
4 6 14 8
4 6 14 9
4 6 14 10
4 6 14 11
4 6 14 12
4 6 14 13
4 6 14 14
4 6 14 15
4 6 14 16
4 6 14 17
4 6 14 18
4 6 14 19
4 6 14 20
4 6 14 22
4 8 14 22
4 9 14 22
4 10 14 22
4 11 14 22
4 12 14 22
4 13 14 22
4 14 14 22
4 15 14 22
4 16 14 22
4 17 14 22
4 18 14 22
4 19 14 22
4 20 14 22
4 2 15 8
4 2 15 9
4 2 15 10
4 2 15 11
4 2 15 12
4 2 15 13
4 2 15 14
4 2 15 15
4 2 15 16
4 2 15 17
4 2 15 18
4 2 15 19
4 2 15 20
4 2 15 22
4 3 15 8
4 3 15 9
4 3 15 10
4 3 15 11
4 3 15 12
4 3 15 13
4 3 15 14
4 3 15 15
4 3 15 16
4 3 15 17
4 3 15 18
4 3 15 19
4 3 15 20
4 3 15 22
4 4 15 8
4 4 15 9
4 4 15 10
4 4 15 11
4 4 15 12
4 4 15 13
4 4 15 14
4 4 15 15
4 4 15 16
4 4 15 17
4 4 15 18
4 4 15 19
4 4 15 20
4 4 15 22
4 5 15 8
4 5 15 9
4 5 15 10
4 5 15 11
4 5 15 12
4 5 15 13
4 5 15 14
4 5 15 15
4 5 15 16
4 5 15 17
4 5 15 18
4 5 15 19
4 5 15 20
4 5 15 22
4 6 15 8
4 6 15 9
4 6 15 10
4 6 15 11
4 6 15 12
4 6 15 13
4 6 15 14
4 6 15 15
4 6 15 16
4 6 15 17
4 6 15 18
4 6 15 19
4 6 15 20
4 6 15 22
4 8 15 22
4 9 15 22
4 10 15 22
4 11 15 22
4 12 15 22
4 13 15 22
4 14 15 22
4 15 15 22
4 16 15 22
4 17 15 22
4 18 15 22
4 19 15 22
4 20 15 22
4 2 16 8
4 2 16 9
4 2 16 10
4 2 16 11
4 2 16 12
4 2 16 13
4 2 16 14
4 2 16 15
4 2 16 16
4 2 16 17
4 2 16 18
4 2 16 19
4 2 16 20
4 2 16 22
4 3 16 8
4 3 16 9
4 3 16 10
4 3 16 11
4 3 16 12
4 3 16 13
4 3 16 14
4 3 16 15
4 3 16 16
4 3 16 17
4 3 16 18
4 3 16 19
4 3 16 20
4 3 16 22
4 4 16 8
4 4 16 9
4 4 16 10
4 4 16 11
4 4 16 12
4 4 16 13
4 4 16 14
4 4 16 15
4 4 16 16
4 4 16 17
4 4 16 18
4 4 16 19
4 4 16 20
4 4 16 22
4 5 16 8
4 5 16 9
4 5 16 10
4 5 16 11
4 5 16 12
4 5 16 13
4 5 16 14
4 5 16 15
4 5 16 16
4 5 16 17
4 5 16 18
4 5 16 19
4 5 16 20
4 5 16 22
4 6 16 8
4 6 16 9
4 6 16 10
4 6 16 11
4 6 16 12
4 6 16 13
4 6 16 14
4 6 16 15
4 6 16 16
4 6 16 17
4 6 16 18
4 6 16 19
4 6 16 20
4 6 16 22
4 8 16 22
4 9 16 22
4 10 16 22
4 11 16 22
4 12 16 22
4 13 16 22
4 14 16 22
4 15 16 22
4 16 16 22
4 17 16 22
4 18 16 22
4 19 16 22
4 20 16 22
4 2 17 8
4 2 17 9
4 2 17 10
4 2 17 11
4 2 17 12
4 2 17 13
4 2 17 14
4 2 17 15
4 2 17 16
4 2 17 17
4 2 17 18
4 2 17 19
4 2 17 20
4 2 17 22
4 3 17 8
4 3 17 9
4 3 17 10
4 3 17 11
4 3 17 12
4 3 17 13
4 3 17 14
4 3 17 15
4 3 17 16
4 3 17 17
4 3 17 18
4 3 17 19
4 3 17 20
4 3 17 22
4 4 17 8
4 4 17 9
4 4 17 10
4 4 17 11
4 4 17 12
4 4 17 13
4 4 17 14
4 4 17 15
4 4 17 16
4 4 17 17
4 4 17 18
4 4 17 19
4 4 17 20
4 4 17 22
4 5 17 8
4 5 17 9
4 5 17 10
4 5 17 11
4 5 17 12
4 5 17 13
4 5 17 14
4 5 17 15
4 5 17 16
4 5 17 17
4 5 17 18
4 5 17 19
4 5 17 20
4 5 17 22
4 6 17 8
4 6 17 9
4 6 17 10
4 6 17 11
4 6 17 12
4 6 17 13
4 6 17 14
4 6 17 15
4 6 17 16
4 6 17 17
4 6 17 18
4 6 17 19
4 6 17 20
4 6 17 22
4 8 17 22
4 9 17 22
4 10 17 22
4 11 17 22
4 12 17 22
4 13 17 22
4 14 17 22
4 15 17 22
4 16 17 22
4 17 17 22
4 18 17 22
4 19 17 22
4 20 17 22
4 2 18 8
4 2 18 9
4 2 18 10
4 2 18 11
4 2 18 12
4 2 18 13
4 2 18 14
4 2 18 15
4 2 18 16
4 2 18 17
4 2 18 18
4 2 18 19
4 2 18 20
4 2 18 22
4 3 18 8
4 3 18 9
4 3 18 10
4 3 18 11
4 3 18 12
4 3 18 13
4 3 18 14
4 3 18 15
4 3 18 16
4 3 18 17
4 3 18 18
4 3 18 19
4 3 18 20
4 3 18 22
4 4 18 8
4 4 18 9
4 4 18 10
4 4 18 11
4 4 18 12
4 4 18 13
4 4 18 14
4 4 18 15
4 4 18 16
4 4 18 17
4 4 18 18
4 4 18 19
4 4 18 20
4 4 18 22
4 5 18 8
4 5 18 9
4 5 18 10
4 5 18 11
4 5 18 12
4 5 18 13
4 5 18 14
4 5 18 15
4 5 18 16
4 5 18 17
4 5 18 18
4 5 18 19
4 5 18 20
4 5 18 22
4 6 18 8
4 6 18 9
4 6 18 10
4 6 18 11
4 6 18 12
4 6 18 13
4 6 18 14
4 6 18 15
4 6 18 16
4 6 18 17
4 6 18 18
4 6 18 19
4 6 18 20
4 6 18 22
4 8 18 22
4 9 18 22
4 10 18 22
4 11 18 22
4 12 18 22
4 13 18 22
4 14 18 22
4 15 18 22
4 16 18 22
4 17 18 22
4 18 18 22
4 19 18 22
4 20 18 22
4 2 19 8
4 2 19 9
4 2 19 10
4 2 19 11
4 2 19 12
4 2 19 13
4 2 19 14
4 2 19 15
4 2 19 16
4 2 19 17
4 2 19 18
4 2 19 19
4 2 19 20
4 2 19 22
4 3 19 8
4 3 19 9
4 3 19 10
4 3 19 11
4 3 19 12
4 3 19 13
4 3 19 14
4 3 19 15
4 3 19 16
4 3 19 17
4 3 19 18
4 3 19 19
4 3 19 20
4 3 19 22
4 4 19 8
4 4 19 9
4 4 19 10
4 4 19 11
4 4 19 12
4 4 19 13
4 4 19 14
4 4 19 15
4 4 19 16
4 4 19 17
4 4 19 18
4 4 19 19
4 4 19 20
4 4 19 22
4 5 19 8
4 5 19 9
4 5 19 10
4 5 19 11
4 5 19 12
4 5 19 13
4 5 19 14
4 5 19 15
4 5 19 16
4 5 19 17
4 5 19 18
4 5 19 19
4 5 19 20
4 5 19 22
4 6 19 8
4 6 19 9
4 6 19 10
4 6 19 11
4 6 19 12
4 6 19 13
4 6 19 14
4 6 19 15
4 6 19 16
4 6 19 17
4 6 19 18
4 6 19 19
4 6 19 20
4 6 19 22
4 8 19 22
4 9 19 22
4 10 19 22
4 11 19 22
4 12 19 22
4 13 19 22
4 14 19 22
4 15 19 22
4 16 19 22
4 17 19 22
4 18 19 22
4 19 19 22
4 20 19 22
4 3 20 8
4 3 20 9
4 3 20 10
4 3 20 11
4 3 20 12
4 3 20 13
4 3 20 14
4 3 20 15
4 3 20 16
4 3 20 17
4 3 20 18
4 4 20 8
4 4 20 9
4 4 20 10
4 4 20 11
4 4 20 12
4 4 20 13
4 4 20 14
4 4 20 15
4 4 20 16
4 4 20 17
4 4 20 18
4 5 20 8
4 5 20 9
4 5 20 10
4 5 20 11
4 5 20 12
4 5 20 13
4 5 20 14
4 5 20 15
4 5 20 16
4 5 20 17
4 5 20 18
4 6 20 8
4 6 20 9
4 6 20 10
4 6 20 11
4 6 20 12
4 6 20 13
4 6 20 14
4 6 20 15
4 6 20 16
4 6 20 17
4 6 20 18
4 3 21 8
4 3 21 9
4 3 21 10
4 3 21 11
4 3 21 12
4 4 21 8
4 4 21 9
4 4 21 10
4 4 21 11
4 4 21 12
4 5 21 8
4 5 21 9
4 5 21 10
4 5 21 11
4 5 21 12
4 6 21 8
4 6 21 9
4 6 21 10
4 6 21 11
4 6 21 12
5 8 9 22
5 9 9 22
5 10 9 22
5 11 9 22
5 12 9 22
5 13 9 22
5 14 9 22
5 15 9 22
5 16 9 22
5 17 9 22
5 18 9 22
5 19 9 22
5 20 9 22
5 8 10 22
5 9 10 22
5 10 10 22
5 11 10 22
5 12 10 22
5 13 10 22
5 14 10 22
5 15 10 22
5 16 10 22
5 17 10 22
5 18 10 22
5 19 10 22
5 20 10 22
5 8 11 22
5 9 11 22
5 10 11 22
5 11 11 22
5 12 11 22
5 13 11 22
5 14 11 22
5 15 11 22
5 16 11 22
5 17 11 22
5 18 11 22
5 19 11 22
5 20 11 22
5 8 12 22
5 9 12 22
5 10 12 22
5 11 12 22
5 12 12 22
5 13 12 22
5 14 12 22
5 15 12 22
5 16 12 22
5 17 12 22
5 18 12 22
5 19 12 22
5 20 12 22
5 8 13 22
5 9 13 22
5 10 13 22
5 11 13 22
5 12 13 22
5 13 13 22
5 14 13 22
5 15 13 22
5 16 13 22
5 17 13 22
5 18 13 22
5 19 13 22
5 20 13 22
5 8 14 22
5 9 14 22
5 10 14 22
5 11 14 22
5 12 14 22
5 13 14 22
5 14 14 22
5 15 14 22
5 16 14 22
5 17 14 22
5 18 14 22
5 19 14 22
5 20 14 22
5 8 15 22
5 9 15 22
5 10 15 22
5 11 15 22
5 12 15 22
5 13 15 22
5 14 15 22
5 15 15 22
5 16 15 22
5 17 15 22
5 18 15 22
5 19 15 22
5 20 15 22
5 8 16 22
5 9 16 22
5 10 16 22
5 11 16 22
5 12 16 22
5 13 16 22
5 14 16 22
5 15 16 22
5 16 16 22
5 17 16 22
5 18 16 22
5 19 16 22
5 20 16 22
5 8 17 22
5 9 17 22
5 10 17 22
5 11 17 22
5 12 17 22
5 13 17 22
5 14 17 22
5 15 17 22
5 16 17 22
5 17 17 22
5 18 17 22
5 19 17 22
5 20 17 22
5 8 18 22
5 9 18 22
5 10 18 22
5 11 18 22
5 12 18 22
5 13 18 22
5 14 18 22
5 15 18 22
5 16 18 22
5 17 18 22
5 18 18 22
5 19 18 22
5 20 18 22
5 8 19 22
5 9 19 22
5 10 19 22
5 11 19 22
5 12 19 22
5 13 19 22
5 14 19 22
5 15 19 22
5 16 19 22
5 17 19 22
5 18 19 22
5 19 19 22
5 20 19 22
6 2 9 22
6 3 9 22
6 4 9 22
6 5 9 22
6 6 9 22
6 7 9 22
6 8 9 22
6 9 9 22
6 10 9 22
6 11 9 22
6 12 9 22
6 13 9 22
6 14 9 22
6 15 9 22
6 16 9 22
6 17 9 22
6 18 9 22
6 19 9 22
6 20 9 22
6 2 10 22
6 3 10 22
6 4 10 22
6 5 10 22
6 6 10 22
6 7 10 22
6 8 10 22
6 9 10 22
6 10 10 22
6 11 10 22
6 12 10 22
6 13 10 22
6 14 10 22
6 15 10 22
6 16 10 22
6 17 10 22
6 18 10 22
6 19 10 22
6 20 10 22
6 2 11 22
6 3 11 22
6 4 11 22
6 5 11 22
6 6 11 22
6 7 11 22
6 8 11 22
6 9 11 22
6 10 11 22
6 11 11 22
6 12 11 22
6 13 11 22
6 14 11 22
6 15 11 22
6 16 11 22
6 17 11 22
6 18 11 22
6 19 11 22
6 20 11 22
6 2 12 22
6 3 12 22
6 4 12 22
6 5 12 22
6 6 12 22
6 7 12 22
6 8 12 22
6 9 12 22
6 10 12 22
6 11 12 22
6 12 12 22
6 13 12 22
6 14 12 22
6 15 12 22
6 16 12 22
6 17 12 22
6 18 12 22
6 19 12 22
6 20 12 22
6 2 13 22
6 3 13 22
6 4 13 22
6 5 13 22
6 6 13 22
6 7 13 22
6 8 13 22
6 9 13 22
6 10 13 22
6 11 13 22
6 12 13 22
6 13 13 22
6 14 13 22
6 15 13 22
6 16 13 22
6 17 13 22
6 18 13 22
6 19 13 22
6 20 13 22
6 2 14 22
6 3 14 22
6 4 14 22
6 5 14 22
6 6 14 22
6 7 14 22
6 8 14 22
6 9 14 22
6 10 14 22
6 11 14 22
6 12 14 22
6 13 14 22
6 14 14 22
6 15 14 22
6 16 14 22
6 17 14 22
6 18 14 22
6 19 14 22
6 20 14 22
6 2 15 22
6 3 15 22
6 4 15 22
6 5 15 22
6 6 15 22
6 7 15 22
6 8 15 22
6 9 15 22
6 10 15 22
6 11 15 22
6 12 15 22
6 13 15 22
6 14 15 22
6 15 15 22
6 16 15 22
6 17 15 22
6 18 15 22
6 19 15 22
6 20 15 22
6 2 16 22
6 3 16 22
6 4 16 22
6 5 16 22
6 6 16 22
6 7 16 22
6 8 16 22
6 9 16 22
6 10 16 22
6 11 16 22
6 12 16 22
6 13 16 22
6 14 16 22
6 15 16 22
6 16 16 22
6 17 16 22
6 18 16 22
6 19 16 22
6 20 16 22
6 2 17 22
6 3 17 22
6 4 17 22
6 5 17 22
6 6 17 22
6 7 17 22
6 8 17 22
6 9 17 22
6 10 17 22
6 11 17 22
6 12 17 22
6 13 17 22
6 14 17 22
6 15 17 22
6 16 17 22
6 17 17 22
6 18 17 22
6 19 17 22
6 20 17 22
6 2 18 22
6 3 18 22
6 4 18 22
6 5 18 22
6 6 18 22
6 7 18 22
6 8 18 22
6 9 18 22
6 10 18 22
6 11 18 22
6 12 18 22
6 13 18 22
6 14 18 22
6 15 18 22
6 16 18 22
6 17 18 22
6 18 18 22
6 19 18 22
6 20 18 22
6 2 19 22
6 3 19 22
6 4 19 22
6 5 19 22
6 6 19 22
6 7 19 22
6 8 19 22
6 9 19 22
6 10 19 22
6 11 19 22
6 12 19 22
6 13 19 22
6 14 19 22
6 15 19 22
6 16 19 22
6 17 19 22
6 18 19 22
6 19 19 22
6 20 19 22
7 2 9 22
7 3 9 22
7 4 9 22
7 5 9 22
7 6 9 22
7 7 9 22
7 8 9 22
7 9 9 22
7 10 9 22
7 11 9 22
7 12 9 22
7 13 9 22
7 14 9 22
7 15 9 22
7 16 9 22
7 17 9 22
7 18 9 22
7 19 9 22
7 20 9 22
7 2 10 22
7 3 10 22
7 4 10 22
7 5 10 22
7 6 10 22
7 7 10 22
7 8 10 22
7 9 10 22
7 10 10 22
7 11 10 22
7 12 10 22
7 13 10 22
7 14 10 22
7 15 10 22
7 16 10 22
7 17 10 22
7 18 10 22
7 19 10 22
7 20 10 22
7 2 11 22
7 3 11 22
7 4 11 22
7 5 11 22
7 6 11 22
7 7 11 22
7 8 11 22
7 9 11 22
7 10 11 22
7 11 11 22
7 12 11 22
7 13 11 22
7 14 11 22
7 15 11 22
7 16 11 22
7 17 11 22
7 18 11 22
7 19 11 22
7 20 11 22
7 2 12 22
7 3 12 22
7 4 12 22
7 5 12 22
7 6 12 22
7 7 12 22
7 8 12 22
7 9 12 22
7 10 12 22
7 11 12 22
7 12 12 22
7 13 12 22
7 14 12 22
7 15 12 22
7 16 12 22
7 17 12 22
7 18 12 22
7 19 12 22
7 20 12 22
7 2 13 22
7 3 13 22
7 4 13 22
7 5 13 22
7 6 13 22
7 7 13 22
7 8 13 22
7 9 13 22
7 10 13 22
7 11 13 22
7 12 13 22
7 13 13 22
7 14 13 22
7 15 13 22
7 16 13 22
7 17 13 22
7 18 13 22
7 19 13 22
7 20 13 22
7 2 14 22
7 3 14 22
7 4 14 22
7 5 14 22
7 6 14 22
7 7 14 22
7 8 14 22
7 9 14 22
7 10 14 22
7 11 14 22
7 12 14 22
7 13 14 22
7 14 14 22
7 15 14 22
7 16 14 22
7 17 14 22
7 18 14 22
7 19 14 22
7 20 14 22
7 2 15 22
7 3 15 22
7 4 15 22
7 5 15 22
7 6 15 22
7 7 15 22
7 8 15 22
7 9 15 22
7 10 15 22
7 11 15 22
7 12 15 22
7 13 15 22
7 14 15 22
7 15 15 22
7 16 15 22
7 17 15 22
7 18 15 22
7 19 15 22
7 20 15 22
7 2 16 22
7 3 16 22
7 4 16 22
7 5 16 22
7 6 16 22
7 7 16 22
7 8 16 22
7 9 16 22
7 10 16 22
7 11 16 22
7 12 16 22
7 13 16 22
7 14 16 22
7 15 16 22
7 16 16 22
7 17 16 22
7 18 16 22
7 19 16 22
7 20 16 22
7 2 17 22
7 3 17 22
7 4 17 22
7 5 17 22
7 6 17 22
7 7 17 22
7 8 17 22
7 9 17 22
7 10 17 22
7 11 17 22
7 12 17 22
7 13 17 22
7 14 17 22
7 15 17 22
7 16 17 22
7 17 17 22
7 18 17 22
7 19 17 22
7 20 17 22
7 2 18 22
7 3 18 22
7 4 18 22
7 5 18 22
7 6 18 22
7 7 18 22
7 8 18 22
7 9 18 22
7 10 18 22
7 11 18 22
7 12 18 22
7 13 18 22
7 14 18 22
7 15 18 22
7 16 18 22
7 17 18 22
7 18 18 22
7 19 18 22
7 20 18 22
7 2 19 22
7 3 19 22
7 4 19 22
7 5 19 22
7 6 19 22
7 7 19 22
7 8 19 22
7 9 19 22
7 10 19 22
7 11 19 22
7 12 19 22
7 13 19 22
7 14 19 22
7 15 19 22
7 16 19 22
7 17 19 22
7 18 19 22
7 19 19 22
7 20 19 22
