20 24
000000000111111111000000
000000000100000001000000
000000000100000111111111
000000000100000101000001
000011111111111111111001
000010000100000101001001
000010000100000101001001
000010000100000101001001
000111111111111111111111
000111111111111111101011
000110000110000101101011
000110000110000101101011
000110000110000101101011
000111111111111111111011
000100000111111111100011
000100000100000101000011
000100000100000101000011
000111111111111111111111
000000000000000100000001
000000000000000111111111
139
1 10 5 18
1 10 9 18
1 10 10 18
1 10 14 18
1 10 15 18
1 10 18 18
3 16 5 18
3 16 9 18
3 16 9 24
3 18 9 24
3 16 10 18
3 16 14 18
3 16 15 18
3 16 18 18
3 16 18 24
3 18 18 24
3 16 20 24
5 5 9 10
5 5 9 16
5 5 9 18
5 5 9 21
5 10 9 16
5 10 9 18
5 10 9 21
5 16 9 18
5 16 9 21
5 18 9 21
5 5 10 10
5 5 10 16
5 5 10 18
5 10 10 16
5 10 10 18
5 16 10 18
5 5 14 10
5 5 14 16
5 5 14 18
5 5 14 21
5 10 14 16
5 10 14 18
5 10 14 21
5 16 14 18
5 16 14 21
5 18 14 21
5 10 15 16
5 10 15 18
5 16 15 18
5 10 18 16
5 10 18 18
5 16 18 18
9 4 14 10
9 4 14 11
9 4 14 16
9 4 14 18
9 4 14 19
9 4 14 21
9 5 14 10
9 5 14 11
9 5 14 16
9 5 14 18
9 5 14 19
9 5 14 21
9 10 14 16
9 10 14 18
9 10 14 19
9 10 14 21
9 11 14 16
9 11 14 18
9 11 14 19
9 11 14 21
9 16 14 18
9 16 14 19
9 16 14 21
9 18 14 21
9 19 14 21
9 10 15 16
9 10 15 18
9 10 15 19
9 11 15 16
9 11 15 18
9 11 15 19
9 16 15 18
9 16 15 19
9 4 18 10
9 4 18 16
9 4 18 18
9 4 18 23
9 4 18 24
9 10 18 16
9 10 18 18
9 10 18 23
9 10 18 24
9 16 18 18
9 16 18 23
9 16 18 24
9 18 18 23
9 18 18 24
9 16 20 24
10 4 14 10
10 4 14 11
10 4 14 16
10 4 14 18
10 4 14 19
10 5 14 10
10 5 14 11
10 5 14 16
10 5 14 18
10 5 14 19
10 10 14 16
10 10 14 18
10 10 14 19
10 11 14 16
10 11 14 18
10 11 14 19
10 16 14 18
10 16 14 19
10 10 15 16
10 10 15 18
10 10 15 19
10 11 15 16
10 11 15 18
10 11 15 19
10 16 15 18
10 16 15 19
10 4 18 10
10 4 18 16
10 4 18 18
10 10 18 16
10 10 18 18
10 16 18 18
14 4 18 10
14 4 18 16
14 4 18 18
14 10 18 16
14 10 18 18
14 16 18 18
15 10 18 16
15 10 18 18
15 16 18 18
18 16 20 24
