24 12
000000000000
111111111111
111111111101
100000111111
100000111111
100000110011
100000110011
100000110011
111111111111
100111110011
100101110011
100101110011
100101110011
100101110011
100101110011
100101110011
100101110011
100101110011
111101111111
000101010010
000101010010
000101010010
000111011110
000000000000
46
2 7 4 12
2 8 4 12
2 9 4 12
2 10 4 12
2 7 5 12
2 8 5 12
2 9 5 12
2 10 5 12
2 1 9 7
2 1 9 8
2 1 9 12
2 7 9 12
2 8 9 12
2 7 19 12
2 8 19 12
3 1 9 7
3 1 9 8
4 7 9 11
4 7 9 12
4 8 9 11
4 8 9 12
4 7 19 11
4 7 19 12
4 8 19 11
4 8 19 12
4 8 23 11
5 7 9 11
5 7 9 12
5 8 9 11
5 8 9 12
5 7 19 11
5 7 19 12
5 8 19 11
5 8 19 12
5 8 23 11
9 1 19 4
9 6 19 11
9 6 19 12
9 7 19 11
9 7 19 12
9 8 19 11
9 8 19 12
9 4 23 6
9 8 23 11
10 4 23 6
19 8 23 11
