18 21
000011100000000000000
000010100000000000000
000010100000000000000
000010101110000000000
000010101010000000000
000011111111111100000
000111111111111100000
000110100000001101111
000110100011111111001
000110100010001101001
000111111111111101001
000111100111001001001
000100000111111111111
000100000101001000000
000100000111001000000
000100000000001000000
000111111111111000000
000111111111111000000
38
1 5 6 7
1 5 7 7
1 5 11 7
1 5 12 7
4 9 6 11
4 9 7 11
6 5 11 7
6 5 11 15
6 5 11 16
6 7 11 15
6 7 11 16
6 5 12 7
7 4 11 7
7 4 11 15
7 4 11 16
7 5 11 7
7 5 11 15
7 5 11 16
7 7 11 15
7 7 11 16
7 4 12 7
7 5 12 7
7 4 17 15
7 4 18 15
8 18 13 21
9 11 11 15
9 11 11 16
9 11 13 15
9 11 13 18
9 15 13 18
11 10 13 15
11 11 13 15
11 12 13 15
11 10 15 12
11 4 17 15
11 4 18 15
12 10 15 12
13 10 15 12
