20 15
111111111110000
100000000111111
111111111110001
000000000100001
000000000111111
111111111111111
100000000100101
100000000100101
100000000100101
100000111110101
101111111110101
101000100110101
101000100111111
101111111111111
100000111110011
100000000011111
100000000011011
111111111111111
000000000011110
000000000000000
46
1 1 3 10
1 1 3 11
2 10 5 15
2 10 6 15
2 10 13 15
2 10 14 15
5 10 13 13
5 10 13 15
5 13 13 15
5 10 14 13
5 10 14 15
5 13 14 15
6 10 13 13
6 10 13 15
6 13 13 15
6 10 14 13
6 10 14 15
6 13 14 15
6 1 18 15
10 7 14 10
10 7 14 11
10 7 15 10
10 7 15 11
11 3 14 7
11 3 14 10
11 3 14 11
11 7 14 10
11 7 14 11
11 7 15 10
11 7 15 11
13 11 16 14
13 11 16 15
13 11 18 14
13 11 18 15
13 11 19 14
14 11 16 14
14 11 16 15
14 11 18 14
14 11 18 15
14 11 19 14
16 11 18 14
16 11 18 15
16 12 18 14
16 12 18 15
16 11 19 14
16 12 19 14
