25 18
001110000000000000
001010000000000000
001010111000000000
001010101000000000
001010101000000000
001010101000000000
001111111111111110
001111100000000010
001111111000000010
001110101000000010
001110101000000010
001111111000000010
001100100000000010
001100100111000010
001100100101000010
001100100101000010
001100100101000010
001100100101000010
001100100101000010
001100100101000010
001111111111111110
000111100111000000
000000000000000000
000000000000000000
000000000000000000
37
1 3 7 5
1 3 8 5
1 3 9 5
1 3 10 5
1 3 11 5
1 3 12 5
3 7 7 9
7 3 12 7
7 4 12 7
7 5 12 7
7 3 21 7
7 3 21 17
7 4 21 7
7 4 21 17
7 7 21 17
7 4 22 7
8 3 12 7
8 4 12 7
8 5 12 7
8 3 21 7
8 4 21 7
8 4 22 7
9 3 12 7
9 3 12 9
9 4 12 7
9 4 12 9
9 5 12 7
9 5 12 9
9 7 12 9
9 3 21 7
9 4 21 7
9 4 22 7
12 3 21 7
12 4 21 7
12 4 22 7
14 10 21 12
14 10 22 12
