18 15
000000000000000
111111111000000
100000001000000
100000001000000
100000001000000
100000001011100
100011111010100
100010011010100
111111111110100
110011111111111
111111111010101
010010000010101
010010000010101
010010000010101
010010000010101
011111111111111
000000000000000
000000000000000
30
2 1 9 9
2 1 11 9
6 11 10 13
6 11 16 13
7 5 9 8
7 5 9 9
7 5 10 8
7 5 10 9
7 5 11 8
7 5 11 9
9 1 11 5
9 1 11 6
9 1 11 7
9 1 11 8
9 1 11 9
9 2 11 5
9 2 11 6
9 2 11 7
9 2 11 8
9 2 11 9
9 2 16 5
9 2 16 11
9 5 16 11
10 5 16 11
10 5 16 13
10 5 16 15
10 11 16 13
10 11 16 15
10 13 16 15
11 2 16 5
