23 24
000000000000000000000000
000011111110000000000000
000011111111111111000000
000010001110011111111111
000010001110011001000001
000010001110011001000001
000010001110011111111111
000010001110010001010000
000010001110010001010000
000010001111110001010000
000010001110010001010000
000010001110010001010000
000010001110010001010000
000010001110010001010000
000010001111111111010000
000010000111111000010000
000010000110011000010000
000011111110011000010000
000010000010011000010000
000010000011111111110000
000011111110000000000000
000000000000000000000000
000000000000000000000000
40
2 5 18 10
2 5 18 11
2 5 21 11
3 14 7 18
3 15 7 18
3 9 10 14
3 10 10 14
3 11 10 14
3 9 15 14
3 9 15 18
3 10 15 14
3 10 15 18
3 11 15 14
3 11 15 18
3 14 15 18
3 10 16 14
3 11 16 14
3 5 18 10
3 5 18 11
3 11 20 14
3 5 21 11
4 14 7 18
4 14 7 24
4 15 7 18
4 15 7 24
4 18 7 24
4 14 15 18
7 14 15 18
7 14 20 20
10 9 15 14
10 10 15 14
10 11 15 14
10 10 16 14
10 11 16 14
10 11 20 14
15 11 20 14
15 11 20 15
16 11 20 14
16 11 20 15
18 5 21 11
