15 15
111100000000000
111100000000000
100100111111000
111111111111110
100100100001010
100100100001010
111100100001010
111111111111110
111111111111111
110100100001001
110100111111111
111111111110011
111100010110011
111111111110011
011111111111111
112
1 1 4 4
1 1 7 4
1 1 8 4
1 1 9 4
1 1 12 4
1 1 13 4
1 1 14 4
2 1 4 4
2 1 7 4
2 1 8 4
2 1 9 4
2 1 12 4
2 1 13 4
2 1 14 4
3 7 8 12
3 7 9 12
3 7 11 12
4 1 7 4
4 1 8 4
4 1 8 7
4 1 8 12
4 1 8 14
4 4 8 7
4 4 8 12
4 4 8 14
4 7 8 12
4 7 8 14
4 12 8 14
4 1 9 4
4 1 9 7
4 1 9 12
4 1 9 14
4 4 9 7
4 4 9 12
4 4 9 14
4 7 9 12
4 7 9 14
4 12 9 14
4 7 11 12
4 1 12 4
4 1 12 7
4 4 12 7
4 1 13 4
4 1 14 4
7 1 12 4
7 2 12 4
7 1 13 4
7 2 13 4
7 1 14 4
7 2 14 4
7 2 15 4
8 7 11 12
8 1 12 4
8 1 12 7
8 2 12 4
8 2 12 7
8 4 12 7
8 1 13 4
8 2 13 4
8 1 14 4
8 2 14 4
8 2 15 4
9 7 11 12
9 7 11 15
9 12 11 15
9 1 12 4
9 1 12 7
9 2 12 4
9 2 12 7
9 4 12 7
9 1 13 4
9 2 13 4
9 1 14 4
9 2 14 4
9 2 15 4
9 2 15 15
9 4 15 15
11 8 14 10
11 8 14 11
11 8 15 10
11 8 15 11
11 8 15 14
11 8 15 15
11 10 15 14
11 10 15 15
11 11 15 14
11 11 15 15
12 1 14 8
12 1 14 10
12 1 14 11
12 2 14 8
12 2 14 10
12 2 14 11
12 3 14 8
12 3 14 10
12 3 14 11
12 4 14 8
12 4 14 10
12 4 14 11
12 8 14 10
12 8 14 11
12 2 15 8
12 2 15 10
12 2 15 11
12 3 15 8
12 3 15 10
12 3 15 11
12 4 15 8
12 4 15 10
12 4 15 11
12 8 15 10
12 8 15 11
