18 12
011111111000
111001111000
111001111100
111001011100
111111111100
111111111111
111101111101
111101111101
111111111101
101111111111
101111111101
111111111101
000111111101
000011010111
000011111111
000001010000
000001010000
000001110000
301
1 2 5 6
1 2 5 8
1 2 5 9
1 3 5 6
1 3 5 8
1 3 5 9
1 6 5 8
1 6 5 9
1 2 6 6
1 2 6 8
1 2 6 9
1 3 6 6
1 3 6 8
1 3 6 9
1 6 6 8
1 6 6 9
1 6 7 8
1 6 7 9
1 6 8 8
1 6 8 9
1 2 9 6
1 2 9 8
1 2 9 9
1 3 9 6
1 3 9 8
1 3 9 9
1 6 9 8
1 6 9 9
1 3 10 6
1 3 10 8
1 3 10 9
1 6 10 8
1 6 10 9
1 3 11 6
1 3 11 8
1 3 11 9
1 6 11 8
1 6 11 9
1 3 12 6
1 3 12 8
1 3 12 9
1 6 12 8
1 6 12 9
1 6 13 8
1 6 13 9
1 6 15 8
1 6 18 8
2 6 5 8
2 6 5 9
2 6 6 8
2 6 6 9
2 6 7 8
2 6 7 9
2 6 8 8
2 6 8 9
2 6 9 8
2 6 9 9
2 6 10 8
2 6 10 9
2 6 11 8
2 6 11 9
2 1 12 3
2 6 12 8
2 6 12 9
2 6 13 8
2 6 13 9
2 6 15 8
2 6 18 8
3 6 5 8
3 6 5 9
3 6 5 10
3 6 6 8
3 6 6 9
3 6 6 10
3 6 7 8
3 6 7 9
3 6 7 10
3 6 8 8
3 6 8 9
3 6 8 10
3 6 9 8
3 6 9 9
3 6 9 10
3 6 10 8
3 6 10 9
3 6 10 10
3 6 11 8
3 6 11 9
3 6 11 10
3 1 12 3
3 6 12 8
3 6 12 9
3 6 12 10
3 6 13 8
3 6 13 9
3 6 13 10
3 6 15 8
3 6 15 10
3 8 15 10
3 6 18 8
4 1 12 3
4 8 15 10
5 1 9 6
5 1 9 7
5 1 9 8
5 1 9 9
5 1 9 10
5 2 9 6
5 2 9 7
5 2 9 8
5 2 9 9
5 2 9 10
5 3 9 6
5 3 9 7
5 3 9 8
5 3 9 9
5 3 9 10
5 4 9 6
5 4 9 7
5 4 9 8
5 4 9 9
5 4 9 10
5 3 10 6
5 3 10 7
5 3 10 8
5 3 10 9
5 3 10 10
5 4 10 6
5 4 10 7
5 4 10 8
5 4 10 9
5 4 10 10
5 3 11 6
5 3 11 7
5 3 11 8
5 3 11 9
5 3 11 10
5 4 11 6
5 4 11 7
5 4 11 8
5 4 11 9
5 4 11 10
5 1 12 3
5 1 12 4
5 1 12 6
5 1 12 7
5 1 12 8
5 1 12 9
5 1 12 10
5 3 12 6
5 3 12 7
5 3 12 8
5 3 12 9
5 3 12 10
5 4 12 6
5 4 12 7
5 4 12 8
5 4 12 9
5 4 12 10
5 4 13 6
5 4 13 7
5 4 13 8
5 4 13 9
5 4 13 10
5 6 15 8
5 6 15 10
5 8 15 10
5 6 18 8
6 1 9 6
6 1 9 7
6 1 9 8
6 1 9 9
6 1 9 10
6 2 9 6
6 2 9 7
6 2 9 8
6 2 9 9
6 2 9 10
6 3 9 6
6 3 9 7
6 3 9 8
6 3 9 9
6 3 9 10
6 4 9 6
6 4 9 7
6 4 9 8
6 4 9 9
6 4 9 10
6 3 10 6
6 3 10 7
6 3 10 8
6 3 10 9
6 3 10 10
6 3 10 12
6 4 10 6
6 4 10 7
6 4 10 8
6 4 10 9
6 4 10 10
6 4 10 12
6 6 10 12
6 7 10 12
6 8 10 12
6 9 10 12
6 10 10 12
6 3 11 6
6 3 11 7
6 3 11 8
6 3 11 9
6 3 11 10
6 4 11 6
6 4 11 7
6 4 11 8
6 4 11 9
6 4 11 10
6 1 12 3
6 1 12 4
6 1 12 6
6 1 12 7
6 1 12 8
6 1 12 9
6 1 12 10
6 3 12 6
6 3 12 7
6 3 12 8
6 3 12 9
6 3 12 10
6 4 12 6
6 4 12 7
6 4 12 8
6 4 12 9
6 4 12 10
6 4 13 6
6 4 13 7
6 4 13 8
6 4 13 9
6 4 13 10
6 10 14 12
6 6 15 8
6 6 15 10
6 6 15 12
6 8 15 10
6 8 15 12
6 10 15 12
6 6 18 8
7 1 12 3
7 1 12 4
7 6 15 8
7 6 15 10
7 8 15 10
7 6 18 8
8 1 12 3
8 1 12 4
8 6 15 8
8 6 15 10
8 8 15 10
8 6 18 8
9 1 12 3
9 1 12 4
9 1 12 5
9 1 12 6
9 1 12 7
9 1 12 8
9 1 12 9
9 1 12 10
9 5 15 8
9 5 15 10
9 6 15 8
9 6 15 10
9 8 15 10
9 6 18 8
10 10 14 12
10 5 15 8
10 5 15 10
10 5 15 12
10 6 15 8
10 6 15 10
10 6 15 12
10 8 15 10
10 8 15 12
10 10 15 12
10 6 18 8
11 5 15 8
11 5 15 10
11 6 15 8
11 6 15 10
11 8 15 10
11 6 18 8
12 5 15 8
12 5 15 10
12 6 15 8
12 6 15 10
12 8 15 10
12 6 18 8
13 5 15 8
13 5 15 10
13 6 15 8
13 6 15 10
13 8 15 10
13 6 18 8
15 6 18 8
