18 23
00000000000000000000000
00000000000000000000000
00000000000000000000000
00000000000000000000000
11111001111111111111000
10001001000001000001000
10001001000001000001000
10001001111111000001000
10001000000001000001000
10001111111101000001000
10001100000101111111000
11111100000101111111000
11111100000100100001000
10000100000100100001000
11111111111100100001000
00000000000000111111000
00000000000000000000000
00000000000000000000000
10
5 8 8 14
5 14 11 20
5 1 12 5
5 14 12 20
5 1 13 5
10 6 15 12
11 15 16 20
12 1 15 6
12 15 16 20
13 1 15 6
