14 10
0000111000
1111101000
1011111100
1011111100
1111111110
1111011110
1111011110
1111111110
1100011110
1111111110
0100010110
0100011110
0100000010
0111111110
73
1 5 3 7
1 5 4 7
1 5 5 7
2 1 5 3
2 1 5 4
2 1 5 5
2 1 6 3
2 1 6 4
2 1 7 3
2 1 7 4
2 1 8 3
2 1 8 4
3 3 8 6
3 3 8 7
3 3 8 8
3 4 8 6
3 4 8 7
3 4 8 8
3 6 12 8
4 3 8 6
4 3 8 7
4 3 8 8
4 4 8 6
4 4 8 7
4 4 8 8
4 6 12 8
5 1 8 6
5 1 8 7
5 1 8 8
5 1 8 9
5 2 8 6
5 2 8 7
5 2 8 8
5 2 8 9
5 3 8 6
5 3 8 7
5 3 8 8
5 3 8 9
5 4 8 6
5 4 8 7
5 4 8 8
5 4 8 9
5 1 10 6
5 1 10 7
5 1 10 8
5 1 10 9
5 2 10 6
5 2 10 7
5 2 10 8
5 2 10 9
5 6 12 8
5 6 12 9
5 2 14 9
6 6 12 8
6 6 12 9
7 6 12 8
7 6 12 9
8 1 10 6
8 1 10 7
8 1 10 8
8 1 10 9
8 2 10 6
8 2 10 7
8 2 10 8
8 2 10 9
8 6 12 8
8 6 12 9
8 2 14 9
9 6 12 8
9 6 12 9
10 6 12 8
10 6 12 9
10 2 14 9
