19 16
0000000000000000
0000000000111000
0111110000101000
1111111111111110
1100011110101010
1100011111111010
1111111010111010
1111111111111110
1000001110010110
1000001000010110
1000001111110110
1000111111000110
1000100001000110
1000111111000110
1000000000000110
1000000000000110
1000000000000110
1000000000000110
1111111111111110
68
2 11 4 13
2 11 6 13
2 11 7 13
2 11 8 13
3 2 7 6
3 2 8 6
4 6 6 11
4 6 6 13
4 7 6 11
4 7 6 13
4 8 6 11
4 8 6 13
4 9 6 11
4 9 6 13
4 11 6 13
4 1 7 6
4 1 7 7
4 2 7 6
4 2 7 7
4 11 7 13
4 1 8 6
4 1 8 7
4 1 8 9
4 1 8 11
4 1 8 13
4 1 8 15
4 2 8 6
4 2 8 7
4 2 8 9
4 2 8 11
4 2 8 13
4 2 8 15
4 6 8 9
4 6 8 11
4 6 8 13
4 6 8 15
4 7 8 9
4 7 8 11
4 7 8 13
4 7 8 15
4 9 8 11
4 9 8 13
4 9 8 15
4 11 8 13
4 11 8 15
4 13 8 15
4 7 9 9
4 1 19 15
5 6 8 9
5 7 8 9
5 7 9 9
6 6 8 9
6 6 8 11
6 6 8 12
6 6 8 13
6 7 8 9
6 7 8 11
6 7 8 12
6 7 8 13
6 9 8 11
6 9 8 12
6 9 8 13
6 7 9 9
6 7 11 12
8 7 11 12
8 1 19 14
8 1 19 15
12 5 14 10
