17 25
0000000000000000000000000
0000000000000000000000000
1111111111111111111111000
1000001111111111111111000
1111111100001000001001000
0000000100001000001001000
0000000111111111111001000
0000000100001000000001000
0000000100001111111101000
0000000100001000000101000
0000000100001111111101000
0000000100001000000001000
0000000100001000000001000
0000000100001000000001000
0000000100001111111111000
0000000100000000000001000
0000000111111111111111000
13
3 1 5 7
3 1 5 8
3 8 7 13
3 8 7 19
3 13 7 19
3 13 15 22
3 8 17 22
4 8 7 13
4 8 7 19
4 13 7 19
4 13 15 22
4 8 17 22
9 13 11 20
