14 10
1111111111
1111111111
1101011001
1101011001
1101011111
1111011111
1101011111
1111111111
0001111111
0001011011
0001011111
0001111110
0001111000
0000000000
106
1 6 5 10
1 7 5 10
1 1 6 4
1 2 6 4
1 6 6 10
1 7 6 10
1 6 7 10
1 7 7 10
1 1 8 4
1 1 8 6
1 1 8 7
1 1 8 10
1 2 8 4
1 2 8 6
1 2 8 7
1 2 8 10
1 4 8 6
1 4 8 7
1 4 8 10
1 6 8 10
1 7 8 10
1 4 9 6
1 4 9 7
1 4 9 10
1 6 9 10
1 7 9 10
1 6 11 10
1 7 11 10
1 4 12 6
1 4 12 7
1 4 13 6
1 4 13 7
2 6 5 10
2 7 5 10
2 1 6 4
2 2 6 4
2 6 6 10
2 7 6 10
2 6 7 10
2 7 7 10
2 1 8 4
2 1 8 6
2 1 8 7
2 1 8 10
2 2 8 4
2 2 8 6
2 2 8 7
2 2 8 10
2 4 8 6
2 4 8 7
2 4 8 10
2 6 8 10
2 7 8 10
2 4 9 6
2 4 9 7
2 4 9 10
2 6 9 10
2 7 9 10
2 6 11 10
2 7 11 10
2 4 12 6
2 4 12 7
2 4 13 6
2 4 13 7
5 6 11 9
5 6 11 10
5 7 11 9
5 7 11 10
5 6 12 9
5 7 12 9
6 1 8 4
6 2 8 4
6 6 11 9
6 6 11 10
6 7 11 9
6 7 11 10
6 6 12 9
6 7 12 9
7 6 11 9
7 6 11 10
7 7 11 9
7 7 11 10
7 6 12 9
7 7 12 9
8 6 11 9
8 6 11 10
8 7 11 9
8 7 11 10
8 4 12 6
8 4 12 7
8 4 12 9
8 6 12 9
8 7 12 9
8 4 13 6
8 4 13 7
9 6 11 9
9 6 11 10
9 7 11 9
9 7 11 10
9 4 12 6
9 4 12 7
9 4 12 9
9 6 12 9
9 7 12 9
9 4 13 6
9 4 13 7
