10 22
0011111111111101111100
0011111111111111111111
0011111111111111100101
1111111111111111111101
1011111111111111111111
1011001000110101111100
1011111111110100101000
1111111111111111111000
0000000000111111100000
0000000000000000000000
228
1 16 4 20
1 17 4 20
1 16 5 20
1 17 5 20
1 16 6 20
1 17 6 20
1 3 7 7
1 3 7 11
1 3 7 12
1 4 7 7
1 4 7 11
1 4 7 12
1 7 7 11
1 7 7 12
1 3 8 7
1 3 8 11
1 3 8 12
1 3 8 14
1 4 8 7
1 4 8 11
1 4 8 12
1 4 8 14
1 7 8 11
1 7 8 12
1 7 8 14
1 11 8 14
1 12 8 14
1 11 9 14
1 12 9 14
2 3 4 20
2 4 4 20
2 5 4 20
2 6 4 20
2 7 4 20
2 8 4 20
2 9 4 20
2 10 4 20
2 11 4 20
2 12 4 20
2 13 4 20
2 14 4 20
2 15 4 20
2 16 4 20
2 17 4 20
2 3 5 20
2 3 5 22
2 4 5 20
2 4 5 22
2 5 5 20
2 5 5 22
2 6 5 20
2 6 5 22
2 7 5 20
2 7 5 22
2 8 5 20
2 8 5 22
2 9 5 20
2 9 5 22
2 10 5 20
2 10 5 22
2 11 5 20
2 11 5 22
2 12 5 20
2 12 5 22
2 13 5 20
2 13 5 22
2 14 5 20
2 14 5 22
2 15 5 20
2 15 5 22
2 16 5 20
2 16 5 22
2 17 5 20
2 17 5 22
2 20 5 22
2 16 6 20
2 17 6 20
2 3 7 7
2 3 7 11
2 3 7 12
2 4 7 7
2 4 7 11
2 4 7 12
2 7 7 11
2 7 7 12
2 3 8 7
2 3 8 11
2 3 8 12
2 3 8 14
2 3 8 17
2 4 8 7
2 4 8 11
2 4 8 12
2 4 8 14
2 4 8 17
2 7 8 11
2 7 8 12
2 7 8 14
2 7 8 17
2 11 8 14
2 11 8 17
2 12 8 14
2 12 8 17
2 14 8 17
2 11 9 14
2 11 9 17
2 12 9 14
2 12 9 17
2 14 9 17
3 3 7 7
3 3 7 11
3 3 7 12
3 4 7 7
3 4 7 11
3 4 7 12
3 7 7 11
3 7 7 12
3 3 8 7
3 3 8 11
3 3 8 12
3 3 8 14
3 3 8 17
3 4 8 7
3 4 8 11
3 4 8 12
3 4 8 14
3 4 8 17
3 7 8 11
3 7 8 12
3 7 8 14
3 7 8 17
3 11 8 14
3 11 8 17
3 12 8 14
3 12 8 17
3 14 8 17
3 11 9 14
3 11 9 17
3 12 9 14
3 12 9 17
3 14 9 17
4 3 7 7
4 3 7 11
4 3 7 12
4 4 7 7
4 4 7 11
4 4 7 12
4 7 7 11
4 7 7 12
4 1 8 3
4 1 8 4
4 1 8 7
4 1 8 11
4 1 8 12
4 1 8 14
4 1 8 17
4 1 8 19
4 3 8 7
4 3 8 11
4 3 8 12
4 3 8 14
4 3 8 17
4 3 8 19
4 4 8 7
4 4 8 11
4 4 8 12
4 4 8 14
4 4 8 17
4 4 8 19
4 7 8 11
4 7 8 12
4 7 8 14
4 7 8 17
4 7 8 19
4 11 8 14
4 11 8 17
4 11 8 19
4 12 8 14
4 12 8 17
4 12 8 19
4 14 8 17
4 14 8 19
4 17 8 19
4 11 9 14
4 11 9 17
4 12 9 14
4 12 9 17
4 14 9 17
5 3 7 7
5 3 7 11
5 3 7 12
5 4 7 7
5 4 7 11
5 4 7 12
5 7 7 11
5 7 7 12
5 3 8 7
5 3 8 11
5 3 8 12
5 3 8 14
5 3 8 17
5 3 8 19
5 4 8 7
5 4 8 11
5 4 8 12
5 4 8 14
5 4 8 17
5 4 8 19
5 7 8 11
5 7 8 12
5 7 8 14
5 7 8 17
5 7 8 19
5 11 8 14
5 11 8 17
5 11 8 19
5 12 8 14
5 12 8 17
5 12 8 19
5 14 8 17
5 14 8 19
5 17 8 19
5 11 9 14
5 11 9 17
5 12 9 14
5 12 9 17
5 14 9 17
6 17 8 19
