11 11
00111111110
11111111111
11111101111
11111111111
11010101011
11010101111
11011111111
11010101101
11111101101
10000001111
11111111111
105
1 3 4 8
1 3 4 9
1 3 4 10
1 4 4 8
1 4 4 9
1 4 4 10
1 5 4 8
1 5 4 9
1 5 4 10
1 6 4 8
1 6 4 9
1 6 4 10
1 8 6 10
1 4 7 6
1 4 7 8
1 4 7 10
1 6 7 8
1 6 7 10
1 8 7 10
1 4 9 6
2 1 4 8
2 1 4 9
2 1 4 10
2 1 4 11
2 2 4 8
2 2 4 9
2 2 4 10
2 2 4 11
2 3 4 8
2 3 4 9
2 3 4 10
2 3 4 11
2 4 4 8
2 4 4 9
2 4 4 10
2 4 4 11
2 5 4 8
2 5 4 9
2 5 4 10
2 5 4 11
2 6 4 8
2 6 4 9
2 6 4 10
2 6 4 11
2 8 6 10
2 8 6 11
2 4 7 6
2 4 7 8
2 4 7 10
2 4 7 11
2 6 7 8
2 6 7 10
2 6 7 11
2 8 7 10
2 8 7 11
2 1 9 4
2 1 9 6
2 2 9 4
2 2 9 6
2 4 9 6
2 8 10 11
2 1 11 8
2 1 11 11
2 8 11 11
3 8 6 10
3 8 6 11
3 4 7 6
3 8 7 10
3 8 7 11
3 1 9 4
3 1 9 6
3 2 9 4
3 2 9 6
3 4 9 6
3 8 10 11
3 8 11 11
4 8 6 10
4 8 6 11
4 4 7 6
4 4 7 8
4 4 7 10
4 4 7 11
4 6 7 8
4 6 7 10
4 6 7 11
4 8 7 10
4 8 7 11
4 1 9 4
4 1 9 6
4 2 9 4
4 2 9 6
4 4 9 6
4 8 10 11
4 1 11 8
4 1 11 11
4 8 11 11
6 8 10 11
6 9 10 11
6 8 11 11
6 9 11 11
7 4 9 6
7 8 10 11
7 9 10 11
7 8 11 11
7 9 11 11
