18 17
00000000111111110
00000000100000010
00000000111111110
00000000100000110
11111111111111110
11111111111111110
11010001100001110
11010001101111111
11010001101001111
11010001111111111
11111111101001111
01010000101001111
01010000101001111
01011111111111111
01111111111111001
00000000001111111
00000000000000000
00000000000000000
106
1 9 3 16
1 9 5 16
1 9 6 16
1 9 10 16
1 9 14 16
3 9 5 15
3 9 5 16
3 9 6 15
3 9 6 16
3 9 10 15
3 9 10 16
3 9 14 15
3 9 14 16
5 8 10 14
5 8 10 15
5 8 10 16
5 9 10 14
5 9 10 15
5 9 10 16
5 1 11 4
5 1 11 8
5 1 11 9
5 2 11 4
5 2 11 8
5 2 11 9
5 4 11 8
5 4 11 9
5 4 14 9
5 4 14 14
5 4 14 15
5 4 14 16
5 9 14 14
5 9 14 15
5 9 14 16
5 2 15 4
5 2 15 9
5 2 15 14
5 4 15 9
5 4 15 14
5 9 15 14
6 8 10 14
6 8 10 15
6 8 10 16
6 9 10 14
6 9 10 15
6 9 10 16
6 1 11 4
6 1 11 8
6 1 11 9
6 2 11 4
6 2 11 8
6 2 11 9
6 4 11 8
6 4 11 9
6 4 14 9
6 4 14 14
6 4 14 15
6 4 14 16
6 9 14 14
6 9 14 15
6 9 14 16
6 2 15 4
6 2 15 9
6 2 15 14
6 4 15 9
6 4 15 14
6 9 15 14
8 11 10 14
8 11 10 15
8 11 10 16
8 11 10 17
8 11 14 14
8 11 14 15
8 11 14 16
8 11 14 17
8 11 15 14
8 11 16 14
8 11 16 17
8 14 16 17
9 14 16 17
10 9 14 11
10 9 14 14
10 9 14 15
10 9 14 16
10 9 14 17
10 11 14 14
10 11 14 15
10 11 14 16
10 11 14 17
10 9 15 11
10 9 15 14
10 11 15 14
10 11 16 14
10 11 16 17
10 14 16 17
11 4 14 9
11 2 15 4
11 2 15 9
11 4 15 9
11 14 16 17
12 14 16 17
13 14 16 17
14 11 16 17
14 12 16 17
14 13 16 17
14 14 16 17
