15 14
11111111111110
10001011111110
10001011100110
11111111111111
11101111100111
11101111111111
11100111100111
11111111100111
10100011100111
10100011100111
11111111111111
00111111111111
00000010000100
00000011111100
00000000000000
176
1 1 4 5
1 1 4 7
1 1 4 8
1 1 4 9
1 1 4 12
1 1 4 13
1 5 4 7
1 5 4 8
1 5 4 9
1 5 4 12
1 5 4 13
1 7 4 12
1 7 4 13
1 8 4 12
1 8 4 13
1 9 4 12
1 9 4 13
1 5 5 7
1 5 5 8
1 5 5 9
1 5 6 7
1 5 6 8
1 5 6 9
1 5 6 12
1 5 6 13
1 7 6 12
1 7 6 13
1 8 6 12
1 8 6 13
1 9 6 12
1 9 6 13
1 1 8 7
1 1 8 8
1 1 8 9
1 1 11 7
1 1 11 8
1 1 11 9
1 1 11 12
1 1 11 13
1 7 11 12
1 7 11 13
1 8 11 12
1 8 11 13
1 9 11 12
1 9 11 13
1 7 12 12
1 7 12 13
1 8 12 12
1 8 12 13
1 9 12 12
1 9 12 13
1 7 14 12
2 7 4 12
2 7 4 13
2 8 4 12
2 8 4 13
2 9 4 12
2 9 4 13
2 7 6 12
2 7 6 13
2 8 6 12
2 8 6 13
2 9 6 12
2 9 6 13
2 7 11 12
2 7 11 13
2 8 11 12
2 8 11 13
2 9 11 12
2 9 11 13
2 7 12 12
2 7 12 13
2 8 12 12
2 8 12 13
2 9 12 12
2 9 12 13
2 7 14 12
4 5 6 12
4 5 6 13
4 5 6 14
4 6 6 12
4 6 6 13
4 6 6 14
4 7 6 12
4 7 6 13
4 7 6 14
4 8 6 12
4 8 6 13
4 8 6 14
4 9 6 12
4 9 6 13
4 9 6 14
4 1 8 6
4 1 8 7
4 1 8 8
4 1 8 9
4 2 8 6
4 2 8 7
4 2 8 8
4 2 8 9
4 3 8 6
4 3 8 7
4 3 8 8
4 3 8 9
4 1 11 3
4 1 11 7
4 1 11 8
4 1 11 9
4 1 11 12
4 1 11 13
4 1 11 14
4 3 11 7
4 3 11 8
4 3 11 9
4 3 11 12
4 3 11 13
4 3 11 14
4 7 11 12
4 7 11 13
4 7 11 14
4 8 11 12
4 8 11 13
4 8 11 14
4 9 11 12
4 9 11 13
4 9 11 14
4 3 12 7
4 3 12 8
4 3 12 9
4 3 12 12
4 3 12 13
4 3 12 14
4 7 12 12
4 7 12 13
4 7 12 14
4 8 12 12
4 8 12 13
4 8 12 14
4 9 12 12
4 9 12 13
4 9 12 14
4 7 14 12
5 1 11 3
6 1 11 3
6 7 11 12
6 7 11 13
6 7 11 14
6 8 11 12
6 8 11 13
6 8 11 14
6 9 11 12
6 9 11 13
6 9 11 14
6 7 12 12
6 7 12 13
6 7 12 14
6 8 12 12
6 8 12 13
6 8 12 14
6 9 12 12
6 9 12 13
6 9 12 14
6 7 14 12
7 1 11 3
8 1 11 3
8 1 11 7
8 1 11 8
8 1 11 9
8 3 11 7
8 3 11 8
8 3 11 9
8 3 12 7
8 3 12 8
8 3 12 9
11 7 14 12
12 7 14 12
