12 13
0011111111110
0010111111110
0010100001110
0010100001110
1111111111110
1010111101110
1010110101110
1111111111110
1011111111110
1111111111100
0010000001000
0011111111000
117
1 3 5 5
1 3 5 10
1 3 5 11
1 3 5 12
1 5 5 10
1 5 5 11
1 5 5 12
1 3 8 5
1 3 8 10
1 3 8 11
1 3 8 12
1 5 8 10
1 5 8 11
1 5 8 12
1 3 9 5
1 3 9 10
1 3 9 11
1 3 9 12
1 5 9 10
1 5 9 11
1 5 9 12
1 3 10 5
1 3 10 10
1 3 10 11
1 5 10 10
1 5 10 11
1 3 12 10
2 5 5 10
2 5 5 11
2 5 5 12
2 5 8 10
2 5 8 11
2 5 8 12
2 5 9 10
2 5 9 11
2 5 9 12
2 5 10 10
2 5 10 11
5 1 8 3
5 1 8 5
5 1 8 6
5 1 8 8
5 1 8 10
5 1 8 11
5 1 8 12
5 3 8 5
5 3 8 6
5 3 8 8
5 3 8 10
5 3 8 11
5 3 8 12
5 5 8 8
5 5 8 10
5 5 8 11
5 5 8 12
5 6 8 8
5 6 8 10
5 6 8 11
5 6 8 12
5 8 8 10
5 8 8 11
5 8 8 12
5 3 9 5
5 3 9 6
5 3 9 8
5 3 9 10
5 3 9 11
5 3 9 12
5 5 9 8
5 5 9 10
5 5 9 11
5 5 9 12
5 6 9 8
5 6 9 10
5 6 9 11
5 6 9 12
5 8 9 10
5 8 9 11
5 8 9 12
5 1 10 3
5 1 10 5
5 1 10 6
5 1 10 8
5 1 10 10
5 1 10 11
5 3 10 5
5 3 10 6
5 3 10 8
5 3 10 10
5 3 10 11
5 5 10 8
5 5 10 10
5 5 10 11
5 6 10 8
5 6 10 10
5 6 10 11
5 8 10 10
5 8 10 11
5 3 12 10
6 5 8 8
6 6 8 8
6 5 9 8
6 6 9 8
6 5 10 8
6 6 10 8
8 1 10 3
8 1 10 4
8 1 10 5
8 1 10 6
8 1 10 7
8 1 10 8
8 1 10 9
8 1 10 10
8 1 10 11
8 3 12 10
9 3 12 10
10 3 12 10
