23 17
00000000001111110
00000000001000010
00000000001011110
00001111101010110
00001000101010111
00001000101111111
01111111100010101
01001001111110111
01111111110110100
00001000111111110
00001000111110110
00001000111111110
00001000100010100
00001000100010100
00001111100010100
00000000000010100
00000000000010100
00000000000010100
00000000000010100
00000000000010100
00000000000011100
00000000000000000
00000000000000000
45
1 11 6 16
3 13 6 15
3 13 6 16
3 13 10 15
3 13 12 15
3 13 21 15
4 5 7 9
4 5 9 9
4 5 15 9
5 15 8 17
6 15 8 17
6 13 10 15
6 13 12 15
6 13 21 15
7 2 9 5
7 2 9 8
7 2 9 9
7 5 9 8
7 5 9 9
7 5 15 9
8 9 10 12
8 9 10 13
8 10 10 12
8 10 10 13
8 9 11 12
8 9 11 13
8 10 11 12
8 10 11 13
8 9 12 12
8 9 12 13
8 10 12 12
8 10 12 13
9 5 15 9
10 9 12 15
10 9 12 16
10 10 12 15
10 10 12 16
10 11 12 15
10 11 12 16
10 12 12 15
10 12 12 16
10 13 12 15
10 13 12 16
10 13 21 15
12 13 21 15
