13 10
1111111110
1001111110
1001100111
1111111111
0001100111
0011111111
0011100111
0011111111
0111100111
0110111111
0111111101
0010000111
0011111100
85
1 1 4 4
1 1 4 5
1 1 4 8
1 1 4 9
1 4 4 8
1 4 4 9
1 5 4 8
1 5 4 9
1 4 6 8
1 4 6 9
1 5 6 8
1 5 6 9
1 4 8 8
1 4 8 9
1 5 8 8
1 5 8 9
1 5 10 8
1 5 10 9
1 5 11 8
2 4 4 8
2 4 4 9
2 5 4 8
2 5 4 9
2 4 6 8
2 4 6 9
2 5 6 8
2 5 6 9
2 4 8 8
2 4 8 9
2 5 8 8
2 5 8 9
2 5 10 8
2 5 10 9
2 5 11 8
3 8 12 10
4 4 6 8
4 4 6 9
4 4 6 10
4 5 6 8
4 5 6 9
4 5 6 10
4 4 8 8
4 4 8 9
4 4 8 10
4 5 8 8
4 5 8 9
4 5 8 10
4 5 10 8
4 5 10 9
4 5 10 10
4 5 11 8
4 8 12 10
5 8 12 10
6 3 8 8
6 3 8 9
6 3 8 10
6 4 8 8
6 4 8 9
6 4 8 10
6 5 8 8
6 5 8 9
6 5 8 10
6 5 10 8
6 5 10 9
6 5 10 10
6 3 11 5
6 3 11 8
6 5 11 8
6 8 12 10
6 3 13 8
7 3 11 5
7 8 12 10
8 5 10 8
8 5 10 9
8 5 10 10
8 3 11 5
8 3 11 8
8 5 11 8
8 8 12 10
8 3 13 8
9 2 11 5
9 3 11 5
9 8 12 10
10 8 12 10
11 3 13 8
