20 24
000000000000000000000000
000000000000000000000000
000000000000000000000000
000000000000000000000000
000000011111111111111000
011111111111111111111000
010001011000001110011000
010001011000001010011000
010001011000001010011000
010001011000001010011000
010001011000011110011000
010001011111111111111000
010001001000010100010000
010001001000111111111110
010001001000111100010010
010001001000100000010010
010001001000111111111110
010001001000000000010000
011111111111111111110000
000000000000000000000000
47
5 15 11 17
5 8 12 15
5 8 12 17
5 8 12 20
5 8 12 21
5 9 12 15
5 9 12 17
5 9 12 20
5 9 12 21
5 15 12 17
5 15 12 20
5 15 12 21
5 17 12 20
5 17 12 21
5 9 19 20
6 15 11 17
6 8 12 15
6 8 12 17
6 8 12 20
6 8 12 21
6 9 12 15
6 9 12 17
6 9 12 20
6 9 12 21
6 15 12 17
6 15 12 20
6 15 12 21
6 17 12 20
6 17 12 21
6 2 19 6
6 2 19 9
6 2 19 20
6 6 19 9
6 6 19 20
6 9 19 20
7 15 11 17
7 15 12 17
11 14 14 16
11 14 15 16
12 14 14 16
12 14 14 20
12 16 14 20
12 14 15 16
12 9 19 20
14 13 17 20
14 13 17 23
14 20 17 23
