24 23
00000000111110000000000
00000001111110000011110
00000001100110000010010
00000001111110000010010
00000001000100000010010
00000001001111111111111
00001111101100000010011
00001001101100000010011
00001001111111111110011
00001001101111111111111
00001001100100001010010
00001001100100001010010
00011111111110001010010
00011001100110001010010
00011001100111111010010
00011001100110011010010
00011001100110011010010
00011001111111111110010
00011001100110010010010
00011001100110010011110
00011111111110010000000
00000001100111110000000
00000001100100000000000
00000001111100000000000
90
1 9 4 12
1 9 4 13
2 8 4 12
2 8 4 13
2 9 4 12
2 9 4 13
2 19 6 22
2 8 9 12
2 19 10 22
2 8 13 12
2 8 18 12
2 19 20 22
2 8 21 12
2 8 24 12
4 8 9 12
4 8 13 12
4 8 18 12
4 8 21 12
4 8 24 12
6 11 9 19
6 12 9 19
6 11 10 19
6 11 10 22
6 11 10 23
6 12 10 19
6 12 10 22
6 12 10 23
6 19 10 22
6 19 10 23
6 12 18 19
6 19 20 22
7 5 13 8
7 5 13 9
7 5 21 8
7 5 21 9
9 8 13 12
9 9 13 12
9 12 15 17
9 8 18 12
9 8 18 17
9 8 18 19
9 9 18 12
9 9 18 17
9 9 18 19
9 12 18 17
9 12 18 19
9 17 18 19
9 8 21 12
9 9 21 12
9 8 24 12
9 9 24 12
10 12 15 17
10 12 18 17
10 12 18 19
10 17 18 19
10 19 20 22
13 8 18 12
13 8 18 13
13 9 18 12
13 9 18 13
13 4 21 8
13 4 21 9
13 4 21 12
13 4 21 13
13 5 21 8
13 5 21 9
13 5 21 12
13 5 21 13
13 8 21 12
13 8 21 13
13 9 21 12
13 9 21 13
13 8 24 12
13 9 24 12
15 12 18 16
15 12 18 17
15 13 18 16
15 13 18 17
15 12 22 16
15 13 22 16
18 8 21 12
18 8 21 13
18 9 21 12
18 9 21 13
18 12 22 16
18 13 22 16
18 8 24 12
18 9 24 12
21 8 24 12
21 9 24 12
