18 22
0000000000111111111111
0000000000100000000001
0000001111111111111101
0000001000100000000101
0000001000100000000101
0000001000100000000101
1111111000100000000101
1000011000100000000101
1000011111111111111101
1000011111111111111101
1000111111110000000101
1000111000110000000101
1000111000110000000101
1000111111111111111101
1000110000110000000001
1000110000110000000001
1111110000111111111111
0000111111110000000000
46
1 11 17 22
3 7 9 11
3 7 9 20
3 11 9 20
3 7 10 11
3 7 10 20
3 11 10 20
3 7 11 11
3 7 14 11
3 7 14 20
3 11 14 20
7 1 17 6
9 6 14 11
9 6 14 12
9 6 14 20
9 7 14 11
9 7 14 12
9 7 14 20
9 11 14 20
9 12 14 20
9 6 18 11
9 6 18 12
10 6 14 11
10 6 14 12
10 6 14 20
10 7 14 11
10 7 14 12
10 7 14 20
10 11 14 20
10 12 14 20
10 6 18 11
10 6 18 12
11 5 14 11
11 5 14 12
11 6 14 11
11 6 14 12
11 7 14 11
11 7 14 12
11 5 18 11
11 5 18 12
11 6 18 11
11 6 18 12
14 5 18 11
14 5 18 12
14 6 18 11
14 6 18 12
