11 24
111111111000000000000000
111111111111111111111100
100110011000000101000100
111111111111111111111100
100110011001100001000000
100110011111111111111000
100111111111111111001000
100111111111111111111000
100110011000000000000000
100111111000000000000000
111111111000000000000000
167
1 1 4 4
1 1 4 5
1 1 4 8
1 1 4 9
1 4 4 8
1 4 4 9
1 5 4 8
1 5 4 9
1 4 7 8
1 4 7 9
1 5 7 8
1 5 7 9
1 4 8 8
1 4 8 9
1 5 8 8
1 5 8 9
1 4 10 8
1 4 10 9
1 5 10 8
1 5 10 9
1 1 11 4
1 1 11 5
1 1 11 8
1 1 11 9
1 4 11 8
1 4 11 9
1 5 11 8
1 5 11 9
2 1 4 4
2 1 4 5
2 1 4 8
2 1 4 9
2 1 4 16
2 1 4 18
2 1 4 22
2 4 4 8
2 4 4 9
2 4 4 16
2 4 4 18
2 4 4 22
2 5 4 8
2 5 4 9
2 5 4 16
2 5 4 18
2 5 4 22
2 8 4 16
2 8 4 18
2 8 4 22
2 9 4 16
2 9 4 18
2 9 4 22
2 16 4 18
2 16 4 22
2 18 4 22
2 8 6 18
2 9 6 18
2 4 7 8
2 4 7 9
2 4 7 18
2 5 7 8
2 5 7 9
2 5 7 18
2 8 7 18
2 9 7 18
2 4 8 8
2 4 8 9
2 4 8 18
2 5 8 8
2 5 8 9
2 5 8 18
2 8 8 18
2 9 8 18
2 4 10 8
2 4 10 9
2 5 10 8
2 5 10 9
2 1 11 4
2 1 11 5
2 1 11 8
2 1 11 9
2 4 11 8
2 4 11 9
2 5 11 8
2 5 11 9
4 8 6 12
4 8 6 13
4 8 6 18
4 9 6 12
4 9 6 13
4 9 6 18
4 12 6 18
4 13 6 18
4 4 7 8
4 4 7 9
4 4 7 12
4 4 7 13
4 4 7 18
4 5 7 8
4 5 7 9
4 5 7 12
4 5 7 13
4 5 7 18
4 8 7 12
4 8 7 13
4 8 7 18
4 9 7 12
4 9 7 13
4 9 7 18
4 12 7 18
4 13 7 18
4 4 8 8
4 4 8 9
4 4 8 12
4 4 8 13
4 4 8 18
4 5 8 8
4 5 8 9
4 5 8 12
4 5 8 13
4 5 8 18
4 8 8 12
4 8 8 13
4 8 8 18
4 9 8 12
4 9 8 13
4 9 8 18
4 12 8 18
4 13 8 18
4 4 10 8
4 4 10 9
4 5 10 8
4 5 10 9
4 1 11 4
4 1 11 5
4 1 11 8
4 1 11 9
4 4 11 8
4 4 11 9
4 5 11 8
4 5 11 9
6 8 8 21
6 9 8 21
6 10 8 21
6 11 8 21
6 12 8 21
6 13 8 21
6 14 8 21
6 15 8 21
6 16 8 21
6 17 8 21
6 18 8 21
7 4 10 8
7 4 10 9
7 5 10 8
7 5 10 9
7 4 11 8
7 4 11 9
7 5 11 8
7 5 11 9
8 4 10 8
8 4 10 9
8 5 10 8
8 5 10 9
8 4 11 8
8 4 11 9
8 5 11 8
8 5 11 9
