20 21
000000000000000000000
000001111111111000000
001111111111111111110
001111111100001000010
001001000100001000010
001001000100001000010
001001000100001000010
001111111100001000010
001001000000001000010
001001111111111100010
001001100000001100010
001001100000001100010
001001100000001100010
001001100000001100010
001001111111111100010
001000111111111100010
001000000000000000010
001000000000000000010
001000000000000000010
001111111111111111110
18
2 6 8 10
2 6 10 15
2 6 15 15
3 3 8 6
3 3 8 10
3 6 8 10
3 6 10 15
3 6 15 15
3 3 20 20
4 3 8 6
4 3 8 10
4 6 8 10
10 6 15 15
10 6 15 16
10 7 15 15
10 7 15 16
10 7 16 15
10 7 16 16
