24 13
0000001111111
0000001000001
0000111111111
0000111000111
0000111000111
0000111111111
0111111111111
0100111110111
0111111111111
0100010110011
0100010110011
0100010110011
0100010110011
0100010110011
1111111110011
1100011111111
1100010110001
1111111111111
1111111110001
0100011111111
0100000010000
0100000010000
0111111110000
0000000000000
208
1 7 3 13
1 7 6 13
1 7 7 13
1 7 9 13
3 5 6 11
3 5 6 12
3 5 6 13
3 6 6 11
3 6 6 12
3 6 6 13
3 7 6 11
3 7 6 12
3 7 6 13
3 5 7 11
3 5 7 12
3 5 7 13
3 6 7 11
3 6 7 12
3 6 7 13
3 7 7 11
3 7 7 12
3 7 7 13
3 5 9 11
3 5 9 12
3 5 9 13
3 6 9 11
3 6 9 12
3 6 9 13
3 7 9 11
3 7 9 12
3 7 9 13
3 6 16 12
3 6 16 13
3 6 18 13
3 6 20 13
6 5 9 11
6 5 9 12
6 5 9 13
6 6 9 11
6 6 9 12
6 6 9 13
6 7 9 11
6 7 9 12
6 7 9 13
6 8 9 11
6 8 9 12
6 8 9 13
6 9 9 11
6 9 9 12
6 9 9 13
6 6 15 8
6 6 15 9
6 6 16 8
6 6 16 9
6 6 16 12
6 6 16 13
6 8 16 12
6 8 16 13
6 9 16 12
6 9 16 13
6 6 18 8
6 6 18 9
6 6 18 13
6 8 18 13
6 9 18 13
6 6 19 8
6 6 19 9
6 6 20 8
6 6 20 9
6 6 20 13
6 8 20 13
6 9 20 13
7 2 9 5
7 2 9 6
7 2 9 7
7 2 9 8
7 2 9 9
7 2 9 11
7 2 9 12
7 2 9 13
7 5 9 11
7 5 9 12
7 5 9 13
7 6 9 11
7 6 9 12
7 6 9 13
7 7 9 11
7 7 9 12
7 7 9 13
7 8 9 11
7 8 9 12
7 8 9 13
7 9 9 11
7 9 9 12
7 9 9 13
7 2 15 6
7 2 15 8
7 2 15 9
7 6 15 8
7 6 15 9
7 6 16 8
7 6 16 9
7 6 16 12
7 6 16 13
7 8 16 12
7 8 16 13
7 9 16 12
7 9 16 13
7 2 18 6
7 2 18 8
7 2 18 9
7 2 18 13
7 6 18 8
7 6 18 9
7 6 18 13
7 8 18 13
7 9 18 13
7 2 19 6
7 2 19 8
7 2 19 9
7 6 19 8
7 6 19 9
7 6 20 8
7 6 20 9
7 6 20 13
7 8 20 13
7 9 20 13
7 2 23 9
8 6 15 8
8 6 15 9
8 6 16 8
8 6 16 9
8 6 18 8
8 6 18 9
8 6 19 8
8 6 19 9
8 6 20 8
8 6 20 9
9 2 15 6
9 2 15 8
9 2 15 9
9 6 15 8
9 6 15 9
9 6 16 8
9 6 16 9
9 6 16 12
9 6 16 13
9 8 16 12
9 8 16 13
9 9 16 12
9 9 16 13
9 2 18 6
9 2 18 8
9 2 18 9
9 2 18 13
9 6 18 8
9 6 18 9
9 6 18 13
9 8 18 13
9 9 18 13
9 2 19 6
9 2 19 8
9 2 19 9
9 6 19 8
9 6 19 9
9 6 20 8
9 6 20 9
9 6 20 13
9 8 20 13
9 9 20 13
9 2 23 9
15 1 18 6
15 1 18 8
15 1 18 9
15 2 18 6
15 2 18 8
15 2 18 9
15 6 18 8
15 6 18 9
15 1 19 6
15 1 19 8
15 1 19 9
15 2 19 6
15 2 19 8
15 2 19 9
15 6 19 8
15 6 19 9
15 6 20 8
15 6 20 9
15 2 23 9
16 6 18 8
16 6 18 9
16 6 18 13
16 8 18 13
16 9 18 13
16 6 19 8
16 6 19 9
16 6 20 8
16 6 20 9
16 6 20 13
16 8 20 13
16 9 20 13
18 6 20 13
18 7 20 13
18 8 20 13
18 9 20 13
18 2 23 9
19 2 23 9
