25 12
000000000000
111111110000
101110010000
101010010000
101010010000
101010010000
101010010000
111111111110
111010010010
111010010010
111010010010
111010010010
111010010010
111010010010
111011110010
111010110010
111111111110
101010110000
101010110000
101010110000
111111110000
001010100000
001010100000
001110100000
000011100000
78
2 1 8 3
2 1 8 5
2 1 8 8
2 3 8 5
2 3 8 8
2 5 8 8
2 1 9 3
2 1 10 3
2 1 11 3
2 1 12 3
2 1 13 3
2 1 14 3
2 1 15 3
2 5 15 8
2 1 16 3
2 1 17 3
2 1 17 5
2 1 17 8
2 3 17 5
2 3 17 8
2 5 17 8
2 1 21 3
2 1 21 5
2 1 21 8
2 3 21 5
2 3 21 8
2 5 21 8
2 3 24 5
3 3 8 5
3 3 17 5
3 3 21 5
3 3 24 5
8 5 15 8
8 1 17 5
8 1 17 8
8 1 17 11
8 2 17 5
8 2 17 8
8 2 17 11
8 3 17 5
8 3 17 8
8 3 17 11
8 5 17 8
8 5 17 11
8 8 17 11
8 1 21 3
8 1 21 5
8 1 21 8
8 3 21 5
8 3 21 8
8 5 21 8
8 3 24 5
9 1 21 3
10 1 21 3
11 1 21 3
12 1 21 3
13 1 21 3
14 1 21 3
15 5 17 7
15 5 17 8
15 1 21 3
15 5 21 7
15 5 21 8
15 5 25 7
16 1 21 3
17 1 21 3
17 1 21 5
17 1 21 7
17 1 21 8
17 3 21 5
17 3 21 7
17 3 21 8
17 5 21 7
17 5 21 8
17 3 24 5
17 5 25 7
21 3 24 5
21 5 25 7
