19 19
0000000011111110000
1111111011111111110
1001111010000010010
1001001111110010010
1001111111111111110
1001001011010010000
1111111111010010000
0001001011010010000
0001111111010010000
0001001011010010000
0001001011111110000
0001111111010000111
0000101100010000101
0000101111111100111
0000101111110100000
0000100111111100000
0000100100000000000
0000111100000000000
0000000000000000000
70
1 9 5 15
1 9 11 15
2 4 5 7
2 9 5 15
2 9 5 18
2 15 5 18
2 1 7 4
2 1 7 7
2 4 7 7
2 4 9 7
2 9 11 15
2 4 12 7
3 4 5 7
3 4 7 7
3 4 9 7
3 4 12 7
4 7 7 9
4 7 7 10
4 7 9 9
4 7 9 10
4 9 11 12
4 10 11 12
4 7 12 9
4 7 12 10
4 7 14 12
4 7 15 12
5 4 7 7
5 4 7 9
5 4 7 10
5 7 7 9
5 7 7 10
5 4 9 7
5 4 9 9
5 4 9 10
5 7 9 9
5 7 9 10
5 9 11 12
5 9 11 15
5 10 11 12
5 10 11 15
5 12 11 15
5 4 12 7
5 4 12 9
5 4 12 10
5 7 12 9
5 7 12 10
5 7 14 12
5 7 15 12
7 4 9 7
7 4 9 9
7 4 9 10
7 7 9 9
7 7 9 10
7 4 12 7
7 4 12 9
7 4 12 10
7 7 12 9
7 7 12 10
9 4 12 7
9 4 12 9
9 4 12 10
9 7 12 9
9 7 12 10
12 17 14 19
12 5 18 8
14 8 16 14
14 9 16 14
14 10 16 14
14 11 16 14
14 12 16 14
