11 25
1111111111111111111111111
1111111111111111111111111
1111111111111111111111111
1111111111111111111111111
1111111111111111111111111
1111111111111111111011111
1111111111111111111111111
1111111111111111111111111
1111111111111111111111111
1111111111111111111111111
1111111111111111111111111
2375
1 1 7 21
1 1 7 22
1 1 7 23
1 1 7 24
1 1 7 25
1 2 7 21
1 2 7 22
1 2 7 23
1 2 7 24
1 2 7 25
1 3 7 21
1 3 7 22
1 3 7 23
1 3 7 24
1 3 7 25
1 4 7 21
1 4 7 22
1 4 7 23
1 4 7 24
1 4 7 25
1 5 7 21
1 5 7 22
1 5 7 23
1 5 7 24
1 5 7 25
1 6 7 21
1 6 7 22
1 6 7 23
1 6 7 24
1 6 7 25
1 7 7 21
1 7 7 22
1 7 7 23
1 7 7 24
1 7 7 25
1 8 7 21
1 8 7 22
1 8 7 23
1 8 7 24
1 8 7 25
1 9 7 21
1 9 7 22
1 9 7 23
1 9 7 24
1 9 7 25
1 10 7 21
1 10 7 22
1 10 7 23
1 10 7 24
1 10 7 25
1 11 7 21
1 11 7 22
1 11 7 23
1 11 7 24
1 11 7 25
1 12 7 21
1 12 7 22
1 12 7 23
1 12 7 24
1 12 7 25
1 13 7 21
1 13 7 22
1 13 7 23
1 13 7 24
1 13 7 25
1 14 7 21
1 14 7 22
1 14 7 23
1 14 7 24
1 14 7 25
1 15 7 21
1 15 7 22
1 15 7 23
1 15 7 24
1 15 7 25
1 16 7 21
1 16 7 22
1 16 7 23
1 16 7 24
1 16 7 25
1 17 7 21
1 17 7 22
1 17 7 23
1 17 7 24
1 17 7 25
1 18 7 21
1 18 7 22
1 18 7 23
1 18 7 24
1 18 7 25
1 19 7 21
1 19 7 22
1 19 7 23
1 19 7 24
1 19 7 25
1 1 8 21
1 1 8 22
1 1 8 23
1 1 8 24
1 1 8 25
1 2 8 21
1 2 8 22
1 2 8 23
1 2 8 24
1 2 8 25
1 3 8 21
1 3 8 22
1 3 8 23
1 3 8 24
1 3 8 25
1 4 8 21
1 4 8 22
1 4 8 23
1 4 8 24
1 4 8 25
1 5 8 21
1 5 8 22
1 5 8 23
1 5 8 24
1 5 8 25
1 6 8 21
1 6 8 22
1 6 8 23
1 6 8 24
1 6 8 25
1 7 8 21
1 7 8 22
1 7 8 23
1 7 8 24
1 7 8 25
1 8 8 21
1 8 8 22
1 8 8 23
1 8 8 24
1 8 8 25
1 9 8 21
1 9 8 22
1 9 8 23
1 9 8 24
1 9 8 25
1 10 8 21
1 10 8 22
1 10 8 23
1 10 8 24
1 10 8 25
1 11 8 21
1 11 8 22
1 11 8 23
1 11 8 24
1 11 8 25
1 12 8 21
1 12 8 22
1 12 8 23
1 12 8 24
1 12 8 25
1 13 8 21
1 13 8 22
1 13 8 23
1 13 8 24
1 13 8 25
1 14 8 21
1 14 8 22
1 14 8 23
1 14 8 24
1 14 8 25
1 15 8 21
1 15 8 22
1 15 8 23
1 15 8 24
1 15 8 25
1 16 8 21
1 16 8 22
1 16 8 23
1 16 8 24
1 16 8 25
1 17 8 21
1 17 8 22
1 17 8 23
1 17 8 24
1 17 8 25
1 18 8 21
1 18 8 22
1 18 8 23
1 18 8 24
1 18 8 25
1 19 8 21
1 19 8 22
1 19 8 23
1 19 8 24
1 19 8 25
1 1 9 21
1 1 9 22
1 1 9 23
1 1 9 24
1 1 9 25
1 2 9 21
1 2 9 22
1 2 9 23
1 2 9 24
1 2 9 25
1 3 9 21
1 3 9 22
1 3 9 23
1 3 9 24
1 3 9 25
1 4 9 21
1 4 9 22
1 4 9 23
1 4 9 24
1 4 9 25
1 5 9 21
1 5 9 22
1 5 9 23
1 5 9 24
1 5 9 25
1 6 9 21
1 6 9 22
1 6 9 23
1 6 9 24
1 6 9 25
1 7 9 21
1 7 9 22
1 7 9 23
1 7 9 24
1 7 9 25
1 8 9 21
1 8 9 22
1 8 9 23
1 8 9 24
1 8 9 25
1 9 9 21
1 9 9 22
1 9 9 23
1 9 9 24
1 9 9 25
1 10 9 21
1 10 9 22
1 10 9 23
1 10 9 24
1 10 9 25
1 11 9 21
1 11 9 22
1 11 9 23
1 11 9 24
1 11 9 25
1 12 9 21
1 12 9 22
1 12 9 23
1 12 9 24
1 12 9 25
1 13 9 21
1 13 9 22
1 13 9 23
1 13 9 24
1 13 9 25
1 14 9 21
1 14 9 22
1 14 9 23
1 14 9 24
1 14 9 25
1 15 9 21
1 15 9 22
1 15 9 23
1 15 9 24
1 15 9 25
1 16 9 21
1 16 9 22
1 16 9 23
1 16 9 24
1 16 9 25
1 17 9 21
1 17 9 22
1 17 9 23
1 17 9 24
1 17 9 25
1 18 9 21
1 18 9 22
1 18 9 23
1 18 9 24
1 18 9 25
1 19 9 21
1 19 9 22
1 19 9 23
1 19 9 24
1 19 9 25
1 1 10 21
1 1 10 22
1 1 10 23
1 1 10 24
1 1 10 25
1 2 10 21
1 2 10 22
1 2 10 23
1 2 10 24
1 2 10 25
1 3 10 21
1 3 10 22
1 3 10 23
1 3 10 24
1 3 10 25
1 4 10 21
1 4 10 22
1 4 10 23
1 4 10 24
1 4 10 25
1 5 10 21
1 5 10 22
1 5 10 23
1 5 10 24
1 5 10 25
1 6 10 21
1 6 10 22
1 6 10 23
1 6 10 24
1 6 10 25
1 7 10 21
1 7 10 22
1 7 10 23
1 7 10 24
1 7 10 25
1 8 10 21
1 8 10 22
1 8 10 23
1 8 10 24
1 8 10 25
1 9 10 21
1 9 10 22
1 9 10 23
1 9 10 24
1 9 10 25
1 10 10 21
1 10 10 22
1 10 10 23
1 10 10 24
1 10 10 25
1 11 10 21
1 11 10 22
1 11 10 23
1 11 10 24
1 11 10 25
1 12 10 21
1 12 10 22
1 12 10 23
1 12 10 24
1 12 10 25
1 13 10 21
1 13 10 22
1 13 10 23
1 13 10 24
1 13 10 25
1 14 10 21
1 14 10 22
1 14 10 23
1 14 10 24
1 14 10 25
1 15 10 21
1 15 10 22
1 15 10 23
1 15 10 24
1 15 10 25
1 16 10 21
1 16 10 22
1 16 10 23
1 16 10 24
1 16 10 25
1 17 10 21
1 17 10 22
1 17 10 23
1 17 10 24
1 17 10 25
1 18 10 21
1 18 10 22
1 18 10 23
1 18 10 24
1 18 10 25
1 19 10 21
1 19 10 22
1 19 10 23
1 19 10 24
1 19 10 25
1 1 11 21
1 1 11 22
1 1 11 23
1 1 11 24
1 1 11 25
1 2 11 21
1 2 11 22
1 2 11 23
1 2 11 24
1 2 11 25
1 3 11 21
1 3 11 22
1 3 11 23
1 3 11 24
1 3 11 25
1 4 11 21
1 4 11 22
1 4 11 23
1 4 11 24
1 4 11 25
1 5 11 21
1 5 11 22
1 5 11 23
1 5 11 24
1 5 11 25
1 6 11 21
1 6 11 22
1 6 11 23
1 6 11 24
1 6 11 25
1 7 11 21
1 7 11 22
1 7 11 23
1 7 11 24
1 7 11 25
1 8 11 21
1 8 11 22
1 8 11 23
1 8 11 24
1 8 11 25
1 9 11 21
1 9 11 22
1 9 11 23
1 9 11 24
1 9 11 25
1 10 11 21
1 10 11 22
1 10 11 23
1 10 11 24
1 10 11 25
1 11 11 21
1 11 11 22
1 11 11 23
1 11 11 24
1 11 11 25
1 12 11 21
1 12 11 22
1 12 11 23
1 12 11 24
1 12 11 25
1 13 11 21
1 13 11 22
1 13 11 23
1 13 11 24
1 13 11 25
1 14 11 21
1 14 11 22
1 14 11 23
1 14 11 24
1 14 11 25
1 15 11 21
1 15 11 22
1 15 11 23
1 15 11 24
1 15 11 25
1 16 11 21
1 16 11 22
1 16 11 23
1 16 11 24
1 16 11 25
1 17 11 21
1 17 11 22
1 17 11 23
1 17 11 24
1 17 11 25
1 18 11 21
1 18 11 22
1 18 11 23
1 18 11 24
1 18 11 25
1 19 11 21
1 19 11 22
1 19 11 23
1 19 11 24
1 19 11 25
2 1 7 21
2 1 7 22
2 1 7 23
2 1 7 24
2 1 7 25
2 2 7 21
2 2 7 22
2 2 7 23
2 2 7 24
2 2 7 25
2 3 7 21
2 3 7 22
2 3 7 23
2 3 7 24
2 3 7 25
2 4 7 21
2 4 7 22
2 4 7 23
2 4 7 24
2 4 7 25
2 5 7 21
2 5 7 22
2 5 7 23
2 5 7 24
2 5 7 25
2 6 7 21
2 6 7 22
2 6 7 23
2 6 7 24
2 6 7 25
2 7 7 21
2 7 7 22
2 7 7 23
2 7 7 24
2 7 7 25
2 8 7 21
2 8 7 22
2 8 7 23
2 8 7 24
2 8 7 25
2 9 7 21
2 9 7 22
2 9 7 23
2 9 7 24
2 9 7 25
2 10 7 21
2 10 7 22
2 10 7 23
2 10 7 24
2 10 7 25
2 11 7 21
2 11 7 22
2 11 7 23
2 11 7 24
2 11 7 25
2 12 7 21
2 12 7 22
2 12 7 23
2 12 7 24
2 12 7 25
2 13 7 21
2 13 7 22
2 13 7 23
2 13 7 24
2 13 7 25
2 14 7 21
2 14 7 22
2 14 7 23
2 14 7 24
2 14 7 25
2 15 7 21
2 15 7 22
2 15 7 23
2 15 7 24
2 15 7 25
2 16 7 21
2 16 7 22
2 16 7 23
2 16 7 24
2 16 7 25
2 17 7 21
2 17 7 22
2 17 7 23
2 17 7 24
2 17 7 25
2 18 7 21
2 18 7 22
2 18 7 23
2 18 7 24
2 18 7 25
2 19 7 21
2 19 7 22
2 19 7 23
2 19 7 24
2 19 7 25
2 1 8 21
2 1 8 22
2 1 8 23
2 1 8 24
2 1 8 25
2 2 8 21
2 2 8 22
2 2 8 23
2 2 8 24
2 2 8 25
2 3 8 21
2 3 8 22
2 3 8 23
2 3 8 24
2 3 8 25
2 4 8 21
2 4 8 22
2 4 8 23
2 4 8 24
2 4 8 25
2 5 8 21
2 5 8 22
2 5 8 23
2 5 8 24
2 5 8 25
2 6 8 21
2 6 8 22
2 6 8 23
2 6 8 24
2 6 8 25
2 7 8 21
2 7 8 22
2 7 8 23
2 7 8 24
2 7 8 25
2 8 8 21
2 8 8 22
2 8 8 23
2 8 8 24
2 8 8 25
2 9 8 21
2 9 8 22
2 9 8 23
2 9 8 24
2 9 8 25
2 10 8 21
2 10 8 22
2 10 8 23
2 10 8 24
2 10 8 25
2 11 8 21
2 11 8 22
2 11 8 23
2 11 8 24
2 11 8 25
2 12 8 21
2 12 8 22
2 12 8 23
2 12 8 24
2 12 8 25
2 13 8 21
2 13 8 22
2 13 8 23
2 13 8 24
2 13 8 25
2 14 8 21
2 14 8 22
2 14 8 23
2 14 8 24
2 14 8 25
2 15 8 21
2 15 8 22
2 15 8 23
2 15 8 24
2 15 8 25
2 16 8 21
2 16 8 22
2 16 8 23
2 16 8 24
2 16 8 25
2 17 8 21
2 17 8 22
2 17 8 23
2 17 8 24
2 17 8 25
2 18 8 21
2 18 8 22
2 18 8 23
2 18 8 24
2 18 8 25
2 19 8 21
2 19 8 22
2 19 8 23
2 19 8 24
2 19 8 25
2 1 9 21
2 1 9 22
2 1 9 23
2 1 9 24
2 1 9 25
2 2 9 21
2 2 9 22
2 2 9 23
2 2 9 24
2 2 9 25
2 3 9 21
2 3 9 22
2 3 9 23
2 3 9 24
2 3 9 25
2 4 9 21
2 4 9 22
2 4 9 23
2 4 9 24
2 4 9 25
2 5 9 21
2 5 9 22
2 5 9 23
2 5 9 24
2 5 9 25
2 6 9 21
2 6 9 22
2 6 9 23
2 6 9 24
2 6 9 25
2 7 9 21
2 7 9 22
2 7 9 23
2 7 9 24
2 7 9 25
2 8 9 21
2 8 9 22
2 8 9 23
2 8 9 24
2 8 9 25
2 9 9 21
2 9 9 22
2 9 9 23
2 9 9 24
2 9 9 25
2 10 9 21
2 10 9 22
2 10 9 23
2 10 9 24
2 10 9 25
2 11 9 21
2 11 9 22
2 11 9 23
2 11 9 24
2 11 9 25
2 12 9 21
2 12 9 22
2 12 9 23
2 12 9 24
2 12 9 25
2 13 9 21
2 13 9 22
2 13 9 23
2 13 9 24
2 13 9 25
2 14 9 21
2 14 9 22
2 14 9 23
2 14 9 24
2 14 9 25
2 15 9 21
2 15 9 22
2 15 9 23
2 15 9 24
2 15 9 25
2 16 9 21
2 16 9 22
2 16 9 23
2 16 9 24
2 16 9 25
2 17 9 21
2 17 9 22
2 17 9 23
2 17 9 24
2 17 9 25
2 18 9 21
2 18 9 22
2 18 9 23
2 18 9 24
2 18 9 25
2 19 9 21
2 19 9 22
2 19 9 23
2 19 9 24
2 19 9 25
2 1 10 21
2 1 10 22
2 1 10 23
2 1 10 24
2 1 10 25
2 2 10 21
2 2 10 22
2 2 10 23
2 2 10 24
2 2 10 25
2 3 10 21
2 3 10 22
2 3 10 23
2 3 10 24
2 3 10 25
2 4 10 21
2 4 10 22
2 4 10 23
2 4 10 24
2 4 10 25
2 5 10 21
2 5 10 22
2 5 10 23
2 5 10 24
2 5 10 25
2 6 10 21
2 6 10 22
2 6 10 23
2 6 10 24
2 6 10 25
2 7 10 21
2 7 10 22
2 7 10 23
2 7 10 24
2 7 10 25
2 8 10 21
2 8 10 22
2 8 10 23
2 8 10 24
2 8 10 25
2 9 10 21
2 9 10 22
2 9 10 23
2 9 10 24
2 9 10 25
2 10 10 21
2 10 10 22
2 10 10 23
2 10 10 24
2 10 10 25
2 11 10 21
2 11 10 22
2 11 10 23
2 11 10 24
2 11 10 25
2 12 10 21
2 12 10 22
2 12 10 23
2 12 10 24
2 12 10 25
2 13 10 21
2 13 10 22
2 13 10 23
2 13 10 24
2 13 10 25
2 14 10 21
2 14 10 22
2 14 10 23
2 14 10 24
2 14 10 25
2 15 10 21
2 15 10 22
2 15 10 23
2 15 10 24
2 15 10 25
2 16 10 21
2 16 10 22
2 16 10 23
2 16 10 24
2 16 10 25
2 17 10 21
2 17 10 22
2 17 10 23
2 17 10 24
2 17 10 25
2 18 10 21
2 18 10 22
2 18 10 23
2 18 10 24
2 18 10 25
2 19 10 21
2 19 10 22
2 19 10 23
2 19 10 24
2 19 10 25
2 1 11 21
2 1 11 22
2 1 11 23
2 1 11 24
2 1 11 25
2 2 11 21
2 2 11 22
2 2 11 23
2 2 11 24
2 2 11 25
2 3 11 21
2 3 11 22
2 3 11 23
2 3 11 24
2 3 11 25
2 4 11 21
2 4 11 22
2 4 11 23
2 4 11 24
2 4 11 25
2 5 11 21
2 5 11 22
2 5 11 23
2 5 11 24
2 5 11 25
2 6 11 21
2 6 11 22
2 6 11 23
2 6 11 24
2 6 11 25
2 7 11 21
2 7 11 22
2 7 11 23
2 7 11 24
2 7 11 25
2 8 11 21
2 8 11 22
2 8 11 23
2 8 11 24
2 8 11 25
2 9 11 21
2 9 11 22
2 9 11 23
2 9 11 24
2 9 11 25
2 10 11 21
2 10 11 22
2 10 11 23
2 10 11 24
2 10 11 25
2 11 11 21
2 11 11 22
2 11 11 23
2 11 11 24
2 11 11 25
2 12 11 21
2 12 11 22
2 12 11 23
2 12 11 24
2 12 11 25
2 13 11 21
2 13 11 22
2 13 11 23
2 13 11 24
2 13 11 25
2 14 11 21
2 14 11 22
2 14 11 23
2 14 11 24
2 14 11 25
2 15 11 21
2 15 11 22
2 15 11 23
2 15 11 24
2 15 11 25
2 16 11 21
2 16 11 22
2 16 11 23
2 16 11 24
2 16 11 25
2 17 11 21
2 17 11 22
2 17 11 23
2 17 11 24
2 17 11 25
2 18 11 21
2 18 11 22
2 18 11 23
2 18 11 24
2 18 11 25
2 19 11 21
2 19 11 22
2 19 11 23
2 19 11 24
2 19 11 25
3 1 7 21
3 1 7 22
3 1 7 23
3 1 7 24
3 1 7 25
3 2 7 21
3 2 7 22
3 2 7 23
3 2 7 24
3 2 7 25
3 3 7 21
3 3 7 22
3 3 7 23
3 3 7 24
3 3 7 25
3 4 7 21
3 4 7 22
3 4 7 23
3 4 7 24
3 4 7 25
3 5 7 21
3 5 7 22
3 5 7 23
3 5 7 24
3 5 7 25
3 6 7 21
3 6 7 22
3 6 7 23
3 6 7 24
3 6 7 25
3 7 7 21
3 7 7 22
3 7 7 23
3 7 7 24
3 7 7 25
3 8 7 21
3 8 7 22
3 8 7 23
3 8 7 24
3 8 7 25
3 9 7 21
3 9 7 22
3 9 7 23
3 9 7 24
3 9 7 25
3 10 7 21
3 10 7 22
3 10 7 23
3 10 7 24
3 10 7 25
3 11 7 21
3 11 7 22
3 11 7 23
3 11 7 24
3 11 7 25
3 12 7 21
3 12 7 22
3 12 7 23
3 12 7 24
3 12 7 25
3 13 7 21
3 13 7 22
3 13 7 23
3 13 7 24
3 13 7 25
3 14 7 21
3 14 7 22
3 14 7 23
3 14 7 24
3 14 7 25
3 15 7 21
3 15 7 22
3 15 7 23
3 15 7 24
3 15 7 25
3 16 7 21
3 16 7 22
3 16 7 23
3 16 7 24
3 16 7 25
3 17 7 21
3 17 7 22
3 17 7 23
3 17 7 24
3 17 7 25
3 18 7 21
3 18 7 22
3 18 7 23
3 18 7 24
3 18 7 25
3 19 7 21
3 19 7 22
3 19 7 23
3 19 7 24
3 19 7 25
3 1 8 21
3 1 8 22
3 1 8 23
3 1 8 24
3 1 8 25
3 2 8 21
3 2 8 22
3 2 8 23
3 2 8 24
3 2 8 25
3 3 8 21
3 3 8 22
3 3 8 23
3 3 8 24
3 3 8 25
3 4 8 21
3 4 8 22
3 4 8 23
3 4 8 24
3 4 8 25
3 5 8 21
3 5 8 22
3 5 8 23
3 5 8 24
3 5 8 25
3 6 8 21
3 6 8 22
3 6 8 23
3 6 8 24
3 6 8 25
3 7 8 21
3 7 8 22
3 7 8 23
3 7 8 24
3 7 8 25
3 8 8 21
3 8 8 22
3 8 8 23
3 8 8 24
3 8 8 25
3 9 8 21
3 9 8 22
3 9 8 23
3 9 8 24
3 9 8 25
3 10 8 21
3 10 8 22
3 10 8 23
3 10 8 24
3 10 8 25
3 11 8 21
3 11 8 22
3 11 8 23
3 11 8 24
3 11 8 25
3 12 8 21
3 12 8 22
3 12 8 23
3 12 8 24
3 12 8 25
3 13 8 21
3 13 8 22
3 13 8 23
3 13 8 24
3 13 8 25
3 14 8 21
3 14 8 22
3 14 8 23
3 14 8 24
3 14 8 25
3 15 8 21
3 15 8 22
3 15 8 23
3 15 8 24
3 15 8 25
3 16 8 21
3 16 8 22
3 16 8 23
3 16 8 24
3 16 8 25
3 17 8 21
3 17 8 22
3 17 8 23
3 17 8 24
3 17 8 25
3 18 8 21
3 18 8 22
3 18 8 23
3 18 8 24
3 18 8 25
3 19 8 21
3 19 8 22
3 19 8 23
3 19 8 24
3 19 8 25
3 1 9 21
3 1 9 22
3 1 9 23
3 1 9 24
3 1 9 25
3 2 9 21
3 2 9 22
3 2 9 23
3 2 9 24
3 2 9 25
3 3 9 21
3 3 9 22
3 3 9 23
3 3 9 24
3 3 9 25
3 4 9 21
3 4 9 22
3 4 9 23
3 4 9 24
3 4 9 25
3 5 9 21
3 5 9 22
3 5 9 23
3 5 9 24
3 5 9 25
3 6 9 21
3 6 9 22
3 6 9 23
3 6 9 24
3 6 9 25
3 7 9 21
3 7 9 22
3 7 9 23
3 7 9 24
3 7 9 25
3 8 9 21
3 8 9 22
3 8 9 23
3 8 9 24
3 8 9 25
3 9 9 21
3 9 9 22
3 9 9 23
3 9 9 24
3 9 9 25
3 10 9 21
3 10 9 22
3 10 9 23
3 10 9 24
3 10 9 25
3 11 9 21
3 11 9 22
3 11 9 23
3 11 9 24
3 11 9 25
3 12 9 21
3 12 9 22
3 12 9 23
3 12 9 24
3 12 9 25
3 13 9 21
3 13 9 22
3 13 9 23
3 13 9 24
3 13 9 25
3 14 9 21
3 14 9 22
3 14 9 23
3 14 9 24
3 14 9 25
3 15 9 21
3 15 9 22
3 15 9 23
3 15 9 24
3 15 9 25
3 16 9 21
3 16 9 22
3 16 9 23
3 16 9 24
3 16 9 25
3 17 9 21
3 17 9 22
3 17 9 23
3 17 9 24
3 17 9 25
3 18 9 21
3 18 9 22
3 18 9 23
3 18 9 24
3 18 9 25
3 19 9 21
3 19 9 22
3 19 9 23
3 19 9 24
3 19 9 25
3 1 10 21
3 1 10 22
3 1 10 23
3 1 10 24
3 1 10 25
3 2 10 21
3 2 10 22
3 2 10 23
3 2 10 24
3 2 10 25
3 3 10 21
3 3 10 22
3 3 10 23
3 3 10 24
3 3 10 25
3 4 10 21
3 4 10 22
3 4 10 23
3 4 10 24
3 4 10 25
3 5 10 21
3 5 10 22
3 5 10 23
3 5 10 24
3 5 10 25
3 6 10 21
3 6 10 22
3 6 10 23
3 6 10 24
3 6 10 25
3 7 10 21
3 7 10 22
3 7 10 23
3 7 10 24
3 7 10 25
3 8 10 21
3 8 10 22
3 8 10 23
3 8 10 24
3 8 10 25
3 9 10 21
3 9 10 22
3 9 10 23
3 9 10 24
3 9 10 25
3 10 10 21
3 10 10 22
3 10 10 23
3 10 10 24
3 10 10 25
3 11 10 21
3 11 10 22
3 11 10 23
3 11 10 24
3 11 10 25
3 12 10 21
3 12 10 22
3 12 10 23
3 12 10 24
3 12 10 25
3 13 10 21
3 13 10 22
3 13 10 23
3 13 10 24
3 13 10 25
3 14 10 21
3 14 10 22
3 14 10 23
3 14 10 24
3 14 10 25
3 15 10 21
3 15 10 22
3 15 10 23
3 15 10 24
3 15 10 25
3 16 10 21
3 16 10 22
3 16 10 23
3 16 10 24
3 16 10 25
3 17 10 21
3 17 10 22
3 17 10 23
3 17 10 24
3 17 10 25
3 18 10 21
3 18 10 22
3 18 10 23
3 18 10 24
3 18 10 25
3 19 10 21
3 19 10 22
3 19 10 23
3 19 10 24
3 19 10 25
3 1 11 21
3 1 11 22
3 1 11 23
3 1 11 24
3 1 11 25
3 2 11 21
3 2 11 22
3 2 11 23
3 2 11 24
3 2 11 25
3 3 11 21
3 3 11 22
3 3 11 23
3 3 11 24
3 3 11 25
3 4 11 21
3 4 11 22
3 4 11 23
3 4 11 24
3 4 11 25
3 5 11 21
3 5 11 22
3 5 11 23
3 5 11 24
3 5 11 25
3 6 11 21
3 6 11 22
3 6 11 23
3 6 11 24
3 6 11 25
3 7 11 21
3 7 11 22
3 7 11 23
3 7 11 24
3 7 11 25
3 8 11 21
3 8 11 22
3 8 11 23
3 8 11 24
3 8 11 25
3 9 11 21
3 9 11 22
3 9 11 23
3 9 11 24
3 9 11 25
3 10 11 21
3 10 11 22
3 10 11 23
3 10 11 24
3 10 11 25
3 11 11 21
3 11 11 22
3 11 11 23
3 11 11 24
3 11 11 25
3 12 11 21
3 12 11 22
3 12 11 23
3 12 11 24
3 12 11 25
3 13 11 21
3 13 11 22
3 13 11 23
3 13 11 24
3 13 11 25
3 14 11 21
3 14 11 22
3 14 11 23
3 14 11 24
3 14 11 25
3 15 11 21
3 15 11 22
3 15 11 23
3 15 11 24
3 15 11 25
3 16 11 21
3 16 11 22
3 16 11 23
3 16 11 24
3 16 11 25
3 17 11 21
3 17 11 22
3 17 11 23
3 17 11 24
3 17 11 25
3 18 11 21
3 18 11 22
3 18 11 23
3 18 11 24
3 18 11 25
3 19 11 21
3 19 11 22
3 19 11 23
3 19 11 24
3 19 11 25
4 1 7 21
4 1 7 22
4 1 7 23
4 1 7 24
4 1 7 25
4 2 7 21
4 2 7 22
4 2 7 23
4 2 7 24
4 2 7 25
4 3 7 21
4 3 7 22
4 3 7 23
4 3 7 24
4 3 7 25
4 4 7 21
4 4 7 22
4 4 7 23
4 4 7 24
4 4 7 25
4 5 7 21
4 5 7 22
4 5 7 23
4 5 7 24
4 5 7 25
4 6 7 21
4 6 7 22
4 6 7 23
4 6 7 24
4 6 7 25
4 7 7 21
4 7 7 22
4 7 7 23
4 7 7 24
4 7 7 25
4 8 7 21
4 8 7 22
4 8 7 23
4 8 7 24
4 8 7 25
4 9 7 21
4 9 7 22
4 9 7 23
4 9 7 24
4 9 7 25
4 10 7 21
4 10 7 22
4 10 7 23
4 10 7 24
4 10 7 25
4 11 7 21
4 11 7 22
4 11 7 23
4 11 7 24
4 11 7 25
4 12 7 21
4 12 7 22
4 12 7 23
4 12 7 24
4 12 7 25
4 13 7 21
4 13 7 22
4 13 7 23
4 13 7 24
4 13 7 25
4 14 7 21
4 14 7 22
4 14 7 23
4 14 7 24
4 14 7 25
4 15 7 21
4 15 7 22
4 15 7 23
4 15 7 24
4 15 7 25
4 16 7 21
4 16 7 22
4 16 7 23
4 16 7 24
4 16 7 25
4 17 7 21
4 17 7 22
4 17 7 23
4 17 7 24
4 17 7 25
4 18 7 21
4 18 7 22
4 18 7 23
4 18 7 24
4 18 7 25
4 19 7 21
4 19 7 22
4 19 7 23
4 19 7 24
4 19 7 25
4 1 8 21
4 1 8 22
4 1 8 23
4 1 8 24
4 1 8 25
4 2 8 21
4 2 8 22
4 2 8 23
4 2 8 24
4 2 8 25
4 3 8 21
4 3 8 22
4 3 8 23
4 3 8 24
4 3 8 25
4 4 8 21
4 4 8 22
4 4 8 23
4 4 8 24
4 4 8 25
4 5 8 21
4 5 8 22
4 5 8 23
4 5 8 24
4 5 8 25
4 6 8 21
4 6 8 22
4 6 8 23
4 6 8 24
4 6 8 25
4 7 8 21
4 7 8 22
4 7 8 23
4 7 8 24
4 7 8 25
4 8 8 21
4 8 8 22
4 8 8 23
4 8 8 24
4 8 8 25
4 9 8 21
4 9 8 22
4 9 8 23
4 9 8 24
4 9 8 25
4 10 8 21
4 10 8 22
4 10 8 23
4 10 8 24
4 10 8 25
4 11 8 21
4 11 8 22
4 11 8 23
4 11 8 24
4 11 8 25
4 12 8 21
4 12 8 22
4 12 8 23
4 12 8 24
4 12 8 25
4 13 8 21
4 13 8 22
4 13 8 23
4 13 8 24
4 13 8 25
4 14 8 21
4 14 8 22
4 14 8 23
4 14 8 24
4 14 8 25
4 15 8 21
4 15 8 22
4 15 8 23
4 15 8 24
4 15 8 25
4 16 8 21
4 16 8 22
4 16 8 23
4 16 8 24
4 16 8 25
4 17 8 21
4 17 8 22
4 17 8 23
4 17 8 24
4 17 8 25
4 18 8 21
4 18 8 22
4 18 8 23
4 18 8 24
4 18 8 25
4 19 8 21
4 19 8 22
4 19 8 23
4 19 8 24
4 19 8 25
4 1 9 21
4 1 9 22
4 1 9 23
4 1 9 24
4 1 9 25
4 2 9 21
4 2 9 22
4 2 9 23
4 2 9 24
4 2 9 25
4 3 9 21
4 3 9 22
4 3 9 23
4 3 9 24
4 3 9 25
4 4 9 21
4 4 9 22
4 4 9 23
4 4 9 24
4 4 9 25
4 5 9 21
4 5 9 22
4 5 9 23
4 5 9 24
4 5 9 25
4 6 9 21
4 6 9 22
4 6 9 23
4 6 9 24
4 6 9 25
4 7 9 21
4 7 9 22
4 7 9 23
4 7 9 24
4 7 9 25
4 8 9 21
4 8 9 22
4 8 9 23
4 8 9 24
4 8 9 25
4 9 9 21
4 9 9 22
4 9 9 23
4 9 9 24
4 9 9 25
4 10 9 21
4 10 9 22
4 10 9 23
4 10 9 24
4 10 9 25
4 11 9 21
4 11 9 22
4 11 9 23
4 11 9 24
4 11 9 25
4 12 9 21
4 12 9 22
4 12 9 23
4 12 9 24
4 12 9 25
4 13 9 21
4 13 9 22
4 13 9 23
4 13 9 24
4 13 9 25
4 14 9 21
4 14 9 22
4 14 9 23
4 14 9 24
4 14 9 25
4 15 9 21
4 15 9 22
4 15 9 23
4 15 9 24
4 15 9 25
4 16 9 21
4 16 9 22
4 16 9 23
4 16 9 24
4 16 9 25
4 17 9 21
4 17 9 22
4 17 9 23
4 17 9 24
4 17 9 25
4 18 9 21
4 18 9 22
4 18 9 23
4 18 9 24
4 18 9 25
4 19 9 21
4 19 9 22
4 19 9 23
4 19 9 24
4 19 9 25
4 1 10 21
4 1 10 22
4 1 10 23
4 1 10 24
4 1 10 25
4 2 10 21
4 2 10 22
4 2 10 23
4 2 10 24
4 2 10 25
4 3 10 21
4 3 10 22
4 3 10 23
4 3 10 24
4 3 10 25
4 4 10 21
4 4 10 22
4 4 10 23
4 4 10 24
4 4 10 25
4 5 10 21
4 5 10 22
4 5 10 23
4 5 10 24
4 5 10 25
4 6 10 21
4 6 10 22
4 6 10 23
4 6 10 24
4 6 10 25
4 7 10 21
4 7 10 22
4 7 10 23
4 7 10 24
4 7 10 25
4 8 10 21
4 8 10 22
4 8 10 23
4 8 10 24
4 8 10 25
4 9 10 21
4 9 10 22
4 9 10 23
4 9 10 24
4 9 10 25
4 10 10 21
4 10 10 22
4 10 10 23
4 10 10 24
4 10 10 25
4 11 10 21
4 11 10 22
4 11 10 23
4 11 10 24
4 11 10 25
4 12 10 21
4 12 10 22
4 12 10 23
4 12 10 24
4 12 10 25
4 13 10 21
4 13 10 22
4 13 10 23
4 13 10 24
4 13 10 25
4 14 10 21
4 14 10 22
4 14 10 23
4 14 10 24
4 14 10 25
4 15 10 21
4 15 10 22
4 15 10 23
4 15 10 24
4 15 10 25
4 16 10 21
4 16 10 22
4 16 10 23
4 16 10 24
4 16 10 25
4 17 10 21
4 17 10 22
4 17 10 23
4 17 10 24
4 17 10 25
4 18 10 21
4 18 10 22
4 18 10 23
4 18 10 24
4 18 10 25
4 19 10 21
4 19 10 22
4 19 10 23
4 19 10 24
4 19 10 25
4 1 11 21
4 1 11 22
4 1 11 23
4 1 11 24
4 1 11 25
4 2 11 21
4 2 11 22
4 2 11 23
4 2 11 24
4 2 11 25
4 3 11 21
4 3 11 22
4 3 11 23
4 3 11 24
4 3 11 25
4 4 11 21
4 4 11 22
4 4 11 23
4 4 11 24
4 4 11 25
4 5 11 21
4 5 11 22
4 5 11 23
4 5 11 24
4 5 11 25
4 6 11 21
4 6 11 22
4 6 11 23
4 6 11 24
4 6 11 25
4 7 11 21
4 7 11 22
4 7 11 23
4 7 11 24
4 7 11 25
4 8 11 21
4 8 11 22
4 8 11 23
4 8 11 24
4 8 11 25
4 9 11 21
4 9 11 22
4 9 11 23
4 9 11 24
4 9 11 25
4 10 11 21
4 10 11 22
4 10 11 23
4 10 11 24
4 10 11 25
4 11 11 21
4 11 11 22
4 11 11 23
4 11 11 24
4 11 11 25
4 12 11 21
4 12 11 22
4 12 11 23
4 12 11 24
4 12 11 25
4 13 11 21
4 13 11 22
4 13 11 23
4 13 11 24
4 13 11 25
4 14 11 21
4 14 11 22
4 14 11 23
4 14 11 24
4 14 11 25
4 15 11 21
4 15 11 22
4 15 11 23
4 15 11 24
4 15 11 25
4 16 11 21
4 16 11 22
4 16 11 23
4 16 11 24
4 16 11 25
4 17 11 21
4 17 11 22
4 17 11 23
4 17 11 24
4 17 11 25
4 18 11 21
4 18 11 22
4 18 11 23
4 18 11 24
4 18 11 25
4 19 11 21
4 19 11 22
4 19 11 23
4 19 11 24
4 19 11 25
5 1 7 21
5 1 7 22
5 1 7 23
5 1 7 24
5 1 7 25
5 2 7 21
5 2 7 22
5 2 7 23
5 2 7 24
5 2 7 25
5 3 7 21
5 3 7 22
5 3 7 23
5 3 7 24
5 3 7 25
5 4 7 21
5 4 7 22
5 4 7 23
5 4 7 24
5 4 7 25
5 5 7 21
5 5 7 22
5 5 7 23
5 5 7 24
5 5 7 25
5 6 7 21
5 6 7 22
5 6 7 23
5 6 7 24
5 6 7 25
5 7 7 21
5 7 7 22
5 7 7 23
5 7 7 24
5 7 7 25
5 8 7 21
5 8 7 22
5 8 7 23
5 8 7 24
5 8 7 25
5 9 7 21
5 9 7 22
5 9 7 23
5 9 7 24
5 9 7 25
5 10 7 21
5 10 7 22
5 10 7 23
5 10 7 24
5 10 7 25
5 11 7 21
5 11 7 22
5 11 7 23
5 11 7 24
5 11 7 25
5 12 7 21
5 12 7 22
5 12 7 23
5 12 7 24
5 12 7 25
5 13 7 21
5 13 7 22
5 13 7 23
5 13 7 24
5 13 7 25
5 14 7 21
5 14 7 22
5 14 7 23
5 14 7 24
5 14 7 25
5 15 7 21
5 15 7 22
5 15 7 23
5 15 7 24
5 15 7 25
5 16 7 21
5 16 7 22
5 16 7 23
5 16 7 24
5 16 7 25
5 17 7 21
5 17 7 22
5 17 7 23
5 17 7 24
5 17 7 25
5 18 7 21
5 18 7 22
5 18 7 23
5 18 7 24
5 18 7 25
5 19 7 21
5 19 7 22
5 19 7 23
5 19 7 24
5 19 7 25
5 1 8 21
5 1 8 22
5 1 8 23
5 1 8 24
5 1 8 25
5 2 8 21
5 2 8 22
5 2 8 23
5 2 8 24
5 2 8 25
5 3 8 21
5 3 8 22
5 3 8 23
5 3 8 24
5 3 8 25
5 4 8 21
5 4 8 22
5 4 8 23
5 4 8 24
5 4 8 25
5 5 8 21
5 5 8 22
5 5 8 23
5 5 8 24
5 5 8 25
5 6 8 21
5 6 8 22
5 6 8 23
5 6 8 24
5 6 8 25
5 7 8 21
5 7 8 22
5 7 8 23
5 7 8 24
5 7 8 25
5 8 8 21
5 8 8 22
5 8 8 23
5 8 8 24
5 8 8 25
5 9 8 21
5 9 8 22
5 9 8 23
5 9 8 24
5 9 8 25
5 10 8 21
5 10 8 22
5 10 8 23
5 10 8 24
5 10 8 25
5 11 8 21
5 11 8 22
5 11 8 23
5 11 8 24
5 11 8 25
5 12 8 21
5 12 8 22
5 12 8 23
5 12 8 24
5 12 8 25
5 13 8 21
5 13 8 22
5 13 8 23
5 13 8 24
5 13 8 25
5 14 8 21
5 14 8 22
5 14 8 23
5 14 8 24
5 14 8 25
5 15 8 21
5 15 8 22
5 15 8 23
5 15 8 24
5 15 8 25
5 16 8 21
5 16 8 22
5 16 8 23
5 16 8 24
5 16 8 25
5 17 8 21
5 17 8 22
5 17 8 23
5 17 8 24
5 17 8 25
5 18 8 21
5 18 8 22
5 18 8 23
5 18 8 24
5 18 8 25
5 19 8 21
5 19 8 22
5 19 8 23
5 19 8 24
5 19 8 25
5 1 9 21
5 1 9 22
5 1 9 23
5 1 9 24
5 1 9 25
5 2 9 21
5 2 9 22
5 2 9 23
5 2 9 24
5 2 9 25
5 3 9 21
5 3 9 22
5 3 9 23
5 3 9 24
5 3 9 25
5 4 9 21
5 4 9 22
5 4 9 23
5 4 9 24
5 4 9 25
5 5 9 21
5 5 9 22
5 5 9 23
5 5 9 24
5 5 9 25
5 6 9 21
5 6 9 22
5 6 9 23
5 6 9 24
5 6 9 25
5 7 9 21
5 7 9 22
5 7 9 23
5 7 9 24
5 7 9 25
5 8 9 21
5 8 9 22
5 8 9 23
5 8 9 24
5 8 9 25
5 9 9 21
5 9 9 22
5 9 9 23
5 9 9 24
5 9 9 25
5 10 9 21
5 10 9 22
5 10 9 23
5 10 9 24
5 10 9 25
5 11 9 21
5 11 9 22
5 11 9 23
5 11 9 24
5 11 9 25
5 12 9 21
5 12 9 22
5 12 9 23
5 12 9 24
5 12 9 25
5 13 9 21
5 13 9 22
5 13 9 23
5 13 9 24
5 13 9 25
5 14 9 21
5 14 9 22
5 14 9 23
5 14 9 24
5 14 9 25
5 15 9 21
5 15 9 22
5 15 9 23
5 15 9 24
5 15 9 25
5 16 9 21
5 16 9 22
5 16 9 23
5 16 9 24
5 16 9 25
5 17 9 21
5 17 9 22
5 17 9 23
5 17 9 24
5 17 9 25
5 18 9 21
5 18 9 22
5 18 9 23
5 18 9 24
5 18 9 25
5 19 9 21
5 19 9 22
5 19 9 23
5 19 9 24
5 19 9 25
5 1 10 21
5 1 10 22
5 1 10 23
5 1 10 24
5 1 10 25
5 2 10 21
5 2 10 22
5 2 10 23
5 2 10 24
5 2 10 25
5 3 10 21
5 3 10 22
5 3 10 23
5 3 10 24
5 3 10 25
5 4 10 21
5 4 10 22
5 4 10 23
5 4 10 24
5 4 10 25
5 5 10 21
5 5 10 22
5 5 10 23
5 5 10 24
5 5 10 25
5 6 10 21
5 6 10 22
5 6 10 23
5 6 10 24
5 6 10 25
5 7 10 21
5 7 10 22
5 7 10 23
5 7 10 24
5 7 10 25
5 8 10 21
5 8 10 22
5 8 10 23
5 8 10 24
5 8 10 25
5 9 10 21
5 9 10 22
5 9 10 23
5 9 10 24
5 9 10 25
5 10 10 21
5 10 10 22
5 10 10 23
5 10 10 24
5 10 10 25
5 11 10 21
5 11 10 22
5 11 10 23
5 11 10 24
5 11 10 25
5 12 10 21
5 12 10 22
5 12 10 23
5 12 10 24
5 12 10 25
5 13 10 21
5 13 10 22
5 13 10 23
5 13 10 24
5 13 10 25
5 14 10 21
5 14 10 22
5 14 10 23
5 14 10 24
5 14 10 25
5 15 10 21
5 15 10 22
5 15 10 23
5 15 10 24
5 15 10 25
5 16 10 21
5 16 10 22
5 16 10 23
5 16 10 24
5 16 10 25
5 17 10 21
5 17 10 22
5 17 10 23
5 17 10 24
5 17 10 25
5 18 10 21
5 18 10 22
5 18 10 23
5 18 10 24
5 18 10 25
5 19 10 21
5 19 10 22
5 19 10 23
5 19 10 24
5 19 10 25
5 1 11 21
5 1 11 22
5 1 11 23
5 1 11 24
5 1 11 25
5 2 11 21
5 2 11 22
5 2 11 23
5 2 11 24
5 2 11 25
5 3 11 21
5 3 11 22
5 3 11 23
5 3 11 24
5 3 11 25
5 4 11 21
5 4 11 22
5 4 11 23
5 4 11 24
5 4 11 25
5 5 11 21
5 5 11 22
5 5 11 23
5 5 11 24
5 5 11 25
5 6 11 21
5 6 11 22
5 6 11 23
5 6 11 24
5 6 11 25
5 7 11 21
5 7 11 22
5 7 11 23
5 7 11 24
5 7 11 25
5 8 11 21
5 8 11 22
5 8 11 23
5 8 11 24
5 8 11 25
5 9 11 21
5 9 11 22
5 9 11 23
5 9 11 24
5 9 11 25
5 10 11 21
5 10 11 22
5 10 11 23
5 10 11 24
5 10 11 25
5 11 11 21
5 11 11 22
5 11 11 23
5 11 11 24
5 11 11 25
5 12 11 21
5 12 11 22
5 12 11 23
5 12 11 24
5 12 11 25
5 13 11 21
5 13 11 22
5 13 11 23
5 13 11 24
5 13 11 25
5 14 11 21
5 14 11 22
5 14 11 23
5 14 11 24
5 14 11 25
5 15 11 21
5 15 11 22
5 15 11 23
5 15 11 24
5 15 11 25
5 16 11 21
5 16 11 22
5 16 11 23
5 16 11 24
5 16 11 25
5 17 11 21
5 17 11 22
5 17 11 23
5 17 11 24
5 17 11 25
5 18 11 21
5 18 11 22
5 18 11 23
5 18 11 24
5 18 11 25
5 19 11 21
5 19 11 22
5 19 11 23
5 19 11 24
5 19 11 25
