20 12
000000000000
000000000000
000000000000
001111111111
001010100001
111111111111
101011100011
111111111111
111011111111
111111111111
110011000011
111111000011
111111111111
111111111111
000001000001
000011111111
000010000001
000010000001
000011111111
000000000000
178
4 3 6 5
4 3 6 7
4 3 6 12
4 5 6 7
4 5 6 12
4 7 6 12
4 5 7 7
4 3 8 5
4 3 8 7
4 3 8 12
4 5 8 7
4 5 8 12
4 7 8 12
4 5 9 7
4 5 9 12
4 7 9 12
4 3 10 5
4 3 10 7
4 3 10 12
4 5 10 7
4 5 10 12
4 7 10 12
4 5 13 12
4 5 14 12
6 1 8 3
6 1 8 5
6 1 8 6
6 1 8 7
6 1 8 11
6 1 8 12
6 3 8 5
6 3 8 6
6 3 8 7
6 3 8 11
6 3 8 12
6 5 8 11
6 5 8 12
6 6 8 11
6 6 8 12
6 7 8 11
6 7 8 12
6 1 9 3
6 5 9 11
6 5 9 12
6 6 9 11
6 6 9 12
6 7 9 11
6 7 9 12
6 1 10 3
6 1 10 5
6 1 10 6
6 1 10 7
6 1 10 11
6 1 10 12
6 3 10 5
6 3 10 6
6 3 10 7
6 3 10 11
6 3 10 12
6 5 10 11
6 5 10 12
6 6 10 11
6 6 10 12
6 7 10 11
6 7 10 12
6 1 12 5
6 1 12 6
6 1 13 5
6 1 13 6
6 1 13 11
6 1 13 12
6 5 13 11
6 5 13 12
6 6 13 11
6 6 13 12
6 1 14 5
6 1 14 6
6 1 14 11
6 1 14 12
6 5 14 11
6 5 14 12
6 6 14 11
6 6 14 12
6 6 16 12
8 1 10 5
8 1 10 6
8 1 10 7
8 1 10 8
8 1 10 9
8 1 10 10
8 1 10 11
8 1 10 12
8 2 10 5
8 2 10 6
8 2 10 7
8 2 10 8
8 2 10 9
8 2 10 10
8 2 10 11
8 2 10 12
8 3 10 5
8 3 10 6
8 3 10 7
8 3 10 8
8 3 10 9
8 3 10 10
8 3 10 11
8 3 10 12
8 1 12 5
8 1 12 6
8 2 12 5
8 2 12 6
8 1 13 5
8 1 13 6
8 1 13 11
8 1 13 12
8 2 13 5
8 2 13 6
8 2 13 11
8 2 13 12
8 5 13 11
8 5 13 12
8 6 13 11
8 6 13 12
8 1 14 5
8 1 14 6
8 1 14 11
8 1 14 12
8 2 14 5
8 2 14 6
8 2 14 11
8 2 14 12
8 5 14 11
8 5 14 12
8 6 14 11
8 6 14 12
8 6 16 12
9 5 13 11
9 5 13 12
9 6 13 11
9 6 13 12
9 5 14 11
9 5 14 12
9 6 14 11
9 6 14 12
9 6 16 12
10 1 12 5
10 1 12 6
10 2 12 5
10 2 12 6
10 1 13 5
10 1 13 6
10 1 13 11
10 1 13 12
10 2 13 5
10 2 13 6
10 2 13 11
10 2 13 12
10 5 13 11
10 5 13 12
10 6 13 11
10 6 13 12
10 1 14 5
10 1 14 6
10 1 14 11
10 1 14 12
10 2 14 5
10 2 14 6
10 2 14 11
10 2 14 12
10 5 14 11
10 5 14 12
10 6 14 11
10 6 14 12
10 6 16 12
13 6 16 12
14 6 16 12
16 5 19 12
