25 18
001111111111111110
011111111111111111
011111111111111111
011111111111110011
011111111111111111
011111111111111111
011111111111111111
111111111111111111
111111111111111111
111111111111111111
111111111111111111
111111111111111111
111111111111111111
111111111111111111
111111111111111111
111111111111111111
111111111111111111
111111111111111111
111111111111111111
111111111111111111
111111111111111111
111111111111111111
111111111111111111
100001111111111111
111111111111111111
1514
1 3 5 17
1 4 5 17
1 5 5 17
1 6 5 17
1 7 5 17
1 8 5 17
1 9 5 17
1 10 5 17
1 11 5 17
1 12 5 17
1 13 5 17
1 14 5 17
1 3 6 17
1 4 6 17
1 5 6 17
1 6 6 17
1 7 6 17
1 8 6 17
1 9 6 17
1 10 6 17
1 11 6 17
1 12 6 17
1 13 6 17
1 14 6 17
1 3 7 17
1 4 7 17
1 5 7 17
1 6 7 17
1 7 7 17
1 8 7 17
1 9 7 17
1 10 7 17
1 11 7 17
1 12 7 17
1 13 7 17
1 14 7 17
1 3 8 17
1 4 8 17
1 5 8 17
1 6 8 17
1 7 8 17
1 8 8 17
1 9 8 17
1 10 8 17
1 11 8 17
1 12 8 17
1 13 8 17
1 14 8 17
1 3 9 17
1 4 9 17
1 5 9 17
1 6 9 17
1 7 9 17
1 8 9 17
1 9 9 17
1 10 9 17
1 11 9 17
1 12 9 17
1 13 9 17
1 14 9 17
1 3 10 17
1 4 10 17
1 5 10 17
1 6 10 17
1 7 10 17
1 8 10 17
1 9 10 17
1 10 10 17
1 11 10 17
1 12 10 17
1 13 10 17
1 14 10 17
1 3 11 17
1 4 11 17
1 5 11 17
1 6 11 17
1 7 11 17
1 8 11 17
1 9 11 17
1 10 11 17
1 11 11 17
1 12 11 17
1 13 11 17
1 14 11 17
1 3 12 17
1 4 12 17
1 5 12 17
1 6 12 17
1 7 12 17
1 8 12 17
1 9 12 17
1 10 12 17
1 11 12 17
1 12 12 17
1 13 12 17
1 14 12 17
1 3 13 17
1 4 13 17
1 5 13 17
1 6 13 17
1 7 13 17
1 8 13 17
1 9 13 17
1 10 13 17
1 11 13 17
1 12 13 17
1 13 13 17
1 14 13 17
1 3 14 17
1 4 14 17
1 5 14 17
1 6 14 17
1 7 14 17
1 8 14 17
1 9 14 17
1 10 14 17
1 11 14 17
1 12 14 17
1 13 14 17
1 14 14 17
1 3 15 17
1 4 15 17
1 5 15 17
1 6 15 17
1 7 15 17
1 8 15 17
1 9 15 17
1 10 15 17
1 11 15 17
1 12 15 17
1 13 15 17
1 14 15 17
1 3 16 17
1 4 16 17
1 5 16 17
1 6 16 17
1 7 16 17
1 8 16 17
1 9 16 17
1 10 16 17
1 11 16 17
1 12 16 17
1 13 16 17
1 14 16 17
1 3 17 17
1 4 17 17
1 5 17 17
1 6 17 17
1 7 17 17
1 8 17 17
1 9 17 17
1 10 17 17
1 11 17 17
1 12 17 17
1 13 17 17
1 14 17 17
1 3 18 17
1 4 18 17
1 5 18 17
1 6 18 17
1 7 18 17
1 8 18 17
1 9 18 17
1 10 18 17
1 11 18 17
1 12 18 17
1 13 18 17
1 14 18 17
1 3 19 17
1 4 19 17
1 5 19 17
1 6 19 17
1 7 19 17
1 8 19 17
1 9 19 17
1 10 19 17
1 11 19 17
1 12 19 17
1 13 19 17
1 14 19 17
1 3 20 17
1 4 20 17
1 5 20 17
1 6 20 17
1 7 20 17
1 8 20 17
1 9 20 17
1 10 20 17
1 11 20 17
1 12 20 17
1 13 20 17
1 14 20 17
1 3 21 17
1 4 21 17
1 5 21 17
1 6 21 17
1 7 21 17
1 8 21 17
1 9 21 17
1 10 21 17
1 11 21 17
1 12 21 17
1 13 21 17
1 14 21 17
1 3 22 17
1 4 22 17
1 5 22 17
1 6 22 17
1 7 22 17
1 8 22 17
1 9 22 17
1 10 22 17
1 11 22 17
1 12 22 17
1 13 22 17
1 14 22 17
1 3 23 17
1 4 23 17
1 5 23 17
1 6 23 17
1 7 23 17
1 8 23 17
1 9 23 17
1 10 23 17
1 11 23 17
1 12 23 17
1 13 23 17
1 14 23 17
1 6 24 17
1 7 24 17
1 8 24 17
1 9 24 17
1 10 24 17
1 11 24 17
1 12 24 17
1 13 24 17
1 14 24 17
1 6 25 17
1 7 25 17
1 8 25 17
1 9 25 17
1 10 25 17
1 11 25 17
1 12 25 17
1 13 25 17
1 14 25 17
2 2 5 17
2 2 5 18
2 3 5 17
2 3 5 18
2 4 5 17
2 4 5 18
2 5 5 17
2 5 5 18
2 6 5 17
2 6 5 18
2 7 5 17
2 7 5 18
2 8 5 17
2 8 5 18
2 9 5 17
2 9 5 18
2 10 5 17
2 10 5 18
2 11 5 17
2 11 5 18
2 12 5 17
2 12 5 18
2 13 5 17
2 13 5 18
2 14 5 17
2 14 5 18
2 2 6 17
2 2 6 18
2 3 6 17
2 3 6 18
2 4 6 17
2 4 6 18
2 5 6 17
2 5 6 18
2 6 6 17
2 6 6 18
2 7 6 17
2 7 6 18
2 8 6 17
2 8 6 18
2 9 6 17
2 9 6 18
2 10 6 17
2 10 6 18
2 11 6 17
2 11 6 18
2 12 6 17
2 12 6 18
2 13 6 17
2 13 6 18
2 14 6 17
2 14 6 18
2 2 7 17
2 2 7 18
2 3 7 17
2 3 7 18
2 4 7 17
2 4 7 18
2 5 7 17
2 5 7 18
2 6 7 17
2 6 7 18
2 7 7 17
2 7 7 18
2 8 7 17
2 8 7 18
2 9 7 17
2 9 7 18
2 10 7 17
2 10 7 18
2 11 7 17
2 11 7 18
2 12 7 17
2 12 7 18
2 13 7 17
2 13 7 18
2 14 7 17
2 14 7 18
2 2 8 17
2 2 8 18
2 3 8 17
2 3 8 18
2 4 8 17
2 4 8 18
2 5 8 17
2 5 8 18
2 6 8 17
2 6 8 18
2 7 8 17
2 7 8 18
2 8 8 17
2 8 8 18
2 9 8 17
2 9 8 18
2 10 8 17
2 10 8 18
2 11 8 17
2 11 8 18
2 12 8 17
2 12 8 18
2 13 8 17
2 13 8 18
2 14 8 17
2 14 8 18
2 2 9 17
2 2 9 18
2 3 9 17
2 3 9 18
2 4 9 17
2 4 9 18
2 5 9 17
2 5 9 18
2 6 9 17
2 6 9 18
2 7 9 17
2 7 9 18
2 8 9 17
2 8 9 18
2 9 9 17
2 9 9 18
2 10 9 17
2 10 9 18
2 11 9 17
2 11 9 18
2 12 9 17
2 12 9 18
2 13 9 17
2 13 9 18
2 14 9 17
2 14 9 18
2 2 10 17
2 2 10 18
2 3 10 17
2 3 10 18
2 4 10 17
2 4 10 18
2 5 10 17
2 5 10 18
2 6 10 17
2 6 10 18
2 7 10 17
2 7 10 18
2 8 10 17
2 8 10 18
2 9 10 17
2 9 10 18
2 10 10 17
2 10 10 18
2 11 10 17
2 11 10 18
2 12 10 17
2 12 10 18
2 13 10 17
2 13 10 18
2 14 10 17
2 14 10 18
2 2 11 17
2 2 11 18
2 3 11 17
2 3 11 18
2 4 11 17
2 4 11 18
2 5 11 17
2 5 11 18
2 6 11 17
2 6 11 18
2 7 11 17
2 7 11 18
2 8 11 17
2 8 11 18
2 9 11 17
2 9 11 18
2 10 11 17
2 10 11 18
2 11 11 17
2 11 11 18
2 12 11 17
2 12 11 18
2 13 11 17
2 13 11 18
2 14 11 17
2 14 11 18
2 2 12 17
2 2 12 18
2 3 12 17
2 3 12 18
2 4 12 17
2 4 12 18
2 5 12 17
2 5 12 18
2 6 12 17
2 6 12 18
2 7 12 17
2 7 12 18
2 8 12 17
2 8 12 18
2 9 12 17
2 9 12 18
2 10 12 17
2 10 12 18
2 11 12 17
2 11 12 18
2 12 12 17
2 12 12 18
2 13 12 17
2 13 12 18
2 14 12 17
2 14 12 18
2 2 13 17
2 2 13 18
2 3 13 17
2 3 13 18
2 4 13 17
2 4 13 18
2 5 13 17
2 5 13 18
2 6 13 17
2 6 13 18
2 7 13 17
2 7 13 18
2 8 13 17
2 8 13 18
2 9 13 17
2 9 13 18
2 10 13 17
2 10 13 18
2 11 13 17
2 11 13 18
2 12 13 17
2 12 13 18
2 13 13 17
2 13 13 18
2 14 13 17
2 14 13 18
2 2 14 17
2 2 14 18
2 3 14 17
2 3 14 18
2 4 14 17
2 4 14 18
2 5 14 17
2 5 14 18
2 6 14 17
2 6 14 18
2 7 14 17
2 7 14 18
2 8 14 17
2 8 14 18
2 9 14 17
2 9 14 18
2 10 14 17
2 10 14 18
2 11 14 17
2 11 14 18
2 12 14 17
2 12 14 18
2 13 14 17
2 13 14 18
2 14 14 17
2 14 14 18
2 2 15 17
2 2 15 18
2 3 15 17
2 3 15 18
2 4 15 17
2 4 15 18
2 5 15 17
2 5 15 18
2 6 15 17
2 6 15 18
2 7 15 17
2 7 15 18
2 8 15 17
2 8 15 18
2 9 15 17
2 9 15 18
2 10 15 17
2 10 15 18
2 11 15 17
2 11 15 18
2 12 15 17
2 12 15 18
2 13 15 17
2 13 15 18
2 14 15 17
2 14 15 18
2 2 16 17
2 2 16 18
2 3 16 17
2 3 16 18
2 4 16 17
2 4 16 18
2 5 16 17
2 5 16 18
2 6 16 17
2 6 16 18
2 7 16 17
2 7 16 18
2 8 16 17
2 8 16 18
2 9 16 17
2 9 16 18
2 10 16 17
2 10 16 18
2 11 16 17
2 11 16 18
2 12 16 17
2 12 16 18
2 13 16 17
2 13 16 18
2 14 16 17
2 14 16 18
2 2 17 17
2 2 17 18
2 3 17 17
2 3 17 18
2 4 17 17
2 4 17 18
2 5 17 17
2 5 17 18
2 6 17 17
2 6 17 18
2 7 17 17
2 7 17 18
2 8 17 17
2 8 17 18
2 9 17 17
2 9 17 18
2 10 17 17
2 10 17 18
2 11 17 17
2 11 17 18
2 12 17 17
2 12 17 18
2 13 17 17
2 13 17 18
2 14 17 17
2 14 17 18
2 2 18 17
2 2 18 18
2 3 18 17
2 3 18 18
2 4 18 17
2 4 18 18
2 5 18 17
2 5 18 18
2 6 18 17
2 6 18 18
2 7 18 17
2 7 18 18
2 8 18 17
2 8 18 18
2 9 18 17
2 9 18 18
2 10 18 17
2 10 18 18
2 11 18 17
2 11 18 18
2 12 18 17
2 12 18 18
2 13 18 17
2 13 18 18
2 14 18 17
2 14 18 18
2 2 19 17
2 2 19 18
2 3 19 17
2 3 19 18
2 4 19 17
2 4 19 18
2 5 19 17
2 5 19 18
2 6 19 17
2 6 19 18
2 7 19 17
2 7 19 18
2 8 19 17
2 8 19 18
2 9 19 17
2 9 19 18
2 10 19 17
2 10 19 18
2 11 19 17
2 11 19 18
2 12 19 17
2 12 19 18
2 13 19 17
2 13 19 18
2 14 19 17
2 14 19 18
2 2 20 17
2 2 20 18
2 3 20 17
2 3 20 18
2 4 20 17
2 4 20 18
2 5 20 17
2 5 20 18
2 6 20 17
2 6 20 18
2 7 20 17
2 7 20 18
2 8 20 17
2 8 20 18
2 9 20 17
2 9 20 18
2 10 20 17
2 10 20 18
2 11 20 17
2 11 20 18
2 12 20 17
2 12 20 18
2 13 20 17
2 13 20 18
2 14 20 17
2 14 20 18
2 2 21 17
2 2 21 18
2 3 21 17
2 3 21 18
2 4 21 17
2 4 21 18
2 5 21 17
2 5 21 18
2 6 21 17
2 6 21 18
2 7 21 17
2 7 21 18
2 8 21 17
2 8 21 18
2 9 21 17
2 9 21 18
2 10 21 17
2 10 21 18
2 11 21 17
2 11 21 18
2 12 21 17
2 12 21 18
2 13 21 17
2 13 21 18
2 14 21 17
2 14 21 18
2 2 22 17
2 2 22 18
2 3 22 17
2 3 22 18
2 4 22 17
2 4 22 18
2 5 22 17
2 5 22 18
2 6 22 17
2 6 22 18
2 7 22 17
2 7 22 18
2 8 22 17
2 8 22 18
2 9 22 17
2 9 22 18
2 10 22 17
2 10 22 18
2 11 22 17
2 11 22 18
2 12 22 17
2 12 22 18
2 13 22 17
2 13 22 18
2 14 22 17
2 14 22 18
2 2 23 17
2 2 23 18
2 3 23 17
2 3 23 18
2 4 23 17
2 4 23 18
2 5 23 17
2 5 23 18
2 6 23 17
2 6 23 18
2 7 23 17
2 7 23 18
2 8 23 17
2 8 23 18
2 9 23 17
2 9 23 18
2 10 23 17
2 10 23 18
2 11 23 17
2 11 23 18
2 12 23 17
2 12 23 18
2 13 23 17
2 13 23 18
2 14 23 17
2 14 23 18
2 6 24 17
2 6 24 18
2 7 24 17
2 7 24 18
2 8 24 17
2 8 24 18
2 9 24 17
2 9 24 18
2 10 24 17
2 10 24 18
2 11 24 17
2 11 24 18
2 12 24 17
2 12 24 18
2 13 24 17
2 13 24 18
2 14 24 17
2 14 24 18
2 6 25 17
2 6 25 18
2 7 25 17
2 7 25 18
2 8 25 17
2 8 25 18
2 9 25 17
2 9 25 18
2 10 25 17
2 10 25 18
2 11 25 17
2 11 25 18
2 12 25 17
2 12 25 18
2 13 25 17
2 13 25 18
2 14 25 17
2 14 25 18
3 2 5 17
3 2 5 18
3 3 5 17
3 3 5 18
3 4 5 17
3 4 5 18
3 5 5 17
3 5 5 18
3 6 5 17
3 6 5 18
3 7 5 17
3 7 5 18
3 8 5 17
3 8 5 18
3 9 5 17
3 9 5 18
3 10 5 17
3 10 5 18
3 11 5 17
3 11 5 18
3 12 5 17
3 12 5 18
3 13 5 17
3 13 5 18
3 14 5 17
3 14 5 18
3 2 6 17
3 2 6 18
3 3 6 17
3 3 6 18
3 4 6 17
3 4 6 18
3 5 6 17
3 5 6 18
3 6 6 17
3 6 6 18
3 7 6 17
3 7 6 18
3 8 6 17
3 8 6 18
3 9 6 17
3 9 6 18
3 10 6 17
3 10 6 18
3 11 6 17
3 11 6 18
3 12 6 17
3 12 6 18
3 13 6 17
3 13 6 18
3 14 6 17
3 14 6 18
3 2 7 17
3 2 7 18
3 3 7 17
3 3 7 18
3 4 7 17
3 4 7 18
3 5 7 17
3 5 7 18
3 6 7 17
3 6 7 18
3 7 7 17
3 7 7 18
3 8 7 17
3 8 7 18
3 9 7 17
3 9 7 18
3 10 7 17
3 10 7 18
3 11 7 17
3 11 7 18
3 12 7 17
3 12 7 18
3 13 7 17
3 13 7 18
3 14 7 17
3 14 7 18
3 2 8 17
3 2 8 18
3 3 8 17
3 3 8 18
3 4 8 17
3 4 8 18
3 5 8 17
3 5 8 18
3 6 8 17
3 6 8 18
3 7 8 17
3 7 8 18
3 8 8 17
3 8 8 18
3 9 8 17
3 9 8 18
3 10 8 17
3 10 8 18
3 11 8 17
3 11 8 18
3 12 8 17
3 12 8 18
3 13 8 17
3 13 8 18
3 14 8 17
3 14 8 18
3 2 9 17
3 2 9 18
3 3 9 17
3 3 9 18
3 4 9 17
3 4 9 18
3 5 9 17
3 5 9 18
3 6 9 17
3 6 9 18
3 7 9 17
3 7 9 18
3 8 9 17
3 8 9 18
3 9 9 17
3 9 9 18
3 10 9 17
3 10 9 18
3 11 9 17
3 11 9 18
3 12 9 17
3 12 9 18
3 13 9 17
3 13 9 18
3 14 9 17
3 14 9 18
3 2 10 17
3 2 10 18
3 3 10 17
3 3 10 18
3 4 10 17
3 4 10 18
3 5 10 17
3 5 10 18
3 6 10 17
3 6 10 18
3 7 10 17
3 7 10 18
3 8 10 17
3 8 10 18
3 9 10 17
3 9 10 18
3 10 10 17
3 10 10 18
3 11 10 17
3 11 10 18
3 12 10 17
3 12 10 18
3 13 10 17
3 13 10 18
3 14 10 17
3 14 10 18
3 2 11 17
3 2 11 18
3 3 11 17
3 3 11 18
3 4 11 17
3 4 11 18
3 5 11 17
3 5 11 18
3 6 11 17
3 6 11 18
3 7 11 17
3 7 11 18
3 8 11 17
3 8 11 18
3 9 11 17
3 9 11 18
3 10 11 17
3 10 11 18
3 11 11 17
3 11 11 18
3 12 11 17
3 12 11 18
3 13 11 17
3 13 11 18
3 14 11 17
3 14 11 18
3 2 12 17
3 2 12 18
3 3 12 17
3 3 12 18
3 4 12 17
3 4 12 18
3 5 12 17
3 5 12 18
3 6 12 17
3 6 12 18
3 7 12 17
3 7 12 18
3 8 12 17
3 8 12 18
3 9 12 17
3 9 12 18
3 10 12 17
3 10 12 18
3 11 12 17
3 11 12 18
3 12 12 17
3 12 12 18
3 13 12 17
3 13 12 18
3 14 12 17
3 14 12 18
3 2 13 17
3 2 13 18
3 3 13 17
3 3 13 18
3 4 13 17
3 4 13 18
3 5 13 17
3 5 13 18
3 6 13 17
3 6 13 18
3 7 13 17
3 7 13 18
3 8 13 17
3 8 13 18
3 9 13 17
3 9 13 18
3 10 13 17
3 10 13 18
3 11 13 17
3 11 13 18
3 12 13 17
3 12 13 18
3 13 13 17
3 13 13 18
3 14 13 17
3 14 13 18
3 2 14 17
3 2 14 18
3 3 14 17
3 3 14 18
3 4 14 17
3 4 14 18
3 5 14 17
3 5 14 18
3 6 14 17
3 6 14 18
3 7 14 17
3 7 14 18
3 8 14 17
3 8 14 18
3 9 14 17
3 9 14 18
3 10 14 17
3 10 14 18
3 11 14 17
3 11 14 18
3 12 14 17
3 12 14 18
3 13 14 17
3 13 14 18
3 14 14 17
3 14 14 18
3 2 15 17
3 2 15 18
3 3 15 17
3 3 15 18
3 4 15 17
3 4 15 18
3 5 15 17
3 5 15 18
3 6 15 17
3 6 15 18
3 7 15 17
3 7 15 18
3 8 15 17
3 8 15 18
3 9 15 17
3 9 15 18
3 10 15 17
3 10 15 18
3 11 15 17
3 11 15 18
3 12 15 17
3 12 15 18
3 13 15 17
3 13 15 18
3 14 15 17
3 14 15 18
3 2 16 17
3 2 16 18
3 3 16 17
3 3 16 18
3 4 16 17
3 4 16 18
3 5 16 17
3 5 16 18
3 6 16 17
3 6 16 18
3 7 16 17
3 7 16 18
3 8 16 17
3 8 16 18
3 9 16 17
3 9 16 18
3 10 16 17
3 10 16 18
3 11 16 17
3 11 16 18
3 12 16 17
3 12 16 18
3 13 16 17
3 13 16 18
3 14 16 17
3 14 16 18
3 2 17 17
3 2 17 18
3 3 17 17
3 3 17 18
3 4 17 17
3 4 17 18
3 5 17 17
3 5 17 18
3 6 17 17
3 6 17 18
3 7 17 17
3 7 17 18
3 8 17 17
3 8 17 18
3 9 17 17
3 9 17 18
3 10 17 17
3 10 17 18
3 11 17 17
3 11 17 18
3 12 17 17
3 12 17 18
3 13 17 17
3 13 17 18
3 14 17 17
3 14 17 18
3 2 18 17
3 2 18 18
3 3 18 17
3 3 18 18
3 4 18 17
3 4 18 18
3 5 18 17
3 5 18 18
3 6 18 17
3 6 18 18
3 7 18 17
3 7 18 18
3 8 18 17
3 8 18 18
3 9 18 17
3 9 18 18
3 10 18 17
3 10 18 18
3 11 18 17
3 11 18 18
3 12 18 17
3 12 18 18
3 13 18 17
3 13 18 18
3 14 18 17
3 14 18 18
3 2 19 17
3 2 19 18
3 3 19 17
3 3 19 18
3 4 19 17
3 4 19 18
3 5 19 17
3 5 19 18
3 6 19 17
3 6 19 18
3 7 19 17
3 7 19 18
3 8 19 17
3 8 19 18
3 9 19 17
3 9 19 18
3 10 19 17
3 10 19 18
3 11 19 17
3 11 19 18
3 12 19 17
3 12 19 18
3 13 19 17
3 13 19 18
3 14 19 17
3 14 19 18
3 2 20 17
3 2 20 18
3 3 20 17
3 3 20 18
3 4 20 17
3 4 20 18
3 5 20 17
3 5 20 18
3 6 20 17
3 6 20 18
3 7 20 17
3 7 20 18
3 8 20 17
3 8 20 18
3 9 20 17
3 9 20 18
3 10 20 17
3 10 20 18
3 11 20 17
3 11 20 18
3 12 20 17
3 12 20 18
3 13 20 17
3 13 20 18
3 14 20 17
3 14 20 18
3 2 21 17
3 2 21 18
3 3 21 17
3 3 21 18
3 4 21 17
3 4 21 18
3 5 21 17
3 5 21 18
3 6 21 17
3 6 21 18
3 7 21 17
3 7 21 18
3 8 21 17
3 8 21 18
3 9 21 17
3 9 21 18
3 10 21 17
3 10 21 18
3 11 21 17
3 11 21 18
3 12 21 17
3 12 21 18
3 13 21 17
3 13 21 18
3 14 21 17
3 14 21 18
3 2 22 17
3 2 22 18
3 3 22 17
3 3 22 18
3 4 22 17
3 4 22 18
3 5 22 17
3 5 22 18
3 6 22 17
3 6 22 18
3 7 22 17
3 7 22 18
3 8 22 17
3 8 22 18
3 9 22 17
3 9 22 18
3 10 22 17
3 10 22 18
3 11 22 17
3 11 22 18
3 12 22 17
3 12 22 18
3 13 22 17
3 13 22 18
3 14 22 17
3 14 22 18
3 2 23 17
3 2 23 18
3 3 23 17
3 3 23 18
3 4 23 17
3 4 23 18
3 5 23 17
3 5 23 18
3 6 23 17
3 6 23 18
3 7 23 17
3 7 23 18
3 8 23 17
3 8 23 18
3 9 23 17
3 9 23 18
3 10 23 17
3 10 23 18
3 11 23 17
3 11 23 18
3 12 23 17
3 12 23 18
3 13 23 17
3 13 23 18
3 14 23 17
3 14 23 18
3 6 24 17
3 6 24 18
3 7 24 17
3 7 24 18
3 8 24 17
3 8 24 18
3 9 24 17
3 9 24 18
3 10 24 17
3 10 24 18
3 11 24 17
3 11 24 18
3 12 24 17
3 12 24 18
3 13 24 17
3 13 24 18
3 14 24 17
3 14 24 18
3 6 25 17
3 6 25 18
3 7 25 17
3 7 25 18
3 8 25 17
3 8 25 18
3 9 25 17
3 9 25 18
3 10 25 17
3 10 25 18
3 11 25 17
3 11 25 18
3 12 25 17
3 12 25 18
3 13 25 17
3 13 25 18
3 14 25 17
3 14 25 18
8 1 25 6
8 1 25 7
8 1 25 8
8 1 25 9
8 1 25 10
8 1 25 11
8 1 25 12
8 1 25 13
8 1 25 14
8 1 25 15
8 1 25 16
8 1 25 17
8 1 25 18
9 1 25 6
9 1 25 7
9 1 25 8
9 1 25 9
9 1 25 10
9 1 25 11
9 1 25 12
9 1 25 13
9 1 25 14
9 1 25 15
9 1 25 16
9 1 25 17
9 1 25 18
10 1 25 6
10 1 25 7
10 1 25 8
10 1 25 9
10 1 25 10
10 1 25 11
10 1 25 12
10 1 25 13
10 1 25 14
10 1 25 15
10 1 25 16
10 1 25 17
10 1 25 18
11 1 25 6
11 1 25 7
11 1 25 8
11 1 25 9
11 1 25 10
11 1 25 11
11 1 25 12
11 1 25 13
11 1 25 14
11 1 25 15
11 1 25 16
11 1 25 17
11 1 25 18
12 1 25 6
12 1 25 7
12 1 25 8
12 1 25 9
12 1 25 10
12 1 25 11
12 1 25 12
12 1 25 13
12 1 25 14
12 1 25 15
12 1 25 16
12 1 25 17
12 1 25 18
13 1 25 6
13 1 25 7
13 1 25 8
13 1 25 9
13 1 25 10
13 1 25 11
13 1 25 12
13 1 25 13
13 1 25 14
13 1 25 15
13 1 25 16
13 1 25 17
13 1 25 18
14 1 25 6
14 1 25 7
14 1 25 8
14 1 25 9
14 1 25 10
14 1 25 11
14 1 25 12
14 1 25 13
14 1 25 14
14 1 25 15
14 1 25 16
14 1 25 17
14 1 25 18
15 1 25 6
15 1 25 7
15 1 25 8
15 1 25 9
15 1 25 10
15 1 25 11
15 1 25 12
15 1 25 13
15 1 25 14
15 1 25 15
15 1 25 16
15 1 25 17
15 1 25 18
16 1 25 6
16 1 25 7
16 1 25 8
16 1 25 9
16 1 25 10
16 1 25 11
16 1 25 12
16 1 25 13
16 1 25 14
16 1 25 15
16 1 25 16
16 1 25 17
16 1 25 18
17 1 25 6
17 1 25 7
17 1 25 8
17 1 25 9
17 1 25 10
17 1 25 11
17 1 25 12
17 1 25 13
17 1 25 14
17 1 25 15
17 1 25 16
17 1 25 17
17 1 25 18
18 1 25 6
18 1 25 7
18 1 25 8
18 1 25 9
18 1 25 10
18 1 25 11
18 1 25 12
18 1 25 13
18 1 25 14
18 1 25 15
18 1 25 16
18 1 25 17
18 1 25 18
19 1 25 6
19 1 25 7
19 1 25 8
19 1 25 9
19 1 25 10
19 1 25 11
19 1 25 12
19 1 25 13
19 1 25 14
19 1 25 15
19 1 25 16
19 1 25 17
19 1 25 18
20 1 25 6
20 1 25 7
20 1 25 8
20 1 25 9
20 1 25 10
20 1 25 11
20 1 25 12
20 1 25 13
20 1 25 14
20 1 25 15
20 1 25 16
20 1 25 17
20 1 25 18
21 1 25 6
21 1 25 7
21 1 25 8
21 1 25 9
21 1 25 10
21 1 25 11
21 1 25 12
21 1 25 13
21 1 25 14
21 1 25 15
21 1 25 16
21 1 25 17
21 1 25 18
22 1 25 6
22 1 25 7
22 1 25 8
22 1 25 9
22 1 25 10
22 1 25 11
22 1 25 12
22 1 25 13
22 1 25 14
22 1 25 15
22 1 25 16
22 1 25 17
22 1 25 18
23 1 25 6
23 1 25 7
23 1 25 8
23 1 25 9
23 1 25 10
23 1 25 11
23 1 25 12
23 1 25 13
23 1 25 14
23 1 25 15
23 1 25 16
23 1 25 17
23 1 25 18
