17 14
11111111111110
10000000000010
11111100000010
11111111111110
10011111100000
11110100100000
11110100101110
11111111111010
01010000101010
01010000101010
01011111111010
01010000111010
01111111111110
01011111111010
01010000011010
01010000011010
01111111111110
64
1 1 4 13
3 1 6 4
3 1 7 4
3 1 8 4
3 1 8 6
3 4 8 6
4 1 6 4
4 1 7 4
4 1 8 4
4 1 8 6
4 1 8 9
4 4 8 6
4 4 8 9
4 6 8 9
4 4 11 9
4 4 13 9
4 4 14 9
5 4 8 6
5 4 8 9
5 6 8 9
5 4 11 9
5 4 13 9
5 4 14 9
6 2 13 4
6 2 17 4
7 2 13 4
7 11 13 13
7 2 17 4
7 11 17 13
8 4 11 9
8 4 11 11
8 9 11 11
8 9 12 11
8 2 13 4
8 2 13 9
8 2 13 11
8 4 13 9
8 4 13 11
8 9 13 11
8 4 14 9
8 4 14 11
8 9 14 11
8 2 17 4
8 2 17 11
8 4 17 11
11 4 13 9
11 4 13 10
11 4 13 11
11 4 14 9
11 4 14 10
11 4 14 11
11 4 17 10
11 4 17 11
13 2 17 4
13 2 17 10
13 2 17 11
13 2 17 13
13 4 17 10
13 4 17 11
13 4 17 13
13 10 17 13
13 11 17 13
14 4 17 10
14 4 17 11
