23 22
0000000000000000000000
0000111111111111111100
0011111111111110100100
0010100001000010111111
0010100001000011110101
0010100001000011110101
1111111111111111111101
1010100001110011111101
1010111111111111111101
1010000001111111111101
1010000001010011010101
1010000001010011010101
1010000001011111111101
1010000001011011011101
1010000001011011111101
1010000001011010011101
1011111111111111111101
1111111111110000010101
0000000011111111111111
0000000011001100000000
0000000011111100000000
0000000011111100000000
0000000000000000000000
294
2 17 4 20
2 15 5 17
2 15 6 17
2 5 7 10
2 5 7 15
2 5 7 17
2 5 7 20
2 10 7 15
2 10 7 17
2 10 7 20
2 15 7 17
2 15 7 20
2 17 7 20
2 15 8 17
2 15 8 20
2 17 8 20
2 5 9 10
2 5 9 15
2 5 9 17
2 5 9 20
2 10 9 15
2 10 9 17
2 10 9 20
2 15 9 17
2 15 9 20
2 17 9 20
2 10 10 15
2 10 10 17
2 10 10 20
2 15 10 17
2 15 10 20
2 17 10 20
2 15 13 20
2 15 15 20
2 10 17 15
2 10 17 20
2 15 17 20
2 10 19 20
3 3 7 5
3 3 7 10
3 3 7 15
3 5 7 10
3 5 7 15
3 10 7 15
3 5 9 10
3 5 9 15
3 10 9 15
3 10 10 15
3 3 17 10
3 3 17 15
3 10 17 15
3 3 18 10
4 17 7 20
4 18 7 20
4 17 8 20
4 18 8 20
4 17 9 20
4 18 9 20
4 17 10 20
4 18 10 20
4 18 13 20
4 18 14 20
4 18 15 20
4 18 16 20
4 18 17 20
4 18 19 20
4 18 19 22
4 20 19 22
5 15 13 18
5 16 13 18
5 15 15 18
5 16 15 18
5 15 17 18
6 15 13 18
6 16 13 18
6 15 15 18
6 16 15 18
6 15 17 18
7 5 9 10
7 5 9 11
7 5 9 12
7 5 9 15
7 5 9 16
7 5 9 17
7 5 9 18
7 5 9 19
7 5 9 20
7 10 9 15
7 10 9 16
7 10 9 17
7 10 9 18
7 10 9 19
7 10 9 20
7 11 9 15
7 11 9 16
7 11 9 17
7 11 9 18
7 11 9 19
7 11 9 20
7 12 9 15
7 12 9 16
7 12 9 17
7 12 9 18
7 12 9 19
7 12 9 20
7 10 10 15
7 10 10 16
7 10 10 17
7 10 10 18
7 10 10 19
7 10 10 20
7 11 10 15
7 11 10 16
7 11 10 17
7 11 10 18
7 11 10 19
7 11 10 20
7 12 10 15
7 12 10 16
7 12 10 17
7 12 10 18
7 12 10 19
7 12 10 20
7 12 13 15
7 12 13 16
7 12 13 18
7 12 13 20
7 15 13 18
7 15 13 20
7 16 13 18
7 16 13 20
7 18 13 20
7 18 14 20
7 15 15 18
7 15 15 20
7 16 15 18
7 16 15 20
7 18 15 20
7 18 16 20
7 3 17 10
7 3 17 12
7 3 17 15
7 3 17 18
7 3 17 20
7 10 17 12
7 10 17 15
7 10 17 18
7 10 17 20
7 12 17 15
7 12 17 18
7 12 17 20
7 15 17 18
7 15 17 20
7 18 17 20
7 1 18 3
7 1 18 10
7 1 18 12
7 3 18 10
7 3 18 12
7 10 18 12
7 10 19 12
7 10 19 18
7 10 19 20
7 12 19 18
7 12 19 20
7 18 19 20
8 15 13 18
8 15 13 20
8 16 13 18
8 16 13 20
8 18 13 20
8 18 14 20
8 15 15 18
8 15 15 20
8 16 15 18
8 16 15 20
8 18 15 20
8 18 16 20
8 10 17 12
8 15 17 18
8 15 17 20
8 18 17 20
8 10 18 12
8 10 19 12
8 18 19 20
9 12 13 15
9 12 13 16
9 12 13 18
9 12 13 20
9 15 13 18
9 15 13 20
9 16 13 18
9 16 13 20
9 18 13 20
9 18 14 20
9 15 15 18
9 15 15 20
9 16 15 18
9 16 15 20
9 18 15 20
9 18 16 20
9 10 17 12
9 10 17 15
9 10 17 18
9 10 17 20
9 12 17 15
9 12 17 18
9 12 17 20
9 15 17 18
9 15 17 20
9 18 17 20
9 10 18 12
9 10 19 12
9 10 19 18
9 10 19 20
9 12 19 18
9 12 19 20
9 18 19 20
10 12 13 15
10 12 13 16
10 12 13 18
10 12 13 20
10 15 13 18
10 15 13 20
10 16 13 18
10 16 13 20
10 18 13 20
10 18 14 20
10 15 15 18
10 15 15 20
10 16 15 18
10 16 15 20
10 18 15 20
10 18 16 20
10 10 17 12
10 10 17 15
10 10 17 18
10 10 17 20
10 12 17 15
10 12 17 18
10 12 17 20
10 15 17 18
10 15 17 20
10 18 17 20
10 10 18 12
10 10 19 12
10 10 19 18
10 10 19 20
10 12 19 18
10 12 19 20
10 18 19 20
13 15 15 18
13 15 15 19
13 15 15 20
13 16 15 18
13 16 15 19
13 16 15 20
13 12 17 15
13 12 17 18
13 12 17 19
13 12 17 20
13 13 17 15
13 13 17 18
13 13 17 19
13 13 17 20
13 15 17 18
13 15 17 19
13 15 17 20
13 12 19 18
13 12 19 20
13 18 19 20
14 18 19 20
15 15 17 18
15 15 17 19
15 15 17 20
15 18 19 20
16 18 19 20
17 9 19 18
17 9 19 20
17 10 19 18
17 10 19 20
17 11 19 18
17 11 19 20
17 12 19 18
17 12 19 20
17 18 19 20
19 9 21 13
19 9 21 14
19 10 21 13
19 10 21 14
19 9 22 13
19 9 22 14
19 10 22 13
19 10 22 14
