21 10
0000000000
1111111000
1111111110
1101001010
1101001010
1111111110
1101001010
1101001010
1101001010
1111001010
0100001010
0100001010
0111111110
0100001010
0100001010
0111111110
0100001000
0111111000
0000000000
0000000000
0000000000
42
2 1 6 4
2 1 6 7
2 2 6 4
2 2 6 7
2 4 6 7
2 1 10 4
2 2 10 4
2 2 13 7
2 2 16 7
2 2 18 7
3 1 6 4
3 1 6 7
3 1 6 9
3 2 6 4
3 2 6 7
3 2 6 9
3 4 6 7
3 4 6 9
3 7 6 9
3 1 10 4
3 2 10 4
3 2 13 7
3 2 13 9
3 7 13 9
3 2 16 7
3 2 16 9
3 7 16 9
3 2 18 7
6 1 10 4
6 2 10 4
6 2 13 7
6 2 13 9
6 7 13 9
6 2 16 7
6 2 16 9
6 7 16 9
6 2 18 7
13 2 16 7
13 2 16 9
13 7 16 9
13 2 18 7
16 2 18 7
