17 15
000000000000000
000000111111110
000000100000010
000000111111110
000000000000000
000000000001110
000011111111010
111111110011110
111011111111110
111111111111010
101010010011010
101011111111110
111111111111000
101010010010000
111010010010000
100011111110000
111111110000000
117
2 7 4 14
6 12 8 14
6 12 9 14
6 12 12 14
7 5 9 11
7 5 9 12
7 6 9 11
7 6 9 12
7 7 9 11
7 7 9 12
7 8 9 11
7 8 9 12
7 5 10 11
7 5 10 12
7 6 10 11
7 6 10 12
7 7 10 11
7 7 10 12
7 8 10 11
7 8 10 12
7 5 12 8
7 5 12 11
7 5 12 12
7 8 12 11
7 8 12 12
7 5 13 8
7 5 13 11
7 5 13 12
7 8 13 11
7 8 13 12
7 5 16 8
7 5 16 11
7 8 16 11
7 5 17 8
8 1 10 5
8 1 10 6
8 1 10 7
8 1 10 8
8 2 10 5
8 2 10 6
8 2 10 7
8 2 10 8
8 3 10 5
8 3 10 6
8 3 10 7
8 3 10 8
8 5 12 8
8 11 12 14
8 12 12 14
8 1 13 3
8 1 13 5
8 1 13 8
8 3 13 5
8 3 13 8
8 5 13 8
8 1 15 3
8 5 16 8
8 1 17 5
8 1 17 8
8 5 17 8
9 5 12 8
9 5 12 11
9 5 12 12
9 5 12 14
9 8 12 11
9 8 12 12
9 8 12 14
9 11 12 14
9 12 12 14
9 1 13 3
9 5 13 8
9 5 13 11
9 5 13 12
9 8 13 11
9 8 13 12
9 1 15 3
9 5 16 8
9 5 16 11
9 8 16 11
9 5 17 8
10 5 12 8
10 5 12 11
10 5 12 12
10 8 12 11
10 8 12 12
10 1 13 3
10 1 13 5
10 1 13 8
10 1 13 11
10 1 13 12
10 3 13 5
10 3 13 8
10 3 13 11
10 3 13 12
10 5 13 8
10 5 13 11
10 5 13 12
10 8 13 11
10 8 13 12
10 1 15 3
10 5 16 8
10 5 16 11
10 8 16 11
10 1 17 5
10 1 17 8
10 5 17 8
12 5 16 8
12 5 16 11
12 8 16 11
12 5 17 8
13 1 15 3
13 5 16 8
13 5 16 11
13 8 16 11
13 1 17 5
13 1 17 8
13 5 17 8
