22 15
000000000000000
000000000000000
000000000000000
000000000000000
000000111110000
000000111110000
000111101111000
001111111111111
001100101111001
001100101111001
001111111111001
001111111111001
001000111101001
001000111101001
001000010101001
001000010101001
001111110101001
001000000101001
001000000111001
001000000001001
001111111111111
000000000000000
73
5 7 8 9
5 7 8 10
5 7 8 11
5 7 11 9
5 7 11 10
5 7 11 11
5 7 12 9
5 7 12 10
5 7 12 11
5 7 13 9
5 7 13 10
5 7 14 9
5 7 14 10
6 7 8 9
6 7 8 10
6 7 8 11
6 7 11 9
6 7 11 10
6 7 11 11
6 7 12 9
6 7 12 10
6 7 12 11
6 7 13 9
6 7 13 10
6 7 14 9
6 7 14 10
7 4 11 7
7 4 12 7
7 10 19 12
8 3 11 7
8 3 11 9
8 3 11 10
8 3 11 11
8 3 11 12
8 4 11 7
8 4 11 9
8 4 11 10
8 4 11 11
8 4 11 12
8 7 11 9
8 7 11 10
8 7 11 11
8 7 11 12
8 3 12 7
8 3 12 9
8 3 12 10
8 3 12 11
8 3 12 12
8 4 12 7
8 4 12 9
8 4 12 10
8 4 12 11
8 4 12 12
8 7 12 9
8 7 12 10
8 7 12 11
8 7 12 12
8 7 13 9
8 7 13 10
8 7 14 9
8 7 14 10
8 10 19 12
8 3 21 12
8 3 21 15
8 12 21 15
9 10 19 12
10 10 19 12
11 3 17 8
11 10 19 12
11 3 21 12
12 3 17 8
12 10 19 12
12 3 21 12
