25 11
00111111000
00101111111
00101011101
11111111101
11111111111
11101111101
11101111111
11111111111
11101111111
11111111111
11111111111
11111111111
11111111111
11111111111
01111111111
11111111111
11111111111
11101111111
11111111111
11111111111
11111111111
11111111101
11111111101
11111111111
00001111111
1759
1 3 4 5
1 3 4 7
1 3 4 8
1 5 4 7
1 5 4 8
1 3 5 5
1 3 5 7
1 3 5 8
1 5 5 7
1 5 5 8
1 5 6 7
1 5 6 8
1 5 7 7
1 5 7 8
1 3 8 5
1 3 8 7
1 3 8 8
1 5 8 7
1 5 8 8
1 5 9 7
1 5 9 8
1 3 10 5
1 3 10 7
1 3 10 8
1 5 10 7
1 5 10 8
1 3 11 5
1 3 11 7
1 3 11 8
1 5 11 7
1 5 11 8
1 3 12 5
1 3 12 7
1 3 12 8
1 5 12 7
1 5 12 8
1 3 13 5
1 3 13 7
1 3 13 8
1 5 13 7
1 5 13 8
1 3 14 5
1 3 14 7
1 3 14 8
1 5 14 7
1 5 14 8
1 3 15 5
1 3 15 7
1 3 15 8
1 5 15 7
1 5 15 8
1 3 16 5
1 3 16 7
1 3 16 8
1 5 16 7
1 5 16 8
1 3 17 5
1 3 17 7
1 3 17 8
1 5 17 7
1 5 17 8
1 5 18 7
1 5 18 8
1 3 19 5
1 3 19 7
1 3 19 8
1 5 19 7
1 5 19 8
1 3 20 5
1 3 20 7
1 3 20 8
1 5 20 7
1 5 20 8
1 3 21 5
1 3 21 7
1 3 21 8
1 5 21 7
1 5 21 8
1 3 22 5
1 3 22 7
1 3 22 8
1 5 22 7
1 5 22 8
1 3 23 5
1 3 23 7
1 3 23 8
1 5 23 7
1 5 23 8
1 3 24 5
1 3 24 7
1 3 24 8
1 5 24 7
1 5 24 8
1 5 25 7
1 5 25 8
2 5 4 7
2 5 4 8
2 5 4 9
2 5 5 7
2 5 5 8
2 5 5 9
2 5 5 11
2 7 5 11
2 8 5 11
2 9 5 11
2 5 6 7
2 5 6 8
2 5 6 9
2 5 7 7
2 5 7 8
2 5 7 9
2 5 7 11
2 7 7 11
2 8 7 11
2 9 7 11
2 5 8 7
2 5 8 8
2 5 8 9
2 5 8 11
2 7 8 11
2 8 8 11
2 9 8 11
2 5 9 7
2 5 9 8
2 5 9 9
2 5 9 11
2 7 9 11
2 8 9 11
2 9 9 11
2 5 10 7
2 5 10 8
2 5 10 9
2 5 10 11
2 7 10 11
2 8 10 11
2 9 10 11
2 5 11 7
2 5 11 8
2 5 11 9
2 5 11 11
2 7 11 11
2 8 11 11
2 9 11 11
2 5 12 7
2 5 12 8
2 5 12 9
2 5 12 11
2 7 12 11
2 8 12 11
2 9 12 11
2 5 13 7
2 5 13 8
2 5 13 9
2 5 13 11
2 7 13 11
2 8 13 11
2 9 13 11
2 5 14 7
2 5 14 8
2 5 14 9
2 5 14 11
2 7 14 11
2 8 14 11
2 9 14 11
2 5 15 7
2 5 15 8
2 5 15 9
2 5 15 11
2 7 15 11
2 8 15 11
2 9 15 11
2 5 16 7
2 5 16 8
2 5 16 9
2 5 16 11
2 7 16 11
2 8 16 11
2 9 16 11
2 5 17 7
2 5 17 8
2 5 17 9
2 5 17 11
2 7 17 11
2 8 17 11
2 9 17 11
2 5 18 7
2 5 18 8
2 5 18 9
2 5 18 11
2 7 18 11
2 8 18 11
2 9 18 11
2 5 19 7
2 5 19 8
2 5 19 9
2 5 19 11
2 7 19 11
2 8 19 11
2 9 19 11
2 5 20 7
2 5 20 8
2 5 20 9
2 5 20 11
2 7 20 11
2 8 20 11
2 9 20 11
2 5 21 7
2 5 21 8
2 5 21 9
2 5 21 11
2 7 21 11
2 8 21 11
2 9 21 11
2 5 22 7
2 5 22 8
2 5 22 9
2 5 23 7
2 5 23 8
2 5 23 9
2 5 24 7
2 5 24 8
2 5 24 9
2 5 24 11
2 7 24 11
2 8 24 11
2 9 24 11
2 5 25 7
2 5 25 8
2 5 25 9
2 5 25 11
2 7 25 11
2 8 25 11
2 9 25 11
4 1 8 5
4 1 8 6
4 1 8 7
4 1 8 8
4 1 8 9
4 2 8 5
4 2 8 6
4 2 8 7
4 2 8 8
4 2 8 9
4 3 8 5
4 3 8 6
4 3 8 7
4 3 8 8
4 3 8 9
4 1 10 5
4 1 10 6
4 1 10 7
4 1 10 8
4 1 10 9
4 2 10 5
4 2 10 6
4 2 10 7
4 2 10 8
4 2 10 9
4 3 10 5
4 3 10 6
4 3 10 7
4 3 10 8
4 3 10 9
4 1 11 5
4 1 11 6
4 1 11 7
4 1 11 8
4 1 11 9
4 2 11 5
4 2 11 6
4 2 11 7
4 2 11 8
4 2 11 9
4 3 11 5
4 3 11 6
4 3 11 7
4 3 11 8
4 3 11 9
4 1 12 5
4 1 12 6
4 1 12 7
4 1 12 8
4 1 12 9
4 2 12 5
4 2 12 6
4 2 12 7
4 2 12 8
4 2 12 9
4 3 12 5
4 3 12 6
4 3 12 7
4 3 12 8
4 3 12 9
4 1 13 5
4 1 13 6
4 1 13 7
4 1 13 8
4 1 13 9
4 2 13 5
4 2 13 6
4 2 13 7
4 2 13 8
4 2 13 9
4 3 13 5
4 3 13 6
4 3 13 7
4 3 13 8
4 3 13 9
4 1 14 5
4 1 14 6
4 1 14 7
4 1 14 8
4 1 14 9
4 2 14 5
4 2 14 6
4 2 14 7
4 2 14 8
4 2 14 9
4 3 14 5
4 3 14 6
4 3 14 7
4 3 14 8
4 3 14 9
4 2 15 5
4 2 15 6
4 2 15 7
4 2 15 8
4 2 15 9
4 3 15 5
4 3 15 6
4 3 15 7
4 3 15 8
4 3 15 9
4 2 16 5
4 2 16 6
4 2 16 7
4 2 16 8
4 2 16 9
4 3 16 5
4 3 16 6
4 3 16 7
4 3 16 8
4 3 16 9
4 2 17 5
4 2 17 6
4 2 17 7
4 2 17 8
4 2 17 9
4 3 17 5
4 3 17 6
4 3 17 7
4 3 17 8
4 3 17 9
4 2 19 5
4 2 19 6
4 2 19 7
4 2 19 8
4 2 19 9
4 3 19 5
4 3 19 6
4 3 19 7
4 3 19 8
4 3 19 9
4 2 20 5
4 2 20 6
4 2 20 7
4 2 20 8
4 2 20 9
4 3 20 5
4 3 20 6
4 3 20 7
4 3 20 8
4 3 20 9
4 2 21 5
4 2 21 6
4 2 21 7
4 2 21 8
4 2 21 9
4 3 21 5
4 3 21 6
4 3 21 7
4 3 21 8
4 3 21 9
4 2 22 5
4 2 22 6
4 2 22 7
4 2 22 8
4 2 22 9
4 3 22 5
4 3 22 6
4 3 22 7
4 3 22 8
4 3 22 9
4 2 23 5
4 2 23 6
4 2 23 7
4 2 23 8
4 2 23 9
4 3 23 5
4 3 23 6
4 3 23 7
4 3 23 8
4 3 23 9
4 2 24 5
4 2 24 6
4 2 24 7
4 2 24 8
4 2 24 9
4 3 24 5
4 3 24 6
4 3 24 7
4 3 24 8
4 3 24 9
5 5 7 11
5 6 7 11
5 7 7 11
5 8 7 11
5 9 7 11
5 1 8 5
5 1 8 6
5 1 8 7
5 1 8 8
5 1 8 9
5 1 8 11
5 2 8 5
5 2 8 6
5 2 8 7
5 2 8 8
5 2 8 9
5 2 8 11
5 3 8 5
5 3 8 6
5 3 8 7
5 3 8 8
5 3 8 9
5 3 8 11
5 5 8 11
5 6 8 11
5 7 8 11
5 8 8 11
5 9 8 11
5 5 9 11
5 6 9 11
5 7 9 11
5 8 9 11
5 9 9 11
5 1 10 5
5 1 10 6
5 1 10 7
5 1 10 8
5 1 10 9
5 1 10 11
5 2 10 5
5 2 10 6
5 2 10 7
5 2 10 8
5 2 10 9
5 2 10 11
5 3 10 5
5 3 10 6
5 3 10 7
5 3 10 8
5 3 10 9
5 3 10 11
5 5 10 11
5 6 10 11
5 7 10 11
5 8 10 11
5 9 10 11
5 1 11 5
5 1 11 6
5 1 11 7
5 1 11 8
5 1 11 9
5 1 11 11
5 2 11 5
5 2 11 6
5 2 11 7
5 2 11 8
5 2 11 9
5 2 11 11
5 3 11 5
5 3 11 6
5 3 11 7
5 3 11 8
5 3 11 9
5 3 11 11
5 5 11 11
5 6 11 11
5 7 11 11
5 8 11 11
5 9 11 11
5 1 12 5
5 1 12 6
5 1 12 7
5 1 12 8
5 1 12 9
5 1 12 11
5 2 12 5
5 2 12 6
5 2 12 7
5 2 12 8
5 2 12 9
5 2 12 11
5 3 12 5
5 3 12 6
5 3 12 7
5 3 12 8
5 3 12 9
5 3 12 11
5 5 12 11
5 6 12 11
5 7 12 11
5 8 12 11
5 9 12 11
5 1 13 5
5 1 13 6
5 1 13 7
5 1 13 8
5 1 13 9
5 1 13 11
5 2 13 5
5 2 13 6
5 2 13 7
5 2 13 8
5 2 13 9
5 2 13 11
5 3 13 5
5 3 13 6
5 3 13 7
5 3 13 8
5 3 13 9
5 3 13 11
5 5 13 11
5 6 13 11
5 7 13 11
5 8 13 11
5 9 13 11
5 1 14 5
5 1 14 6
5 1 14 7
5 1 14 8
5 1 14 9
5 1 14 11
5 2 14 5
5 2 14 6
5 2 14 7
5 2 14 8
5 2 14 9
5 2 14 11
5 3 14 5
5 3 14 6
5 3 14 7
5 3 14 8
5 3 14 9
5 3 14 11
5 5 14 11
5 6 14 11
5 7 14 11
5 8 14 11
5 9 14 11
5 2 15 5
5 2 15 6
5 2 15 7
5 2 15 8
5 2 15 9
5 2 15 11
5 3 15 5
5 3 15 6
5 3 15 7
5 3 15 8
5 3 15 9
5 3 15 11
5 5 15 11
5 6 15 11
5 7 15 11
5 8 15 11
5 9 15 11
5 2 16 5
5 2 16 6
5 2 16 7
5 2 16 8
5 2 16 9
5 2 16 11
5 3 16 5
5 3 16 6
5 3 16 7
5 3 16 8
5 3 16 9
5 3 16 11
5 5 16 11
5 6 16 11
5 7 16 11
5 8 16 11
5 9 16 11
5 2 17 5
5 2 17 6
5 2 17 7
5 2 17 8
5 2 17 9
5 2 17 11
5 3 17 5
5 3 17 6
5 3 17 7
5 3 17 8
5 3 17 9
5 3 17 11
5 5 17 11
5 6 17 11
5 7 17 11
5 8 17 11
5 9 17 11
5 5 18 11
5 6 18 11
5 7 18 11
5 8 18 11
5 9 18 11
5 2 19 5
5 2 19 6
5 2 19 7
5 2 19 8
5 2 19 9
5 2 19 11
5 3 19 5
5 3 19 6
5 3 19 7
5 3 19 8
5 3 19 9
5 3 19 11
5 5 19 11
5 6 19 11
5 7 19 11
5 8 19 11
5 9 19 11
5 2 20 5
5 2 20 6
5 2 20 7
5 2 20 8
5 2 20 9
5 2 20 11
5 3 20 5
5 3 20 6
5 3 20 7
5 3 20 8
5 3 20 9
5 3 20 11
5 5 20 11
5 6 20 11
5 7 20 11
5 8 20 11
5 9 20 11
5 2 21 5
5 2 21 6
5 2 21 7
5 2 21 8
5 2 21 9
5 2 21 11
5 3 21 5
5 3 21 6
5 3 21 7
5 3 21 8
5 3 21 9
5 3 21 11
5 5 21 11
5 6 21 11
5 7 21 11
5 8 21 11
5 9 21 11
5 2 22 5
5 2 22 6
5 2 22 7
5 2 22 8
5 2 22 9
5 3 22 5
5 3 22 6
5 3 22 7
5 3 22 8
5 3 22 9
5 2 23 5
5 2 23 6
5 2 23 7
5 2 23 8
5 2 23 9
5 3 23 5
5 3 23 6
5 3 23 7
5 3 23 8
5 3 23 9
5 2 24 5
5 2 24 6
5 2 24 7
5 2 24 8
5 2 24 9
5 2 24 11
5 3 24 5
5 3 24 6
5 3 24 7
5 3 24 8
5 3 24 9
5 3 24 11
5 5 24 11
5 6 24 11
5 7 24 11
5 8 24 11
5 9 24 11
5 5 25 11
5 6 25 11
5 7 25 11
5 8 25 11
5 9 25 11
7 5 24 11
7 6 24 11
7 7 24 11
7 8 24 11
7 9 24 11
7 5 25 11
7 6 25 11
7 7 25 11
7 8 25 11
7 9 25 11
8 1 10 5
8 1 10 6
8 1 10 7
8 1 10 8
8 1 10 9
8 1 10 10
8 1 10 11
8 2 10 5
8 2 10 6
8 2 10 7
8 2 10 8
8 2 10 9
8 2 10 10
8 2 10 11
8 3 10 5
8 3 10 6
8 3 10 7
8 3 10 8
8 3 10 9
8 3 10 10
8 3 10 11
8 1 11 5
8 1 11 6
8 1 11 7
8 1 11 8
8 1 11 9
8 1 11 10
8 1 11 11
8 2 11 5
8 2 11 6
8 2 11 7
8 2 11 8
8 2 11 9
8 2 11 10
8 2 11 11
8 3 11 5
8 3 11 6
8 3 11 7
8 3 11 8
8 3 11 9
8 3 11 10
8 3 11 11
8 1 12 5
8 1 12 6
8 1 12 7
8 1 12 8
8 1 12 9
8 1 12 10
8 1 12 11
8 2 12 5
8 2 12 6
8 2 12 7
8 2 12 8
8 2 12 9
8 2 12 10
8 2 12 11
8 3 12 5
8 3 12 6
8 3 12 7
8 3 12 8
8 3 12 9
8 3 12 10
8 3 12 11
8 1 13 5
8 1 13 6
8 1 13 7
8 1 13 8
8 1 13 9
8 1 13 10
8 1 13 11
8 2 13 5
8 2 13 6
8 2 13 7
8 2 13 8
8 2 13 9
8 2 13 10
8 2 13 11
8 3 13 5
8 3 13 6
8 3 13 7
8 3 13 8
8 3 13 9
8 3 13 10
8 3 13 11
8 1 14 5
8 1 14 6
8 1 14 7
8 1 14 8
8 1 14 9
8 1 14 10
8 1 14 11
8 2 14 5
8 2 14 6
8 2 14 7
8 2 14 8
8 2 14 9
8 2 14 10
8 2 14 11
8 3 14 5
8 3 14 6
8 3 14 7
8 3 14 8
8 3 14 9
8 3 14 10
8 3 14 11
8 2 15 5
8 2 15 6
8 2 15 7
8 2 15 8
8 2 15 9
8 2 15 10
8 2 15 11
8 3 15 5
8 3 15 6
8 3 15 7
8 3 15 8
8 3 15 9
8 3 15 10
8 3 15 11
8 2 16 5
8 2 16 6
8 2 16 7
8 2 16 8
8 2 16 9
8 2 16 10
8 2 16 11
8 3 16 5
8 3 16 6
8 3 16 7
8 3 16 8
8 3 16 9
8 3 16 10
8 3 16 11
8 2 17 5
8 2 17 6
8 2 17 7
8 2 17 8
8 2 17 9
8 2 17 10
8 2 17 11
8 3 17 5
8 3 17 6
8 3 17 7
8 3 17 8
8 3 17 9
8 3 17 10
8 3 17 11
8 2 19 5
8 2 19 6
8 2 19 7
8 2 19 8
8 2 19 9
8 2 19 10
8 2 19 11
8 3 19 5
8 3 19 6
8 3 19 7
8 3 19 8
8 3 19 9
8 3 19 10
8 3 19 11
8 2 20 5
8 2 20 6
8 2 20 7
8 2 20 8
8 2 20 9
8 2 20 10
8 2 20 11
8 3 20 5
8 3 20 6
8 3 20 7
8 3 20 8
8 3 20 9
8 3 20 10
8 3 20 11
8 2 21 5
8 2 21 6
8 2 21 7
8 2 21 8
8 2 21 9
8 2 21 10
8 2 21 11
8 3 21 5
8 3 21 6
8 3 21 7
8 3 21 8
8 3 21 9
8 3 21 10
8 3 21 11
8 2 22 5
8 2 22 6
8 2 22 7
8 2 22 8
8 2 22 9
8 3 22 5
8 3 22 6
8 3 22 7
8 3 22 8
8 3 22 9
8 2 23 5
8 2 23 6
8 2 23 7
8 2 23 8
8 2 23 9
8 3 23 5
8 3 23 6
8 3 23 7
8 3 23 8
8 3 23 9
8 2 24 5
8 2 24 6
8 2 24 7
8 2 24 8
8 2 24 9
8 2 24 11
8 3 24 5
8 3 24 6
8 3 24 7
8 3 24 8
8 3 24 9
8 3 24 11
8 5 24 11
8 6 24 11
8 7 24 11
8 8 24 11
8 9 24 11
8 5 25 11
8 6 25 11
8 7 25 11
8 8 25 11
8 9 25 11
9 5 24 11
9 6 24 11
9 7 24 11
9 8 24 11
9 9 24 11
9 5 25 11
9 6 25 11
9 7 25 11
9 8 25 11
9 9 25 11
10 2 19 5
10 2 19 6
10 2 19 7
10 2 19 8
10 2 19 9
10 2 19 10
10 2 19 11
10 3 19 5
10 3 19 6
10 3 19 7
10 3 19 8
10 3 19 9
10 3 19 10
10 3 19 11
10 2 20 5
10 2 20 6
10 2 20 7
10 2 20 8
10 2 20 9
10 2 20 10
10 2 20 11
10 3 20 5
10 3 20 6
10 3 20 7
10 3 20 8
10 3 20 9
10 3 20 10
10 3 20 11
10 2 21 5
10 2 21 6
10 2 21 7
10 2 21 8
10 2 21 9
10 2 21 10
10 2 21 11
10 3 21 5
10 3 21 6
10 3 21 7
10 3 21 8
10 3 21 9
10 3 21 10
10 3 21 11
10 2 22 5
10 2 22 6
10 2 22 7
10 2 22 8
10 2 22 9
10 3 22 5
10 3 22 6
10 3 22 7
10 3 22 8
10 3 22 9
10 2 23 5
10 2 23 6
10 2 23 7
10 2 23 8
10 2 23 9
10 3 23 5
10 3 23 6
10 3 23 7
10 3 23 8
10 3 23 9
10 2 24 5
10 2 24 6
10 2 24 7
10 2 24 8
10 2 24 9
10 2 24 11
10 3 24 5
10 3 24 6
10 3 24 7
10 3 24 8
10 3 24 9
10 3 24 11
10 5 24 11
10 6 24 11
10 7 24 11
10 8 24 11
10 9 24 11
10 5 25 11
10 6 25 11
10 7 25 11
10 8 25 11
10 9 25 11
11 2 19 5
11 2 19 6
11 2 19 7
11 2 19 8
11 2 19 9
11 2 19 10
11 2 19 11
11 3 19 5
11 3 19 6
11 3 19 7
11 3 19 8
11 3 19 9
11 3 19 10
11 3 19 11
11 2 20 5
11 2 20 6
11 2 20 7
11 2 20 8
11 2 20 9
11 2 20 10
11 2 20 11
11 3 20 5
11 3 20 6
11 3 20 7
11 3 20 8
11 3 20 9
11 3 20 10
11 3 20 11
11 2 21 5
11 2 21 6
11 2 21 7
11 2 21 8
11 2 21 9
11 2 21 10
11 2 21 11
11 3 21 5
11 3 21 6
11 3 21 7
11 3 21 8
11 3 21 9
11 3 21 10
11 3 21 11
11 2 22 5
11 2 22 6
11 2 22 7
11 2 22 8
11 2 22 9
11 3 22 5
11 3 22 6
11 3 22 7
11 3 22 8
11 3 22 9
11 2 23 5
11 2 23 6
11 2 23 7
11 2 23 8
11 2 23 9
11 3 23 5
11 3 23 6
11 3 23 7
11 3 23 8
11 3 23 9
11 2 24 5
11 2 24 6
11 2 24 7
11 2 24 8
11 2 24 9
11 2 24 11
11 3 24 5
11 3 24 6
11 3 24 7
11 3 24 8
11 3 24 9
11 3 24 11
11 5 24 11
11 6 24 11
11 7 24 11
11 8 24 11
11 9 24 11
11 5 25 11
11 6 25 11
11 7 25 11
11 8 25 11
11 9 25 11
12 2 19 5
12 2 19 6
12 2 19 7
12 2 19 8
12 2 19 9
12 2 19 10
12 2 19 11
12 3 19 5
12 3 19 6
12 3 19 7
12 3 19 8
12 3 19 9
12 3 19 10
12 3 19 11
12 2 20 5
12 2 20 6
12 2 20 7
12 2 20 8
12 2 20 9
12 2 20 10
12 2 20 11
12 3 20 5
12 3 20 6
12 3 20 7
12 3 20 8
12 3 20 9
12 3 20 10
12 3 20 11
12 2 21 5
12 2 21 6
12 2 21 7
12 2 21 8
12 2 21 9
12 2 21 10
12 2 21 11
12 3 21 5
12 3 21 6
12 3 21 7
12 3 21 8
12 3 21 9
12 3 21 10
12 3 21 11
12 2 22 5
12 2 22 6
12 2 22 7
12 2 22 8
12 2 22 9
12 3 22 5
12 3 22 6
12 3 22 7
12 3 22 8
12 3 22 9
12 2 23 5
12 2 23 6
12 2 23 7
12 2 23 8
12 2 23 9
12 3 23 5
12 3 23 6
12 3 23 7
12 3 23 8
12 3 23 9
12 2 24 5
12 2 24 6
12 2 24 7
12 2 24 8
12 2 24 9
12 2 24 11
12 3 24 5
12 3 24 6
12 3 24 7
12 3 24 8
12 3 24 9
12 3 24 11
12 5 24 11
12 6 24 11
12 7 24 11
12 8 24 11
12 9 24 11
12 5 25 11
12 6 25 11
12 7 25 11
12 8 25 11
12 9 25 11
13 2 19 5
13 2 19 6
13 2 19 7
13 2 19 8
13 2 19 9
13 2 19 10
13 2 19 11
13 3 19 5
13 3 19 6
13 3 19 7
13 3 19 8
13 3 19 9
13 3 19 10
13 3 19 11
13 2 20 5
13 2 20 6
13 2 20 7
13 2 20 8
13 2 20 9
13 2 20 10
13 2 20 11
13 3 20 5
13 3 20 6
13 3 20 7
13 3 20 8
13 3 20 9
13 3 20 10
13 3 20 11
13 2 21 5
13 2 21 6
13 2 21 7
13 2 21 8
13 2 21 9
13 2 21 10
13 2 21 11
13 3 21 5
13 3 21 6
13 3 21 7
13 3 21 8
13 3 21 9
13 3 21 10
13 3 21 11
13 2 22 5
13 2 22 6
13 2 22 7
13 2 22 8
13 2 22 9
13 3 22 5
13 3 22 6
13 3 22 7
13 3 22 8
13 3 22 9
13 2 23 5
13 2 23 6
13 2 23 7
13 2 23 8
13 2 23 9
13 3 23 5
13 3 23 6
13 3 23 7
13 3 23 8
13 3 23 9
13 2 24 5
13 2 24 6
13 2 24 7
13 2 24 8
13 2 24 9
13 2 24 11
13 3 24 5
13 3 24 6
13 3 24 7
13 3 24 8
13 3 24 9
13 3 24 11
13 5 24 11
13 6 24 11
13 7 24 11
13 8 24 11
13 9 24 11
13 5 25 11
13 6 25 11
13 7 25 11
13 8 25 11
13 9 25 11
14 2 19 5
14 2 19 6
14 2 19 7
14 2 19 8
14 2 19 9
14 2 19 10
14 2 19 11
14 3 19 5
14 3 19 6
14 3 19 7
14 3 19 8
14 3 19 9
14 3 19 10
14 3 19 11
14 2 20 5
14 2 20 6
14 2 20 7
14 2 20 8
14 2 20 9
14 2 20 10
14 2 20 11
14 3 20 5
14 3 20 6
14 3 20 7
14 3 20 8
14 3 20 9
14 3 20 10
14 3 20 11
14 2 21 5
14 2 21 6
14 2 21 7
14 2 21 8
14 2 21 9
14 2 21 10
14 2 21 11
14 3 21 5
14 3 21 6
14 3 21 7
14 3 21 8
14 3 21 9
14 3 21 10
14 3 21 11
14 2 22 5
14 2 22 6
14 2 22 7
14 2 22 8
14 2 22 9
14 3 22 5
14 3 22 6
14 3 22 7
14 3 22 8
14 3 22 9
14 2 23 5
14 2 23 6
14 2 23 7
14 2 23 8
14 2 23 9
14 3 23 5
14 3 23 6
14 3 23 7
14 3 23 8
14 3 23 9
14 2 24 5
14 2 24 6
14 2 24 7
14 2 24 8
14 2 24 9
14 2 24 11
14 3 24 5
14 3 24 6
14 3 24 7
14 3 24 8
14 3 24 9
14 3 24 11
14 5 24 11
14 6 24 11
14 7 24 11
14 8 24 11
14 9 24 11
14 5 25 11
14 6 25 11
14 7 25 11
14 8 25 11
14 9 25 11
15 2 19 5
15 2 19 6
15 2 19 7
15 2 19 8
15 2 19 9
15 2 19 10
15 2 19 11
15 3 19 5
15 3 19 6
15 3 19 7
15 3 19 8
15 3 19 9
15 3 19 10
15 3 19 11
15 2 20 5
15 2 20 6
15 2 20 7
15 2 20 8
15 2 20 9
15 2 20 10
15 2 20 11
15 3 20 5
15 3 20 6
15 3 20 7
15 3 20 8
15 3 20 9
15 3 20 10
15 3 20 11
15 2 21 5
15 2 21 6
15 2 21 7
15 2 21 8
15 2 21 9
15 2 21 10
15 2 21 11
15 3 21 5
15 3 21 6
15 3 21 7
15 3 21 8
15 3 21 9
15 3 21 10
15 3 21 11
15 2 22 5
15 2 22 6
15 2 22 7
15 2 22 8
15 2 22 9
15 3 22 5
15 3 22 6
15 3 22 7
15 3 22 8
15 3 22 9
15 2 23 5
15 2 23 6
15 2 23 7
15 2 23 8
15 2 23 9
15 3 23 5
15 3 23 6
15 3 23 7
15 3 23 8
15 3 23 9
15 2 24 5
15 2 24 6
15 2 24 7
15 2 24 8
15 2 24 9
15 2 24 11
15 3 24 5
15 3 24 6
15 3 24 7
15 3 24 8
15 3 24 9
15 3 24 11
15 5 24 11
15 6 24 11
15 7 24 11
15 8 24 11
15 9 24 11
15 5 25 11
15 6 25 11
15 7 25 11
15 8 25 11
15 9 25 11
16 1 19 5
16 1 19 6
16 1 19 7
16 1 19 8
16 1 19 9
16 1 19 10
16 1 19 11
16 2 19 5
16 2 19 6
16 2 19 7
16 2 19 8
16 2 19 9
16 2 19 10
16 2 19 11
16 3 19 5
16 3 19 6
16 3 19 7
16 3 19 8
16 3 19 9
16 3 19 10
16 3 19 11
16 1 20 5
16 1 20 6
16 1 20 7
16 1 20 8
16 1 20 9
16 1 20 10
16 1 20 11
16 2 20 5
16 2 20 6
16 2 20 7
16 2 20 8
16 2 20 9
16 2 20 10
16 2 20 11
16 3 20 5
16 3 20 6
16 3 20 7
16 3 20 8
16 3 20 9
16 3 20 10
16 3 20 11
16 1 21 5
16 1 21 6
16 1 21 7
16 1 21 8
16 1 21 9
16 1 21 10
16 1 21 11
16 2 21 5
16 2 21 6
16 2 21 7
16 2 21 8
16 2 21 9
16 2 21 10
16 2 21 11
16 3 21 5
16 3 21 6
16 3 21 7
16 3 21 8
16 3 21 9
16 3 21 10
16 3 21 11
16 1 22 5
16 1 22 6
16 1 22 7
16 1 22 8
16 1 22 9
16 2 22 5
16 2 22 6
16 2 22 7
16 2 22 8
16 2 22 9
16 3 22 5
16 3 22 6
16 3 22 7
16 3 22 8
16 3 22 9
16 1 23 5
16 1 23 6
16 1 23 7
16 1 23 8
16 1 23 9
16 2 23 5
16 2 23 6
16 2 23 7
16 2 23 8
16 2 23 9
16 3 23 5
16 3 23 6
16 3 23 7
16 3 23 8
16 3 23 9
16 1 24 5
16 1 24 6
16 1 24 7
16 1 24 8
16 1 24 9
16 1 24 11
16 2 24 5
16 2 24 6
16 2 24 7
16 2 24 8
16 2 24 9
16 2 24 11
16 3 24 5
16 3 24 6
16 3 24 7
16 3 24 8
16 3 24 9
16 3 24 11
16 5 24 11
16 6 24 11
16 7 24 11
16 8 24 11
16 9 24 11
16 5 25 11
16 6 25 11
16 7 25 11
16 8 25 11
16 9 25 11
17 1 19 5
17 1 19 6
17 1 19 7
17 1 19 8
17 1 19 9
17 1 19 10
17 1 19 11
17 2 19 5
17 2 19 6
17 2 19 7
17 2 19 8
17 2 19 9
17 2 19 10
17 2 19 11
17 3 19 5
17 3 19 6
17 3 19 7
17 3 19 8
17 3 19 9
17 3 19 10
17 3 19 11
17 1 20 5
17 1 20 6
17 1 20 7
17 1 20 8
17 1 20 9
17 1 20 10
17 1 20 11
17 2 20 5
17 2 20 6
17 2 20 7
17 2 20 8
17 2 20 9
17 2 20 10
17 2 20 11
17 3 20 5
17 3 20 6
17 3 20 7
17 3 20 8
17 3 20 9
17 3 20 10
17 3 20 11
17 1 21 5
17 1 21 6
17 1 21 7
17 1 21 8
17 1 21 9
17 1 21 10
17 1 21 11
17 2 21 5
17 2 21 6
17 2 21 7
17 2 21 8
17 2 21 9
17 2 21 10
17 2 21 11
17 3 21 5
17 3 21 6
17 3 21 7
17 3 21 8
17 3 21 9
17 3 21 10
17 3 21 11
17 1 22 5
17 1 22 6
17 1 22 7
17 1 22 8
17 1 22 9
17 2 22 5
17 2 22 6
17 2 22 7
17 2 22 8
17 2 22 9
17 3 22 5
17 3 22 6
17 3 22 7
17 3 22 8
17 3 22 9
17 1 23 5
17 1 23 6
17 1 23 7
17 1 23 8
17 1 23 9
17 2 23 5
17 2 23 6
17 2 23 7
17 2 23 8
17 2 23 9
17 3 23 5
17 3 23 6
17 3 23 7
17 3 23 8
17 3 23 9
17 1 24 5
17 1 24 6
17 1 24 7
17 1 24 8
17 1 24 9
17 1 24 11
17 2 24 5
17 2 24 6
17 2 24 7
17 2 24 8
17 2 24 9
17 2 24 11
17 3 24 5
17 3 24 6
17 3 24 7
17 3 24 8
17 3 24 9
17 3 24 11
17 5 24 11
17 6 24 11
17 7 24 11
17 8 24 11
17 9 24 11
17 5 25 11
17 6 25 11
17 7 25 11
17 8 25 11
17 9 25 11
18 5 24 11
18 6 24 11
18 7 24 11
18 8 24 11
18 9 24 11
18 5 25 11
18 6 25 11
18 7 25 11
18 8 25 11
18 9 25 11
19 1 24 11
19 2 24 11
19 3 24 11
19 4 24 11
19 5 24 11
19 6 24 11
19 7 24 11
19 8 24 11
19 9 24 11
19 5 25 11
19 6 25 11
19 7 25 11
19 8 25 11
19 9 25 11
20 1 24 11
20 2 24 11
20 3 24 11
20 4 24 11
20 5 24 11
20 6 24 11
20 7 24 11
20 8 24 11
20 9 24 11
20 5 25 11
20 6 25 11
20 7 25 11
20 8 25 11
20 9 25 11
21 1 24 11
21 2 24 11
21 3 24 11
21 4 24 11
21 5 24 11
21 6 24 11
21 7 24 11
21 8 24 11
21 9 24 11
21 5 25 11
21 6 25 11
21 7 25 11
21 8 25 11
21 9 25 11
