13 10
0011110000
0010010000
1111111111
1010110001
1010110001
1010110001
1010111111
1111111111
1011111001
1010101001
1010101001
1010101111
1111111111
40
1 3 3 6
1 3 8 6
1 3 9 6
3 5 7 10
3 6 7 10
3 1 8 3
3 1 8 5
3 1 8 6
3 1 8 10
3 3 8 5
3 3 8 6
3 3 8 10
3 5 8 10
3 6 8 10
3 3 9 5
3 3 9 6
3 1 13 3
3 1 13 5
3 1 13 10
3 3 13 5
3 3 13 10
3 5 13 10
7 7 12 10
7 5 13 7
7 5 13 10
7 7 13 10
8 7 12 10
8 1 13 3
8 1 13 5
8 1 13 7
8 1 13 10
8 3 13 5
8 3 13 7
8 3 13 10
8 5 13 7
8 5 13 10
8 7 13 10
9 3 13 5
9 3 13 7
9 5 13 7
