20 25
0111111111111111111111100
1111110000000001111110100
1100010001111111110010100
1100010001000001010010100
1111110001110001010010100
0100000001010001010010100
0100000001010001010010100
0100000001011111110010100
0111111111111111111111100
0000100001001001111111110
0000100001001001111111010
0000100001001001110001010
0000100001001001111111110
0000101111111111110001000
0000101000001000100001000
0000101000001000100001000
0000111111111111111111000
0000001000000000100000000
0000001111111111100000000
0000000000000000000000000
89
1 2 5 6
1 16 8 18
1 2 9 16
1 2 9 18
1 2 9 21
1 2 9 23
1 16 9 18
1 16 9 21
1 16 9 23
1 18 9 21
1 18 9 23
1 21 9 23
1 16 10 18
1 16 10 21
1 16 10 23
1 18 10 21
1 18 10 23
1 21 10 23
1 16 11 18
1 16 11 21
1 18 11 21
1 16 12 18
1 16 13 18
1 16 14 18
2 1 5 6
2 2 5 6
2 16 8 18
2 16 9 18
2 16 9 21
2 18 9 21
2 16 10 18
2 16 10 21
2 18 10 21
2 16 11 18
2 16 11 21
2 18 11 21
2 16 12 18
2 16 13 18
2 16 14 18
3 16 8 18
3 10 9 16
3 10 9 18
3 16 9 18
3 16 10 18
3 16 11 18
3 16 12 18
3 16 13 18
3 10 14 16
3 10 14 18
3 16 14 18
5 10 9 12
8 13 14 16
8 13 14 17
8 13 14 18
8 13 17 17
9 16 13 22
9 17 13 22
9 18 13 22
9 10 14 13
9 10 14 16
9 10 14 17
9 10 14 18
9 13 14 16
9 13 14 17
9 13 14 18
9 5 17 13
9 5 17 17
9 5 17 22
9 13 17 17
9 13 17 22
9 17 17 22
10 16 13 22
10 16 13 24
10 17 13 22
10 17 13 24
10 18 13 22
10 18 13 24
10 22 13 24
10 17 17 22
11 16 13 22
11 17 13 22
11 18 13 22
11 17 17 22
13 17 17 22
14 7 17 13
14 7 17 17
14 13 17 17
14 7 19 17
17 7 19 17
