24 25
0000011111111111111000000
0000010000001111101000000
0000011111111111111000000
0000000100001000111100000
0000000111111111110100000
0000000000001000110100000
0000000000001000110100000
0000000000001000110100000
0000000000001000110100000
0001111111111100110100000
0001111111111111111111000
0011111111111111110101000
0011100100000100010101000
0011100100000100010101000
0011100100000100010101000
0011111100000100011101000
0011111111111111111111000
0010000000000000010000000
0010000000000000010000000
0010000000000000010000000
0010000000000000010000000
0011111111111111110000000
0000000000000000000000000
0000000000000000000000000
82
1 6 3 13
1 6 3 14
1 6 3 15
1 6 3 16
1 6 3 17
1 6 3 19
1 13 3 19
1 14 3 19
1 15 3 19
1 16 3 19
1 17 3 19
1 17 4 19
1 13 5 17
1 13 11 17
1 13 12 17
2 13 5 17
2 13 11 17
2 13 12 17
3 8 5 13
3 8 5 17
3 8 5 18
3 13 5 17
3 13 5 18
3 13 11 17
3 13 11 18
3 13 12 17
3 13 12 18
4 17 11 20
4 18 11 20
4 18 16 20
4 18 17 20
5 13 11 17
5 13 11 18
5 13 12 17
5 13 12 18
10 4 16 8
10 5 16 8
10 4 17 8
10 4 17 14
10 5 17 8
10 5 17 14
10 8 17 14
11 4 16 8
11 5 16 8
11 18 16 20
11 4 17 8
11 4 17 14
11 4 17 18
11 4 17 20
11 4 17 22
11 5 17 8
11 5 17 14
11 5 17 18
11 5 17 20
11 5 17 22
11 8 17 14
11 8 17 18
11 8 17 20
11 8 17 22
11 14 17 18
11 14 17 20
11 14 17 22
11 18 17 20
11 18 17 22
11 20 17 22
12 3 16 8
12 4 16 8
12 5 16 8
12 3 17 8
12 3 17 14
12 3 17 18
12 4 17 8
12 4 17 14
12 4 17 18
12 5 17 8
12 5 17 14
12 5 17 18
12 8 17 14
12 8 17 18
12 14 17 18
12 3 22 18
17 3 22 18
