22 22
0000000000000000000000
0000000000000000000000
0000000000000000000000
0111111111111111000000
0100000000000001000000
0100000000000001000000
0100000000000001000000
0100000000000001000000
0111111111111111000000
0000000000000000000000
0000000000000000000000
0000000000000000000000
0000000000000000000000
0000000000000000000000
0000000000000000000000
0000000000000000000000
0000000000000111000000
0000000000000101000000
0000000000000101000000
0000000001111111100000
0000000001000111100000
0000000001111111100000
8
4 2 9 16
17 14 20 16
17 14 21 16
17 14 22 16
20 10 22 14
20 10 22 15
20 10 22 16
20 10 22 17
