24 21
000000000000000000000
000011111111000000000
111111110001000000000
100010010001000000000
100010010001000000000
100010010001000000000
100010010001000000000
100010010001000000000
100010010001000000000
100010010001000000000
100010010001000000000
100010010001000000000
100010010001000000000
100010010001000000000
100010010001000000000
100010010001000000000
100010010001000000000
100010010001000000000
111111110001000000000
000010000001000000000
000010000001000000000
000011111111000000000
000000000000000000000
000000000000000000000
5
2 5 19 8
2 5 22 12
3 1 19 5
3 1 19 8
3 5 19 8
