23 10
0000000000
0000000000
1111111111
1111111111
1111111101
1111100101
1111111101
1111111111
1111111111
1111111111
1111111111
1111111111
1111111111
1111111111
1111111111
1111111111
1111111111
1111111111
1111111111
1111111111
1111111110
1010111110
1111111110
568
3 1 7 8
3 2 7 8
3 3 7 8
3 4 7 8
3 5 7 8
3 1 8 8
3 1 8 10
3 2 8 8
3 2 8 10
3 3 8 8
3 3 8 10
3 4 8 8
3 4 8 10
3 5 8 8
3 5 8 10
3 8 8 10
3 1 9 8
3 1 9 10
3 2 9 8
3 2 9 10
3 3 9 8
3 3 9 10
3 4 9 8
3 4 9 10
3 5 9 8
3 5 9 10
3 8 9 10
3 1 10 8
3 1 10 10
3 2 10 8
3 2 10 10
3 3 10 8
3 3 10 10
3 4 10 8
3 4 10 10
3 5 10 8
3 5 10 10
3 8 10 10
3 1 11 8
3 1 11 10
3 2 11 8
3 2 11 10
3 3 11 8
3 3 11 10
3 4 11 8
3 4 11 10
3 5 11 8
3 5 11 10
3 8 11 10
3 1 12 8
3 1 12 10
3 2 12 8
3 2 12 10
3 3 12 8
3 3 12 10
3 4 12 8
3 4 12 10
3 5 12 8
3 5 12 10
3 8 12 10
3 1 13 8
3 1 13 10
3 2 13 8
3 2 13 10
3 3 13 8
3 3 13 10
3 4 13 8
3 4 13 10
3 5 13 8
3 5 13 10
3 8 13 10
3 1 14 8
3 1 14 10
3 2 14 8
3 2 14 10
3 3 14 8
3 3 14 10
3 4 14 8
3 4 14 10
3 5 14 8
3 5 14 10
3 8 14 10
3 1 15 8
3 1 15 10
3 2 15 8
3 2 15 10
3 3 15 8
3 3 15 10
3 4 15 8
3 4 15 10
3 5 15 8
3 5 15 10
3 8 15 10
3 1 16 8
3 1 16 10
3 2 16 8
3 2 16 10
3 3 16 8
3 3 16 10
3 4 16 8
3 4 16 10
3 5 16 8
3 5 16 10
3 8 16 10
3 1 17 8
3 1 17 10
3 2 17 8
3 2 17 10
3 3 17 8
3 3 17 10
3 4 17 8
3 4 17 10
3 5 17 8
3 5 17 10
3 8 17 10
3 1 18 8
3 1 18 10
3 2 18 8
3 2 18 10
3 3 18 8
3 3 18 10
3 4 18 8
3 4 18 10
3 5 18 8
3 5 18 10
3 8 18 10
3 1 19 8
3 1 19 10
3 2 19 8
3 2 19 10
3 3 19 8
3 3 19 10
3 4 19 8
3 4 19 10
3 5 19 8
3 5 19 10
3 8 19 10
3 1 20 8
3 1 20 10
3 2 20 8
3 2 20 10
3 3 20 8
3 3 20 10
3 4 20 8
3 4 20 10
3 5 20 8
3 5 20 10
3 8 20 10
3 1 21 8
3 2 21 8
3 3 21 8
3 4 21 8
3 5 21 8
3 5 22 8
3 1 23 3
3 1 23 5
3 1 23 8
3 3 23 5
3 3 23 8
3 5 23 8
4 1 7 8
4 2 7 8
4 3 7 8
4 4 7 8
4 5 7 8
4 1 8 8
4 1 8 10
4 2 8 8
4 2 8 10
4 3 8 8
4 3 8 10
4 4 8 8
4 4 8 10
4 5 8 8
4 5 8 10
4 8 8 10
4 1 9 8
4 1 9 10
4 2 9 8
4 2 9 10
4 3 9 8
4 3 9 10
4 4 9 8
4 4 9 10
4 5 9 8
4 5 9 10
4 8 9 10
4 1 10 8
4 1 10 10
4 2 10 8
4 2 10 10
4 3 10 8
4 3 10 10
4 4 10 8
4 4 10 10
4 5 10 8
4 5 10 10
4 8 10 10
4 1 11 8
4 1 11 10
4 2 11 8
4 2 11 10
4 3 11 8
4 3 11 10
4 4 11 8
4 4 11 10
4 5 11 8
4 5 11 10
4 8 11 10
4 1 12 8
4 1 12 10
4 2 12 8
4 2 12 10
4 3 12 8
4 3 12 10
4 4 12 8
4 4 12 10
4 5 12 8
4 5 12 10
4 8 12 10
4 1 13 8
4 1 13 10
4 2 13 8
4 2 13 10
4 3 13 8
4 3 13 10
4 4 13 8
4 4 13 10
4 5 13 8
4 5 13 10
4 8 13 10
4 1 14 8
4 1 14 10
4 2 14 8
4 2 14 10
4 3 14 8
4 3 14 10
4 4 14 8
4 4 14 10
4 5 14 8
4 5 14 10
4 8 14 10
4 1 15 8
4 1 15 10
4 2 15 8
4 2 15 10
4 3 15 8
4 3 15 10
4 4 15 8
4 4 15 10
4 5 15 8
4 5 15 10
4 8 15 10
4 1 16 8
4 1 16 10
4 2 16 8
4 2 16 10
4 3 16 8
4 3 16 10
4 4 16 8
4 4 16 10
4 5 16 8
4 5 16 10
4 8 16 10
4 1 17 8
4 1 17 10
4 2 17 8
4 2 17 10
4 3 17 8
4 3 17 10
4 4 17 8
4 4 17 10
4 5 17 8
4 5 17 10
4 8 17 10
4 1 18 8
4 1 18 10
4 2 18 8
4 2 18 10
4 3 18 8
4 3 18 10
4 4 18 8
4 4 18 10
4 5 18 8
4 5 18 10
4 8 18 10
4 1 19 8
4 1 19 10
4 2 19 8
4 2 19 10
4 3 19 8
4 3 19 10
4 4 19 8
4 4 19 10
4 5 19 8
4 5 19 10
4 8 19 10
4 1 20 8
4 1 20 10
4 2 20 8
4 2 20 10
4 3 20 8
4 3 20 10
4 4 20 8
4 4 20 10
4 5 20 8
4 5 20 10
4 8 20 10
4 1 21 8
4 2 21 8
4 3 21 8
4 4 21 8
4 5 21 8
4 5 22 8
4 1 23 3
4 1 23 5
4 1 23 8
4 3 23 5
4 3 23 8
4 5 23 8
5 1 7 8
5 2 7 8
5 3 7 8
5 4 7 8
5 5 7 8
5 1 8 8
5 2 8 8
5 3 8 8
5 4 8 8
5 5 8 8
5 1 9 8
5 2 9 8
5 3 9 8
5 4 9 8
5 5 9 8
5 1 10 8
5 2 10 8
5 3 10 8
5 4 10 8
5 5 10 8
5 1 11 8
5 2 11 8
5 3 11 8
5 4 11 8
5 5 11 8
5 1 12 8
5 2 12 8
5 3 12 8
5 4 12 8
5 5 12 8
5 1 13 8
5 2 13 8
5 3 13 8
5 4 13 8
5 5 13 8
5 1 14 8
5 2 14 8
5 3 14 8
5 4 14 8
5 5 14 8
5 1 15 8
5 2 15 8
5 3 15 8
5 4 15 8
5 5 15 8
5 1 16 8
5 2 16 8
5 3 16 8
5 4 16 8
5 5 16 8
5 1 17 8
5 2 17 8
5 3 17 8
5 4 17 8
5 5 17 8
5 1 18 8
5 2 18 8
5 3 18 8
5 4 18 8
5 5 18 8
5 1 19 8
5 2 19 8
5 3 19 8
5 4 19 8
5 5 19 8
5 1 20 8
5 2 20 8
5 3 20 8
5 4 20 8
5 5 20 8
5 1 21 8
5 2 21 8
5 3 21 8
5 4 21 8
5 5 21 8
5 5 22 8
5 1 23 3
5 1 23 5
5 1 23 8
5 3 23 5
5 3 23 8
5 5 23 8
6 1 23 3
6 1 23 5
6 3 23 5
7 1 23 3
7 1 23 5
7 1 23 6
7 1 23 7
7 1 23 8
7 3 23 5
7 3 23 6
7 3 23 7
7 3 23 8
8 1 23 3
8 1 23 5
8 1 23 6
8 1 23 7
8 1 23 8
8 1 23 9
8 3 23 5
8 3 23 6
8 3 23 7
8 3 23 8
8 3 23 9
9 1 23 3
9 1 23 5
9 1 23 6
9 1 23 7
9 1 23 8
9 1 23 9
9 3 23 5
9 3 23 6
9 3 23 7
9 3 23 8
9 3 23 9
10 1 23 3
10 1 23 5
10 1 23 6
10 1 23 7
10 1 23 8
10 1 23 9
10 3 23 5
10 3 23 6
10 3 23 7
10 3 23 8
10 3 23 9
11 1 23 3
11 1 23 5
11 1 23 6
11 1 23 7
11 1 23 8
11 1 23 9
11 3 23 5
11 3 23 6
11 3 23 7
11 3 23 8
11 3 23 9
12 1 23 3
12 1 23 5
12 1 23 6
12 1 23 7
12 1 23 8
12 1 23 9
12 3 23 5
12 3 23 6
12 3 23 7
12 3 23 8
12 3 23 9
13 1 23 3
13 1 23 5
13 1 23 6
13 1 23 7
13 1 23 8
13 1 23 9
13 3 23 5
13 3 23 6
13 3 23 7
13 3 23 8
13 3 23 9
14 1 23 3
14 1 23 5
14 1 23 6
14 1 23 7
14 1 23 8
14 1 23 9
14 3 23 5
14 3 23 6
14 3 23 7
14 3 23 8
14 3 23 9
15 1 23 3
15 1 23 5
15 1 23 6
15 1 23 7
15 1 23 8
15 1 23 9
15 3 23 5
15 3 23 6
15 3 23 7
15 3 23 8
15 3 23 9
16 1 23 3
16 1 23 5
16 1 23 6
16 1 23 7
16 1 23 8
16 1 23 9
16 3 23 5
16 3 23 6
16 3 23 7
16 3 23 8
16 3 23 9
17 1 23 3
17 1 23 5
17 1 23 6
17 1 23 7
17 1 23 8
17 1 23 9
17 3 23 5
17 3 23 6
17 3 23 7
17 3 23 8
17 3 23 9
18 1 23 3
18 1 23 5
18 1 23 6
18 1 23 7
18 1 23 8
18 1 23 9
18 3 23 5
18 3 23 6
18 3 23 7
18 3 23 8
18 3 23 9
19 1 23 3
19 1 23 5
19 1 23 6
19 1 23 7
19 1 23 8
19 1 23 9
19 3 23 5
19 3 23 6
19 3 23 7
19 3 23 8
19 3 23 9
20 1 23 3
20 1 23 5
20 1 23 6
20 1 23 7
20 1 23 8
20 1 23 9
20 3 23 5
20 3 23 6
20 3 23 7
20 3 23 8
20 3 23 9
21 1 23 3
21 1 23 5
21 1 23 6
21 1 23 7
21 1 23 8
21 1 23 9
21 3 23 5
21 3 23 6
21 3 23 7
21 3 23 8
21 3 23 9
