16 24
000000000000000000000000
000000000000000000000000
000000000000000000000000
111111111000000000000000
100111101000000000000000
100100101000000000000000
100100101000000000000000
101111111111111111000000
101100101000000001000000
101100101000000001000000
101100101000000001000000
101111111111111111000000
100000001000000000000000
100000001000000000000000
100000001000000000000000
111111111000000000000000
18
4 4 8 7
4 4 8 9
4 7 8 9
4 4 12 7
4 4 12 9
4 7 12 9
4 1 16 9
5 4 8 7
5 4 12 7
8 3 12 7
8 3 12 9
8 3 12 18
8 4 12 7
8 4 12 9
8 4 12 18
8 7 12 9
8 7 12 18
8 9 12 18
