20 25
0000000000000000000000000
0000011111111100000000000
0011111111011110000000000
0010011111111110000000000
0010000001010010000000000
0010011111010010000000000
1111110011010010000000000
1010110011010010000000000
1111111111111111110000000
1110110011010010010000000
1110110011010010010000000
1110110011010010010000000
1110110011010010010000000
1110110011010010010000000
1111111111010010010000000
1100110010010010010000000
1100110010010010010000000
1111111111111111110000000
1111100000000000000000000
0000000000000000000000000
101
2 6 4 12
2 6 4 13
2 6 4 14
2 7 4 12
2 7 4 13
2 7 4 14
2 8 4 12
2 8 4 13
2 8 4 14
2 9 4 12
2 9 4 13
2 9 4 14
2 10 4 12
2 10 4 13
2 10 4 14
2 10 9 12
3 3 9 10
3 12 9 15
3 3 15 10
3 12 18 15
4 10 9 12
4 10 9 15
4 12 9 15
4 12 18 15
6 6 9 9
6 6 9 10
6 6 15 9
6 6 15 10
6 6 18 9
7 1 9 3
7 1 9 5
7 1 9 6
7 3 9 5
7 3 9 6
7 1 10 3
7 1 11 3
7 1 12 3
7 1 13 3
7 1 14 3
7 1 15 3
7 1 15 5
7 1 15 6
7 3 15 5
7 3 15 6
7 1 18 5
7 1 18 6
7 1 19 5
9 1 15 5
9 1 15 6
9 1 15 9
9 1 15 10
9 2 15 5
9 2 15 6
9 2 15 9
9 2 15 10
9 3 15 5
9 3 15 6
9 3 15 9
9 3 15 10
9 5 15 9
9 5 15 10
9 6 15 9
9 6 15 10
9 1 18 5
9 1 18 6
9 1 18 9
9 1 18 12
9 1 18 15
9 1 18 18
9 2 18 5
9 2 18 6
9 2 18 9
9 2 18 12
9 2 18 15
9 2 18 18
9 5 18 9
9 5 18 12
9 5 18 15
9 5 18 18
9 6 18 9
9 6 18 12
9 6 18 15
9 6 18 18
9 9 18 12
9 9 18 15
9 9 18 18
9 12 18 15
9 12 18 18
9 15 18 18
9 1 19 5
9 2 19 5
15 1 18 5
15 1 18 6
15 1 18 9
15 2 18 5
15 2 18 6
15 2 18 9
15 5 18 9
15 6 18 9
15 1 19 5
15 2 19 5
