18 23
00000011111111111111000
00000010000000000001000
00000010000000000001000
01111111100000000001000
01011111111100000001000
01010010100100000001000
01010011111111111111111
01010011111110000001001
11111111111111111111001
11111111111010000000001
11110001111111111111101
11111111111000000000101
10111111111000000000101
11111001111000000000101
00001001111000000000101
00001111111000000000101
00000001111111111111111
00000001111111111111100
134
1 7 7 20
1 7 9 20
4 7 7 9
4 7 8 9
4 2 9 4
4 2 9 7
4 2 9 9
4 4 9 7
4 4 9 9
4 7 9 9
4 2 10 4
4 2 10 7
4 2 10 9
4 4 10 7
4 4 10 9
4 7 10 9
4 2 11 4
4 2 12 4
4 2 12 9
4 4 12 9
4 4 13 9
5 7 7 9
5 7 7 12
5 9 7 12
5 7 8 9
5 7 8 12
5 9 8 12
5 4 9 7
5 4 9 9
5 4 9 12
5 7 9 9
5 7 9 12
5 9 9 12
5 4 10 7
5 4 10 9
5 7 10 9
5 4 12 9
5 4 13 9
7 7 9 20
7 8 9 20
7 9 9 20
7 10 9 20
7 11 9 20
7 12 9 20
7 13 9 20
7 8 11 13
7 9 11 13
7 10 11 13
7 11 11 13
7 8 17 23
7 9 17 23
7 10 17 23
7 11 17 23
8 8 11 13
8 9 11 13
8 10 11 13
8 11 11 13
9 8 11 13
9 9 11 13
9 10 11 13
9 11 11 13
9 1 12 8
9 1 12 9
9 1 12 10
9 1 12 11
9 2 12 8
9 2 12 9
9 2 12 10
9 2 12 11
9 3 12 8
9 3 12 9
9 3 12 10
9 3 12 11
9 4 12 8
9 4 12 9
9 4 12 10
9 4 12 11
9 3 13 8
9 3 13 9
9 3 13 10
9 3 13 11
9 4 13 8
9 4 13 9
9 4 13 10
9 4 13 11
9 1 14 3
9 1 14 4
10 1 12 8
10 1 12 9
10 1 12 10
10 1 12 11
10 2 12 8
10 2 12 9
10 2 12 10
10 2 12 11
10 3 12 8
10 3 12 9
10 3 12 10
10 3 12 11
10 4 12 8
10 4 12 9
10 4 12 10
10 4 12 11
10 3 13 8
10 3 13 9
10 3 13 10
10 3 13 11
10 4 13 8
10 4 13 9
10 4 13 10
10 4 13 11
10 1 14 3
10 1 14 4
11 1 14 3
11 1 14 4
11 8 17 21
11 9 17 21
11 10 17 21
11 11 17 21
11 8 18 21
11 9 18 21
11 10 18 21
11 11 18 21
12 1 14 3
12 1 14 4
12 1 14 5
12 5 16 8
12 5 16 9
12 5 16 10
12 5 16 11
13 5 16 8
13 5 16 9
13 5 16 10
13 5 16 11
