14 13
0000000000000
0000011111110
0000010101110
1111111111110
1111110111110
1011110101110
1011111111110
1111111111110
1011010111100
1011011111100
1011110001000
1010011111000
1010000000000
1110000000000
124
2 6 4 8
2 6 4 10
2 6 4 11
2 6 4 12
2 8 4 10
2 8 4 11
2 8 4 12
2 8 5 10
2 8 5 11
2 8 5 12
2 6 7 8
2 6 7 10
2 6 7 11
2 6 7 12
2 8 7 10
2 8 7 11
2 8 7 12
2 6 8 8
2 6 8 10
2 6 8 11
2 6 8 12
2 8 8 10
2 8 8 11
2 8 8 12
2 8 9 10
2 8 9 11
2 6 10 8
2 6 10 10
2 6 10 11
2 8 10 10
2 8 10 11
2 6 12 10
4 3 7 8
4 3 7 10
4 3 7 11
4 3 7 12
4 4 7 8
4 4 7 10
4 4 7 11
4 4 7 12
4 5 7 8
4 5 7 10
4 5 7 11
4 5 7 12
4 6 7 8
4 6 7 10
4 6 7 11
4 6 7 12
4 8 7 10
4 8 7 11
4 8 7 12
4 1 8 3
4 1 8 4
4 1 8 5
4 1 8 6
4 1 8 8
4 1 8 10
4 1 8 11
4 1 8 12
4 3 8 8
4 3 8 10
4 3 8 11
4 3 8 12
4 4 8 8
4 4 8 10
4 4 8 11
4 4 8 12
4 5 8 8
4 5 8 10
4 5 8 11
4 5 8 12
4 6 8 8
4 6 8 10
4 6 8 11
4 6 8 12
4 8 8 10
4 8 8 11
4 8 8 12
4 8 9 10
4 8 9 11
4 6 10 8
4 6 10 10
4 6 10 11
4 8 10 10
4 8 10 11
4 3 11 6
4 4 11 6
4 6 12 10
4 1 14 3
5 8 7 10
5 8 7 11
5 8 7 12
5 1 8 3
5 1 8 4
5 1 8 5
5 1 8 6
5 8 8 10
5 8 8 11
5 8 8 12
5 8 9 10
5 8 9 11
5 8 10 10
5 8 10 11
5 3 11 6
5 4 11 6
5 1 14 3
6 3 11 6
6 4 11 6
7 6 10 8
7 6 10 9
7 6 10 10
7 6 10 11
7 3 11 6
7 4 11 6
7 6 12 10
8 6 10 8
8 6 10 9
8 6 10 10
8 6 10 11
8 3 11 6
8 4 11 6
8 6 12 10
8 1 14 3
10 6 12 10
