22 19
0001111111111100000
0001111111111100000
0001001011111111110
0001001011111100010
0001001011011100010
0001001011111111110
0001111001111100010
0001111111111110010
0111111111111110010
0101101001001110010
0101111111111110010
0101101001001100010
0101101001111100010
0111111111111100010
0001000000001111110
0001000000001000000
0001000000001000000
0001111111111000000
0000000000000000000
0000000000000000000
0000000000000000000
0000000000000000000
266
1 9 6 12
1 9 6 13
1 9 6 14
1 10 6 12
1 10 6 13
1 10 6 14
1 4 7 7
1 10 7 12
1 10 7 13
1 10 7 14
1 4 8 7
1 4 8 10
1 4 8 12
1 4 8 13
1 4 8 14
1 7 8 10
1 7 8 12
1 7 8 13
1 7 8 14
1 10 8 12
1 10 8 13
1 10 8 14
1 4 9 7
1 4 9 10
1 4 9 12
1 4 9 13
1 4 9 14
1 7 9 10
1 7 9 12
1 7 9 13
1 7 9 14
1 10 9 12
1 10 9 13
1 10 9 14
1 4 11 7
1 4 11 10
1 4 11 13
1 4 11 14
1 7 11 10
1 7 11 13
1 7 11 14
1 10 11 13
1 10 11 14
1 10 13 13
1 10 13 14
1 4 14 7
1 4 14 10
1 4 14 13
1 4 14 14
1 7 14 10
1 7 14 13
1 7 14 14
1 10 14 13
1 10 14 14
1 4 18 13
2 9 6 12
2 9 6 13
2 9 6 14
2 10 6 12
2 10 6 13
2 10 6 14
2 4 7 7
2 10 7 12
2 10 7 13
2 10 7 14
2 4 8 7
2 4 8 10
2 4 8 12
2 4 8 13
2 4 8 14
2 7 8 10
2 7 8 12
2 7 8 13
2 7 8 14
2 10 8 12
2 10 8 13
2 10 8 14
2 4 9 7
2 4 9 10
2 4 9 12
2 4 9 13
2 4 9 14
2 7 9 10
2 7 9 12
2 7 9 13
2 7 9 14
2 10 9 12
2 10 9 13
2 10 9 14
2 4 11 7
2 4 11 10
2 4 11 13
2 4 11 14
2 7 11 10
2 7 11 13
2 7 11 14
2 10 11 13
2 10 11 14
2 10 13 13
2 10 13 14
2 4 14 7
2 4 14 10
2 4 14 13
2 4 14 14
2 7 14 10
2 7 14 13
2 7 14 14
2 10 14 13
2 10 14 14
2 4 18 13
3 9 6 12
3 9 6 13
3 9 6 14
3 9 6 18
3 10 6 12
3 10 6 13
3 10 6 14
3 10 6 18
3 12 6 18
3 13 6 18
3 14 6 18
3 10 7 12
3 10 7 13
3 10 7 14
3 10 8 12
3 10 8 13
3 10 8 14
3 10 9 12
3 10 9 13
3 10 9 14
3 10 11 13
3 10 11 14
3 10 13 13
3 10 13 14
3 10 14 13
3 10 14 14
3 13 15 18
3 14 15 18
4 9 6 12
4 9 6 13
4 9 6 14
4 10 6 12
4 10 6 13
4 10 6 14
4 10 7 12
4 10 7 13
4 10 7 14
4 10 8 12
4 10 8 13
4 10 8 14
4 10 9 12
4 10 9 13
4 10 9 14
4 10 11 13
4 10 11 14
4 10 13 13
4 10 13 14
4 10 14 13
4 10 14 14
6 10 11 13
6 10 11 14
6 10 13 13
6 10 13 14
6 10 14 13
6 10 14 14
6 13 15 18
6 14 15 18
7 4 11 7
7 5 11 7
7 10 11 13
7 10 11 14
7 10 13 13
7 10 13 14
7 4 14 7
7 5 14 7
7 10 14 13
7 10 14 14
8 4 11 7
8 4 11 10
8 4 11 13
8 4 11 14
8 4 11 15
8 5 11 7
8 5 11 10
8 5 11 13
8 5 11 14
8 5 11 15
8 7 11 10
8 7 11 13
8 7 11 14
8 7 11 15
8 10 11 13
8 10 11 14
8 10 11 15
8 10 13 13
8 10 13 14
8 4 14 7
8 4 14 10
8 4 14 13
8 4 14 14
8 5 14 7
8 5 14 10
8 5 14 13
8 5 14 14
8 7 14 10
8 7 14 13
8 7 14 14
8 10 14 13
8 10 14 14
8 4 18 13
9 4 11 7
9 4 11 10
9 4 11 13
9 4 11 14
9 4 11 15
9 5 11 7
9 5 11 10
9 5 11 13
9 5 11 14
9 5 11 15
9 7 11 10
9 7 11 13
9 7 11 14
9 7 11 15
9 10 11 13
9 10 11 14
9 10 11 15
9 10 13 13
9 10 13 14
9 2 14 4
9 2 14 5
9 2 14 7
9 2 14 10
9 2 14 13
9 2 14 14
9 4 14 7
9 4 14 10
9 4 14 13
9 4 14 14
9 5 14 7
9 5 14 10
9 5 14 13
9 5 14 14
9 7 14 10
9 7 14 13
9 7 14 14
9 10 14 13
9 10 14 14
9 4 18 13
11 10 13 13
11 10 13 14
11 4 14 7
11 4 14 10
11 4 14 13
11 4 14 14
11 5 14 7
11 5 14 10
11 5 14 13
11 5 14 14
11 7 14 10
11 7 14 13
11 7 14 14
11 10 14 13
11 10 14 14
11 4 18 13
14 4 18 13
