25 15
000011111111000
111111100001000
100110101111000
100111111001000
100110111111111
111110111101001
000110111101001
000110111111111
000110111101001
000110111101001
000110111101001
000110111111001
111111111111111
100110011101001
100110011101001
100110011101001
100110011101001
111111111101001
111111111111111
010010000101001
010010000101001
010010000111111
010010000101000
010010000101000
011111111111000
150
1 5 4 7
1 7 5 12
1 7 8 12
1 7 12 12
1 5 13 7
1 5 13 12
1 7 13 12
1 5 19 12
1 5 25 12
2 4 4 7
2 5 4 7
2 1 6 4
2 1 6 5
2 4 13 7
2 5 13 7
3 9 5 12
3 9 8 12
3 9 12 12
3 9 13 12
3 9 19 12
4 4 13 7
4 4 13 8
4 4 13 9
4 5 13 7
4 5 13 8
4 5 13 9
4 4 18 8
4 4 18 9
4 5 18 8
4 5 18 9
4 4 19 8
4 4 19 9
4 5 19 8
4 5 19 9
5 7 8 12
5 7 8 15
5 8 8 12
5 8 8 15
5 9 8 12
5 9 8 15
5 10 8 12
5 10 8 15
5 12 8 15
5 7 12 12
5 8 12 12
5 9 12 12
5 10 12 12
5 7 13 12
5 7 13 15
5 8 13 12
5 8 13 15
5 9 13 12
5 9 13 15
5 10 13 12
5 10 13 15
5 12 13 15
5 8 19 12
5 8 19 15
5 9 19 12
5 9 19 15
5 10 19 12
5 10 19 15
5 12 19 15
5 10 22 12
5 10 22 15
5 12 22 15
5 10 25 12
8 7 12 12
8 8 12 12
8 9 12 12
8 10 12 12
8 7 13 12
8 7 13 15
8 8 13 12
8 8 13 15
8 9 13 12
8 9 13 15
8 10 13 12
8 10 13 15
8 12 13 15
8 8 19 12
8 8 19 15
8 9 19 12
8 9 19 15
8 10 19 12
8 10 19 15
8 12 19 15
8 10 22 12
8 10 22 15
8 12 22 15
8 10 25 12
12 8 19 12
12 9 19 12
12 10 19 12
12 10 22 12
12 10 25 12
13 1 18 4
13 1 18 5
13 1 18 8
13 1 18 9
13 1 18 10
13 4 18 8
13 4 18 9
13 4 18 10
13 5 18 8
13 5 18 9
13 5 18 10
13 1 19 4
13 1 19 5
13 1 19 8
13 1 19 9
13 1 19 10
13 1 19 12
13 1 19 15
13 4 19 8
13 4 19 9
13 4 19 10
13 4 19 12
13 4 19 15
13 5 19 8
13 5 19 9
13 5 19 10
13 5 19 12
13 5 19 15
13 8 19 12
13 8 19 15
13 9 19 12
13 9 19 15
13 10 19 12
13 10 19 15
13 12 19 15
13 10 22 12
13 10 22 15
13 12 22 15
13 5 25 10
13 5 25 12
13 10 25 12
18 2 25 5
18 2 25 10
18 5 25 10
19 10 22 12
19 10 22 15
19 12 22 15
19 2 25 5
19 2 25 10
19 2 25 12
19 5 25 10
19 5 25 12
19 10 25 12
22 10 25 12
