15 23
00000000000011111111000
00000000000010000001000
00000111110010000001000
00000100010010000001000
00001111111111111111111
00001101010011111111001
11111111111111111111111
10001111010000001000000
10001101010000001000000
11111111111111111000000
00001111000000000000000
00111111111111111000000
00100000000000001000000
00111111111111111000000
00000000000000000000000
95
1 13 5 20
1 13 6 20
1 13 7 20
3 6 5 10
3 6 7 10
3 6 10 10
5 5 7 8
5 5 7 10
5 5 7 13
5 5 7 14
5 5 7 15
5 5 7 16
5 5 7 17
5 5 7 18
5 5 7 19
5 5 7 20
5 5 7 23
5 6 7 8
5 6 7 10
5 6 7 13
5 6 7 14
5 6 7 15
5 6 7 16
5 6 7 17
5 6 7 18
5 6 7 19
5 6 7 20
5 6 7 23
5 8 7 10
5 8 7 13
5 8 7 14
5 8 7 15
5 8 7 16
5 8 7 17
5 8 7 18
5 8 7 19
5 8 7 20
5 8 7 23
5 10 7 13
5 10 7 14
5 10 7 15
5 10 7 16
5 10 7 17
5 10 7 18
5 10 7 19
5 10 7 20
5 10 7 23
5 13 7 23
5 14 7 23
5 15 7 23
5 16 7 23
5 17 7 23
5 18 7 23
5 19 7 23
5 20 7 23
5 5 8 8
5 6 8 8
5 5 10 8
5 5 10 10
5 5 10 17
5 6 10 8
5 6 10 10
5 6 10 17
5 8 10 10
5 8 10 17
5 10 10 17
5 5 11 8
5 6 11 8
5 5 12 8
5 6 12 8
7 1 10 5
7 1 10 6
7 1 10 8
7 1 10 10
7 1 10 17
7 5 10 8
7 5 10 10
7 5 10 17
7 6 10 8
7 6 10 10
7 6 10 17
7 8 10 10
7 8 10 17
7 10 10 17
7 5 11 8
7 6 11 8
7 5 12 8
7 6 12 8
8 5 10 8
8 6 10 8
8 5 11 8
8 6 11 8
8 5 12 8
8 6 12 8
12 3 14 17
