22 23
01111111111111000011110
01001001000001001111111
01111111111111111110111
11111111111111111111111
11111111111111111111011
11011111111111111111111
11111111111111111111111
11111111111111111111101
11011111111111111111111
11011111101100100111110
11111111101100111111110
11011110101100100111010
11111111111111111111110
11001111111111111111110
11111111111111111111110
11111111111111111111110
11111110001100110101110
11001110001111111111110
11001110001000110101100
11111111111111111111100
01111111111111111101100
00000000000000111111100
2896
1 2 3 5
1 2 3 8
1 2 3 14
1 5 3 8
1 5 3 14
1 8 3 14
1 2 4 5
1 2 4 8
1 2 4 14
1 5 4 8
1 5 4 14
1 8 4 14
1 19 4 21
1 19 4 22
1 2 5 5
1 2 5 8
1 2 5 14
1 5 5 8
1 5 5 14
1 8 5 14
1 5 6 8
1 5 6 14
1 8 6 14
1 19 6 22
1 2 7 5
1 2 7 8
1 2 7 14
1 5 7 8
1 5 7 14
1 8 7 14
1 19 7 22
1 2 8 5
1 2 8 8
1 2 8 14
1 5 8 8
1 5 8 14
1 8 8 14
1 5 9 8
1 5 9 14
1 8 9 14
1 5 10 8
1 2 11 5
1 2 11 8
1 5 11 8
1 2 13 5
1 2 15 5
1 2 16 5
1 2 17 5
1 2 20 5
1 2 21 5
2 17 4 21
2 17 4 22
2 17 4 23
2 18 4 21
2 18 4 22
2 18 4 23
2 19 4 21
2 19 4 22
2 19 4 23
2 17 6 22
2 17 6 23
2 18 6 22
2 18 6 23
2 19 6 22
2 19 6 23
2 17 7 22
2 17 7 23
2 18 7 22
2 18 7 23
2 19 7 22
2 19 7 23
2 17 9 23
2 18 9 23
2 19 9 23
3 2 7 4
3 2 7 5
3 2 7 6
3 2 7 7
3 2 7 8
3 2 7 9
3 2 7 10
3 2 7 11
3 2 7 12
3 2 7 13
3 2 7 14
3 2 7 15
3 2 7 16
3 2 7 17
3 2 7 18
3 2 7 19
3 2 8 4
3 2 8 5
3 2 8 6
3 2 8 7
3 2 8 8
3 2 8 9
3 2 8 10
3 2 8 11
3 2 8 12
3 2 8 13
3 2 8 14
3 2 8 15
3 2 8 16
3 2 8 17
3 2 8 18
3 2 8 19
3 2 11 4
3 2 11 5
3 2 11 6
3 2 11 7
3 2 11 8
3 2 11 9
3 15 11 18
3 15 11 19
3 2 13 4
3 2 13 5
3 2 13 6
3 2 13 7
3 2 13 9
3 2 13 11
3 2 13 12
3 2 13 15
3 2 13 18
3 2 13 19
3 4 13 9
3 4 13 11
3 4 13 12
3 4 13 15
3 4 13 18
3 4 13 19
3 5 13 9
3 5 13 11
3 5 13 12
3 5 13 15
3 5 13 18
3 5 13 19
3 6 13 9
3 6 13 11
3 6 13 12
3 6 13 15
3 6 13 18
3 6 13 19
3 7 13 9
3 7 13 11
3 7 13 12
3 7 13 15
3 7 13 18
3 7 13 19
3 9 13 11
3 9 13 12
3 9 13 15
3 9 13 18
3 9 13 19
3 11 13 15
3 11 13 18
3 11 13 19
3 12 13 15
3 12 13 18
3 12 13 19
3 15 13 18
3 15 13 19
3 5 14 9
3 5 14 11
3 5 14 12
3 5 14 15
3 5 14 18
3 5 14 19
3 6 14 9
3 6 14 11
3 6 14 12
3 6 14 15
3 6 14 18
3 6 14 19
3 7 14 9
3 7 14 11
3 7 14 12
3 7 14 15
3 7 14 18
3 7 14 19
3 9 14 11
3 9 14 12
3 9 14 15
3 9 14 18
3 9 14 19
3 11 14 15
3 11 14 18
3 11 14 19
3 12 14 15
3 12 14 18
3 12 14 19
3 15 14 18
3 15 14 19
3 2 15 5
3 2 15 6
3 2 15 7
3 2 15 9
3 2 15 11
3 2 15 12
3 2 15 15
3 2 15 18
3 2 15 19
3 5 15 9
3 5 15 11
3 5 15 12
3 5 15 15
3 5 15 18
3 5 15 19
3 6 15 9
3 6 15 11
3 6 15 12
3 6 15 15
3 6 15 18
3 6 15 19
3 7 15 9
3 7 15 11
3 7 15 12
3 7 15 15
3 7 15 18
3 7 15 19
3 9 15 11
3 9 15 12
3 9 15 15
3 9 15 18
3 9 15 19
3 11 15 15
3 11 15 18
3 11 15 19
3 12 15 15
3 12 15 18
3 12 15 19
3 15 15 18
3 15 15 19
3 2 16 5
3 2 16 6
3 2 16 7
3 2 16 9
3 2 16 11
3 2 16 12
3 2 16 15
3 2 16 18
3 2 16 19
3 5 16 9
3 5 16 11
3 5 16 12
3 5 16 15
3 5 16 18
3 5 16 19
3 6 16 9
3 6 16 11
3 6 16 12
3 6 16 15
3 6 16 18
3 6 16 19
3 7 16 9
3 7 16 11
3 7 16 12
3 7 16 15
3 7 16 18
3 7 16 19
3 9 16 11
3 9 16 12
3 9 16 15
3 9 16 18
3 9 16 19
3 11 16 15
3 11 16 18
3 11 16 19
3 12 16 15
3 12 16 18
3 12 16 19
3 15 16 18
3 15 16 19
3 2 17 5
3 2 17 6
3 2 17 7
3 11 18 15
3 11 18 18
3 12 18 15
3 12 18 18
3 15 18 18
3 2 20 5
3 2 20 6
3 2 20 7
3 2 20 11
3 2 20 15
3 2 20 18
3 5 20 11
3 5 20 15
3 5 20 18
3 6 20 11
3 6 20 15
3 6 20 18
3 7 20 11
3 7 20 15
3 7 20 18
3 11 20 15
3 11 20 18
3 15 20 18
3 2 21 5
3 2 21 6
3 2 21 7
3 2 21 11
3 2 21 15
3 2 21 18
3 5 21 11
3 5 21 15
3 5 21 18
3 6 21 11
3 6 21 15
3 6 21 18
3 7 21 11
3 7 21 15
3 7 21 18
3 11 21 15
3 11 21 18
3 15 21 18
3 15 22 18
4 4 6 22
4 4 6 23
4 5 6 22
4 5 6 23
4 6 6 22
4 6 6 23
4 7 6 22
4 7 6 23
4 8 6 22
4 8 6 23
4 9 6 22
4 9 6 23
4 10 6 22
4 10 6 23
4 11 6 22
4 11 6 23
4 12 6 22
4 12 6 23
4 13 6 22
4 13 6 23
4 14 6 22
4 14 6 23
4 15 6 22
4 15 6 23
4 16 6 22
4 16 6 23
4 17 6 22
4 17 6 23
4 18 6 22
4 18 6 23
4 19 6 22
4 19 6 23
4 20 6 22
4 20 6 23
4 1 7 4
4 1 7 5
4 1 7 6
4 1 7 7
4 1 7 8
4 1 7 9
4 1 7 10
4 1 7 11
4 1 7 12
4 1 7 13
4 1 7 14
4 1 7 15
4 1 7 16
4 1 7 17
4 1 7 18
4 1 7 19
4 1 7 20
4 1 7 22
4 1 7 23
4 2 7 4
4 2 7 5
4 2 7 6
4 2 7 7
4 2 7 8
4 2 7 9
4 2 7 10
4 2 7 11
4 2 7 12
4 2 7 13
4 2 7 14
4 2 7 15
4 2 7 16
4 2 7 17
4 2 7 18
4 2 7 19
4 2 7 20
4 2 7 22
4 2 7 23
4 4 7 22
4 4 7 23
4 5 7 22
4 5 7 23
4 6 7 22
4 6 7 23
4 7 7 22
4 7 7 23
4 8 7 22
4 8 7 23
4 9 7 22
4 9 7 23
4 10 7 22
4 10 7 23
4 11 7 22
4 11 7 23
4 12 7 22
4 12 7 23
4 13 7 22
4 13 7 23
4 14 7 22
4 14 7 23
4 15 7 22
4 15 7 23
4 16 7 22
4 16 7 23
4 17 7 22
4 17 7 23
4 18 7 22
4 18 7 23
4 19 7 22
4 19 7 23
4 20 7 22
4 20 7 23
4 1 8 4
4 1 8 5
4 1 8 6
4 1 8 7
4 1 8 8
4 1 8 9
4 1 8 10
4 1 8 11
4 1 8 12
4 1 8 13
4 1 8 14
4 1 8 15
4 1 8 16
4 1 8 17
4 1 8 18
4 1 8 19
4 1 8 20
4 2 8 4
4 2 8 5
4 2 8 6
4 2 8 7
4 2 8 8
4 2 8 9
4 2 8 10
4 2 8 11
4 2 8 12
4 2 8 13
4 2 8 14
4 2 8 15
4 2 8 16
4 2 8 17
4 2 8 18
4 2 8 19
4 2 8 20
4 4 9 23
4 5 9 23
4 6 9 23
4 7 9 23
4 8 9 23
4 9 9 23
4 10 9 23
4 11 9 23
4 12 9 23
4 13 9 23
4 14 9 23
4 15 9 23
4 16 9 23
4 17 9 23
4 18 9 23
4 19 9 23
4 20 9 23
4 1 11 4
4 1 11 5
4 1 11 6
4 1 11 7
4 1 11 8
4 1 11 9
4 2 11 4
4 2 11 5
4 2 11 6
4 2 11 7
4 2 11 8
4 2 11 9
4 15 11 18
4 15 11 19
4 15 11 20
4 1 13 4
4 1 13 5
4 1 13 6
4 1 13 7
4 1 13 9
4 1 13 11
4 1 13 12
4 1 13 15
4 1 13 18
4 1 13 19
4 1 13 20
4 2 13 4
4 2 13 5
4 2 13 6
4 2 13 7
4 2 13 9
4 2 13 11
4 2 13 12
4 2 13 15
4 2 13 18
4 2 13 19
4 2 13 20
4 4 13 9
4 4 13 11
4 4 13 12
4 4 13 15
4 4 13 18
4 4 13 19
4 4 13 20
4 5 13 9
4 5 13 11
4 5 13 12
4 5 13 15
4 5 13 18
4 5 13 19
4 5 13 20
4 6 13 9
4 6 13 11
4 6 13 12
4 6 13 15
4 6 13 18
4 6 13 19
4 6 13 20
4 7 13 9
4 7 13 11
4 7 13 12
4 7 13 15
4 7 13 18
4 7 13 19
4 7 13 20
4 9 13 11
4 9 13 12
4 9 13 15
4 9 13 18
4 9 13 19
4 9 13 20
4 11 13 15
4 11 13 18
4 11 13 19
4 11 13 20
4 12 13 15
4 12 13 18
4 12 13 19
4 12 13 20
4 15 13 18
4 15 13 19
4 15 13 20
4 5 14 9
4 5 14 11
4 5 14 12
4 5 14 15
4 5 14 18
4 5 14 19
4 5 14 20
4 6 14 9
4 6 14 11
4 6 14 12
4 6 14 15
4 6 14 18
4 6 14 19
4 6 14 20
4 7 14 9
4 7 14 11
4 7 14 12
4 7 14 15
4 7 14 18
4 7 14 19
4 7 14 20
4 9 14 11
4 9 14 12
4 9 14 15
4 9 14 18
4 9 14 19
4 9 14 20
4 11 14 15
4 11 14 18
4 11 14 19
4 11 14 20
4 12 14 15
4 12 14 18
4 12 14 19
4 12 14 20
4 15 14 18
4 15 14 19
4 15 14 20
4 1 15 5
4 1 15 6
4 1 15 7
4 1 15 9
4 1 15 11
4 1 15 12
4 1 15 15
4 1 15 18
4 1 15 19
4 1 15 20
4 2 15 5
4 2 15 6
4 2 15 7
4 2 15 9
4 2 15 11
4 2 15 12
4 2 15 15
4 2 15 18
4 2 15 19
4 2 15 20
4 5 15 9
4 5 15 11
4 5 15 12
4 5 15 15
4 5 15 18
4 5 15 19
4 5 15 20
4 6 15 9
4 6 15 11
4 6 15 12
4 6 15 15
4 6 15 18
4 6 15 19
4 6 15 20
4 7 15 9
4 7 15 11
4 7 15 12
4 7 15 15
4 7 15 18
4 7 15 19
4 7 15 20
4 9 15 11
4 9 15 12
4 9 15 15
4 9 15 18
4 9 15 19
4 9 15 20
4 11 15 15
4 11 15 18
4 11 15 19
4 11 15 20
4 12 15 15
4 12 15 18
4 12 15 19
4 12 15 20
4 15 15 18
4 15 15 19
4 15 15 20
4 1 16 5
4 1 16 6
4 1 16 7
4 1 16 9
4 1 16 11
4 1 16 12
4 1 16 15
4 1 16 18
4 1 16 19
4 1 16 20
4 2 16 5
4 2 16 6
4 2 16 7
4 2 16 9
4 2 16 11
4 2 16 12
4 2 16 15
4 2 16 18
4 2 16 19
4 2 16 20
4 5 16 9
4 5 16 11
4 5 16 12
4 5 16 15
4 5 16 18
4 5 16 19
4 5 16 20
4 6 16 9
4 6 16 11
4 6 16 12
4 6 16 15
4 6 16 18
4 6 16 19
4 6 16 20
4 7 16 9
4 7 16 11
4 7 16 12
4 7 16 15
4 7 16 18
4 7 16 19
4 7 16 20
4 9 16 11
4 9 16 12
4 9 16 15
4 9 16 18
4 9 16 19
4 9 16 20
4 11 16 15
4 11 16 18
4 11 16 19
4 11 16 20
4 12 16 15
4 12 16 18
4 12 16 19
4 12 16 20
4 15 16 18
4 15 16 19
4 15 16 20
4 1 17 5
4 1 17 6
4 1 17 7
4 2 17 5
4 2 17 6
4 2 17 7
4 11 18 15
4 11 18 18
4 11 18 20
4 12 18 15
4 12 18 18
4 12 18 20
4 15 18 18
4 15 18 20
4 18 18 20
4 1 20 5
4 1 20 6
4 1 20 7
4 1 20 11
4 1 20 15
4 1 20 18
4 1 20 20
4 2 20 5
4 2 20 6
4 2 20 7
4 2 20 11
4 2 20 15
4 2 20 18
4 2 20 20
4 5 20 11
4 5 20 15
4 5 20 18
4 5 20 20
4 6 20 11
4 6 20 15
4 6 20 18
4 6 20 20
4 7 20 11
4 7 20 15
4 7 20 18
4 7 20 20
4 11 20 15
4 11 20 18
4 11 20 20
4 15 20 18
4 15 20 20
4 18 20 20
4 2 21 5
4 2 21 6
4 2 21 7
4 2 21 11
4 2 21 15
4 2 21 18
4 5 21 11
4 5 21 15
4 5 21 18
4 6 21 11
4 6 21 15
4 6 21 18
4 7 21 11
4 7 21 15
4 7 21 18
4 11 21 15
4 11 21 18
4 15 21 18
4 15 22 18
4 15 22 20
4 18 22 20
5 1 7 4
5 1 7 5
5 1 7 6
5 1 7 7
5 1 7 8
5 1 7 9
5 1 7 10
5 1 7 11
5 1 7 12
5 1 7 13
5 1 7 14
5 1 7 15
5 1 7 16
5 1 7 17
5 1 7 18
5 1 7 19
5 1 7 20
5 2 7 4
5 2 7 5
5 2 7 6
5 2 7 7
5 2 7 8
5 2 7 9
5 2 7 10
5 2 7 11
5 2 7 12
5 2 7 13
5 2 7 14
5 2 7 15
5 2 7 16
5 2 7 17
5 2 7 18
5 2 7 19
5 2 7 20
5 1 8 4
5 1 8 5
5 1 8 6
5 1 8 7
5 1 8 8
5 1 8 9
5 1 8 10
5 1 8 11
5 1 8 12
5 1 8 13
5 1 8 14
5 1 8 15
5 1 8 16
5 1 8 17
5 1 8 18
5 1 8 19
5 1 8 20
5 2 8 4
5 2 8 5
5 2 8 6
5 2 8 7
5 2 8 8
5 2 8 9
5 2 8 10
5 2 8 11
5 2 8 12
5 2 8 13
5 2 8 14
5 2 8 15
5 2 8 16
5 2 8 17
5 2 8 18
5 2 8 19
5 2 8 20
5 1 11 4
5 1 11 5
5 1 11 6
5 1 11 7
5 1 11 8
5 1 11 9
5 2 11 4
5 2 11 5
5 2 11 6
5 2 11 7
5 2 11 8
5 2 11 9
5 15 11 18
5 15 11 19
5 15 11 20
5 1 13 4
5 1 13 5
5 1 13 6
5 1 13 7
5 1 13 9
5 1 13 11
5 1 13 12
5 1 13 15
5 1 13 18
5 1 13 19
5 1 13 20
5 2 13 4
5 2 13 5
5 2 13 6
5 2 13 7
5 2 13 9
5 2 13 11
5 2 13 12
5 2 13 15
5 2 13 18
5 2 13 19
5 2 13 20
5 4 13 9
5 4 13 11
5 4 13 12
5 4 13 15
5 4 13 18
5 4 13 19
5 4 13 20
5 5 13 9
5 5 13 11
5 5 13 12
5 5 13 15
5 5 13 18
5 5 13 19
5 5 13 20
5 6 13 9
5 6 13 11
5 6 13 12
5 6 13 15
5 6 13 18
5 6 13 19
5 6 13 20
5 7 13 9
5 7 13 11
5 7 13 12
5 7 13 15
5 7 13 18
5 7 13 19
5 7 13 20
5 9 13 11
5 9 13 12
5 9 13 15
5 9 13 18
5 9 13 19
5 9 13 20
5 11 13 15
5 11 13 18
5 11 13 19
5 11 13 20
5 12 13 15
5 12 13 18
5 12 13 19
5 12 13 20
5 15 13 18
5 15 13 19
5 15 13 20
5 5 14 9
5 5 14 11
5 5 14 12
5 5 14 15
5 5 14 18
5 5 14 19
5 5 14 20
5 6 14 9
5 6 14 11
5 6 14 12
5 6 14 15
5 6 14 18
5 6 14 19
5 6 14 20
5 7 14 9
5 7 14 11
5 7 14 12
5 7 14 15
5 7 14 18
5 7 14 19
5 7 14 20
5 9 14 11
5 9 14 12
5 9 14 15
5 9 14 18
5 9 14 19
5 9 14 20
5 11 14 15
5 11 14 18
5 11 14 19
5 11 14 20
5 12 14 15
5 12 14 18
5 12 14 19
5 12 14 20
5 15 14 18
5 15 14 19
5 15 14 20
5 1 15 5
5 1 15 6
5 1 15 7
5 1 15 9
5 1 15 11
5 1 15 12
5 1 15 15
5 1 15 18
5 1 15 19
5 1 15 20
5 2 15 5
5 2 15 6
5 2 15 7
5 2 15 9
5 2 15 11
5 2 15 12
5 2 15 15
5 2 15 18
5 2 15 19
5 2 15 20
5 5 15 9
5 5 15 11
5 5 15 12
5 5 15 15
5 5 15 18
5 5 15 19
5 5 15 20
5 6 15 9
5 6 15 11
5 6 15 12
5 6 15 15
5 6 15 18
5 6 15 19
5 6 15 20
5 7 15 9
5 7 15 11
5 7 15 12
5 7 15 15
5 7 15 18
5 7 15 19
5 7 15 20
5 9 15 11
5 9 15 12
5 9 15 15
5 9 15 18
5 9 15 19
5 9 15 20
5 11 15 15
5 11 15 18
5 11 15 19
5 11 15 20
5 12 15 15
5 12 15 18
5 12 15 19
5 12 15 20
5 15 15 18
5 15 15 19
5 15 15 20
5 1 16 5
5 1 16 6
5 1 16 7
5 1 16 9
5 1 16 11
5 1 16 12
5 1 16 15
5 1 16 18
5 1 16 19
5 1 16 20
5 2 16 5
5 2 16 6
5 2 16 7
5 2 16 9
5 2 16 11
5 2 16 12
5 2 16 15
5 2 16 18
5 2 16 19
5 2 16 20
5 5 16 9
5 5 16 11
5 5 16 12
5 5 16 15
5 5 16 18
5 5 16 19
5 5 16 20
5 6 16 9
5 6 16 11
5 6 16 12
5 6 16 15
5 6 16 18
5 6 16 19
5 6 16 20
5 7 16 9
5 7 16 11
5 7 16 12
5 7 16 15
5 7 16 18
5 7 16 19
5 7 16 20
5 9 16 11
5 9 16 12
5 9 16 15
5 9 16 18
5 9 16 19
5 9 16 20
5 11 16 15
5 11 16 18
5 11 16 19
5 11 16 20
5 12 16 15
5 12 16 18
5 12 16 19
5 12 16 20
5 15 16 18
5 15 16 19
5 15 16 20
5 1 17 5
5 1 17 6
5 1 17 7
5 2 17 5
5 2 17 6
5 2 17 7
5 11 18 15
5 11 18 18
5 11 18 20
5 12 18 15
5 12 18 18
5 12 18 20
5 15 18 18
5 15 18 20
5 18 18 20
5 1 20 5
5 1 20 6
5 1 20 7
5 1 20 11
5 1 20 15
5 1 20 18
5 1 20 20
5 2 20 5
5 2 20 6
5 2 20 7
5 2 20 11
5 2 20 15
5 2 20 18
5 2 20 20
5 5 20 11
5 5 20 15
5 5 20 18
5 5 20 20
5 6 20 11
5 6 20 15
5 6 20 18
5 6 20 20
5 7 20 11
5 7 20 15
5 7 20 18
5 7 20 20
5 11 20 15
5 11 20 18
5 11 20 20
5 15 20 18
5 15 20 20
5 18 20 20
5 2 21 5
5 2 21 6
5 2 21 7
5 2 21 11
5 2 21 15
5 2 21 18
5 5 21 11
5 5 21 15
5 5 21 18
5 6 21 11
5 6 21 15
5 6 21 18
5 7 21 11
5 7 21 15
5 7 21 18
5 11 21 15
5 11 21 18
5 15 21 18
5 15 22 18
5 15 22 20
5 18 22 20
6 4 9 23
6 5 9 23
6 6 9 23
6 7 9 23
6 8 9 23
6 9 9 23
6 10 9 23
6 11 9 23
6 12 9 23
6 13 9 23
6 14 9 23
6 15 9 23
6 16 9 23
6 17 9 23
6 18 9 23
6 19 9 23
6 20 9 23
6 21 9 23
6 15 11 18
6 15 11 19
6 15 11 20
6 15 11 21
6 4 13 9
6 4 13 11
6 4 13 12
6 4 13 15
6 4 13 18
6 4 13 19
6 4 13 20
6 5 13 9
6 5 13 11
6 5 13 12
6 5 13 15
6 5 13 18
6 5 13 19
6 5 13 20
6 6 13 9
6 6 13 11
6 6 13 12
6 6 13 15
6 6 13 18
6 6 13 19
6 6 13 20
6 7 13 9
6 7 13 11
6 7 13 12
6 7 13 15
6 7 13 18
6 7 13 19
6 7 13 20
6 9 13 11
6 9 13 12
6 9 13 15
6 9 13 18
6 9 13 19
6 9 13 20
6 11 13 15
6 11 13 18
6 11 13 19
6 11 13 20
6 12 13 15
6 12 13 18
6 12 13 19
6 12 13 20
6 15 13 18
6 15 13 19
6 15 13 20
6 5 14 9
6 5 14 11
6 5 14 12
6 5 14 15
6 5 14 18
6 5 14 19
6 5 14 20
6 6 14 9
6 6 14 11
6 6 14 12
6 6 14 15
6 6 14 18
6 6 14 19
6 6 14 20
6 7 14 9
6 7 14 11
6 7 14 12
6 7 14 15
6 7 14 18
6 7 14 19
6 7 14 20
6 9 14 11
6 9 14 12
6 9 14 15
6 9 14 18
6 9 14 19
6 9 14 20
6 11 14 15
6 11 14 18
6 11 14 19
6 11 14 20
6 12 14 15
6 12 14 18
6 12 14 19
6 12 14 20
6 15 14 18
6 15 14 19
6 15 14 20
6 5 15 9
6 5 15 11
6 5 15 12
6 5 15 15
6 5 15 18
6 5 15 19
6 5 15 20
6 6 15 9
6 6 15 11
6 6 15 12
6 6 15 15
6 6 15 18
6 6 15 19
6 6 15 20
6 7 15 9
6 7 15 11
6 7 15 12
6 7 15 15
6 7 15 18
6 7 15 19
6 7 15 20
6 9 15 11
6 9 15 12
6 9 15 15
6 9 15 18
6 9 15 19
6 9 15 20
6 11 15 15
6 11 15 18
6 11 15 19
6 11 15 20
6 12 15 15
6 12 15 18
6 12 15 19
6 12 15 20
6 15 15 18
6 15 15 19
6 15 15 20
6 5 16 9
6 5 16 11
6 5 16 12
6 5 16 15
6 5 16 18
6 5 16 19
6 5 16 20
6 6 16 9
6 6 16 11
6 6 16 12
6 6 16 15
6 6 16 18
6 6 16 19
6 6 16 20
6 7 16 9
6 7 16 11
6 7 16 12
6 7 16 15
6 7 16 18
6 7 16 19
6 7 16 20
6 9 16 11
6 9 16 12
6 9 16 15
6 9 16 18
6 9 16 19
6 9 16 20
6 11 16 15
6 11 16 18
6 11 16 19
6 11 16 20
6 12 16 15
6 12 16 18
6 12 16 19
6 12 16 20
6 15 16 18
6 15 16 19
6 15 16 20
6 11 18 15
6 11 18 18
6 11 18 20
6 12 18 15
6 12 18 18
6 12 18 20
6 15 18 18
6 15 18 20
6 18 18 20
6 5 20 11
6 5 20 15
6 5 20 18
6 5 20 20
6 6 20 11
6 6 20 15
6 6 20 18
6 6 20 20
6 7 20 11
6 7 20 15
6 7 20 18
6 7 20 20
6 11 20 15
6 11 20 18
6 11 20 20
6 15 20 18
6 15 20 20
6 18 20 20
6 5 21 11
6 5 21 15
6 5 21 18
6 6 21 11
6 6 21 15
6 6 21 18
6 7 21 11
6 7 21 15
6 7 21 18
6 11 21 15
6 11 21 18
6 15 21 18
6 15 22 18
6 15 22 20
6 18 22 20
7 4 9 23
7 5 9 23
7 6 9 23
7 7 9 23
7 8 9 23
7 9 9 23
7 10 9 23
7 11 9 23
7 12 9 23
7 13 9 23
7 14 9 23
7 15 9 23
7 16 9 23
7 17 9 23
7 18 9 23
7 19 9 23
7 20 9 23
7 21 9 23
7 1 11 4
7 1 11 5
7 1 11 6
7 1 11 7
7 1 11 8
7 1 11 9
7 2 11 4
7 2 11 5
7 2 11 6
7 2 11 7
7 2 11 8
7 2 11 9
7 15 11 18
7 15 11 19
7 15 11 20
7 15 11 21
7 1 13 4
7 1 13 5
7 1 13 6
7 1 13 7
7 1 13 9
7 1 13 11
7 1 13 12
7 1 13 15
7 1 13 18
7 1 13 19
7 1 13 20
7 2 13 4
7 2 13 5
7 2 13 6
7 2 13 7
7 2 13 9
7 2 13 11
7 2 13 12
7 2 13 15
7 2 13 18
7 2 13 19
7 2 13 20
7 4 13 9
7 4 13 11
7 4 13 12
7 4 13 15
7 4 13 18
7 4 13 19
7 4 13 20
7 5 13 9
7 5 13 11
7 5 13 12
7 5 13 15
7 5 13 18
7 5 13 19
7 5 13 20
7 6 13 9
7 6 13 11
7 6 13 12
7 6 13 15
7 6 13 18
7 6 13 19
7 6 13 20
7 7 13 9
7 7 13 11
7 7 13 12
7 7 13 15
7 7 13 18
7 7 13 19
7 7 13 20
7 9 13 11
7 9 13 12
7 9 13 15
7 9 13 18
7 9 13 19
7 9 13 20
7 11 13 15
7 11 13 18
7 11 13 19
7 11 13 20
7 12 13 15
7 12 13 18
7 12 13 19
7 12 13 20
7 15 13 18
7 15 13 19
7 15 13 20
7 5 14 9
7 5 14 11
7 5 14 12
7 5 14 15
7 5 14 18
7 5 14 19
7 5 14 20
7 6 14 9
7 6 14 11
7 6 14 12
7 6 14 15
7 6 14 18
7 6 14 19
7 6 14 20
7 7 14 9
7 7 14 11
7 7 14 12
7 7 14 15
7 7 14 18
7 7 14 19
7 7 14 20
7 9 14 11
7 9 14 12
7 9 14 15
7 9 14 18
7 9 14 19
7 9 14 20
7 11 14 15
7 11 14 18
7 11 14 19
7 11 14 20
7 12 14 15
7 12 14 18
7 12 14 19
7 12 14 20
7 15 14 18
7 15 14 19
7 15 14 20
7 1 15 5
7 1 15 6
7 1 15 7
7 1 15 9
7 1 15 11
7 1 15 12
7 1 15 15
7 1 15 18
7 1 15 19
7 1 15 20
7 2 15 5
7 2 15 6
7 2 15 7
7 2 15 9
7 2 15 11
7 2 15 12
7 2 15 15
7 2 15 18
7 2 15 19
7 2 15 20
7 5 15 9
7 5 15 11
7 5 15 12
7 5 15 15
7 5 15 18
7 5 15 19
7 5 15 20
7 6 15 9
7 6 15 11
7 6 15 12
7 6 15 15
7 6 15 18
7 6 15 19
7 6 15 20
7 7 15 9
7 7 15 11
7 7 15 12
7 7 15 15
7 7 15 18
7 7 15 19
7 7 15 20
7 9 15 11
7 9 15 12
7 9 15 15
7 9 15 18
7 9 15 19
7 9 15 20
7 11 15 15
7 11 15 18
7 11 15 19
7 11 15 20
7 12 15 15
7 12 15 18
7 12 15 19
7 12 15 20
7 15 15 18
7 15 15 19
7 15 15 20
7 1 16 5
7 1 16 6
7 1 16 7
7 1 16 9
7 1 16 11
7 1 16 12
7 1 16 15
7 1 16 18
7 1 16 19
7 1 16 20
7 2 16 5
7 2 16 6
7 2 16 7
7 2 16 9
7 2 16 11
7 2 16 12
7 2 16 15
7 2 16 18
7 2 16 19
7 2 16 20
7 5 16 9
7 5 16 11
7 5 16 12
7 5 16 15
7 5 16 18
7 5 16 19
7 5 16 20
7 6 16 9
7 6 16 11
7 6 16 12
7 6 16 15
7 6 16 18
7 6 16 19
7 6 16 20
7 7 16 9
7 7 16 11
7 7 16 12
7 7 16 15
7 7 16 18
7 7 16 19
7 7 16 20
7 9 16 11
7 9 16 12
7 9 16 15
7 9 16 18
7 9 16 19
7 9 16 20
7 11 16 15
7 11 16 18
7 11 16 19
7 11 16 20
7 12 16 15
7 12 16 18
7 12 16 19
7 12 16 20
7 15 16 18
7 15 16 19
7 15 16 20
7 1 17 5
7 1 17 6
7 1 17 7
7 2 17 5
7 2 17 6
7 2 17 7
7 11 18 15
7 11 18 18
7 11 18 20
7 12 18 15
7 12 18 18
7 12 18 20
7 15 18 18
7 15 18 20
7 18 18 20
7 1 20 5
7 1 20 6
7 1 20 7
7 1 20 11
7 1 20 15
7 1 20 18
7 1 20 20
7 2 20 5
7 2 20 6
7 2 20 7
7 2 20 11
7 2 20 15
7 2 20 18
7 2 20 20
7 5 20 11
7 5 20 15
7 5 20 18
7 5 20 20
7 6 20 11
7 6 20 15
7 6 20 18
7 6 20 20
7 7 20 11
7 7 20 15
7 7 20 18
7 7 20 20
7 11 20 15
7 11 20 18
7 11 20 20
7 15 20 18
7 15 20 20
7 18 20 20
7 2 21 5
7 2 21 6
7 2 21 7
7 2 21 11
7 2 21 15
7 2 21 18
7 5 21 11
7 5 21 15
7 5 21 18
7 6 21 11
7 6 21 15
7 6 21 18
7 7 21 11
7 7 21 15
7 7 21 18
7 11 21 15
7 11 21 18
7 15 21 18
7 15 22 18
7 15 22 20
7 18 22 20
8 1 11 4
8 1 11 5
8 1 11 6
8 1 11 7
8 1 11 8
8 1 11 9
8 2 11 4
8 2 11 5
8 2 11 6
8 2 11 7
8 2 11 8
8 2 11 9
8 15 11 18
8 15 11 19
8 15 11 20
8 15 11 21
8 1 13 4
8 1 13 5
8 1 13 6
8 1 13 7
8 1 13 9
8 1 13 11
8 1 13 12
8 1 13 15
8 1 13 18
8 1 13 19
8 1 13 20
8 2 13 4
8 2 13 5
8 2 13 6
8 2 13 7
8 2 13 9
8 2 13 11
8 2 13 12
8 2 13 15
8 2 13 18
8 2 13 19
8 2 13 20
8 4 13 9
8 4 13 11
8 4 13 12
8 4 13 15
8 4 13 18
8 4 13 19
8 4 13 20
8 5 13 9
8 5 13 11
8 5 13 12
8 5 13 15
8 5 13 18
8 5 13 19
8 5 13 20
8 6 13 9
8 6 13 11
8 6 13 12
8 6 13 15
8 6 13 18
8 6 13 19
8 6 13 20
8 7 13 9
8 7 13 11
8 7 13 12
8 7 13 15
8 7 13 18
8 7 13 19
8 7 13 20
8 9 13 11
8 9 13 12
8 9 13 15
8 9 13 18
8 9 13 19
8 9 13 20
8 11 13 15
8 11 13 18
8 11 13 19
8 11 13 20
8 12 13 15
8 12 13 18
8 12 13 19
8 12 13 20
8 15 13 18
8 15 13 19
8 15 13 20
8 5 14 9
8 5 14 11
8 5 14 12
8 5 14 15
8 5 14 18
8 5 14 19
8 5 14 20
8 6 14 9
8 6 14 11
8 6 14 12
8 6 14 15
8 6 14 18
8 6 14 19
8 6 14 20
8 7 14 9
8 7 14 11
8 7 14 12
8 7 14 15
8 7 14 18
8 7 14 19
8 7 14 20
8 9 14 11
8 9 14 12
8 9 14 15
8 9 14 18
8 9 14 19
8 9 14 20
8 11 14 15
8 11 14 18
8 11 14 19
8 11 14 20
8 12 14 15
8 12 14 18
8 12 14 19
8 12 14 20
8 15 14 18
8 15 14 19
8 15 14 20
8 1 15 5
8 1 15 6
8 1 15 7
8 1 15 9
8 1 15 11
8 1 15 12
8 1 15 15
8 1 15 18
8 1 15 19
8 1 15 20
8 2 15 5
8 2 15 6
8 2 15 7
8 2 15 9
8 2 15 11
8 2 15 12
8 2 15 15
8 2 15 18
8 2 15 19
8 2 15 20
8 5 15 9
8 5 15 11
8 5 15 12
8 5 15 15
8 5 15 18
8 5 15 19
8 5 15 20
8 6 15 9
8 6 15 11
8 6 15 12
8 6 15 15
8 6 15 18
8 6 15 19
8 6 15 20
8 7 15 9
8 7 15 11
8 7 15 12
8 7 15 15
8 7 15 18
8 7 15 19
8 7 15 20
8 9 15 11
8 9 15 12
8 9 15 15
8 9 15 18
8 9 15 19
8 9 15 20
8 11 15 15
8 11 15 18
8 11 15 19
8 11 15 20
8 12 15 15
8 12 15 18
8 12 15 19
8 12 15 20
8 15 15 18
8 15 15 19
8 15 15 20
8 1 16 5
8 1 16 6
8 1 16 7
8 1 16 9
8 1 16 11
8 1 16 12
8 1 16 15
8 1 16 18
8 1 16 19
8 1 16 20
8 2 16 5
8 2 16 6
8 2 16 7
8 2 16 9
8 2 16 11
8 2 16 12
8 2 16 15
8 2 16 18
8 2 16 19
8 2 16 20
8 5 16 9
8 5 16 11
8 5 16 12
8 5 16 15
8 5 16 18
8 5 16 19
8 5 16 20
8 6 16 9
8 6 16 11
8 6 16 12
8 6 16 15
8 6 16 18
8 6 16 19
8 6 16 20
8 7 16 9
8 7 16 11
8 7 16 12
8 7 16 15
8 7 16 18
8 7 16 19
8 7 16 20
8 9 16 11
8 9 16 12
8 9 16 15
8 9 16 18
8 9 16 19
8 9 16 20
8 11 16 15
8 11 16 18
8 11 16 19
8 11 16 20
8 12 16 15
8 12 16 18
8 12 16 19
8 12 16 20
8 15 16 18
8 15 16 19
8 15 16 20
8 1 17 5
8 1 17 6
8 1 17 7
8 2 17 5
8 2 17 6
8 2 17 7
8 11 18 15
8 11 18 18
8 11 18 20
8 12 18 15
8 12 18 18
8 12 18 20
8 15 18 18
8 15 18 20
8 18 18 20
8 1 20 5
8 1 20 6
8 1 20 7
8 1 20 11
8 1 20 15
8 1 20 18
8 1 20 20
8 2 20 5
8 2 20 6
8 2 20 7
8 2 20 11
8 2 20 15
8 2 20 18
8 2 20 20
8 5 20 11
8 5 20 15
8 5 20 18
8 5 20 20
8 6 20 11
8 6 20 15
8 6 20 18
8 6 20 20
8 7 20 11
8 7 20 15
8 7 20 18
8 7 20 20
8 11 20 15
8 11 20 18
8 11 20 20
8 15 20 18
8 15 20 20
8 18 20 20
8 2 21 5
8 2 21 6
8 2 21 7
8 2 21 11
8 2 21 15
8 2 21 18
8 5 21 11
8 5 21 15
8 5 21 18
8 6 21 11
8 6 21 15
8 6 21 18
8 7 21 11
8 7 21 15
8 7 21 18
8 11 21 15
8 11 21 18
8 15 21 18
8 15 22 18
8 15 22 20
8 18 22 20
9 15 11 18
9 15 11 19
9 15 11 20
9 15 11 21
9 15 11 22
9 4 13 9
9 4 13 11
9 4 13 12
9 4 13 15
9 4 13 18
9 4 13 19
9 4 13 20
9 4 13 22
9 5 13 9
9 5 13 11
9 5 13 12
9 5 13 15
9 5 13 18
9 5 13 19
9 5 13 20
9 5 13 22
9 6 13 9
9 6 13 11
9 6 13 12
9 6 13 15
9 6 13 18
9 6 13 19
9 6 13 20
9 6 13 22
9 7 13 9
9 7 13 11
9 7 13 12
9 7 13 15
9 7 13 18
9 7 13 19
9 7 13 20
9 7 13 22
9 9 13 11
9 9 13 12
9 9 13 15
9 9 13 18
9 9 13 19
9 9 13 20
9 9 13 22
9 11 13 15
9 11 13 18
9 11 13 19
9 11 13 20
9 11 13 22
9 12 13 15
9 12 13 18
9 12 13 19
9 12 13 20
9 12 13 22
9 15 13 18
9 15 13 19
9 15 13 20
9 15 13 22
9 18 13 22
9 19 13 22
9 20 13 22
9 5 14 9
9 5 14 11
9 5 14 12
9 5 14 15
9 5 14 18
9 5 14 19
9 5 14 20
9 5 14 22
9 6 14 9
9 6 14 11
9 6 14 12
9 6 14 15
9 6 14 18
9 6 14 19
9 6 14 20
9 6 14 22
9 7 14 9
9 7 14 11
9 7 14 12
9 7 14 15
9 7 14 18
9 7 14 19
9 7 14 20
9 7 14 22
9 9 14 11
9 9 14 12
9 9 14 15
9 9 14 18
9 9 14 19
9 9 14 20
9 9 14 22
9 11 14 15
9 11 14 18
9 11 14 19
9 11 14 20
9 11 14 22
9 12 14 15
9 12 14 18
9 12 14 19
9 12 14 20
9 12 14 22
9 15 14 18
9 15 14 19
9 15 14 20
9 15 14 22
9 18 14 22
9 19 14 22
9 20 14 22
9 5 15 9
9 5 15 11
9 5 15 12
9 5 15 15
9 5 15 18
9 5 15 19
9 5 15 20
9 5 15 22
9 6 15 9
9 6 15 11
9 6 15 12
9 6 15 15
9 6 15 18
9 6 15 19
9 6 15 20
9 6 15 22
9 7 15 9
9 7 15 11
9 7 15 12
9 7 15 15
9 7 15 18
9 7 15 19
9 7 15 20
9 7 15 22
9 9 15 11
9 9 15 12
9 9 15 15
9 9 15 18
9 9 15 19
9 9 15 20
9 9 15 22
9 11 15 15
9 11 15 18
9 11 15 19
9 11 15 20
9 11 15 22
9 12 15 15
9 12 15 18
9 12 15 19
9 12 15 20
9 12 15 22
9 15 15 18
9 15 15 19
9 15 15 20
9 15 15 22
9 18 15 22
9 19 15 22
9 20 15 22
9 5 16 9
9 5 16 11
9 5 16 12
9 5 16 15
9 5 16 18
9 5 16 19
9 5 16 20
9 5 16 22
9 6 16 9
9 6 16 11
9 6 16 12
9 6 16 15
9 6 16 18
9 6 16 19
9 6 16 20
9 6 16 22
9 7 16 9
9 7 16 11
9 7 16 12
9 7 16 15
9 7 16 18
9 7 16 19
9 7 16 20
9 7 16 22
9 9 16 11
9 9 16 12
9 9 16 15
9 9 16 18
9 9 16 19
9 9 16 20
9 9 16 22
9 11 16 15
9 11 16 18
9 11 16 19
9 11 16 20
9 11 16 22
9 12 16 15
9 12 16 18
9 12 16 19
9 12 16 20
9 12 16 22
9 15 16 18
9 15 16 19
9 15 16 20
9 15 16 22
9 18 16 22
9 19 16 22
9 20 16 22
9 20 17 22
9 11 18 15
9 11 18 18
9 11 18 20
9 11 18 22
9 12 18 15
9 12 18 18
9 12 18 20
9 12 18 22
9 15 18 18
9 15 18 20
9 15 18 22
9 18 18 20
9 18 18 22
9 20 18 22
9 5 20 11
9 5 20 15
9 5 20 18
9 5 20 20
9 6 20 11
9 6 20 15
9 6 20 18
9 6 20 20
9 7 20 11
9 7 20 15
9 7 20 18
9 7 20 20
9 11 20 15
9 11 20 18
9 11 20 20
9 15 20 18
9 15 20 20
9 18 20 20
9 5 21 11
9 5 21 15
9 5 21 18
9 6 21 11
9 6 21 15
9 6 21 18
9 7 21 11
9 7 21 15
9 7 21 18
9 11 21 15
9 11 21 18
9 15 21 18
9 15 22 18
9 15 22 20
9 18 22 20
10 4 13 9
10 5 13 9
10 6 13 9
10 7 13 9
10 18 13 22
10 19 13 22
10 20 13 22
10 5 14 9
10 6 14 9
10 7 14 9
10 18 14 22
10 19 14 22
10 20 14 22
10 5 15 9
10 6 15 9
10 7 15 9
10 18 15 22
10 19 15 22
10 20 15 22
10 5 16 9
10 6 16 9
10 7 16 9
10 18 16 22
10 19 16 22
10 20 16 22
10 20 17 22
10 18 18 20
10 18 18 22
10 20 18 22
10 18 20 20
10 18 22 20
11 1 13 4
11 1 13 5
11 1 13 6
11 1 13 7
11 1 13 9
11 2 13 4
11 2 13 5
11 2 13 6
11 2 13 7
11 2 13 9
11 4 13 9
11 5 13 9
11 6 13 9
11 7 13 9
11 15 13 18
11 15 13 19
11 15 13 20
11 15 13 22
11 18 13 22
11 19 13 22
11 20 13 22
11 5 14 9
11 6 14 9
11 7 14 9
11 15 14 18
11 15 14 19
11 15 14 20
11 15 14 22
11 18 14 22
11 19 14 22
11 20 14 22
11 1 15 5
11 1 15 6
11 1 15 7
11 1 15 9
11 2 15 5
11 2 15 6
11 2 15 7
11 2 15 9
11 5 15 9
11 6 15 9
11 7 15 9
11 15 15 18
11 15 15 19
11 15 15 20
11 15 15 22
11 18 15 22
11 19 15 22
11 20 15 22
11 1 16 5
11 1 16 6
11 1 16 7
11 1 16 9
11 2 16 5
11 2 16 6
11 2 16 7
11 2 16 9
11 5 16 9
11 6 16 9
11 7 16 9
11 15 16 18
11 15 16 19
11 15 16 20
11 15 16 22
11 18 16 22
11 19 16 22
11 20 16 22
11 1 17 5
11 1 17 6
11 1 17 7
11 2 17 5
11 2 17 6
11 2 17 7
11 20 17 22
11 15 18 18
11 15 18 20
11 15 18 22
11 18 18 20
11 18 18 22
11 20 18 22
11 1 20 5
11 1 20 6
11 1 20 7
11 2 20 5
11 2 20 6
11 2 20 7
11 15 20 18
11 15 20 20
11 18 20 20
11 2 21 5
11 2 21 6
11 2 21 7
11 15 21 18
11 15 22 18
11 15 22 20
11 18 22 20
12 18 18 20
12 18 20 20
12 18 22 20
13 1 15 5
13 1 15 6
13 1 15 7
13 1 15 8
13 1 15 9
13 1 15 10
13 1 15 11
13 1 15 12
13 1 15 13
13 1 15 14
13 1 15 15
13 1 15 16
13 1 15 17
13 1 15 18
13 1 15 19
13 1 15 20
13 1 15 21
13 1 15 22
13 2 15 5
13 2 15 6
13 2 15 7
13 2 15 8
13 2 15 9
13 2 15 10
13 2 15 11
13 2 15 12
13 2 15 13
13 2 15 14
13 2 15 15
13 2 15 16
13 2 15 17
13 2 15 18
13 2 15 19
13 2 15 20
13 2 15 21
13 2 15 22
13 1 16 5
13 1 16 6
13 1 16 7
13 1 16 8
13 1 16 9
13 1 16 10
13 1 16 11
13 1 16 12
13 1 16 13
13 1 16 14
13 1 16 15
13 1 16 16
13 1 16 17
13 1 16 18
13 1 16 19
13 1 16 20
13 1 16 21
13 1 16 22
13 2 16 5
13 2 16 6
13 2 16 7
13 2 16 8
13 2 16 9
13 2 16 10
13 2 16 11
13 2 16 12
13 2 16 13
13 2 16 14
13 2 16 15
13 2 16 16
13 2 16 17
13 2 16 18
13 2 16 19
13 2 16 20
13 2 16 21
13 2 16 22
13 1 17 5
13 1 17 6
13 1 17 7
13 2 17 5
13 2 17 6
13 2 17 7
13 11 18 15
13 11 18 16
13 11 18 18
13 11 18 20
13 11 18 21
13 11 18 22
13 12 18 15
13 12 18 16
13 12 18 18
13 12 18 20
13 12 18 21
13 12 18 22
13 15 18 18
13 15 18 20
13 15 18 21
13 15 18 22
13 16 18 18
13 16 18 20
13 16 18 21
13 16 18 22
13 18 18 20
13 18 18 21
13 18 18 22
13 1 20 5
13 1 20 6
13 1 20 7
13 1 20 11
13 1 20 15
13 1 20 16
13 1 20 18
13 1 20 20
13 1 20 21
13 2 20 5
13 2 20 6
13 2 20 7
13 2 20 11
13 2 20 15
13 2 20 16
13 2 20 18
13 2 20 20
13 2 20 21
13 5 20 11
13 5 20 15
13 5 20 16
13 5 20 18
13 5 20 20
13 5 20 21
13 6 20 11
13 6 20 15
13 6 20 16
13 6 20 18
13 6 20 20
13 6 20 21
13 7 20 11
13 7 20 15
13 7 20 16
13 7 20 18
13 7 20 20
13 7 20 21
13 11 20 15
13 11 20 16
13 11 20 18
13 11 20 20
13 11 20 21
13 15 20 18
13 15 20 20
13 15 20 21
13 16 20 18
13 16 20 20
13 16 20 21
13 18 20 20
13 18 20 21
13 2 21 5
13 2 21 6
13 2 21 7
13 2 21 11
13 2 21 15
13 2 21 16
13 2 21 18
13 5 21 11
13 5 21 15
13 5 21 16
13 5 21 18
13 6 21 11
13 6 21 15
13 6 21 16
13 6 21 18
13 7 21 11
13 7 21 15
13 7 21 16
13 7 21 18
13 11 21 15
13 11 21 16
13 11 21 18
13 15 21 18
13 16 21 18
13 15 22 18
13 15 22 20
13 15 22 21
13 16 22 18
13 16 22 20
13 16 22 21
13 18 22 20
13 18 22 21
14 11 18 15
14 11 18 16
14 11 18 18
14 11 18 20
14 11 18 21
14 11 18 22
14 12 18 15
14 12 18 16
14 12 18 18
14 12 18 20
14 12 18 21
14 12 18 22
14 15 18 18
14 15 18 20
14 15 18 21
14 15 18 22
14 16 18 18
14 16 18 20
14 16 18 21
14 16 18 22
14 18 18 20
14 18 18 21
14 18 18 22
14 5 20 11
14 5 20 15
14 5 20 16
14 5 20 18
14 5 20 20
14 5 20 21
14 6 20 11
14 6 20 15
14 6 20 16
14 6 20 18
14 6 20 20
14 6 20 21
14 7 20 11
14 7 20 15
14 7 20 16
14 7 20 18
14 7 20 20
14 7 20 21
14 11 20 15
14 11 20 16
14 11 20 18
14 11 20 20
14 11 20 21
14 15 20 18
14 15 20 20
14 15 20 21
14 16 20 18
14 16 20 20
14 16 20 21
14 18 20 20
14 18 20 21
14 5 21 11
14 5 21 15
14 5 21 16
14 5 21 18
14 6 21 11
14 6 21 15
14 6 21 16
14 6 21 18
14 7 21 11
14 7 21 15
14 7 21 16
14 7 21 18
14 11 21 15
14 11 21 16
14 11 21 18
14 15 21 18
14 16 21 18
14 15 22 18
14 15 22 20
14 15 22 21
14 16 22 18
14 16 22 20
14 16 22 21
14 18 22 20
14 18 22 21
15 11 18 15
15 11 18 16
15 11 18 18
15 11 18 20
15 11 18 21
15 11 18 22
15 12 18 15
15 12 18 16
15 12 18 18
15 12 18 20
15 12 18 21
15 12 18 22
15 15 18 18
15 15 18 20
15 15 18 21
15 15 18 22
15 16 18 18
15 16 18 20
15 16 18 21
15 16 18 22
15 18 18 20
15 18 18 21
15 18 18 22
15 1 20 5
15 1 20 6
15 1 20 7
15 1 20 11
15 1 20 15
15 1 20 16
15 1 20 18
15 1 20 20
15 1 20 21
15 2 20 5
15 2 20 6
15 2 20 7
15 2 20 11
15 2 20 15
15 2 20 16
15 2 20 18
15 2 20 20
15 2 20 21
15 5 20 11
15 5 20 15
15 5 20 16
15 5 20 18
15 5 20 20
15 5 20 21
15 6 20 11
15 6 20 15
15 6 20 16
15 6 20 18
15 6 20 20
15 6 20 21
15 7 20 11
15 7 20 15
15 7 20 16
15 7 20 18
15 7 20 20
15 7 20 21
15 11 20 15
15 11 20 16
15 11 20 18
15 11 20 20
15 11 20 21
15 15 20 18
15 15 20 20
15 15 20 21
15 16 20 18
15 16 20 20
15 16 20 21
15 18 20 20
15 18 20 21
15 2 21 5
15 2 21 6
15 2 21 7
15 2 21 11
15 2 21 15
15 2 21 16
15 2 21 18
15 5 21 11
15 5 21 15
15 5 21 16
15 5 21 18
15 6 21 11
15 6 21 15
15 6 21 16
15 6 21 18
15 7 21 11
15 7 21 15
15 7 21 16
15 7 21 18
15 11 21 15
15 11 21 16
15 11 21 18
15 15 21 18
15 16 21 18
15 15 22 18
15 15 22 20
15 15 22 21
15 16 22 18
15 16 22 20
15 16 22 21
15 18 22 20
15 18 22 21
16 11 18 15
16 11 18 16
16 11 18 18
16 11 18 20
16 11 18 21
16 11 18 22
16 12 18 15
16 12 18 16
16 12 18 18
16 12 18 20
16 12 18 21
16 12 18 22
16 15 18 18
16 15 18 20
16 15 18 21
16 15 18 22
16 16 18 18
16 16 18 20
16 16 18 21
16 16 18 22
16 18 18 20
16 18 18 21
16 18 18 22
16 1 20 5
16 1 20 6
16 1 20 7
16 1 20 11
16 1 20 15
16 1 20 16
16 1 20 18
16 1 20 20
16 1 20 21
16 2 20 5
16 2 20 6
16 2 20 7
16 2 20 11
16 2 20 15
16 2 20 16
16 2 20 18
16 2 20 20
16 2 20 21
16 5 20 11
16 5 20 15
16 5 20 16
16 5 20 18
16 5 20 20
16 5 20 21
16 6 20 11
16 6 20 15
16 6 20 16
16 6 20 18
16 6 20 20
16 6 20 21
16 7 20 11
16 7 20 15
16 7 20 16
16 7 20 18
16 7 20 20
16 7 20 21
16 11 20 15
16 11 20 16
16 11 20 18
16 11 20 20
16 11 20 21
16 15 20 18
16 15 20 20
16 15 20 21
16 16 20 18
16 16 20 20
16 16 20 21
16 18 20 20
16 18 20 21
16 2 21 5
16 2 21 6
16 2 21 7
16 2 21 11
16 2 21 15
16 2 21 16
16 2 21 18
16 5 21 11
16 5 21 15
16 5 21 16
16 5 21 18
16 6 21 11
16 6 21 15
16 6 21 16
16 6 21 18
16 7 21 11
16 7 21 15
16 7 21 16
16 7 21 18
16 11 21 15
16 11 21 16
16 11 21 18
16 15 21 18
16 16 21 18
16 15 22 18
16 15 22 20
16 15 22 21
16 16 22 18
16 16 22 20
16 16 22 21
16 18 22 20
16 18 22 21
17 1 20 5
17 1 20 6
17 1 20 7
17 2 20 5
17 2 20 6
17 2 20 7
17 2 21 5
17 2 21 6
17 2 21 7
18 11 20 15
18 11 20 16
18 11 20 18
18 11 20 20
18 11 20 21
18 15 20 18
18 15 20 20
18 15 20 21
18 16 20 18
18 16 20 20
18 16 20 21
18 18 20 20
18 18 20 21
18 11 21 15
18 11 21 16
18 11 21 18
18 15 21 18
18 16 21 18
18 15 22 18
18 15 22 20
18 15 22 21
18 16 22 18
18 16 22 20
18 16 22 21
18 18 22 20
18 18 22 21
20 15 22 20
20 15 22 21
20 16 22 20
20 16 22 21
20 17 22 20
20 17 22 21
20 18 22 20
20 18 22 21
