25 20
00000000000011111110
00000111111111010110
00000100011111010110
11111111111111111110
11001110011111111111
11001111111111111111
11001111111111111111
11000111001010011111
11000111111111111111
11001111111111111111
11001111001111111111
11001111111110111111
11111111111111111111
10001111111111111101
10000011001100011101
10111111111111111111
11111111111111111111
11100011001001011101
11100011111111111111
11100011000001001011
11111111111111111111
10111111111111000000
11111110000000000000
00000000000000000000
00000000000000000000
1427
1 13 4 16
1 13 4 18
1 13 4 19
1 14 4 16
1 14 4 18
1 14 4 19
1 16 4 18
1 16 4 19
1 13 5 16
1 13 5 18
1 13 5 19
1 14 5 16
1 14 5 18
1 14 5 19
1 16 5 18
1 16 5 19
1 13 6 16
1 13 6 18
1 13 6 19
1 14 6 16
1 14 6 18
1 14 6 19
1 16 6 18
1 16 6 19
1 13 7 16
1 13 7 18
1 13 7 19
1 14 7 16
1 14 7 18
1 14 7 19
1 16 7 18
1 16 7 19
1 16 8 18
1 16 8 19
1 13 9 16
1 13 9 18
1 13 9 19
1 16 9 18
1 16 9 19
1 13 10 16
1 13 10 18
1 13 10 19
1 16 10 18
1 16 10 19
1 13 11 16
1 13 11 18
1 13 11 19
1 16 11 18
1 16 11 19
1 16 12 18
1 16 12 19
1 13 13 16
1 13 13 18
1 13 13 19
1 16 13 18
1 16 13 19
1 13 14 16
1 13 14 18
1 16 14 18
1 16 15 18
1 16 16 18
1 16 17 18
1 16 18 18
1 16 19 18
2 6 4 10
2 6 4 11
2 6 4 12
2 6 4 13
2 6 4 14
2 6 6 10
2 6 6 11
2 6 6 12
2 6 6 13
2 6 6 14
2 6 7 10
2 6 7 11
2 6 7 12
2 6 7 13
2 6 7 14
2 6 9 11
2 6 9 13
2 11 9 13
2 6 10 11
2 6 10 13
2 11 10 13
2 11 11 13
2 6 12 11
2 6 12 13
2 11 12 13
2 6 13 11
2 6 13 13
2 11 13 13
2 6 14 11
2 6 14 13
2 11 14 13
3 11 9 13
3 11 10 13
3 11 11 13
3 11 12 13
3 11 13 13
3 11 14 13
4 5 6 10
4 5 6 11
4 5 6 12
4 5 6 13
4 5 6 14
4 5 6 15
4 5 6 16
4 5 6 17
4 5 6 18
4 5 6 19
4 6 6 10
4 6 6 11
4 6 6 12
4 6 6 13
4 6 6 14
4 6 6 15
4 6 6 16
4 6 6 17
4 6 6 18
4 6 6 19
4 7 6 10
4 7 6 11
4 7 6 12
4 7 6 13
4 7 6 14
4 7 6 15
4 7 6 16
4 7 6 17
4 7 6 18
4 7 6 19
4 5 7 10
4 5 7 11
4 5 7 12
4 5 7 13
4 5 7 14
4 5 7 15
4 5 7 16
4 5 7 17
4 5 7 18
4 5 7 19
4 6 7 10
4 6 7 11
4 6 7 12
4 6 7 13
4 6 7 14
4 6 7 15
4 6 7 16
4 6 7 17
4 6 7 18
4 6 7 19
4 7 7 10
4 7 7 11
4 7 7 12
4 7 7 13
4 7 7 14
4 7 7 15
4 7 7 16
4 7 7 17
4 7 7 18
4 7 7 19
4 6 9 11
4 6 9 13
4 6 9 16
4 6 9 17
4 6 9 18
4 6 9 19
4 7 9 11
4 7 9 13
4 7 9 16
4 7 9 17
4 7 9 18
4 7 9 19
4 11 9 13
4 11 9 16
4 11 9 17
4 11 9 18
4 11 9 19
4 13 9 16
4 13 9 17
4 13 9 18
4 13 9 19
4 6 10 11
4 6 10 13
4 6 10 16
4 6 10 17
4 6 10 18
4 6 10 19
4 7 10 11
4 7 10 13
4 7 10 16
4 7 10 17
4 7 10 18
4 7 10 19
4 11 10 13
4 11 10 16
4 11 10 17
4 11 10 18
4 11 10 19
4 13 10 16
4 13 10 17
4 13 10 18
4 13 10 19
4 11 11 13
4 11 11 16
4 11 11 17
4 11 11 18
4 11 11 19
4 13 11 16
4 13 11 17
4 13 11 18
4 13 11 19
4 6 12 11
4 6 12 13
4 7 12 11
4 7 12 13
4 11 12 13
4 1 13 6
4 1 13 7
4 1 13 11
4 1 13 13
4 1 13 16
4 1 13 17
4 1 13 18
4 1 13 19
4 2 13 6
4 2 13 7
4 2 13 11
4 2 13 13
4 2 13 16
4 2 13 17
4 2 13 18
4 2 13 19
4 6 13 11
4 6 13 13
4 6 13 16
4 6 13 17
4 6 13 18
4 6 13 19
4 7 13 11
4 7 13 13
4 7 13 16
4 7 13 17
4 7 13 18
4 7 13 19
4 11 13 13
4 11 13 16
4 11 13 17
4 11 13 18
4 11 13 19
4 13 13 16
4 13 13 17
4 13 13 18
4 13 13 19
4 6 14 11
4 6 14 13
4 6 14 16
4 6 14 17
4 6 14 18
4 7 14 11
4 7 14 13
4 7 14 16
4 7 14 17
4 7 14 18
4 11 14 13
4 11 14 16
4 11 14 17
4 11 14 18
4 13 14 16
4 13 14 17
4 13 14 18
4 7 16 11
4 7 16 16
4 7 16 17
4 7 16 18
4 11 16 16
4 11 16 17
4 11 16 18
4 1 17 7
4 1 17 11
4 1 17 16
4 1 17 17
4 1 17 18
4 7 17 11
4 7 17 16
4 7 17 17
4 7 17 18
4 11 17 16
4 11 17 17
4 11 17 18
4 7 19 11
4 7 19 16
4 7 19 17
4 7 19 18
4 11 19 16
4 11 19 17
4 11 19 18
4 1 21 7
4 1 21 17
4 7 21 17
4 1 23 7
5 11 9 13
5 11 9 16
5 11 9 17
5 11 9 18
5 11 9 19
5 11 9 20
5 13 9 16
5 13 9 17
5 13 9 18
5 13 9 19
5 13 9 20
5 11 10 13
5 11 10 16
5 11 10 17
5 11 10 18
5 11 10 19
5 11 10 20
5 13 10 16
5 13 10 17
5 13 10 18
5 13 10 19
5 13 10 20
5 11 11 13
5 11 11 16
5 11 11 17
5 11 11 18
5 11 11 19
5 11 11 20
5 13 11 16
5 13 11 17
5 13 11 18
5 13 11 19
5 13 11 20
5 11 12 13
5 11 13 13
5 11 13 16
5 11 13 17
5 11 13 18
5 11 13 19
5 11 13 20
5 13 13 16
5 13 13 17
5 13 13 18
5 13 13 19
5 13 13 20
5 11 14 13
5 11 14 16
5 11 14 17
5 11 14 18
5 13 14 16
5 13 14 17
5 13 14 18
5 11 16 16
5 11 16 17
5 11 16 18
5 11 16 20
5 16 16 20
5 17 16 20
5 18 16 20
5 11 17 16
5 11 17 17
5 11 17 18
5 11 17 20
5 16 17 20
5 17 17 20
5 18 17 20
5 11 19 16
5 11 19 17
5 11 19 18
5 11 19 20
5 16 19 20
5 17 19 20
5 18 19 20
5 17 21 20
6 6 9 11
6 6 9 13
6 6 9 16
6 6 9 17
6 6 9 18
6 6 9 19
6 6 9 20
6 7 9 11
6 7 9 13
6 7 9 16
6 7 9 17
6 7 9 18
6 7 9 19
6 7 9 20
6 8 9 11
6 8 9 13
6 8 9 16
6 8 9 17
6 8 9 18
6 8 9 19
6 8 9 20
6 11 9 13
6 11 9 16
6 11 9 17
6 11 9 18
6 11 9 19
6 11 9 20
6 13 9 16
6 13 9 17
6 13 9 18
6 13 9 19
6 13 9 20
6 6 10 11
6 6 10 13
6 6 10 16
6 6 10 17
6 6 10 18
6 6 10 19
6 6 10 20
6 7 10 11
6 7 10 13
6 7 10 16
6 7 10 17
6 7 10 18
6 7 10 19
6 7 10 20
6 8 10 11
6 8 10 13
6 8 10 16
6 8 10 17
6 8 10 18
6 8 10 19
6 8 10 20
6 11 10 13
6 11 10 16
6 11 10 17
6 11 10 18
6 11 10 19
6 11 10 20
6 13 10 16
6 13 10 17
6 13 10 18
6 13 10 19
6 13 10 20
6 11 11 13
6 11 11 16
6 11 11 17
6 11 11 18
6 11 11 19
6 11 11 20
6 13 11 16
6 13 11 17
6 13 11 18
6 13 11 19
6 13 11 20
6 6 12 11
6 6 12 13
6 7 12 11
6 7 12 13
6 8 12 11
6 8 12 13
6 11 12 13
6 6 13 11
6 6 13 13
6 6 13 16
6 6 13 17
6 6 13 18
6 6 13 19
6 6 13 20
6 7 13 11
6 7 13 13
6 7 13 16
6 7 13 17
6 7 13 18
6 7 13 19
6 7 13 20
6 8 13 11
6 8 13 13
6 8 13 16
6 8 13 17
6 8 13 18
6 8 13 19
6 8 13 20
6 11 13 13
6 11 13 16
6 11 13 17
6 11 13 18
6 11 13 19
6 11 13 20
6 13 13 16
6 13 13 17
6 13 13 18
6 13 13 19
6 13 13 20
6 6 14 11
6 6 14 13
6 6 14 16
6 6 14 17
6 6 14 18
6 7 14 11
6 7 14 13
6 7 14 16
6 7 14 17
6 7 14 18
6 8 14 11
6 8 14 13
6 8 14 16
6 8 14 17
6 8 14 18
6 11 14 13
6 11 14 16
6 11 14 17
6 11 14 18
6 13 14 16
6 13 14 17
6 13 14 18
6 7 16 11
6 7 16 16
6 7 16 17
6 7 16 18
6 7 16 20
6 8 16 11
6 8 16 16
6 8 16 17
6 8 16 18
6 8 16 20
6 11 16 16
6 11 16 17
6 11 16 18
6 11 16 20
6 16 16 20
6 17 16 20
6 18 16 20
6 7 17 11
6 7 17 16
6 7 17 17
6 7 17 18
6 7 17 20
6 8 17 11
6 8 17 16
6 8 17 17
6 8 17 18
6 8 17 20
6 11 17 16
6 11 17 17
6 11 17 18
6 11 17 20
6 16 17 20
6 17 17 20
6 18 17 20
6 7 19 11
6 7 19 16
6 7 19 17
6 7 19 18
6 7 19 20
6 8 19 11
6 8 19 16
6 8 19 17
6 8 19 18
6 8 19 20
6 11 19 16
6 11 19 17
6 11 19 18
6 11 19 20
6 16 19 20
6 17 19 20
6 18 19 20
6 7 21 17
6 7 21 20
6 8 21 17
6 8 21 20
6 17 21 20
7 6 9 11
7 6 9 13
7 6 9 16
7 6 9 17
7 6 9 18
7 6 9 19
7 6 9 20
7 7 9 11
7 7 9 13
7 7 9 16
7 7 9 17
7 7 9 18
7 7 9 19
7 7 9 20
7 8 9 11
7 8 9 13
7 8 9 16
7 8 9 17
7 8 9 18
7 8 9 19
7 8 9 20
7 11 9 13
7 11 9 16
7 11 9 17
7 11 9 18
7 11 9 19
7 11 9 20
7 13 9 16
7 13 9 17
7 13 9 18
7 13 9 19
7 13 9 20
7 6 10 11
7 6 10 13
7 6 10 16
7 6 10 17
7 6 10 18
7 6 10 19
7 6 10 20
7 7 10 11
7 7 10 13
7 7 10 16
7 7 10 17
7 7 10 18
7 7 10 19
7 7 10 20
7 8 10 11
7 8 10 13
7 8 10 16
7 8 10 17
7 8 10 18
7 8 10 19
7 8 10 20
7 11 10 13
7 11 10 16
7 11 10 17
7 11 10 18
7 11 10 19
7 11 10 20
7 13 10 16
7 13 10 17
7 13 10 18
7 13 10 19
7 13 10 20
7 11 11 13
7 11 11 16
7 11 11 17
7 11 11 18
7 11 11 19
7 11 11 20
7 13 11 16
7 13 11 17
7 13 11 18
7 13 11 19
7 13 11 20
7 6 12 11
7 6 12 13
7 7 12 11
7 7 12 13
7 8 12 11
7 8 12 13
7 11 12 13
7 6 13 11
7 6 13 13
7 6 13 16
7 6 13 17
7 6 13 18
7 6 13 19
7 6 13 20
7 7 13 11
7 7 13 13
7 7 13 16
7 7 13 17
7 7 13 18
7 7 13 19
7 7 13 20
7 8 13 11
7 8 13 13
7 8 13 16
7 8 13 17
7 8 13 18
7 8 13 19
7 8 13 20
7 11 13 13
7 11 13 16
7 11 13 17
7 11 13 18
7 11 13 19
7 11 13 20
7 13 13 16
7 13 13 17
7 13 13 18
7 13 13 19
7 13 13 20
7 6 14 11
7 6 14 13
7 6 14 16
7 6 14 17
7 6 14 18
7 7 14 11
7 7 14 13
7 7 14 16
7 7 14 17
7 7 14 18
7 8 14 11
7 8 14 13
7 8 14 16
7 8 14 17
7 8 14 18
7 11 14 13
7 11 14 16
7 11 14 17
7 11 14 18
7 13 14 16
7 13 14 17
7 13 14 18
7 7 16 11
7 7 16 16
7 7 16 17
7 7 16 18
7 7 16 20
7 8 16 11
7 8 16 16
7 8 16 17
7 8 16 18
7 8 16 20
7 11 16 16
7 11 16 17
7 11 16 18
7 11 16 20
7 16 16 20
7 17 16 20
7 18 16 20
7 7 17 11
7 7 17 16
7 7 17 17
7 7 17 18
7 7 17 20
7 8 17 11
7 8 17 16
7 8 17 17
7 8 17 18
7 8 17 20
7 11 17 16
7 11 17 17
7 11 17 18
7 11 17 20
7 16 17 20
7 17 17 20
7 18 17 20
7 7 19 11
7 7 19 16
7 7 19 17
7 7 19 18
7 7 19 20
7 8 19 11
7 8 19 16
7 8 19 17
7 8 19 18
7 8 19 20
7 11 19 16
7 11 19 17
7 11 19 18
7 11 19 20
7 16 19 20
7 17 19 20
7 18 19 20
7 7 21 17
7 7 21 20
7 8 21 17
7 8 21 20
7 17 21 20
8 16 16 20
8 17 16 20
8 18 16 20
8 16 17 20
8 17 17 20
8 18 17 20
8 16 19 20
8 17 19 20
8 18 19 20
8 17 21 20
9 6 12 11
9 6 12 12
9 6 12 13
9 7 12 11
9 7 12 12
9 7 12 13
9 8 12 11
9 8 12 12
9 8 12 13
9 6 13 11
9 6 13 12
9 6 13 13
9 6 13 15
9 6 13 16
9 6 13 17
9 6 13 18
9 6 13 19
9 6 13 20
9 7 13 11
9 7 13 12
9 7 13 13
9 7 13 15
9 7 13 16
9 7 13 17
9 7 13 18
9 7 13 19
9 7 13 20
9 8 13 11
9 8 13 12
9 8 13 13
9 8 13 15
9 8 13 16
9 8 13 17
9 8 13 18
9 8 13 19
9 8 13 20
9 11 13 15
9 11 13 16
9 11 13 17
9 11 13 18
9 11 13 19
9 11 13 20
9 12 13 15
9 12 13 16
9 12 13 17
9 12 13 18
9 12 13 19
9 12 13 20
9 13 13 15
9 13 13 16
9 13 13 17
9 13 13 18
9 13 13 19
9 13 13 20
9 6 14 11
9 6 14 12
9 6 14 13
9 6 14 15
9 6 14 16
9 6 14 17
9 6 14 18
9 7 14 11
9 7 14 12
9 7 14 13
9 7 14 15
9 7 14 16
9 7 14 17
9 7 14 18
9 8 14 11
9 8 14 12
9 8 14 13
9 8 14 15
9 8 14 16
9 8 14 17
9 8 14 18
9 11 14 15
9 11 14 16
9 11 14 17
9 11 14 18
9 12 14 15
9 12 14 16
9 12 14 17
9 12 14 18
9 13 14 15
9 13 14 16
9 13 14 17
9 13 14 18
9 7 16 11
9 7 16 12
9 7 16 16
9 7 16 17
9 7 16 18
9 7 16 20
9 8 16 11
9 8 16 12
9 8 16 16
9 8 16 17
9 8 16 18
9 8 16 20
9 11 16 16
9 11 16 17
9 11 16 18
9 11 16 20
9 12 16 16
9 12 16 17
9 12 16 18
9 12 16 20
9 16 16 20
9 17 16 20
9 18 16 20
9 7 17 11
9 7 17 12
9 7 17 16
9 7 17 17
9 7 17 18
9 7 17 20
9 8 17 11
9 8 17 12
9 8 17 16
9 8 17 17
9 8 17 18
9 8 17 20
9 11 17 16
9 11 17 17
9 11 17 18
9 11 17 20
9 12 17 16
9 12 17 17
9 12 17 18
9 12 17 20
9 16 17 20
9 17 17 20
9 18 17 20
9 7 19 11
9 7 19 16
9 7 19 17
9 7 19 18
9 7 19 20
9 8 19 11
9 8 19 16
9 8 19 17
9 8 19 18
9 8 19 20
9 11 19 16
9 11 19 17
9 11 19 18
9 11 19 20
9 16 19 20
9 17 19 20
9 18 19 20
9 7 21 17
9 7 21 20
9 8 21 17
9 8 21 20
9 17 21 20
10 5 12 11
10 5 12 12
10 5 12 13
10 6 12 11
10 6 12 12
10 6 12 13
10 7 12 11
10 7 12 12
10 7 12 13
10 8 12 11
10 8 12 12
10 8 12 13
10 5 13 11
10 5 13 12
10 5 13 13
10 5 13 15
10 5 13 16
10 5 13 17
10 5 13 18
10 5 13 19
10 5 13 20
10 6 13 11
10 6 13 12
10 6 13 13
10 6 13 15
10 6 13 16
10 6 13 17
10 6 13 18
10 6 13 19
10 6 13 20
10 7 13 11
10 7 13 12
10 7 13 13
10 7 13 15
10 7 13 16
10 7 13 17
10 7 13 18
10 7 13 19
10 7 13 20
10 8 13 11
10 8 13 12
10 8 13 13
10 8 13 15
10 8 13 16
10 8 13 17
10 8 13 18
10 8 13 19
10 8 13 20
10 11 13 15
10 11 13 16
10 11 13 17
10 11 13 18
10 11 13 19
10 11 13 20
10 12 13 15
10 12 13 16
10 12 13 17
10 12 13 18
10 12 13 19
10 12 13 20
10 13 13 15
10 13 13 16
10 13 13 17
10 13 13 18
10 13 13 19
10 13 13 20
10 5 14 11
10 5 14 12
10 5 14 13
10 5 14 15
10 5 14 16
10 5 14 17
10 5 14 18
10 6 14 11
10 6 14 12
10 6 14 13
10 6 14 15
10 6 14 16
10 6 14 17
10 6 14 18
10 7 14 11
10 7 14 12
10 7 14 13
10 7 14 15
10 7 14 16
10 7 14 17
10 7 14 18
10 8 14 11
10 8 14 12
10 8 14 13
10 8 14 15
10 8 14 16
10 8 14 17
10 8 14 18
10 11 14 15
10 11 14 16
10 11 14 17
10 11 14 18
10 12 14 15
10 12 14 16
10 12 14 17
10 12 14 18
10 13 14 15
10 13 14 16
10 13 14 17
10 13 14 18
10 7 16 11
10 7 16 12
10 7 16 16
10 7 16 17
10 7 16 18
10 7 16 20
10 8 16 11
10 8 16 12
10 8 16 16
10 8 16 17
10 8 16 18
10 8 16 20
10 11 16 16
10 11 16 17
10 11 16 18
10 11 16 20
10 12 16 16
10 12 16 17
10 12 16 18
10 12 16 20
10 16 16 20
10 17 16 20
10 18 16 20
10 7 17 11
10 7 17 12
10 7 17 16
10 7 17 17
10 7 17 18
10 7 17 20
10 8 17 11
10 8 17 12
10 8 17 16
10 8 17 17
10 8 17 18
10 8 17 20
10 11 17 16
10 11 17 17
10 11 17 18
10 11 17 20
10 12 17 16
10 12 17 17
10 12 17 18
10 12 17 20
10 16 17 20
10 17 17 20
10 18 17 20
10 7 19 11
10 7 19 16
10 7 19 17
10 7 19 18
10 7 19 20
10 8 19 11
10 8 19 16
10 8 19 17
10 8 19 18
10 8 19 20
10 11 19 16
10 11 19 17
10 11 19 18
10 11 19 20
10 16 19 20
10 17 19 20
10 18 19 20
10 7 21 17
10 7 21 20
10 8 21 17
10 8 21 20
10 17 21 20
11 11 13 15
11 11 13 16
11 11 13 17
11 11 13 18
11 11 13 19
11 11 13 20
11 12 13 15
11 12 13 16
11 12 13 17
11 12 13 18
11 12 13 19
11 12 13 20
11 13 13 15
11 13 13 16
11 13 13 17
11 13 13 18
11 13 13 19
11 13 13 20
11 11 14 15
11 11 14 16
11 11 14 17
11 11 14 18
11 12 14 15
11 12 14 16
11 12 14 17
11 12 14 18
11 13 14 15
11 13 14 16
11 13 14 17
11 13 14 18
11 11 16 16
11 11 16 17
11 11 16 18
11 11 16 20
11 12 16 16
11 12 16 17
11 12 16 18
11 12 16 20
11 16 16 20
11 17 16 20
11 18 16 20
11 11 17 16
11 11 17 17
11 11 17 18
11 11 17 20
11 12 17 16
11 12 17 17
11 12 17 18
11 12 17 20
11 16 17 20
11 17 17 20
11 18 17 20
11 11 19 16
11 11 19 17
11 11 19 18
11 11 19 20
11 16 19 20
11 17 19 20
11 18 19 20
11 17 21 20
12 7 16 11
12 7 16 12
12 8 16 11
12 8 16 12
12 16 16 20
12 17 16 20
12 18 16 20
12 7 17 11
12 7 17 12
12 8 17 11
12 8 17 12
12 16 17 20
12 17 17 20
12 18 17 20
12 7 19 11
12 8 19 11
12 16 19 20
12 17 19 20
12 18 19 20
12 17 21 20
13 7 16 11
13 7 16 12
13 7 16 16
13 7 16 17
13 7 16 18
13 7 16 20
13 8 16 11
13 8 16 12
13 8 16 16
13 8 16 17
13 8 16 18
13 8 16 20
13 11 16 16
13 11 16 17
13 11 16 18
13 11 16 20
13 12 16 16
13 12 16 17
13 12 16 18
13 12 16 20
13 16 16 20
13 17 16 20
13 18 16 20
13 1 17 7
13 1 17 8
13 1 17 11
13 1 17 12
13 1 17 16
13 1 17 17
13 1 17 18
13 1 17 20
13 7 17 11
13 7 17 12
13 7 17 16
13 7 17 17
13 7 17 18
13 7 17 20
13 8 17 11
13 8 17 12
13 8 17 16
13 8 17 17
13 8 17 18
13 8 17 20
13 11 17 16
13 11 17 17
13 11 17 18
13 11 17 20
13 12 17 16
13 12 17 17
13 12 17 18
13 12 17 20
13 16 17 20
13 17 17 20
13 18 17 20
13 7 19 11
13 7 19 16
13 7 19 17
13 7 19 18
13 7 19 20
13 8 19 11
13 8 19 16
13 8 19 17
13 8 19 18
13 8 19 20
13 11 19 16
13 11 19 17
13 11 19 18
13 11 19 20
13 16 19 20
13 17 19 20
13 18 19 20
13 1 21 7
13 1 21 8
13 1 21 17
13 1 21 20
13 7 21 17
13 7 21 20
13 8 21 17
13 8 21 20
13 17 21 20
13 1 23 7
14 7 16 11
14 7 16 12
14 7 16 16
14 7 16 17
14 7 16 18
14 8 16 11
14 8 16 12
14 8 16 16
14 8 16 17
14 8 16 18
14 11 16 16
14 11 16 17
14 11 16 18
14 12 16 16
14 12 16 17
14 12 16 18
14 7 17 11
14 7 17 12
14 7 17 16
14 7 17 17
14 7 17 18
14 8 17 11
14 8 17 12
14 8 17 16
14 8 17 17
14 8 17 18
14 11 17 16
14 11 17 17
14 11 17 18
14 12 17 16
14 12 17 17
14 12 17 18
14 7 19 11
14 7 19 16
14 7 19 17
14 7 19 18
14 8 19 11
14 8 19 16
14 8 19 17
14 8 19 18
14 11 19 16
14 11 19 17
14 11 19 18
14 7 21 17
14 8 21 17
16 7 19 11
16 7 19 14
16 7 19 16
16 7 19 17
16 7 19 18
16 7 19 20
16 8 19 11
16 8 19 14
16 8 19 16
16 8 19 17
16 8 19 18
16 8 19 20
16 11 19 14
16 11 19 16
16 11 19 17
16 11 19 18
16 11 19 20
16 14 19 16
16 14 19 17
16 14 19 18
16 14 19 20
16 16 19 20
16 17 19 20
16 18 19 20
16 3 21 7
16 3 21 8
16 3 21 14
16 3 21 17
16 3 21 20
16 7 21 14
16 7 21 17
16 7 21 20
16 8 21 14
16 8 21 17
16 8 21 20
16 14 21 17
16 14 21 20
16 17 21 20
16 3 22 7
16 3 22 8
16 3 22 14
16 7 22 14
16 8 22 14
16 3 23 7
17 7 19 11
17 7 19 14
17 7 19 16
17 7 19 17
17 7 19 18
17 7 19 20
17 8 19 11
17 8 19 14
17 8 19 16
17 8 19 17
17 8 19 18
17 8 19 20
17 11 19 14
17 11 19 16
17 11 19 17
17 11 19 18
17 11 19 20
17 14 19 16
17 14 19 17
17 14 19 18
17 14 19 20
17 16 19 20
17 17 19 20
17 18 19 20
17 1 21 7
17 1 21 8
17 1 21 14
17 1 21 17
17 1 21 20
17 2 21 7
17 2 21 8
17 2 21 14
17 2 21 17
17 2 21 20
17 3 21 7
17 3 21 8
17 3 21 14
17 3 21 17
17 3 21 20
17 7 21 14
17 7 21 17
17 7 21 20
17 8 21 14
17 8 21 17
17 8 21 20
17 14 21 17
17 14 21 20
17 17 21 20
17 3 22 7
17 3 22 8
17 3 22 14
17 7 22 14
17 8 22 14
17 1 23 3
17 1 23 7
17 3 23 7
18 1 23 3
19 7 21 14
19 7 21 17
19 7 21 19
19 7 21 20
19 8 21 14
19 8 21 17
19 8 21 19
19 8 21 20
19 14 21 17
19 14 21 19
19 14 21 20
19 17 21 19
19 17 21 20
19 7 22 14
19 8 22 14
19 1 23 3
20 1 23 3
21 1 23 3
21 1 23 4
21 1 23 5
21 1 23 6
21 1 23 7
