20 21
000000000000000000000
000000000000000000000
000000000000000000000
000000000000000000000
000000000000000000000
000000000000000000000
000000000111100000000
000000000100100000000
000111100100100000000
000100100100100000000
000100100111100000000
001111111111111111000
001100100000000001000
001111100000000001000
111111111111111111000
100000000000010000000
111111111111111111100
100000000000010000100
111111111111111111100
000000000000000000000
17
7 10 11 13
7 10 12 13
9 4 12 7
9 4 14 7
9 4 15 7
12 3 14 7
12 4 14 7
12 3 15 7
12 3 15 18
12 4 15 7
12 4 15 18
12 7 15 18
15 1 17 14
15 1 19 14
17 1 19 14
17 1 19 19
17 14 19 19
