22 17
11111111111000000
11111111111110000
11101100011010000
11111100011010000
11100100011010000
11111111111110000
01111110001000000
01000110001000000
01000110111111000
01000110101001000
01000110101001000
01000110101001000
01000110101001000
01000110101001000
01000110111111000
01000110001000000
01000111111000000
01111111111111100
00000001000000100
00000001000000100
00000001111111100
00000000000000000
71
1 1 4 5
1 1 4 6
1 2 4 5
1 2 4 6
1 3 4 5
1 3 4 6
1 1 6 6
1 1 6 10
1 1 6 11
1 2 6 6
1 2 6 10
1 2 6 11
1 3 6 6
1 3 6 10
1 3 6 11
1 6 6 10
1 6 6 11
1 2 7 6
1 3 7 6
1 6 17 11
1 2 18 6
1 2 18 11
1 6 18 11
2 1 4 5
2 1 4 6
2 2 4 5
2 2 4 6
2 3 4 5
2 3 4 6
2 1 6 6
2 1 6 10
2 1 6 11
2 1 6 13
2 2 6 6
2 2 6 10
2 2 6 11
2 2 6 13
2 3 6 6
2 3 6 10
2 3 6 11
2 3 6 13
2 6 6 10
2 6 6 11
2 6 6 13
2 10 6 13
2 11 6 13
2 2 7 6
2 3 7 6
2 6 17 11
2 2 18 6
2 2 18 11
2 6 18 11
4 1 6 6
4 2 6 6
4 3 6 6
4 2 7 6
4 3 7 6
4 2 18 6
6 6 17 11
6 7 17 11
6 2 18 6
6 2 18 7
6 2 18 11
6 6 18 11
6 7 18 11
7 2 18 6
7 2 18 7
9 9 15 11
9 9 15 14
9 11 15 14
18 8 21 15
