24 24
000011111111111111111000
000010010000000000101000
011111111111111111111100
011111111111111111111100
011010010011000010101100
011010010011000010101100
011111010011000010101100
011111111111111110101100
011011010011010010101100
011011010011010010101100
011011011111111111101100
011011000010010010001100
111111111111010010001100
111011000011010010001100
111111111111111111111100
111111111111111111111100
011001000010010010000100
011111111111111110000100
011111000000000000000100
010000000000000000000100
011111111111111111111100
000000000000000000000000
000000000000000000000000
000000000000000000000000
343
1 5 3 8
1 5 3 19
1 5 3 21
1 8 3 19
1 8 3 21
1 19 3 21
1 5 4 8
1 5 4 19
1 5 4 21
1 8 4 19
1 8 4 21
1 19 4 21
1 5 8 8
1 8 11 19
1 5 15 21
1 5 16 21
3 2 7 5
3 3 7 5
3 2 8 5
3 2 8 8
3 2 8 11
3 2 8 12
3 2 8 17
3 3 8 5
3 3 8 8
3 3 8 11
3 3 8 12
3 3 8 17
3 5 8 8
3 5 8 11
3 5 8 12
3 5 8 17
3 8 8 11
3 8 8 12
3 8 8 17
3 11 8 17
3 12 8 17
3 8 11 11
3 8 11 12
3 8 11 17
3 8 11 19
3 11 11 17
3 11 11 19
3 12 11 17
3 12 11 19
3 17 11 19
3 2 13 5
3 2 13 11
3 3 13 5
3 3 13 11
3 5 13 11
3 2 15 5
3 2 15 11
3 2 15 17
3 2 15 21
3 2 15 22
3 3 15 5
3 3 15 11
3 3 15 17
3 3 15 21
3 3 15 22
3 5 15 11
3 5 15 17
3 5 15 21
3 5 15 22
3 11 15 17
3 11 15 21
3 11 15 22
3 17 15 21
3 17 15 22
3 2 16 5
3 2 16 11
3 2 16 17
3 2 16 21
3 2 16 22
3 3 16 5
3 3 16 11
3 3 16 17
3 3 16 21
3 3 16 22
3 5 16 11
3 5 16 17
3 5 16 21
3 5 16 22
3 11 16 17
3 11 16 21
3 11 16 22
3 17 16 21
3 17 16 22
3 2 18 11
3 2 18 17
3 3 18 11
3 3 18 17
3 11 18 17
3 2 21 22
4 2 7 5
4 3 7 5
4 2 8 5
4 2 8 8
4 2 8 11
4 2 8 12
4 2 8 17
4 3 8 5
4 3 8 8
4 3 8 11
4 3 8 12
4 3 8 17
4 5 8 8
4 5 8 11
4 5 8 12
4 5 8 17
4 8 8 11
4 8 8 12
4 8 8 17
4 11 8 17
4 12 8 17
4 8 11 11
4 8 11 12
4 8 11 17
4 8 11 19
4 11 11 17
4 11 11 19
4 12 11 17
4 12 11 19
4 17 11 19
4 2 13 5
4 2 13 11
4 3 13 5
4 3 13 11
4 5 13 11
4 2 15 5
4 2 15 11
4 2 15 17
4 2 15 21
4 2 15 22
4 3 15 5
4 3 15 11
4 3 15 17
4 3 15 21
4 3 15 22
4 5 15 11
4 5 15 17
4 5 15 21
4 5 15 22
4 11 15 17
4 11 15 21
4 11 15 22
4 17 15 21
4 17 15 22
4 2 16 5
4 2 16 11
4 2 16 17
4 2 16 21
4 2 16 22
4 3 16 5
4 3 16 11
4 3 16 17
4 3 16 21
4 3 16 22
4 5 16 11
4 5 16 17
4 5 16 21
4 5 16 22
4 11 16 17
4 11 16 21
4 11 16 22
4 17 16 21
4 17 16 22
4 2 18 11
4 2 18 17
4 3 18 11
4 3 18 17
4 11 18 17
4 2 21 22
7 2 13 5
7 2 13 6
7 3 13 5
7 3 13 6
7 2 15 5
7 2 15 6
7 3 15 5
7 3 15 6
7 2 16 5
7 2 16 6
7 3 16 5
7 3 16 6
7 2 18 6
7 3 18 6
7 2 19 6
7 3 19 6
8 8 11 11
8 8 11 12
8 8 11 14
8 8 11 17
8 11 11 14
8 11 11 17
8 12 11 14
8 12 11 17
8 14 11 17
8 2 13 5
8 2 13 6
8 2 13 11
8 3 13 5
8 3 13 6
8 3 13 11
8 5 13 11
8 6 13 11
8 2 15 5
8 2 15 6
8 2 15 11
8 2 15 14
8 2 15 17
8 3 15 5
8 3 15 6
8 3 15 11
8 3 15 14
8 3 15 17
8 5 15 11
8 5 15 14
8 5 15 17
8 6 15 11
8 6 15 14
8 6 15 17
8 11 15 14
8 11 15 17
8 14 15 17
8 2 16 5
8 2 16 6
8 2 16 11
8 2 16 14
8 2 16 17
8 3 16 5
8 3 16 6
8 3 16 11
8 3 16 14
8 3 16 17
8 5 16 11
8 5 16 14
8 5 16 17
8 6 16 11
8 6 16 14
8 6 16 17
8 11 16 14
8 11 16 17
8 14 16 17
8 2 18 6
8 2 18 11
8 2 18 14
8 2 18 17
8 3 18 6
8 3 18 11
8 3 18 14
8 3 18 17
8 6 18 11
8 6 18 14
8 6 18 17
8 11 18 14
8 11 18 17
8 14 18 17
8 2 19 6
8 3 19 6
11 11 15 14
11 11 15 17
11 14 15 17
11 11 16 14
11 11 16 17
11 14 16 17
11 11 18 14
11 11 18 17
11 14 18 17
13 1 15 5
13 1 15 6
13 1 15 11
13 1 15 12
13 2 15 5
13 2 15 6
13 2 15 11
13 2 15 12
13 3 15 5
13 3 15 6
13 3 15 11
13 3 15 12
13 5 15 11
13 5 15 12
13 6 15 11
13 6 15 12
13 1 16 5
13 1 16 6
13 1 16 11
13 1 16 12
13 2 16 5
13 2 16 6
13 2 16 11
13 2 16 12
13 3 16 5
13 3 16 6
13 3 16 11
13 3 16 12
13 5 16 11
13 5 16 12
13 6 16 11
13 6 16 12
13 2 18 6
13 2 18 11
13 3 18 6
13 3 18 11
13 6 18 11
13 2 19 6
13 3 19 6
15 2 18 6
15 2 18 11
15 2 18 14
15 2 18 17
15 3 18 6
15 3 18 11
15 3 18 14
15 3 18 17
15 6 18 11
15 6 18 14
15 6 18 17
15 11 18 14
15 11 18 17
15 14 18 17
15 2 19 6
15 3 19 6
15 2 21 22
16 2 18 6
16 2 18 11
16 2 18 14
16 2 18 17
16 3 18 6
16 3 18 11
16 3 18 14
16 3 18 17
16 6 18 11
16 6 18 14
16 6 18 17
16 11 18 14
16 11 18 17
16 14 18 17
16 2 19 6
16 3 19 6
16 2 21 22
