23 19
0000000000000000000
0000000000000000000
0000000000000000000
0001111111111110000
0001000000000010000
0001000000000010000
0001000000000010000
0111111111111110000
0101111111111110000
0100000000100100000
0100000000100100000
0100011100100100000
0111111100100100000
0100010100100100000
0100010100100100000
0100010100100100000
0100010100100100000
0100010100111100000
0111111100000100000
0111111111111100000
0000000000000000000
0000000000000000000
0000000000000000000
13
4 4 8 15
4 4 9 15
8 11 18 14
8 2 20 14
9 11 18 14
12 6 19 8
12 6 20 8
13 2 19 6
13 2 19 8
13 6 19 8
13 2 20 6
13 2 20 8
13 6 20 8
