20 23
00111111111111110000000
00100000101000010000000
00100000101000010000000
11110000101011111111100
10110001111111110010100
10111111111010000010100
10010001000010000010100
10010001000010000011100
10010011111110000000100
11110010010010000000100
00000011110010000000100
00000000000010000000100
00000001111111111000100
00000001000010001000100
01111111110010001000100
01000001010010001000100
01111111110010001000100
00000001000010001000100
00000001000011111111100
00000001111111111000000
18
1 9 5 11
1 9 5 16
1 11 5 16
1 3 6 9
1 3 6 11
1 9 6 11
4 19 8 21
4 1 10 4
4 13 19 21
5 8 9 13
9 7 11 10
13 13 19 17
13 8 20 13
13 8 20 17
13 13 20 17
15 2 17 8
15 2 17 10
15 8 17 10
