11 13
0000000011110
0011111111110
0011111110110
0011000010110
0111111111110
0111011110110
0111010110110
0111111111110
0111111111110
0111111111110
0011111111100
146
1 9 5 11
1 9 5 12
1 9 8 11
1 9 8 12
1 9 9 11
1 9 9 12
1 9 10 11
1 9 10 12
1 9 11 11
2 3 5 9
2 3 5 11
2 3 5 12
2 4 5 9
2 4 5 11
2 4 5 12
2 9 5 11
2 9 5 12
2 3 8 9
2 3 8 11
2 3 8 12
2 4 8 9
2 4 8 11
2 4 8 12
2 9 8 11
2 9 8 12
2 3 9 9
2 3 9 11
2 3 9 12
2 4 9 9
2 4 9 11
2 4 9 12
2 9 9 11
2 9 9 12
2 3 10 9
2 3 10 11
2 3 10 12
2 4 10 9
2 4 10 11
2 4 10 12
2 9 10 11
2 9 10 12
2 3 11 9
2 3 11 11
2 4 11 9
2 4 11 11
2 9 11 11
3 3 5 9
3 4 5 9
3 3 8 9
3 4 8 9
3 3 9 9
3 4 9 9
3 3 10 9
3 4 10 9
3 3 11 9
3 4 11 9
5 2 8 6
5 2 8 8
5 2 8 9
5 2 8 11
5 2 8 12
5 3 8 6
5 3 8 8
5 3 8 9
5 3 8 11
5 3 8 12
5 4 8 6
5 4 8 8
5 4 8 9
5 4 8 11
5 4 8 12
5 6 8 8
5 6 8 9
5 6 8 11
5 6 8 12
5 8 8 11
5 8 8 12
5 9 8 11
5 9 8 12
5 2 9 6
5 2 9 8
5 2 9 9
5 2 9 11
5 2 9 12
5 3 9 6
5 3 9 8
5 3 9 9
5 3 9 11
5 3 9 12
5 4 9 6
5 4 9 8
5 4 9 9
5 4 9 11
5 4 9 12
5 6 9 8
5 6 9 9
5 6 9 11
5 6 9 12
5 8 9 11
5 8 9 12
5 9 9 11
5 9 9 12
5 2 10 6
5 2 10 8
5 2 10 9
5 2 10 11
5 2 10 12
5 3 10 6
5 3 10 8
5 3 10 9
5 3 10 11
5 3 10 12
5 4 10 6
5 4 10 8
5 4 10 9
5 4 10 11
5 4 10 12
5 6 10 8
5 6 10 9
5 6 10 11
5 6 10 12
5 8 10 11
5 8 10 12
5 9 10 11
5 9 10 12
5 3 11 6
5 3 11 8
5 3 11 9
5 3 11 11
5 4 11 6
5 4 11 8
5 4 11 9
5 4 11 11
5 6 11 8
5 6 11 9
5 6 11 11
5 8 11 11
5 9 11 11
6 6 8 8
6 6 8 9
6 6 9 8
6 6 9 9
6 6 10 8
6 6 10 9
6 6 11 8
6 6 11 9
