12 19
0000000000000000000
0000000000000000000
0000011111111111110
0000011000011100010
1111111111111111010
1000011000011111110
1111111111111111000
0000101011110100000
0000101011010100000
0000111111010100000
0000001111111100000
0000000000000000000
56
3 6 5 12
3 6 5 13
3 6 5 14
3 7 5 12
3 7 5 13
3 7 5 14
3 12 6 18
3 13 6 18
3 14 6 18
3 6 7 12
3 6 7 13
3 6 7 14
3 7 7 12
3 7 7 13
3 7 7 14
3 7 11 12
3 7 11 14
3 12 11 14
4 12 11 14
5 1 7 6
5 1 7 7
5 1 7 12
5 1 7 13
5 1 7 14
5 1 7 15
5 1 7 16
5 6 7 12
5 6 7 13
5 6 7 14
5 6 7 15
5 6 7 16
5 7 7 12
5 7 7 13
5 7 7 14
5 7 7 15
5 7 7 16
5 7 11 12
5 7 11 14
5 12 11 14
6 12 11 14
7 5 10 7
7 5 10 9
7 5 10 10
7 7 10 9
7 7 10 10
7 7 11 9
7 7 11 10
7 7 11 12
7 7 11 14
7 9 11 12
7 9 11 14
7 10 11 12
7 10 11 14
7 12 11 14
8 9 11 12
8 10 11 12
