16 23
00000000000000000000000
00000000000000000000000
11111111111000000000000
10000000001000000000000
11111111111110001111111
11000000001010001000001
11000000001010001000001
11000000001010001000001
11111111111110001000001
10000000001111111000001
10000000001100011000001
10000000001100011000001
11111111111100011000001
00000000000100011000001
00000000000111111000001
00000000000000001111111
15
3 1 5 11
3 1 9 11
3 1 13 11
5 1 9 11
5 1 9 13
5 2 9 11
5 2 9 13
5 11 9 13
5 11 10 13
5 1 13 11
5 17 16 23
9 1 13 11
9 1 13 12
10 12 15 16
10 12 15 17
