22 18
000000000000000000
000011111111111111
000011001111010011
000011001001010011
000011001001011111
000011001001010010
000011001001010010
000011001001010010
000011011111110010
000011011001010010
000011011001010010
000011111111111110
000011011001010110
000011111111111110
000011111111110100
000010011001010100
000011111111111100
000000010000010000
000000011111110000
000000000000000000
000000000000000000
000000000000000000
155
2 14 5 17
2 14 5 18
2 9 9 12
2 9 9 14
2 12 9 14
2 5 12 9
2 5 12 12
2 5 12 14
2 5 12 17
2 6 12 9
2 6 12 12
2 6 12 14
2 6 12 17
2 9 12 12
2 9 12 14
2 9 12 17
2 12 12 14
2 12 12 17
2 14 12 17
2 5 14 9
2 5 14 12
2 5 14 14
2 5 14 17
2 6 14 9
2 6 14 12
2 6 14 14
2 6 14 17
2 9 14 12
2 9 14 14
2 9 14 17
2 12 14 14
2 12 14 17
2 14 14 17
2 5 15 9
2 5 15 12
2 5 15 14
2 6 15 9
2 6 15 12
2 6 15 14
2 9 15 12
2 9 15 14
2 12 15 14
2 5 17 9
2 5 17 12
2 5 17 14
2 9 17 12
2 9 17 14
2 12 17 14
3 9 9 12
3 9 12 12
3 9 14 12
3 9 15 12
3 9 17 12
5 14 12 17
5 14 14 17
9 8 12 12
9 8 12 14
9 9 12 12
9 9 12 14
9 12 12 14
9 8 14 12
9 8 14 14
9 9 14 12
9 9 14 14
9 12 14 14
9 8 15 12
9 8 15 14
9 9 15 12
9 9 15 14
9 12 15 14
9 8 17 12
9 8 17 14
9 9 17 12
9 9 17 14
9 12 17 14
9 8 19 14
12 5 14 8
12 5 14 9
12 5 14 12
12 5 14 14
12 5 14 16
12 5 14 17
12 6 14 8
12 6 14 9
12 6 14 12
12 6 14 14
12 6 14 16
12 6 14 17
12 8 14 12
12 8 14 14
12 8 14 16
12 8 14 17
12 9 14 12
12 9 14 14
12 9 14 16
12 9 14 17
12 12 14 14
12 12 14 16
12 12 14 17
12 14 14 16
12 14 14 17
12 5 15 8
12 5 15 9
12 5 15 12
12 5 15 14
12 6 15 8
12 6 15 9
12 6 15 12
12 6 15 14
12 8 15 12
12 8 15 14
12 9 15 12
12 9 15 14
12 12 15 14
12 5 17 8
12 5 17 9
12 5 17 12
12 5 17 14
12 5 17 16
12 8 17 12
12 8 17 14
12 8 17 16
12 9 17 12
12 9 17 14
12 9 17 16
12 12 17 14
12 12 17 16
12 14 17 16
12 8 19 14
14 5 17 8
14 5 17 9
14 5 17 12
14 5 17 14
14 5 17 16
14 8 17 12
14 8 17 14
14 8 17 16
14 9 17 12
14 9 17 14
14 9 17 16
14 12 17 14
14 12 17 16
14 14 17 16
14 8 19 14
15 5 17 8
15 5 17 9
15 5 17 12
15 5 17 14
15 8 17 12
15 8 17 14
15 9 17 12
15 9 17 14
15 12 17 14
15 8 19 14
17 8 19 14
