13 16
1110000000000000
1010000000000000
1110000001111111
0000000001000001
0000001111100001
0000001001100001
0000001111111111
0111111111111111
0111000111000011
0111111111111111
0111111111111110
0111111111000010
0011111111111110
92
1 1 3 3
3 10 7 16
3 10 8 16
3 10 10 16
5 7 7 10
5 7 7 11
5 7 8 10
5 7 8 11
7 8 10 15
7 8 10 16
7 9 10 15
7 9 10 16
7 10 10 15
7 10 10 16
7 8 11 15
7 9 11 15
7 10 11 15
7 8 13 15
7 9 13 15
7 10 13 15
8 2 10 8
8 2 10 9
8 2 10 10
8 2 10 15
8 2 10 16
8 3 10 8
8 3 10 9
8 3 10 10
8 3 10 15
8 3 10 16
8 4 10 8
8 4 10 9
8 4 10 10
8 4 10 15
8 4 10 16
8 8 10 15
8 8 10 16
8 9 10 15
8 9 10 16
8 10 10 15
8 10 10 16
8 2 11 8
8 2 11 9
8 2 11 10
8 2 11 15
8 3 11 8
8 3 11 9
8 3 11 10
8 3 11 15
8 4 11 8
8 4 11 9
8 4 11 10
8 4 11 15
8 8 11 15
8 9 11 15
8 10 11 15
8 2 12 8
8 2 12 9
8 2 12 10
8 3 12 8
8 3 12 9
8 3 12 10
8 4 12 8
8 4 12 9
8 4 12 10
8 3 13 8
8 3 13 9
8 3 13 10
8 3 13 15
8 4 13 8
8 4 13 9
8 4 13 10
8 4 13 15
8 8 13 15
8 9 13 15
8 10 13 15
10 3 13 15
10 4 13 15
10 5 13 15
10 6 13 15
10 7 13 15
10 8 13 15
10 9 13 15
10 10 13 15
11 3 13 15
11 4 13 15
11 5 13 15
11 6 13 15
11 7 13 15
11 8 13 15
11 9 13 15
11 10 13 15
