11 16
0111111100000000
0100111111000000
0100110101000000
0111111111111100
0110111101000100
0110111111111111
0111111101001101
0010101111111101
0010101001000101
0011111111111101
0000000001111111
88
1 2 4 5
1 2 4 6
1 2 4 8
1 5 4 8
1 6 4 8
1 5 5 8
1 6 5 8
1 5 6 8
1 6 6 8
1 2 7 5
1 2 7 6
1 2 7 8
1 5 7 8
1 6 7 8
2 5 4 8
2 5 4 10
2 6 4 8
2 6 4 10
2 8 4 10
2 5 5 8
2 6 5 8
2 5 6 8
2 5 6 10
2 6 6 8
2 6 6 10
2 8 6 10
2 5 7 8
2 6 7 8
2 8 8 10
2 5 10 10
4 5 6 10
4 5 6 14
4 6 6 10
4 6 6 14
4 7 6 10
4 7 6 14
4 8 6 10
4 8 6 14
4 10 6 14
4 2 7 5
4 2 7 6
4 2 7 7
4 2 7 8
4 3 7 5
4 3 7 6
4 3 7 7
4 3 7 8
4 7 8 10
4 7 8 14
4 8 8 10
4 8 8 14
4 10 8 14
4 3 10 5
4 3 10 7
4 3 10 10
4 3 10 14
4 5 10 7
4 5 10 10
4 5 10 14
4 7 10 10
4 7 10 14
4 10 10 14
4 10 11 14
5 5 10 7
6 7 8 10
6 7 8 13
6 7 8 14
6 8 8 10
6 8 8 13
6 8 8 14
6 10 8 13
6 10 8 14
6 5 10 7
6 5 10 10
6 5 10 14
6 7 10 10
6 7 10 14
6 10 10 14
6 10 11 14
6 10 11 16
6 14 11 16
7 3 10 5
7 3 10 7
7 5 10 7
8 7 10 10
8 7 10 14
8 10 10 14
8 10 11 14
