21 20
00000000000000000000
00000000000000000000
00000000000000000000
00000000000000000000
00000011111111100000
00000010000000100000
00000010000000100000
00000010000000100000
11111111110000100000
10000010010000100000
10000010010000111000
11111111110000101000
00000010000000101000
00000010000000111000
00000111111000100000
00000110001000100000
00000110001000100000
00000110001000100000
00000110001000100000
00000111111000100000
00000011111111100000
8
5 7 21 15
9 1 12 7
9 1 12 10
9 7 12 10
11 15 14 17
15 6 20 11
15 7 20 11
15 7 21 11
