17 17
00000000000000000
01111111111111000
01000010001111110
01011111111111010
01010100111111110
01010100101101110
01010100101111110
01111100100001100
01010000100001100
01010001111111110
01010111111111110
01010101111111110
01010101000011010
11111101000011010
11111111111111010
11001001111111110
11111111111111000
94
2 7 4 11
2 7 4 12
2 7 4 13
2 7 4 14
2 11 7 14
2 12 7 14
2 2 15 14
2 2 17 14
3 11 5 16
3 12 5 16
3 13 5 16
3 14 5 16
3 14 6 16
3 11 7 14
3 11 7 16
3 12 7 14
3 12 7 16
3 14 7 16
4 11 7 14
4 12 7 14
4 4 8 6
4 9 10 14
4 9 11 14
4 9 12 14
4 4 15 14
5 11 7 14
5 11 7 15
5 11 7 16
5 12 7 14
5 12 7 15
5 12 7 16
5 9 10 14
5 9 10 15
5 9 11 14
5 9 11 15
5 9 12 14
5 9 12 15
8 2 14 4
8 2 15 4
10 8 15 13
10 8 15 14
10 8 16 13
10 8 16 14
10 8 16 16
10 13 16 16
10 14 16 16
10 8 17 13
10 8 17 14
11 6 15 8
11 6 15 13
11 6 15 14
11 8 15 13
11 8 15 14
11 8 16 13
11 8 16 14
11 8 16 16
11 13 16 16
11 14 16 16
11 8 17 13
11 8 17 14
12 8 15 13
12 8 15 14
12 8 16 13
12 8 16 14
12 8 16 16
12 13 16 16
12 14 16 16
12 8 17 13
12 8 17 14
14 1 17 5
14 2 17 5
15 1 17 5
15 1 17 8
15 1 17 9
15 1 17 10
15 1 17 11
15 1 17 12
15 1 17 13
15 1 17 14
15 2 17 5
15 2 17 8
15 2 17 9
15 2 17 10
15 2 17 11
15 2 17 12
15 2 17 13
15 2 17 14
15 5 17 8
15 5 17 9
15 5 17 10
15 5 17 11
15 5 17 12
15 5 17 13
15 5 17 14
