17 14
00000000000000
00000000000000
00000000000000
00000000000000
00000000000000
00000000000000
00111111111111
00100000011111
00111111111111
11111111111111
11110100011111
11110100010111
11111111111111
11111111111110
01010111111110
01011111110000
01111111110000
175
7 3 9 10
7 3 9 11
7 3 9 12
7 3 9 13
7 3 9 14
7 3 10 10
7 3 10 11
7 3 10 12
7 3 10 13
7 3 10 14
7 3 13 10
7 3 13 12
7 3 13 13
7 3 13 14
7 10 13 12
7 10 13 13
7 10 13 14
7 3 14 10
7 3 14 12
7 3 14 13
7 10 14 12
7 10 14 13
7 10 15 12
7 10 15 13
8 10 13 12
8 10 13 13
8 10 13 14
8 10 14 12
8 10 14 13
8 10 15 12
8 10 15 13
9 3 13 6
9 3 13 10
9 3 13 12
9 3 13 13
9 3 13 14
9 4 13 6
9 4 13 10
9 4 13 12
9 4 13 13
9 4 13 14
9 6 13 10
9 6 13 12
9 6 13 13
9 6 13 14
9 10 13 12
9 10 13 13
9 10 13 14
9 3 14 6
9 3 14 10
9 3 14 12
9 3 14 13
9 4 14 6
9 4 14 10
9 4 14 12
9 4 14 13
9 6 14 10
9 6 14 12
9 6 14 13
9 10 14 12
9 10 14 13
9 6 15 10
9 6 15 12
9 6 15 13
9 10 15 12
9 10 15 13
9 4 16 6
9 4 16 10
9 6 16 10
9 4 17 6
9 4 17 10
9 6 17 10
10 1 13 6
10 1 13 10
10 1 13 12
10 1 13 13
10 1 13 14
10 2 13 6
10 2 13 10
10 2 13 12
10 2 13 13
10 2 13 14
10 3 13 6
10 3 13 10
10 3 13 12
10 3 13 13
10 3 13 14
10 4 13 6
10 4 13 10
10 4 13 12
10 4 13 13
10 4 13 14
10 6 13 10
10 6 13 12
10 6 13 13
10 6 13 14
10 10 13 12
10 10 13 13
10 10 13 14
10 1 14 6
10 1 14 10
10 1 14 12
10 1 14 13
10 2 14 6
10 2 14 10
10 2 14 12
10 2 14 13
10 3 14 6
10 3 14 10
10 3 14 12
10 3 14 13
10 4 14 6
10 4 14 10
10 4 14 12
10 4 14 13
10 6 14 10
10 6 14 12
10 6 14 13
10 10 14 12
10 10 14 13
10 6 15 10
10 6 15 12
10 6 15 13
10 10 15 12
10 10 15 13
10 4 16 6
10 4 16 10
10 6 16 10
10 2 17 4
10 2 17 6
10 2 17 10
10 4 17 6
10 4 17 10
10 6 17 10
11 10 13 12
11 10 13 13
11 10 13 14
11 10 14 12
11 10 14 13
11 10 15 12
11 10 15 13
11 2 17 4
12 2 17 4
13 4 16 6
13 4 16 7
13 4 16 8
13 4 16 9
13 4 16 10
13 2 17 4
13 2 17 6
13 2 17 7
13 2 17 8
13 2 17 9
13 2 17 10
13 4 17 6
13 4 17 7
13 4 17 8
13 4 17 9
13 4 17 10
14 4 16 6
14 4 16 7
14 4 16 8
14 4 16 9
14 4 16 10
14 2 17 4
14 2 17 6
14 2 17 7
14 2 17 8
14 2 17 9
14 2 17 10
14 4 17 6
14 4 17 7
14 4 17 8
14 4 17 9
14 4 17 10
