16 15
000000000000000
001111111110000
001111111111100
001010100010100
001010100111110
001011111110110
001000100110110
001000100110110
001000100110110
001000100110110
001000100110110
001000100110110
001111111110110
001000100110110
001111100111110
000000000011100
25
2 5 6 7
2 5 6 11
2 7 6 11
2 3 13 7
2 3 13 11
2 7 13 11
2 3 15 7
3 11 5 13
3 5 6 7
3 5 6 11
3 7 6 11
3 3 13 7
3 3 13 11
3 7 13 11
3 3 15 7
3 11 15 13
3 11 16 13
5 10 15 13
5 10 15 14
5 11 15 13
5 11 15 14
5 11 16 13
6 7 13 10
6 7 13 11
13 3 15 7
