16 17
01111111000000000
01001111111110000
01001001111111110
01001111000111010
11111111000111010
11001101000111010
11001101000111010
11001111111111010
11000101000100010
11000101111100010
11001111111100010
11111111001100010
11111111111100010
00000111000100010
00000000000100010
00000000000111110
63
1 5 4 8
1 2 5 5
1 2 5 8
1 5 5 8
1 5 8 8
1 2 12 8
1 2 13 8
2 5 4 8
2 5 5 8
2 5 8 8
2 5 8 12
2 5 8 13
2 8 8 12
2 8 8 13
2 8 10 12
2 8 11 12
2 8 13 12
3 8 8 12
3 8 8 13
3 8 8 14
3 8 10 12
3 8 11 12
3 8 13 12
3 12 16 16
4 5 8 8
4 6 8 8
4 6 11 8
4 6 12 8
4 6 13 8
4 6 14 8
5 5 8 8
5 6 8 8
5 6 11 8
5 1 12 6
5 1 12 8
5 2 12 6
5 2 12 8
5 6 12 8
5 1 13 6
5 1 13 8
5 2 13 6
5 2 13 8
5 6 13 8
5 6 14 8
8 8 10 12
8 6 11 8
8 6 11 12
8 8 11 12
8 6 12 8
8 6 13 8
8 6 13 12
8 8 13 12
8 6 14 8
10 8 13 11
10 8 13 12
11 5 13 11
11 5 13 12
11 6 13 11
11 6 13 12
11 7 13 11
11 7 13 12
11 8 13 11
11 8 13 12
