11 14
00000000000000
00000000000000
00011111111111
00010111011101
00010111010101
00010111011101
01111111111101
01010111000101
01010111111111
01111111111111
00011111111111
68
3 10 6 12
3 4 7 6
3 4 7 7
3 4 7 8
3 4 7 10
3 4 7 12
3 6 7 10
3 6 7 12
3 7 7 10
3 7 7 12
3 8 7 10
3 8 7 12
3 10 7 12
3 6 9 12
3 6 9 14
3 7 9 12
3 7 9 14
3 8 9 12
3 8 9 14
3 12 9 14
3 4 10 6
3 4 10 7
3 4 10 8
3 4 10 12
3 4 10 14
3 6 10 12
3 6 10 14
3 7 10 12
3 7 10 14
3 8 10 12
3 8 10 14
3 12 10 14
3 4 11 6
3 4 11 7
3 4 11 8
3 4 11 12
3 4 11 14
3 6 11 12
3 6 11 14
3 7 11 12
3 7 11 14
3 8 11 12
3 8 11 14
3 12 11 14
4 10 6 12
4 10 7 12
7 6 9 12
7 7 9 12
7 8 9 12
7 2 10 4
7 2 10 6
7 2 10 7
7 2 10 8
7 2 10 12
7 4 10 6
7 4 10 7
7 4 10 8
7 4 10 12
7 6 10 12
7 7 10 12
7 8 10 12
7 4 11 6
7 4 11 7
7 4 11 8
7 4 11 12
7 6 11 12
7 7 11 12
7 8 11 12
