17 18
000001111111111000
011111111110101000
010001000110101000
010001111111101000
010001111111101000
010001111111111000
010001000100000000
010001000100000000
010001000100111111
010001000100100001
011111111111100001
011111111100100001
001001111100100001
001000000000100001
001000000000100001
001000000000111111
001111111111100000
46
1 6 4 10
1 6 4 11
1 6 4 13
1 10 4 13
1 11 4 13
1 6 5 10
1 6 5 11
1 6 5 13
1 10 5 13
1 11 5 13
1 6 6 10
1 6 6 11
1 6 6 13
1 6 6 15
1 10 6 13
1 10 6 15
1 11 6 13
1 11 6 15
1 13 6 15
1 6 11 10
1 6 12 10
1 6 13 10
2 6 4 10
2 6 4 11
2 6 5 10
2 6 5 11
2 6 6 10
2 6 6 11
2 2 11 6
2 2 11 10
2 6 11 10
2 2 12 6
2 2 12 10
2 6 12 10
2 6 13 10
4 6 11 10
4 6 12 10
4 6 13 10
5 6 11 10
5 6 12 10
5 6 13 10
6 6 11 10
6 6 12 10
6 6 13 10
9 13 16 18
11 3 17 13
