10 25
0111111100000000000000000
0100000100000000000000000
0100111111111111111110000
0111111111111111110110000
0111111101000001110110000
0110101101000001110110000
0111111101000001111110000
0010101001111111111110000
0010111111111111110000000
0011111111111111000000000
89
1 2 4 8
1 2 5 8
1 2 7 8
3 5 7 7
3 5 7 8
3 16 7 20
3 16 7 21
3 17 7 20
3 17 7 21
3 18 7 20
3 18 7 21
3 10 8 16
3 10 8 17
3 10 8 18
3 10 8 20
3 10 8 21
3 16 8 20
3 16 8 21
3 17 8 20
3 17 8 21
3 18 8 20
3 18 8 21
3 5 9 7
3 5 9 10
3 5 9 16
3 5 9 17
3 5 9 18
3 7 9 10
3 7 9 16
3 7 9 17
3 7 9 18
3 10 9 16
3 10 9 17
3 10 9 18
3 5 10 7
3 5 10 10
3 5 10 16
3 7 10 10
3 7 10 16
3 10 10 16
4 2 7 5
4 2 7 7
4 2 7 8
4 3 7 5
4 3 7 7
4 3 7 8
4 5 7 7
4 5 7 8
4 10 8 16
4 10 8 17
4 10 8 18
4 5 9 7
4 5 9 10
4 5 9 16
4 5 9 17
4 5 9 18
4 7 9 10
4 7 9 16
4 7 9 17
4 7 9 18
4 10 9 16
4 10 9 17
4 10 9 18
4 3 10 5
4 3 10 7
4 3 10 10
4 3 10 16
4 5 10 7
4 5 10 10
4 5 10 16
4 7 10 10
4 7 10 16
4 10 10 16
5 2 7 5
5 2 7 7
5 2 7 8
5 3 7 5
5 3 7 7
5 3 7 8
5 5 7 7
5 5 7 8
5 5 9 7
5 3 10 5
5 3 10 7
5 5 10 7
7 5 9 7
7 3 10 5
7 3 10 7
7 5 10 7
