18 15
011111111111100
010000000010100
010000000010100
010000000010100
010000001110100
010000001010100
010000001010100
010000001010100
010000001111100
011111111111100
001001001011000
001001001011000
001111111111000
001001001111000
001001000000000
001111000000000
000000000000000
000000000000000
25
1 11 9 13
1 2 10 11
1 2 10 13
1 11 10 13
5 9 9 11
5 9 10 11
5 9 13 11
5 9 14 11
9 9 13 11
9 9 13 12
9 9 14 11
9 9 14 12
10 3 13 6
10 3 13 9
10 3 13 11
10 3 13 12
10 6 13 9
10 6 13 11
10 6 13 12
10 9 13 11
10 9 13 12
10 9 14 11
10 9 14 12
10 3 16 6
13 3 16 6
