25 10
0111111111
1111111111
1111111111
1111111111
1111111111
1111111111
1111111111
1111111111
1101111111
1111111111
1111111111
1111111111
1111111111
1111111111
1111111111
1111111111
1111111111
1111111111
1111111111
1111111111
1111111111
1111111111
1111111111
1111111111
1111111111
1680
1 2 10 4
1 2 10 5
1 2 10 6
1 2 10 7
1 2 10 8
1 2 10 9
1 2 10 10
1 2 11 4
1 2 11 5
1 2 11 6
1 2 11 7
1 2 11 8
1 2 11 9
1 2 11 10
1 2 12 4
1 2 12 5
1 2 12 6
1 2 12 7
1 2 12 8
1 2 12 9
1 2 12 10
1 2 13 4
1 2 13 5
1 2 13 6
1 2 13 7
1 2 13 8
1 2 13 9
1 2 13 10
1 2 14 4
1 2 14 5
1 2 14 6
1 2 14 7
1 2 14 8
1 2 14 9
1 2 14 10
1 2 15 4
1 2 15 5
1 2 15 6
1 2 15 7
1 2 15 8
1 2 15 9
1 2 15 10
1 2 16 4
1 2 16 5
1 2 16 6
1 2 16 7
1 2 16 8
1 2 16 9
1 2 16 10
1 2 17 4
1 2 17 5
1 2 17 6
1 2 17 7
1 2 17 8
1 2 17 9
1 2 17 10
1 2 18 4
1 2 18 5
1 2 18 6
1 2 18 7
1 2 18 8
1 2 18 9
1 2 18 10
1 2 19 4
1 2 19 5
1 2 19 6
1 2 19 7
1 2 19 8
1 2 19 9
1 2 19 10
1 2 20 4
1 2 20 5
1 2 20 6
1 2 20 7
1 2 20 8
1 2 20 9
1 2 20 10
1 2 21 4
1 2 21 5
1 2 21 6
1 2 21 7
1 2 21 8
1 2 21 9
1 2 21 10
1 2 22 4
1 2 22 5
1 2 22 6
1 2 22 7
1 2 22 8
1 2 22 9
1 2 22 10
1 2 23 4
1 2 23 5
1 2 23 6
1 2 23 7
1 2 23 8
1 2 23 9
1 2 23 10
1 2 24 4
1 2 24 5
1 2 24 6
1 2 24 7
1 2 24 8
1 2 24 9
1 2 24 10
1 2 25 4
1 2 25 5
1 2 25 6
1 2 25 7
1 2 25 8
1 2 25 9
1 2 25 10
2 1 10 4
2 1 10 5
2 1 10 6
2 1 10 7
2 1 10 8
2 1 10 9
2 1 10 10
2 2 10 4
2 2 10 5
2 2 10 6
2 2 10 7
2 2 10 8
2 2 10 9
2 2 10 10
2 1 11 4
2 1 11 5
2 1 11 6
2 1 11 7
2 1 11 8
2 1 11 9
2 1 11 10
2 2 11 4
2 2 11 5
2 2 11 6
2 2 11 7
2 2 11 8
2 2 11 9
2 2 11 10
2 1 12 4
2 1 12 5
2 1 12 6
2 1 12 7
2 1 12 8
2 1 12 9
2 1 12 10
2 2 12 4
2 2 12 5
2 2 12 6
2 2 12 7
2 2 12 8
2 2 12 9
2 2 12 10
2 1 13 4
2 1 13 5
2 1 13 6
2 1 13 7
2 1 13 8
2 1 13 9
2 1 13 10
2 2 13 4
2 2 13 5
2 2 13 6
2 2 13 7
2 2 13 8
2 2 13 9
2 2 13 10
2 1 14 4
2 1 14 5
2 1 14 6
2 1 14 7
2 1 14 8
2 1 14 9
2 1 14 10
2 2 14 4
2 2 14 5
2 2 14 6
2 2 14 7
2 2 14 8
2 2 14 9
2 2 14 10
2 1 15 4
2 1 15 5
2 1 15 6
2 1 15 7
2 1 15 8
2 1 15 9
2 1 15 10
2 2 15 4
2 2 15 5
2 2 15 6
2 2 15 7
2 2 15 8
2 2 15 9
2 2 15 10
2 1 16 4
2 1 16 5
2 1 16 6
2 1 16 7
2 1 16 8
2 1 16 9
2 1 16 10
2 2 16 4
2 2 16 5
2 2 16 6
2 2 16 7
2 2 16 8
2 2 16 9
2 2 16 10
2 1 17 4
2 1 17 5
2 1 17 6
2 1 17 7
2 1 17 8
2 1 17 9
2 1 17 10
2 2 17 4
2 2 17 5
2 2 17 6
2 2 17 7
2 2 17 8
2 2 17 9
2 2 17 10
2 1 18 4
2 1 18 5
2 1 18 6
2 1 18 7
2 1 18 8
2 1 18 9
2 1 18 10
2 2 18 4
2 2 18 5
2 2 18 6
2 2 18 7
2 2 18 8
2 2 18 9
2 2 18 10
2 1 19 4
2 1 19 5
2 1 19 6
2 1 19 7
2 1 19 8
2 1 19 9
2 1 19 10
2 2 19 4
2 2 19 5
2 2 19 6
2 2 19 7
2 2 19 8
2 2 19 9
2 2 19 10
2 1 20 4
2 1 20 5
2 1 20 6
2 1 20 7
2 1 20 8
2 1 20 9
2 1 20 10
2 2 20 4
2 2 20 5
2 2 20 6
2 2 20 7
2 2 20 8
2 2 20 9
2 2 20 10
2 1 21 4
2 1 21 5
2 1 21 6
2 1 21 7
2 1 21 8
2 1 21 9
2 1 21 10
2 2 21 4
2 2 21 5
2 2 21 6
2 2 21 7
2 2 21 8
2 2 21 9
2 2 21 10
2 1 22 4
2 1 22 5
2 1 22 6
2 1 22 7
2 1 22 8
2 1 22 9
2 1 22 10
2 2 22 4
2 2 22 5
2 2 22 6
2 2 22 7
2 2 22 8
2 2 22 9
2 2 22 10
2 1 23 4
2 1 23 5
2 1 23 6
2 1 23 7
2 1 23 8
2 1 23 9
2 1 23 10
2 2 23 4
2 2 23 5
2 2 23 6
2 2 23 7
2 2 23 8
2 2 23 9
2 2 23 10
2 1 24 4
2 1 24 5
2 1 24 6
2 1 24 7
2 1 24 8
2 1 24 9
2 1 24 10
2 2 24 4
2 2 24 5
2 2 24 6
2 2 24 7
2 2 24 8
2 2 24 9
2 2 24 10
2 1 25 4
2 1 25 5
2 1 25 6
2 1 25 7
2 1 25 8
2 1 25 9
2 1 25 10
2 2 25 4
2 2 25 5
2 2 25 6
2 2 25 7
2 2 25 8
2 2 25 9
2 2 25 10
3 1 10 4
3 1 10 5
3 1 10 6
3 1 10 7
3 1 10 8
3 1 10 9
3 1 10 10
3 2 10 4
3 2 10 5
3 2 10 6
3 2 10 7
3 2 10 8
3 2 10 9
3 2 10 10
3 1 11 4
3 1 11 5
3 1 11 6
3 1 11 7
3 1 11 8
3 1 11 9
3 1 11 10
3 2 11 4
3 2 11 5
3 2 11 6
3 2 11 7
3 2 11 8
3 2 11 9
3 2 11 10
3 1 12 4
3 1 12 5
3 1 12 6
3 1 12 7
3 1 12 8
3 1 12 9
3 1 12 10
3 2 12 4
3 2 12 5
3 2 12 6
3 2 12 7
3 2 12 8
3 2 12 9
3 2 12 10
3 1 13 4
3 1 13 5
3 1 13 6
3 1 13 7
3 1 13 8
3 1 13 9
3 1 13 10
3 2 13 4
3 2 13 5
3 2 13 6
3 2 13 7
3 2 13 8
3 2 13 9
3 2 13 10
3 1 14 4
3 1 14 5
3 1 14 6
3 1 14 7
3 1 14 8
3 1 14 9
3 1 14 10
3 2 14 4
3 2 14 5
3 2 14 6
3 2 14 7
3 2 14 8
3 2 14 9
3 2 14 10
3 1 15 4
3 1 15 5
3 1 15 6
3 1 15 7
3 1 15 8
3 1 15 9
3 1 15 10
3 2 15 4
3 2 15 5
3 2 15 6
3 2 15 7
3 2 15 8
3 2 15 9
3 2 15 10
3 1 16 4
3 1 16 5
3 1 16 6
3 1 16 7
3 1 16 8
3 1 16 9
3 1 16 10
3 2 16 4
3 2 16 5
3 2 16 6
3 2 16 7
3 2 16 8
3 2 16 9
3 2 16 10
3 1 17 4
3 1 17 5
3 1 17 6
3 1 17 7
3 1 17 8
3 1 17 9
3 1 17 10
3 2 17 4
3 2 17 5
3 2 17 6
3 2 17 7
3 2 17 8
3 2 17 9
3 2 17 10
3 1 18 4
3 1 18 5
3 1 18 6
3 1 18 7
3 1 18 8
3 1 18 9
3 1 18 10
3 2 18 4
3 2 18 5
3 2 18 6
3 2 18 7
3 2 18 8
3 2 18 9
3 2 18 10
3 1 19 4
3 1 19 5
3 1 19 6
3 1 19 7
3 1 19 8
3 1 19 9
3 1 19 10
3 2 19 4
3 2 19 5
3 2 19 6
3 2 19 7
3 2 19 8
3 2 19 9
3 2 19 10
3 1 20 4
3 1 20 5
3 1 20 6
3 1 20 7
3 1 20 8
3 1 20 9
3 1 20 10
3 2 20 4
3 2 20 5
3 2 20 6
3 2 20 7
3 2 20 8
3 2 20 9
3 2 20 10
3 1 21 4
3 1 21 5
3 1 21 6
3 1 21 7
3 1 21 8
3 1 21 9
3 1 21 10
3 2 21 4
3 2 21 5
3 2 21 6
3 2 21 7
3 2 21 8
3 2 21 9
3 2 21 10
3 1 22 4
3 1 22 5
3 1 22 6
3 1 22 7
3 1 22 8
3 1 22 9
3 1 22 10
3 2 22 4
3 2 22 5
3 2 22 6
3 2 22 7
3 2 22 8
3 2 22 9
3 2 22 10
3 1 23 4
3 1 23 5
3 1 23 6
3 1 23 7
3 1 23 8
3 1 23 9
3 1 23 10
3 2 23 4
3 2 23 5
3 2 23 6
3 2 23 7
3 2 23 8
3 2 23 9
3 2 23 10
3 1 24 4
3 1 24 5
3 1 24 6
3 1 24 7
3 1 24 8
3 1 24 9
3 1 24 10
3 2 24 4
3 2 24 5
3 2 24 6
3 2 24 7
3 2 24 8
3 2 24 9
3 2 24 10
3 1 25 4
3 1 25 5
3 1 25 6
3 1 25 7
3 1 25 8
3 1 25 9
3 1 25 10
3 2 25 4
3 2 25 5
3 2 25 6
3 2 25 7
3 2 25 8
3 2 25 9
3 2 25 10
4 1 10 4
4 1 10 5
4 1 10 6
4 1 10 7
4 1 10 8
4 1 10 9
4 1 10 10
4 2 10 4
4 2 10 5
4 2 10 6
4 2 10 7
4 2 10 8
4 2 10 9
4 2 10 10
4 1 11 4
4 1 11 5
4 1 11 6
4 1 11 7
4 1 11 8
4 1 11 9
4 1 11 10
4 2 11 4
4 2 11 5
4 2 11 6
4 2 11 7
4 2 11 8
4 2 11 9
4 2 11 10
4 1 12 4
4 1 12 5
4 1 12 6
4 1 12 7
4 1 12 8
4 1 12 9
4 1 12 10
4 2 12 4
4 2 12 5
4 2 12 6
4 2 12 7
4 2 12 8
4 2 12 9
4 2 12 10
4 1 13 4
4 1 13 5
4 1 13 6
4 1 13 7
4 1 13 8
4 1 13 9
4 1 13 10
4 2 13 4
4 2 13 5
4 2 13 6
4 2 13 7
4 2 13 8
4 2 13 9
4 2 13 10
4 1 14 4
4 1 14 5
4 1 14 6
4 1 14 7
4 1 14 8
4 1 14 9
4 1 14 10
4 2 14 4
4 2 14 5
4 2 14 6
4 2 14 7
4 2 14 8
4 2 14 9
4 2 14 10
4 1 15 4
4 1 15 5
4 1 15 6
4 1 15 7
4 1 15 8
4 1 15 9
4 1 15 10
4 2 15 4
4 2 15 5
4 2 15 6
4 2 15 7
4 2 15 8
4 2 15 9
4 2 15 10
4 1 16 4
4 1 16 5
4 1 16 6
4 1 16 7
4 1 16 8
4 1 16 9
4 1 16 10
4 2 16 4
4 2 16 5
4 2 16 6
4 2 16 7
4 2 16 8
4 2 16 9
4 2 16 10
4 1 17 4
4 1 17 5
4 1 17 6
4 1 17 7
4 1 17 8
4 1 17 9
4 1 17 10
4 2 17 4
4 2 17 5
4 2 17 6
4 2 17 7
4 2 17 8
4 2 17 9
4 2 17 10
4 1 18 4
4 1 18 5
4 1 18 6
4 1 18 7
4 1 18 8
4 1 18 9
4 1 18 10
4 2 18 4
4 2 18 5
4 2 18 6
4 2 18 7
4 2 18 8
4 2 18 9
4 2 18 10
4 1 19 4
4 1 19 5
4 1 19 6
4 1 19 7
4 1 19 8
4 1 19 9
4 1 19 10
4 2 19 4
4 2 19 5
4 2 19 6
4 2 19 7
4 2 19 8
4 2 19 9
4 2 19 10
4 1 20 4
4 1 20 5
4 1 20 6
4 1 20 7
4 1 20 8
4 1 20 9
4 1 20 10
4 2 20 4
4 2 20 5
4 2 20 6
4 2 20 7
4 2 20 8
4 2 20 9
4 2 20 10
4 1 21 4
4 1 21 5
4 1 21 6
4 1 21 7
4 1 21 8
4 1 21 9
4 1 21 10
4 2 21 4
4 2 21 5
4 2 21 6
4 2 21 7
4 2 21 8
4 2 21 9
4 2 21 10
4 1 22 4
4 1 22 5
4 1 22 6
4 1 22 7
4 1 22 8
4 1 22 9
4 1 22 10
4 2 22 4
4 2 22 5
4 2 22 6
4 2 22 7
4 2 22 8
4 2 22 9
4 2 22 10
4 1 23 4
4 1 23 5
4 1 23 6
4 1 23 7
4 1 23 8
4 1 23 9
4 1 23 10
4 2 23 4
4 2 23 5
4 2 23 6
4 2 23 7
4 2 23 8
4 2 23 9
4 2 23 10
4 1 24 4
4 1 24 5
4 1 24 6
4 1 24 7
4 1 24 8
4 1 24 9
4 1 24 10
4 2 24 4
4 2 24 5
4 2 24 6
4 2 24 7
4 2 24 8
4 2 24 9
4 2 24 10
4 1 25 4
4 1 25 5
4 1 25 6
4 1 25 7
4 1 25 8
4 1 25 9
4 1 25 10
4 2 25 4
4 2 25 5
4 2 25 6
4 2 25 7
4 2 25 8
4 2 25 9
4 2 25 10
5 1 10 4
5 1 10 5
5 1 10 6
5 1 10 7
5 1 10 8
5 1 10 9
5 1 10 10
5 2 10 4
5 2 10 5
5 2 10 6
5 2 10 7
5 2 10 8
5 2 10 9
5 2 10 10
5 1 11 4
5 1 11 5
5 1 11 6
5 1 11 7
5 1 11 8
5 1 11 9
5 1 11 10
5 2 11 4
5 2 11 5
5 2 11 6
5 2 11 7
5 2 11 8
5 2 11 9
5 2 11 10
5 1 12 4
5 1 12 5
5 1 12 6
5 1 12 7
5 1 12 8
5 1 12 9
5 1 12 10
5 2 12 4
5 2 12 5
5 2 12 6
5 2 12 7
5 2 12 8
5 2 12 9
5 2 12 10
5 1 13 4
5 1 13 5
5 1 13 6
5 1 13 7
5 1 13 8
5 1 13 9
5 1 13 10
5 2 13 4
5 2 13 5
5 2 13 6
5 2 13 7
5 2 13 8
5 2 13 9
5 2 13 10
5 1 14 4
5 1 14 5
5 1 14 6
5 1 14 7
5 1 14 8
5 1 14 9
5 1 14 10
5 2 14 4
5 2 14 5
5 2 14 6
5 2 14 7
5 2 14 8
5 2 14 9
5 2 14 10
5 1 15 4
5 1 15 5
5 1 15 6
5 1 15 7
5 1 15 8
5 1 15 9
5 1 15 10
5 2 15 4
5 2 15 5
5 2 15 6
5 2 15 7
5 2 15 8
5 2 15 9
5 2 15 10
5 1 16 4
5 1 16 5
5 1 16 6
5 1 16 7
5 1 16 8
5 1 16 9
5 1 16 10
5 2 16 4
5 2 16 5
5 2 16 6
5 2 16 7
5 2 16 8
5 2 16 9
5 2 16 10
5 1 17 4
5 1 17 5
5 1 17 6
5 1 17 7
5 1 17 8
5 1 17 9
5 1 17 10
5 2 17 4
5 2 17 5
5 2 17 6
5 2 17 7
5 2 17 8
5 2 17 9
5 2 17 10
5 1 18 4
5 1 18 5
5 1 18 6
5 1 18 7
5 1 18 8
5 1 18 9
5 1 18 10
5 2 18 4
5 2 18 5
5 2 18 6
5 2 18 7
5 2 18 8
5 2 18 9
5 2 18 10
5 1 19 4
5 1 19 5
5 1 19 6
5 1 19 7
5 1 19 8
5 1 19 9
5 1 19 10
5 2 19 4
5 2 19 5
5 2 19 6
5 2 19 7
5 2 19 8
5 2 19 9
5 2 19 10
5 1 20 4
5 1 20 5
5 1 20 6
5 1 20 7
5 1 20 8
5 1 20 9
5 1 20 10
5 2 20 4
5 2 20 5
5 2 20 6
5 2 20 7
5 2 20 8
5 2 20 9
5 2 20 10
5 1 21 4
5 1 21 5
5 1 21 6
5 1 21 7
5 1 21 8
5 1 21 9
5 1 21 10
5 2 21 4
5 2 21 5
5 2 21 6
5 2 21 7
5 2 21 8
5 2 21 9
5 2 21 10
5 1 22 4
5 1 22 5
5 1 22 6
5 1 22 7
5 1 22 8
5 1 22 9
5 1 22 10
5 2 22 4
5 2 22 5
5 2 22 6
5 2 22 7
5 2 22 8
5 2 22 9
5 2 22 10
5 1 23 4
5 1 23 5
5 1 23 6
5 1 23 7
5 1 23 8
5 1 23 9
5 1 23 10
5 2 23 4
5 2 23 5
5 2 23 6
5 2 23 7
5 2 23 8
5 2 23 9
5 2 23 10
5 1 24 4
5 1 24 5
5 1 24 6
5 1 24 7
5 1 24 8
5 1 24 9
5 1 24 10
5 2 24 4
5 2 24 5
5 2 24 6
5 2 24 7
5 2 24 8
5 2 24 9
5 2 24 10
5 1 25 4
5 1 25 5
5 1 25 6
5 1 25 7
5 1 25 8
5 1 25 9
5 1 25 10
5 2 25 4
5 2 25 5
5 2 25 6
5 2 25 7
5 2 25 8
5 2 25 9
5 2 25 10
6 1 10 4
6 1 10 5
6 1 10 6
6 1 10 7
6 1 10 8
6 1 10 9
6 1 10 10
6 2 10 4
6 2 10 5
6 2 10 6
6 2 10 7
6 2 10 8
6 2 10 9
6 2 10 10
6 1 11 4
6 1 11 5
6 1 11 6
6 1 11 7
6 1 11 8
6 1 11 9
6 1 11 10
6 2 11 4
6 2 11 5
6 2 11 6
6 2 11 7
6 2 11 8
6 2 11 9
6 2 11 10
6 1 12 4
6 1 12 5
6 1 12 6
6 1 12 7
6 1 12 8
6 1 12 9
6 1 12 10
6 2 12 4
6 2 12 5
6 2 12 6
6 2 12 7
6 2 12 8
6 2 12 9
6 2 12 10
6 1 13 4
6 1 13 5
6 1 13 6
6 1 13 7
6 1 13 8
6 1 13 9
6 1 13 10
6 2 13 4
6 2 13 5
6 2 13 6
6 2 13 7
6 2 13 8
6 2 13 9
6 2 13 10
6 1 14 4
6 1 14 5
6 1 14 6
6 1 14 7
6 1 14 8
6 1 14 9
6 1 14 10
6 2 14 4
6 2 14 5
6 2 14 6
6 2 14 7
6 2 14 8
6 2 14 9
6 2 14 10
6 1 15 4
6 1 15 5
6 1 15 6
6 1 15 7
6 1 15 8
6 1 15 9
6 1 15 10
6 2 15 4
6 2 15 5
6 2 15 6
6 2 15 7
6 2 15 8
6 2 15 9
6 2 15 10
6 1 16 4
6 1 16 5
6 1 16 6
6 1 16 7
6 1 16 8
6 1 16 9
6 1 16 10
6 2 16 4
6 2 16 5
6 2 16 6
6 2 16 7
6 2 16 8
6 2 16 9
6 2 16 10
6 1 17 4
6 1 17 5
6 1 17 6
6 1 17 7
6 1 17 8
6 1 17 9
6 1 17 10
6 2 17 4
6 2 17 5
6 2 17 6
6 2 17 7
6 2 17 8
6 2 17 9
6 2 17 10
6 1 18 4
6 1 18 5
6 1 18 6
6 1 18 7
6 1 18 8
6 1 18 9
6 1 18 10
6 2 18 4
6 2 18 5
6 2 18 6
6 2 18 7
6 2 18 8
6 2 18 9
6 2 18 10
6 1 19 4
6 1 19 5
6 1 19 6
6 1 19 7
6 1 19 8
6 1 19 9
6 1 19 10
6 2 19 4
6 2 19 5
6 2 19 6
6 2 19 7
6 2 19 8
6 2 19 9
6 2 19 10
6 1 20 4
6 1 20 5
6 1 20 6
6 1 20 7
6 1 20 8
6 1 20 9
6 1 20 10
6 2 20 4
6 2 20 5
6 2 20 6
6 2 20 7
6 2 20 8
6 2 20 9
6 2 20 10
6 1 21 4
6 1 21 5
6 1 21 6
6 1 21 7
6 1 21 8
6 1 21 9
6 1 21 10
6 2 21 4
6 2 21 5
6 2 21 6
6 2 21 7
6 2 21 8
6 2 21 9
6 2 21 10
6 1 22 4
6 1 22 5
6 1 22 6
6 1 22 7
6 1 22 8
6 1 22 9
6 1 22 10
6 2 22 4
6 2 22 5
6 2 22 6
6 2 22 7
6 2 22 8
6 2 22 9
6 2 22 10
6 1 23 4
6 1 23 5
6 1 23 6
6 1 23 7
6 1 23 8
6 1 23 9
6 1 23 10
6 2 23 4
6 2 23 5
6 2 23 6
6 2 23 7
6 2 23 8
6 2 23 9
6 2 23 10
6 1 24 4
6 1 24 5
6 1 24 6
6 1 24 7
6 1 24 8
6 1 24 9
6 1 24 10
6 2 24 4
6 2 24 5
6 2 24 6
6 2 24 7
6 2 24 8
6 2 24 9
6 2 24 10
6 1 25 4
6 1 25 5
6 1 25 6
6 1 25 7
6 1 25 8
6 1 25 9
6 1 25 10
6 2 25 4
6 2 25 5
6 2 25 6
6 2 25 7
6 2 25 8
6 2 25 9
6 2 25 10
7 1 10 4
7 1 10 5
7 1 10 6
7 1 10 7
7 1 10 8
7 1 10 9
7 1 10 10
7 2 10 4
7 2 10 5
7 2 10 6
7 2 10 7
7 2 10 8
7 2 10 9
7 2 10 10
7 1 11 4
7 1 11 5
7 1 11 6
7 1 11 7
7 1 11 8
7 1 11 9
7 1 11 10
7 2 11 4
7 2 11 5
7 2 11 6
7 2 11 7
7 2 11 8
7 2 11 9
7 2 11 10
7 1 12 4
7 1 12 5
7 1 12 6
7 1 12 7
7 1 12 8
7 1 12 9
7 1 12 10
7 2 12 4
7 2 12 5
7 2 12 6
7 2 12 7
7 2 12 8
7 2 12 9
7 2 12 10
7 1 13 4
7 1 13 5
7 1 13 6
7 1 13 7
7 1 13 8
7 1 13 9
7 1 13 10
7 2 13 4
7 2 13 5
7 2 13 6
7 2 13 7
7 2 13 8
7 2 13 9
7 2 13 10
7 1 14 4
7 1 14 5
7 1 14 6
7 1 14 7
7 1 14 8
7 1 14 9
7 1 14 10
7 2 14 4
7 2 14 5
7 2 14 6
7 2 14 7
7 2 14 8
7 2 14 9
7 2 14 10
7 1 15 4
7 1 15 5
7 1 15 6
7 1 15 7
7 1 15 8
7 1 15 9
7 1 15 10
7 2 15 4
7 2 15 5
7 2 15 6
7 2 15 7
7 2 15 8
7 2 15 9
7 2 15 10
7 1 16 4
7 1 16 5
7 1 16 6
7 1 16 7
7 1 16 8
7 1 16 9
7 1 16 10
7 2 16 4
7 2 16 5
7 2 16 6
7 2 16 7
7 2 16 8
7 2 16 9
7 2 16 10
7 1 17 4
7 1 17 5
7 1 17 6
7 1 17 7
7 1 17 8
7 1 17 9
7 1 17 10
7 2 17 4
7 2 17 5
7 2 17 6
7 2 17 7
7 2 17 8
7 2 17 9
7 2 17 10
7 1 18 4
7 1 18 5
7 1 18 6
7 1 18 7
7 1 18 8
7 1 18 9
7 1 18 10
7 2 18 4
7 2 18 5
7 2 18 6
7 2 18 7
7 2 18 8
7 2 18 9
7 2 18 10
7 1 19 4
7 1 19 5
7 1 19 6
7 1 19 7
7 1 19 8
7 1 19 9
7 1 19 10
7 2 19 4
7 2 19 5
7 2 19 6
7 2 19 7
7 2 19 8
7 2 19 9
7 2 19 10
7 1 20 4
7 1 20 5
7 1 20 6
7 1 20 7
7 1 20 8
7 1 20 9
7 1 20 10
7 2 20 4
7 2 20 5
7 2 20 6
7 2 20 7
7 2 20 8
7 2 20 9
7 2 20 10
7 1 21 4
7 1 21 5
7 1 21 6
7 1 21 7
7 1 21 8
7 1 21 9
7 1 21 10
7 2 21 4
7 2 21 5
7 2 21 6
7 2 21 7
7 2 21 8
7 2 21 9
7 2 21 10
7 1 22 4
7 1 22 5
7 1 22 6
7 1 22 7
7 1 22 8
7 1 22 9
7 1 22 10
7 2 22 4
7 2 22 5
7 2 22 6
7 2 22 7
7 2 22 8
7 2 22 9
7 2 22 10
7 1 23 4
7 1 23 5
7 1 23 6
7 1 23 7
7 1 23 8
7 1 23 9
7 1 23 10
7 2 23 4
7 2 23 5
7 2 23 6
7 2 23 7
7 2 23 8
7 2 23 9
7 2 23 10
7 1 24 4
7 1 24 5
7 1 24 6
7 1 24 7
7 1 24 8
7 1 24 9
7 1 24 10
7 2 24 4
7 2 24 5
7 2 24 6
7 2 24 7
7 2 24 8
7 2 24 9
7 2 24 10
7 1 25 4
7 1 25 5
7 1 25 6
7 1 25 7
7 1 25 8
7 1 25 9
7 1 25 10
7 2 25 4
7 2 25 5
7 2 25 6
7 2 25 7
7 2 25 8
7 2 25 9
7 2 25 10
8 1 10 4
8 1 10 5
8 1 10 6
8 1 10 7
8 1 10 8
8 1 10 9
8 1 10 10
8 2 10 4
8 2 10 5
8 2 10 6
8 2 10 7
8 2 10 8
8 2 10 9
8 2 10 10
8 1 11 4
8 1 11 5
8 1 11 6
8 1 11 7
8 1 11 8
8 1 11 9
8 1 11 10
8 2 11 4
8 2 11 5
8 2 11 6
8 2 11 7
8 2 11 8
8 2 11 9
8 2 11 10
8 1 12 4
8 1 12 5
8 1 12 6
8 1 12 7
8 1 12 8
8 1 12 9
8 1 12 10
8 2 12 4
8 2 12 5
8 2 12 6
8 2 12 7
8 2 12 8
8 2 12 9
8 2 12 10
8 1 13 4
8 1 13 5
8 1 13 6
8 1 13 7
8 1 13 8
8 1 13 9
8 1 13 10
8 2 13 4
8 2 13 5
8 2 13 6
8 2 13 7
8 2 13 8
8 2 13 9
8 2 13 10
8 1 14 4
8 1 14 5
8 1 14 6
8 1 14 7
8 1 14 8
8 1 14 9
8 1 14 10
8 2 14 4
8 2 14 5
8 2 14 6
8 2 14 7
8 2 14 8
8 2 14 9
8 2 14 10
8 1 15 4
8 1 15 5
8 1 15 6
8 1 15 7
8 1 15 8
8 1 15 9
8 1 15 10
8 2 15 4
8 2 15 5
8 2 15 6
8 2 15 7
8 2 15 8
8 2 15 9
8 2 15 10
8 1 16 4
8 1 16 5
8 1 16 6
8 1 16 7
8 1 16 8
8 1 16 9
8 1 16 10
8 2 16 4
8 2 16 5
8 2 16 6
8 2 16 7
8 2 16 8
8 2 16 9
8 2 16 10
8 1 17 4
8 1 17 5
8 1 17 6
8 1 17 7
8 1 17 8
8 1 17 9
8 1 17 10
8 2 17 4
8 2 17 5
8 2 17 6
8 2 17 7
8 2 17 8
8 2 17 9
8 2 17 10
8 1 18 4
8 1 18 5
8 1 18 6
8 1 18 7
8 1 18 8
8 1 18 9
8 1 18 10
8 2 18 4
8 2 18 5
8 2 18 6
8 2 18 7
8 2 18 8
8 2 18 9
8 2 18 10
8 1 19 4
8 1 19 5
8 1 19 6
8 1 19 7
8 1 19 8
8 1 19 9
8 1 19 10
8 2 19 4
8 2 19 5
8 2 19 6
8 2 19 7
8 2 19 8
8 2 19 9
8 2 19 10
8 1 20 4
8 1 20 5
8 1 20 6
8 1 20 7
8 1 20 8
8 1 20 9
8 1 20 10
8 2 20 4
8 2 20 5
8 2 20 6
8 2 20 7
8 2 20 8
8 2 20 9
8 2 20 10
8 1 21 4
8 1 21 5
8 1 21 6
8 1 21 7
8 1 21 8
8 1 21 9
8 1 21 10
8 2 21 4
8 2 21 5
8 2 21 6
8 2 21 7
8 2 21 8
8 2 21 9
8 2 21 10
8 1 22 4
8 1 22 5
8 1 22 6
8 1 22 7
8 1 22 8
8 1 22 9
8 1 22 10
8 2 22 4
8 2 22 5
8 2 22 6
8 2 22 7
8 2 22 8
8 2 22 9
8 2 22 10
8 1 23 4
8 1 23 5
8 1 23 6
8 1 23 7
8 1 23 8
8 1 23 9
8 1 23 10
8 2 23 4
8 2 23 5
8 2 23 6
8 2 23 7
8 2 23 8
8 2 23 9
8 2 23 10
8 1 24 4
8 1 24 5
8 1 24 6
8 1 24 7
8 1 24 8
8 1 24 9
8 1 24 10
8 2 24 4
8 2 24 5
8 2 24 6
8 2 24 7
8 2 24 8
8 2 24 9
8 2 24 10
8 1 25 4
8 1 25 5
8 1 25 6
8 1 25 7
8 1 25 8
8 1 25 9
8 1 25 10
8 2 25 4
8 2 25 5
8 2 25 6
8 2 25 7
8 2 25 8
8 2 25 9
8 2 25 10
