25 15
000000000000000
000000000000000
111111111111100
100000000000100
100000000000100
100000000000100
111111111111110
101000001111110
101011111111110
101010001011110
111111111111110
101010001011110
101010001011110
111010001011110
100010001011110
100010001011110
100010001011110
111111111111110
100011111111110
100000001111110
100000000001110
111111111111110
000000000001110
000000000001010
000000000001110
139
3 1 7 13
3 1 11 13
3 1 18 13
3 1 22 13
7 1 11 3
7 1 11 9
7 1 11 11
7 1 11 12
7 1 11 13
7 1 11 14
7 3 11 9
7 3 11 11
7 3 11 12
7 3 11 13
7 3 11 14
7 9 11 11
7 9 11 12
7 9 11 13
7 9 11 14
7 1 14 3
7 1 18 9
7 1 18 11
7 1 18 12
7 1 18 13
7 1 18 14
7 9 18 11
7 9 18 12
7 9 18 13
7 9 18 14
7 9 19 11
7 9 19 12
7 9 19 13
7 9 19 14
7 9 20 11
7 9 20 12
7 9 20 13
7 9 20 14
7 1 22 12
7 1 22 13
7 1 22 14
7 12 25 14
8 9 11 11
8 9 11 12
8 9 11 13
8 9 11 14
8 9 18 11
8 9 18 12
8 9 18 13
8 9 18 14
8 9 19 11
8 9 19 12
8 9 19 13
8 9 19 14
8 9 20 11
8 9 20 12
8 9 20 13
8 9 20 14
8 12 25 14
9 5 11 9
9 5 11 11
9 5 11 12
9 5 11 13
9 5 11 14
9 9 11 11
9 9 11 12
9 9 11 13
9 9 11 14
9 5 18 9
9 5 18 11
9 5 18 12
9 5 18 13
9 5 18 14
9 9 18 11
9 9 18 12
9 9 18 13
9 9 18 14
9 5 19 9
9 5 19 11
9 5 19 12
9 5 19 13
9 5 19 14
9 9 19 11
9 9 19 12
9 9 19 13
9 9 19 14
9 9 20 11
9 9 20 12
9 9 20 13
9 9 20 14
9 12 25 14
10 12 25 14
11 1 14 3
11 1 18 5
11 1 18 9
11 1 18 11
11 1 18 12
11 1 18 13
11 1 18 14
11 5 18 9
11 5 18 11
11 5 18 12
11 5 18 13
11 5 18 14
11 9 18 11
11 9 18 12
11 9 18 13
11 9 18 14
11 5 19 9
11 5 19 11
11 5 19 12
11 5 19 13
11 5 19 14
11 9 19 11
11 9 19 12
11 9 19 13
11 9 19 14
11 9 20 11
11 9 20 12
11 9 20 13
11 9 20 14
11 1 22 12
11 1 22 13
11 1 22 14
11 12 25 14
12 12 25 14
13 12 25 14
14 12 25 14
15 12 25 14
16 12 25 14
17 12 25 14
18 1 22 12
18 1 22 13
18 1 22 14
18 12 25 14
19 12 25 14
20 12 25 14
21 12 25 14
22 12 25 14
23 12 25 14
