15 20
11111111111111111111
11111111111111111111
11111111111111111111
11111111111111111111
11111111111111111111
11111111111111111111
11111111111111111111
11111111111111111111
11111111111111111111
11111111111111111111
11111111111111111111
11111111111111111111
11111111111111111101
11111111111111111111
11111111111111111111
432
1 1 14 20
1 2 14 20
1 3 14 20
1 4 14 20
1 5 14 20
1 6 14 20
1 7 14 20
1 8 14 20
1 9 14 20
1 10 14 20
1 11 14 20
1 12 14 20
1 13 14 20
1 14 14 20
1 15 14 20
1 16 14 20
1 17 14 20
1 18 14 20
1 1 15 20
1 2 15 20
1 3 15 20
1 4 15 20
1 5 15 20
1 6 15 20
1 7 15 20
1 8 15 20
1 9 15 20
1 10 15 20
1 11 15 20
1 12 15 20
1 13 15 20
1 14 15 20
1 15 15 20
1 16 15 20
1 17 15 20
1 18 15 20
2 1 14 20
2 2 14 20
2 3 14 20
2 4 14 20
2 5 14 20
2 6 14 20
2 7 14 20
2 8 14 20
2 9 14 20
2 10 14 20
2 11 14 20
2 12 14 20
2 13 14 20
2 14 14 20
2 15 14 20
2 16 14 20
2 17 14 20
2 18 14 20
2 1 15 20
2 2 15 20
2 3 15 20
2 4 15 20
2 5 15 20
2 6 15 20
2 7 15 20
2 8 15 20
2 9 15 20
2 10 15 20
2 11 15 20
2 12 15 20
2 13 15 20
2 14 15 20
2 15 15 20
2 16 15 20
2 17 15 20
2 18 15 20
3 1 14 20
3 2 14 20
3 3 14 20
3 4 14 20
3 5 14 20
3 6 14 20
3 7 14 20
3 8 14 20
3 9 14 20
3 10 14 20
3 11 14 20
3 12 14 20
3 13 14 20
3 14 14 20
3 15 14 20
3 16 14 20
3 17 14 20
3 18 14 20
3 1 15 20
3 2 15 20
3 3 15 20
3 4 15 20
3 5 15 20
3 6 15 20
3 7 15 20
3 8 15 20
3 9 15 20
3 10 15 20
3 11 15 20
3 12 15 20
3 13 15 20
3 14 15 20
3 15 15 20
3 16 15 20
3 17 15 20
3 18 15 20
4 1 14 20
4 2 14 20
4 3 14 20
4 4 14 20
4 5 14 20
4 6 14 20
4 7 14 20
4 8 14 20
4 9 14 20
4 10 14 20
4 11 14 20
4 12 14 20
4 13 14 20
4 14 14 20
4 15 14 20
4 16 14 20
4 17 14 20
4 18 14 20
4 1 15 20
4 2 15 20
4 3 15 20
4 4 15 20
4 5 15 20
4 6 15 20
4 7 15 20
4 8 15 20
4 9 15 20
4 10 15 20
4 11 15 20
4 12 15 20
4 13 15 20
4 14 15 20
4 15 15 20
4 16 15 20
4 17 15 20
4 18 15 20
5 1 14 20
5 2 14 20
5 3 14 20
5 4 14 20
5 5 14 20
5 6 14 20
5 7 14 20
5 8 14 20
5 9 14 20
5 10 14 20
5 11 14 20
5 12 14 20
5 13 14 20
5 14 14 20
5 15 14 20
5 16 14 20
5 17 14 20
5 18 14 20
5 1 15 20
5 2 15 20
5 3 15 20
5 4 15 20
5 5 15 20
5 6 15 20
5 7 15 20
5 8 15 20
5 9 15 20
5 10 15 20
5 11 15 20
5 12 15 20
5 13 15 20
5 14 15 20
5 15 15 20
5 16 15 20
5 17 15 20
5 18 15 20
6 1 14 20
6 2 14 20
6 3 14 20
6 4 14 20
6 5 14 20
6 6 14 20
6 7 14 20
6 8 14 20
6 9 14 20
6 10 14 20
6 11 14 20
6 12 14 20
6 13 14 20
6 14 14 20
6 15 14 20
6 16 14 20
6 17 14 20
6 18 14 20
6 1 15 20
6 2 15 20
6 3 15 20
6 4 15 20
6 5 15 20
6 6 15 20
6 7 15 20
6 8 15 20
6 9 15 20
6 10 15 20
6 11 15 20
6 12 15 20
6 13 15 20
6 14 15 20
6 15 15 20
6 16 15 20
6 17 15 20
6 18 15 20
7 1 14 20
7 2 14 20
7 3 14 20
7 4 14 20
7 5 14 20
7 6 14 20
7 7 14 20
7 8 14 20
7 9 14 20
7 10 14 20
7 11 14 20
7 12 14 20
7 13 14 20
7 14 14 20
7 15 14 20
7 16 14 20
7 17 14 20
7 18 14 20
7 1 15 20
7 2 15 20
7 3 15 20
7 4 15 20
7 5 15 20
7 6 15 20
7 7 15 20
7 8 15 20
7 9 15 20
7 10 15 20
7 11 15 20
7 12 15 20
7 13 15 20
7 14 15 20
7 15 15 20
7 16 15 20
7 17 15 20
7 18 15 20
8 1 14 20
8 2 14 20
8 3 14 20
8 4 14 20
8 5 14 20
8 6 14 20
8 7 14 20
8 8 14 20
8 9 14 20
8 10 14 20
8 11 14 20
8 12 14 20
8 13 14 20
8 14 14 20
8 15 14 20
8 16 14 20
8 17 14 20
8 18 14 20
8 1 15 20
8 2 15 20
8 3 15 20
8 4 15 20
8 5 15 20
8 6 15 20
8 7 15 20
8 8 15 20
8 9 15 20
8 10 15 20
8 11 15 20
8 12 15 20
8 13 15 20
8 14 15 20
8 15 15 20
8 16 15 20
8 17 15 20
8 18 15 20
9 1 14 20
9 2 14 20
9 3 14 20
9 4 14 20
9 5 14 20
9 6 14 20
9 7 14 20
9 8 14 20
9 9 14 20
9 10 14 20
9 11 14 20
9 12 14 20
9 13 14 20
9 14 14 20
9 15 14 20
9 16 14 20
9 17 14 20
9 18 14 20
9 1 15 20
9 2 15 20
9 3 15 20
9 4 15 20
9 5 15 20
9 6 15 20
9 7 15 20
9 8 15 20
9 9 15 20
9 10 15 20
9 11 15 20
9 12 15 20
9 13 15 20
9 14 15 20
9 15 15 20
9 16 15 20
9 17 15 20
9 18 15 20
10 1 14 20
10 2 14 20
10 3 14 20
10 4 14 20
10 5 14 20
10 6 14 20
10 7 14 20
10 8 14 20
10 9 14 20
10 10 14 20
10 11 14 20
10 12 14 20
10 13 14 20
10 14 14 20
10 15 14 20
10 16 14 20
10 17 14 20
10 18 14 20
10 1 15 20
10 2 15 20
10 3 15 20
10 4 15 20
10 5 15 20
10 6 15 20
10 7 15 20
10 8 15 20
10 9 15 20
10 10 15 20
10 11 15 20
10 12 15 20
10 13 15 20
10 14 15 20
10 15 15 20
10 16 15 20
10 17 15 20
10 18 15 20
11 1 14 20
11 2 14 20
11 3 14 20
11 4 14 20
11 5 14 20
11 6 14 20
11 7 14 20
11 8 14 20
11 9 14 20
11 10 14 20
11 11 14 20
11 12 14 20
11 13 14 20
11 14 14 20
11 15 14 20
11 16 14 20
11 17 14 20
11 18 14 20
11 1 15 20
11 2 15 20
11 3 15 20
11 4 15 20
11 5 15 20
11 6 15 20
11 7 15 20
11 8 15 20
11 9 15 20
11 10 15 20
11 11 15 20
11 12 15 20
11 13 15 20
11 14 15 20
11 15 15 20
11 16 15 20
11 17 15 20
11 18 15 20
12 1 14 20
12 2 14 20
12 3 14 20
12 4 14 20
12 5 14 20
12 6 14 20
12 7 14 20
12 8 14 20
12 9 14 20
12 10 14 20
12 11 14 20
12 12 14 20
12 13 14 20
12 14 14 20
12 15 14 20
12 16 14 20
12 17 14 20
12 18 14 20
12 1 15 20
12 2 15 20
12 3 15 20
12 4 15 20
12 5 15 20
12 6 15 20
12 7 15 20
12 8 15 20
12 9 15 20
12 10 15 20
12 11 15 20
12 12 15 20
12 13 15 20
12 14 15 20
12 15 15 20
12 16 15 20
12 17 15 20
12 18 15 20
