18 19
0001111111111111110
0001000000000000010
0001000000000000010
0001000000000000010
0001000000000000010
0001000000000000010
0001000000000000010
0001000000000000010
0001000000000000010
0001000000000000010
0001000000000000010
0001111001110011110
0001001001010010010
0001111111111111110
0001111101010010010
0000000101010011110
0000000111111111110
0000000001110000000
21
1 4 14 18
12 4 14 7
12 10 14 12
12 15 14 18
12 4 15 7
12 15 16 18
12 10 17 12
12 15 17 18
12 10 18 12
14 15 16 18
14 8 17 10
14 8 17 12
14 8 17 15
14 8 17 18
14 10 17 12
14 10 17 15
14 10 17 18
14 12 17 15
14 12 17 18
14 15 17 18
14 10 18 12
