16 15
000000000000000
111111111111110
100001000101010
100001000101010
111111111111110
101000000101110
101111111111110
101111111111110
101111111111110
101010001101110
101010001101110
111111111111110
001111111111110
001111111000000
000000000000000
000000000000000
182
2 1 5 6
2 1 5 10
2 1 5 12
2 1 5 14
2 6 5 10
2 6 5 12
2 6 5 14
2 10 5 12
2 10 5 14
2 12 5 14
2 12 6 14
2 10 7 12
2 10 7 14
2 12 7 14
2 10 8 12
2 10 8 14
2 12 8 14
2 10 9 12
2 10 9 14
2 12 9 14
2 12 10 14
2 12 11 14
2 1 12 10
2 1 12 12
2 1 12 14
2 10 12 12
2 10 12 14
2 12 12 14
2 10 13 12
2 10 13 14
2 12 13 14
5 3 7 10
5 3 7 12
5 3 7 13
5 3 7 14
5 10 7 12
5 10 7 13
5 10 7 14
5 3 8 10
5 3 8 12
5 3 8 13
5 3 8 14
5 10 8 12
5 10 8 13
5 10 8 14
5 3 9 10
5 3 9 12
5 3 9 13
5 3 9 14
5 10 9 12
5 10 9 13
5 10 9 14
5 1 12 3
5 1 12 10
5 1 12 12
5 1 12 13
5 1 12 14
5 3 12 10
5 3 12 12
5 3 12 13
5 3 12 14
5 10 12 12
5 10 12 13
5 10 12 14
5 3 13 10
5 3 13 12
5 3 13 13
5 3 13 14
5 10 13 12
5 10 13 13
5 10 13 14
7 3 12 5
7 3 12 9
7 3 12 10
7 3 12 12
7 3 12 13
7 3 12 14
7 5 12 9
7 5 12 10
7 5 12 12
7 5 12 13
7 5 12 14
7 9 12 12
7 9 12 13
7 9 12 14
7 10 12 12
7 10 12 13
7 10 12 14
7 3 13 5
7 3 13 9
7 3 13 10
7 3 13 12
7 3 13 13
7 3 13 14
7 5 13 9
7 5 13 10
7 5 13 12
7 5 13 13
7 5 13 14
7 9 13 12
7 9 13 13
7 9 13 14
7 10 13 12
7 10 13 13
7 10 13 14
7 3 14 5
7 3 14 9
7 5 14 9
8 3 12 5
8 3 12 9
8 3 12 10
8 3 12 12
8 3 12 13
8 3 12 14
8 5 12 9
8 5 12 10
8 5 12 12
8 5 12 13
8 5 12 14
8 9 12 12
8 9 12 13
8 9 12 14
8 10 12 12
8 10 12 13
8 10 12 14
8 3 13 5
8 3 13 9
8 3 13 10
8 3 13 12
8 3 13 13
8 3 13 14
8 5 13 9
8 5 13 10
8 5 13 12
8 5 13 13
8 5 13 14
8 9 13 12
8 9 13 13
8 9 13 14
8 10 13 12
8 10 13 13
8 10 13 14
8 3 14 5
8 3 14 9
8 5 14 9
9 3 12 5
9 3 12 9
9 3 12 10
9 3 12 12
9 3 12 13
9 3 12 14
9 5 12 9
9 5 12 10
9 5 12 12
9 5 12 13
9 5 12 14
9 9 12 12
9 9 12 13
9 9 12 14
9 10 12 12
9 10 12 13
9 10 12 14
9 3 13 5
9 3 13 9
9 3 13 10
9 3 13 12
9 3 13 13
9 3 13 14
9 5 13 9
9 5 13 10
9 5 13 12
9 5 13 13
9 5 13 14
9 9 13 12
9 9 13 13
9 9 13 14
9 10 13 12
9 10 13 13
9 10 13 14
9 3 14 5
9 3 14 9
9 5 14 9
