20 19
0000000000000000000
0000000000000000000
1111111111111111111
1100010000000000001
1100010000000000001
1111111111110000001
1100010000010000001
1111111110010000001
1000001010010000001
1000001010010000001
1111111111111110001
1111111111111111111
1001001010000010001
1001111111111110001
1000001010000000001
1111111111111111111
1100001010000000001
1111111111111111111
0000001010000000000
0000001110000000000
71
3 1 6 6
3 2 6 6
3 1 8 6
3 2 8 6
3 1 12 19
3 1 16 19
3 1 18 19
6 1 8 6
6 2 8 6
6 1 11 12
6 1 12 12
8 1 11 7
8 1 11 9
8 7 11 9
8 1 12 7
8 1 12 9
8 7 12 9
8 7 14 9
8 1 16 7
8 1 16 9
8 7 16 9
8 1 18 7
8 1 18 9
8 7 18 9
8 7 20 9
11 4 14 7
11 4 14 9
11 4 14 15
11 7 14 9
11 7 14 15
11 9 14 15
11 1 16 7
11 1 16 9
11 7 16 9
11 1 18 7
11 1 18 9
11 7 18 9
11 7 20 9
12 4 14 7
12 4 14 9
12 4 14 15
12 7 14 9
12 7 14 15
12 9 14 15
12 1 16 7
12 1 16 9
12 1 16 19
12 7 16 9
12 7 16 19
12 9 16 19
12 1 18 7
12 1 18 9
12 1 18 19
12 7 18 9
12 7 18 19
12 9 18 19
12 7 20 9
14 7 16 9
14 7 18 9
14 7 20 9
16 1 18 7
16 1 18 9
16 1 18 19
16 2 18 7
16 2 18 9
16 2 18 19
16 7 18 9
16 7 18 19
16 9 18 19
16 7 20 9
18 7 20 9
