21 21
000000000001111110000
001111111111111111111
001110000011110011011
011111111111111111011
011111111111110111011
011111111111111111111
011111111111111111010
011111111111111111010
001111111111111111010
001111111111111111010
001111111011111111010
001111111111111111010
001111010011100101010
011111111111111111111
010111010011100101011
010111111111111101011
010111111111111111111
010111111111111101111
011111111111111111111
000010111110000001000
000011111111111111000
2319
1 12 4 17
1 13 4 17
1 14 4 17
1 12 6 17
1 13 6 17
1 14 6 17
1 12 7 17
1 13 7 17
1 14 7 17
1 12 8 17
1 13 8 17
1 14 8 17
1 12 9 17
1 13 9 17
1 14 9 17
1 12 10 17
1 13 10 17
1 14 10 17
1 12 11 17
1 13 11 17
1 14 11 17
1 12 12 17
1 13 12 17
1 14 12 17
2 3 4 11
2 3 4 12
2 3 4 13
2 3 4 14
2 3 4 17
2 3 4 18
2 4 4 11
2 4 4 12
2 4 4 13
2 4 4 14
2 4 4 17
2 4 4 18
2 5 4 11
2 5 4 12
2 5 4 13
2 5 4 14
2 5 4 17
2 5 4 18
2 11 4 17
2 11 4 18
2 12 4 17
2 12 4 18
2 13 4 17
2 13 4 18
2 14 4 17
2 14 4 18
2 3 5 11
2 3 5 12
2 3 5 13
2 3 5 14
2 4 5 11
2 4 5 12
2 4 5 13
2 4 5 14
2 5 5 11
2 5 5 12
2 5 5 13
2 5 5 14
2 3 6 11
2 3 6 12
2 3 6 13
2 3 6 14
2 3 6 17
2 3 6 18
2 3 6 20
2 3 6 21
2 4 6 11
2 4 6 12
2 4 6 13
2 4 6 14
2 4 6 17
2 4 6 18
2 4 6 20
2 4 6 21
2 5 6 11
2 5 6 12
2 5 6 13
2 5 6 14
2 5 6 17
2 5 6 18
2 5 6 20
2 5 6 21
2 11 6 17
2 11 6 18
2 11 6 20
2 11 6 21
2 12 6 17
2 12 6 18
2 12 6 20
2 12 6 21
2 13 6 17
2 13 6 18
2 13 6 20
2 13 6 21
2 14 6 17
2 14 6 18
2 14 6 20
2 14 6 21
2 17 6 20
2 17 6 21
2 18 6 20
2 18 6 21
2 3 7 11
2 3 7 12
2 3 7 13
2 3 7 14
2 3 7 17
2 3 7 18
2 4 7 11
2 4 7 12
2 4 7 13
2 4 7 14
2 4 7 17
2 4 7 18
2 5 7 11
2 5 7 12
2 5 7 13
2 5 7 14
2 5 7 17
2 5 7 18
2 11 7 17
2 11 7 18
2 12 7 17
2 12 7 18
2 13 7 17
2 13 7 18
2 14 7 17
2 14 7 18
2 3 8 11
2 3 8 12
2 3 8 13
2 3 8 14
2 3 8 17
2 3 8 18
2 4 8 11
2 4 8 12
2 4 8 13
2 4 8 14
2 4 8 17
2 4 8 18
2 5 8 11
2 5 8 12
2 5 8 13
2 5 8 14
2 5 8 17
2 5 8 18
2 11 8 17
2 11 8 18
2 12 8 17
2 12 8 18
2 13 8 17
2 13 8 18
2 14 8 17
2 14 8 18
2 3 9 11
2 3 9 12
2 3 9 13
2 3 9 14
2 3 9 17
2 3 9 18
2 4 9 11
2 4 9 12
2 4 9 13
2 4 9 14
2 4 9 17
2 4 9 18
2 5 9 11
2 5 9 12
2 5 9 13
2 5 9 14
2 5 9 17
2 5 9 18
2 11 9 17
2 11 9 18
2 12 9 17
2 12 9 18
2 13 9 17
2 13 9 18
2 14 9 17
2 14 9 18
2 3 10 11
2 3 10 12
2 3 10 13
2 3 10 14
2 3 10 17
2 3 10 18
2 4 10 11
2 4 10 12
2 4 10 13
2 4 10 14
2 4 10 17
2 4 10 18
2 5 10 11
2 5 10 12
2 5 10 13
2 5 10 14
2 5 10 17
2 5 10 18
2 11 10 17
2 11 10 18
2 12 10 17
2 12 10 18
2 13 10 17
2 13 10 18
2 14 10 17
2 14 10 18
2 11 11 17
2 11 11 18
2 12 11 17
2 12 11 18
2 13 11 17
2 13 11 18
2 14 11 17
2 14 11 18
2 3 12 11
2 3 12 12
2 3 12 13
2 3 12 14
2 3 12 17
2 3 12 18
2 4 12 11
2 4 12 12
2 4 12 13
2 4 12 14
2 4 12 17
2 4 12 18
2 5 12 11
2 5 12 12
2 5 12 13
2 5 12 14
2 5 12 17
2 5 12 18
2 11 12 17
2 11 12 18
2 12 12 17
2 12 12 18
2 13 12 17
2 13 12 18
2 14 12 17
2 14 12 18
2 3 14 11
2 3 14 12
2 3 14 13
2 3 14 18
2 3 14 20
2 4 14 11
2 4 14 12
2 4 14 13
2 4 14 18
2 4 14 20
2 5 14 11
2 5 14 12
2 5 14 13
2 5 14 18
2 5 14 20
2 11 14 18
2 11 14 20
2 12 14 18
2 12 14 20
2 13 14 18
2 13 14 20
2 18 14 20
2 4 16 11
2 4 16 12
2 4 16 13
2 5 16 11
2 5 16 12
2 5 16 13
2 4 17 11
2 4 17 12
2 4 17 13
2 4 17 18
2 4 17 20
2 5 17 11
2 5 17 12
2 5 17 13
2 5 17 18
2 5 17 20
2 11 17 18
2 11 17 20
2 12 17 18
2 12 17 20
2 13 17 18
2 13 17 20
2 18 17 20
2 4 18 11
2 4 18 12
2 4 18 13
2 5 18 11
2 5 18 12
2 5 18 13
2 18 18 20
2 4 19 11
2 4 19 12
2 4 19 13
2 4 19 18
2 4 19 20
2 5 19 11
2 5 19 12
2 5 19 13
2 5 19 18
2 5 19 20
2 11 19 18
2 11 19 20
2 12 19 18
2 12 19 20
2 13 19 18
2 13 19 20
2 18 19 20
2 5 21 11
2 5 21 18
2 11 21 18
4 2 6 16
4 2 6 17
4 2 6 18
4 3 6 16
4 3 6 17
4 3 6 18
4 4 6 16
4 4 6 17
4 4 6 18
4 5 6 16
4 5 6 17
4 5 6 18
4 6 6 16
4 6 6 17
4 6 6 18
4 7 6 16
4 7 6 17
4 7 6 18
4 8 6 16
4 8 6 17
4 8 6 18
4 9 6 16
4 9 6 17
4 9 6 18
4 10 6 16
4 10 6 17
4 10 6 18
4 11 6 16
4 11 6 17
4 11 6 18
4 12 6 16
4 12 6 17
4 12 6 18
4 13 6 16
4 13 6 17
4 13 6 18
4 14 6 16
4 14 6 17
4 14 6 18
4 2 7 16
4 2 7 17
4 2 7 18
4 3 7 16
4 3 7 17
4 3 7 18
4 4 7 16
4 4 7 17
4 4 7 18
4 5 7 16
4 5 7 17
4 5 7 18
4 6 7 16
4 6 7 17
4 6 7 18
4 7 7 16
4 7 7 17
4 7 7 18
4 8 7 16
4 8 7 17
4 8 7 18
4 9 7 16
4 9 7 17
4 9 7 18
4 10 7 16
4 10 7 17
4 10 7 18
4 11 7 16
4 11 7 17
4 11 7 18
4 12 7 16
4 12 7 17
4 12 7 18
4 13 7 16
4 13 7 17
4 13 7 18
4 14 7 16
4 14 7 17
4 14 7 18
4 2 8 16
4 2 8 17
4 2 8 18
4 3 8 16
4 3 8 17
4 3 8 18
4 4 8 16
4 4 8 17
4 4 8 18
4 5 8 16
4 5 8 17
4 5 8 18
4 6 8 16
4 6 8 17
4 6 8 18
4 7 8 16
4 7 8 17
4 7 8 18
4 8 8 16
4 8 8 17
4 8 8 18
4 9 8 16
4 9 8 17
4 9 8 18
4 10 8 16
4 10 8 17
4 10 8 18
4 11 8 16
4 11 8 17
4 11 8 18
4 12 8 16
4 12 8 17
4 12 8 18
4 13 8 16
4 13 8 17
4 13 8 18
4 14 8 16
4 14 8 17
4 14 8 18
4 3 9 16
4 3 9 17
4 3 9 18
4 4 9 16
4 4 9 17
4 4 9 18
4 5 9 16
4 5 9 17
4 5 9 18
4 6 9 16
4 6 9 17
4 6 9 18
4 7 9 16
4 7 9 17
4 7 9 18
4 8 9 16
4 8 9 17
4 8 9 18
4 9 9 16
4 9 9 17
4 9 9 18
4 10 9 16
4 10 9 17
4 10 9 18
4 11 9 16
4 11 9 17
4 11 9 18
4 12 9 16
4 12 9 17
4 12 9 18
4 13 9 16
4 13 9 17
4 13 9 18
4 14 9 16
4 14 9 17
4 14 9 18
4 3 10 16
4 3 10 17
4 3 10 18
4 4 10 16
4 4 10 17
4 4 10 18
4 5 10 16
4 5 10 17
4 5 10 18
4 6 10 16
4 6 10 17
4 6 10 18
4 7 10 16
4 7 10 17
4 7 10 18
4 8 10 16
4 8 10 17
4 8 10 18
4 9 10 16
4 9 10 17
4 9 10 18
4 10 10 16
4 10 10 17
4 10 10 18
4 11 10 16
4 11 10 17
4 11 10 18
4 12 10 16
4 12 10 17
4 12 10 18
4 13 10 16
4 13 10 17
4 13 10 18
4 14 10 16
4 14 10 17
4 14 10 18
4 11 11 16
4 11 11 17
4 11 11 18
4 12 11 16
4 12 11 17
4 12 11 18
4 13 11 16
4 13 11 17
4 13 11 18
4 14 11 16
4 14 11 17
4 14 11 18
4 3 12 11
4 3 12 12
4 3 12 13
4 3 12 14
4 3 12 16
4 3 12 17
4 3 12 18
4 4 12 11
4 4 12 12
4 4 12 13
4 4 12 14
4 4 12 16
4 4 12 17
4 4 12 18
4 5 12 11
4 5 12 12
4 5 12 13
4 5 12 14
4 5 12 16
4 5 12 17
4 5 12 18
4 6 12 11
4 6 12 12
4 6 12 13
4 6 12 14
4 6 12 16
4 6 12 17
4 6 12 18
4 7 12 11
4 7 12 12
4 7 12 13
4 7 12 14
4 7 12 16
4 7 12 17
4 7 12 18
4 8 12 11
4 8 12 12
4 8 12 13
4 8 12 14
4 8 12 16
4 8 12 17
4 8 12 18
4 9 12 11
4 9 12 12
4 9 12 13
4 9 12 14
4 9 12 16
4 9 12 17
4 9 12 18
4 11 12 16
4 11 12 17
4 11 12 18
4 12 12 16
4 12 12 17
4 12 12 18
4 13 12 16
4 13 12 17
4 13 12 18
4 14 12 16
4 14 12 17
4 14 12 18
4 3 14 8
4 3 14 11
4 3 14 12
4 3 14 13
4 3 14 16
4 3 14 18
4 4 14 8
4 4 14 11
4 4 14 12
4 4 14 13
4 4 14 16
4 4 14 18
4 5 14 8
4 5 14 11
4 5 14 12
4 5 14 13
4 5 14 16
4 5 14 18
4 6 14 8
4 6 14 11
4 6 14 12
4 6 14 13
4 6 14 16
4 6 14 18
4 8 14 11
4 8 14 12
4 8 14 13
4 8 14 16
4 8 14 18
4 11 14 16
4 11 14 18
4 12 14 16
4 12 14 18
4 13 14 16
4 13 14 18
4 16 14 18
4 4 16 8
4 4 16 11
4 4 16 12
4 4 16 13
4 4 16 16
4 5 16 8
4 5 16 11
4 5 16 12
4 5 16 13
4 5 16 16
4 6 16 8
4 6 16 11
4 6 16 12
4 6 16 13
4 6 16 16
4 8 16 11
4 8 16 12
4 8 16 13
4 8 16 16
4 11 16 16
4 12 16 16
4 13 16 16
4 4 17 8
4 4 17 11
4 4 17 12
4 4 17 13
4 4 17 16
4 4 17 18
4 5 17 8
4 5 17 11
4 5 17 12
4 5 17 13
4 5 17 16
4 5 17 18
4 6 17 8
4 6 17 11
4 6 17 12
4 6 17 13
4 6 17 16
4 6 17 18
4 8 17 11
4 8 17 12
4 8 17 13
4 8 17 16
4 8 17 18
4 11 17 16
4 11 17 18
4 12 17 16
4 12 17 18
4 13 17 16
4 13 17 18
4 16 17 18
4 4 18 8
4 4 18 11
4 4 18 12
4 4 18 13
4 4 18 16
4 5 18 8
4 5 18 11
4 5 18 12
4 5 18 13
4 5 18 16
4 6 18 8
4 6 18 11
4 6 18 12
4 6 18 13
4 6 18 16
4 8 18 11
4 8 18 12
4 8 18 13
4 8 18 16
4 11 18 16
4 12 18 16
4 13 18 16
4 4 19 8
4 4 19 11
4 4 19 12
4 4 19 13
4 4 19 16
4 4 19 18
4 5 19 8
4 5 19 11
4 5 19 12
4 5 19 13
4 5 19 16
4 5 19 18
4 6 19 8
4 6 19 11
4 6 19 12
4 6 19 13
4 6 19 16
4 6 19 18
4 8 19 11
4 8 19 12
4 8 19 13
4 8 19 16
4 8 19 18
4 11 19 16
4 11 19 18
4 12 19 16
4 12 19 18
4 13 19 16
4 13 19 18
4 16 19 18
4 8 20 11
4 5 21 8
4 5 21 11
4 5 21 18
4 8 21 11
4 8 21 18
4 11 21 18
5 3 12 11
5 3 12 12
5 3 12 13
5 3 12 14
5 4 12 11
5 4 12 12
5 4 12 13
5 4 12 14
5 5 12 11
5 5 12 12
5 5 12 13
5 5 12 14
5 6 12 11
5 6 12 12
5 6 12 13
5 6 12 14
5 7 12 11
5 7 12 12
5 7 12 13
5 7 12 14
5 8 12 11
5 8 12 12
5 8 12 13
5 8 12 14
5 9 12 11
5 9 12 12
5 9 12 13
5 9 12 14
5 3 14 8
5 3 14 11
5 3 14 12
5 3 14 13
5 4 14 8
5 4 14 11
5 4 14 12
5 4 14 13
5 5 14 8
5 5 14 11
5 5 14 12
5 5 14 13
5 6 14 8
5 6 14 11
5 6 14 12
5 6 14 13
5 8 14 11
5 8 14 12
5 8 14 13
5 16 14 18
5 4 16 8
5 4 16 11
5 4 16 12
5 4 16 13
5 5 16 8
5 5 16 11
5 5 16 12
5 5 16 13
5 6 16 8
5 6 16 11
5 6 16 12
5 6 16 13
5 8 16 11
5 8 16 12
5 8 16 13
5 4 17 8
5 4 17 11
5 4 17 12
5 4 17 13
5 5 17 8
5 5 17 11
5 5 17 12
5 5 17 13
5 6 17 8
5 6 17 11
5 6 17 12
5 6 17 13
5 8 17 11
5 8 17 12
5 8 17 13
5 16 17 18
5 4 18 8
5 4 18 11
5 4 18 12
5 4 18 13
5 5 18 8
5 5 18 11
5 5 18 12
5 5 18 13
5 6 18 8
5 6 18 11
5 6 18 12
5 6 18 13
5 8 18 11
5 8 18 12
5 8 18 13
5 4 19 8
5 4 19 11
5 4 19 12
5 4 19 13
5 5 19 8
5 5 19 11
5 5 19 12
5 5 19 13
5 6 19 8
5 6 19 11
5 6 19 12
5 6 19 13
5 8 19 11
5 8 19 12
5 8 19 13
5 16 19 18
5 8 20 11
5 5 21 8
5 5 21 11
5 8 21 11
6 3 12 11
6 3 12 12
6 3 12 13
6 3 12 14
6 3 12 15
6 3 12 16
6 3 12 17
6 3 12 18
6 4 12 11
6 4 12 12
6 4 12 13
6 4 12 14
6 4 12 15
6 4 12 16
6 4 12 17
6 4 12 18
6 5 12 11
6 5 12 12
6 5 12 13
6 5 12 14
6 5 12 15
6 5 12 16
6 5 12 17
6 5 12 18
6 6 12 11
6 6 12 12
6 6 12 13
6 6 12 14
6 6 12 15
6 6 12 16
6 6 12 17
6 6 12 18
6 7 12 11
6 7 12 12
6 7 12 13
6 7 12 14
6 7 12 15
6 7 12 16
6 7 12 17
6 7 12 18
6 8 12 11
6 8 12 12
6 8 12 13
6 8 12 14
6 8 12 15
6 8 12 16
6 8 12 17
6 8 12 18
6 9 12 11
6 9 12 12
6 9 12 13
6 9 12 14
6 9 12 15
6 9 12 16
6 9 12 17
6 9 12 18
6 3 14 8
6 3 14 11
6 3 14 12
6 3 14 13
6 3 14 16
6 3 14 18
6 3 14 20
6 4 14 8
6 4 14 11
6 4 14 12
6 4 14 13
6 4 14 16
6 4 14 18
6 4 14 20
6 5 14 8
6 5 14 11
6 5 14 12
6 5 14 13
6 5 14 16
6 5 14 18
6 5 14 20
6 6 14 8
6 6 14 11
6 6 14 12
6 6 14 13
6 6 14 16
6 6 14 18
6 6 14 20
6 8 14 11
6 8 14 12
6 8 14 13
6 8 14 16
6 8 14 18
6 8 14 20
6 11 14 16
6 11 14 18
6 11 14 20
6 12 14 16
6 12 14 18
6 12 14 20
6 13 14 16
6 13 14 18
6 13 14 20
6 16 14 18
6 16 14 20
6 18 14 20
6 4 16 8
6 4 16 11
6 4 16 12
6 4 16 13
6 4 16 16
6 5 16 8
6 5 16 11
6 5 16 12
6 5 16 13
6 5 16 16
6 6 16 8
6 6 16 11
6 6 16 12
6 6 16 13
6 6 16 16
6 8 16 11
6 8 16 12
6 8 16 13
6 8 16 16
6 11 16 16
6 12 16 16
6 13 16 16
6 4 17 8
6 4 17 11
6 4 17 12
6 4 17 13
6 4 17 16
6 4 17 18
6 4 17 20
6 5 17 8
6 5 17 11
6 5 17 12
6 5 17 13
6 5 17 16
6 5 17 18
6 5 17 20
6 6 17 8
6 6 17 11
6 6 17 12
6 6 17 13
6 6 17 16
6 6 17 18
6 6 17 20
6 8 17 11
6 8 17 12
6 8 17 13
6 8 17 16
6 8 17 18
6 8 17 20
6 11 17 16
6 11 17 18
6 11 17 20
6 12 17 16
6 12 17 18
6 12 17 20
6 13 17 16
6 13 17 18
6 13 17 20
6 16 17 18
6 16 17 20
6 18 17 20
6 4 18 8
6 4 18 11
6 4 18 12
6 4 18 13
6 4 18 16
6 5 18 8
6 5 18 11
6 5 18 12
6 5 18 13
6 5 18 16
6 6 18 8
6 6 18 11
6 6 18 12
6 6 18 13
6 6 18 16
6 8 18 11
6 8 18 12
6 8 18 13
6 8 18 16
6 11 18 16
6 12 18 16
6 13 18 16
6 18 18 20
6 4 19 8
6 4 19 11
6 4 19 12
6 4 19 13
6 4 19 16
6 4 19 18
6 4 19 20
6 5 19 8
6 5 19 11
6 5 19 12
6 5 19 13
6 5 19 16
6 5 19 18
6 5 19 20
6 6 19 8
6 6 19 11
6 6 19 12
6 6 19 13
6 6 19 16
6 6 19 18
6 6 19 20
6 8 19 11
6 8 19 12
6 8 19 13
6 8 19 16
6 8 19 18
6 8 19 20
6 11 19 16
6 11 19 18
6 11 19 20
6 12 19 16
6 12 19 18
6 12 19 20
6 13 19 16
6 13 19 18
6 13 19 20
6 16 19 18
6 16 19 20
6 18 19 20
6 8 20 11
6 5 21 8
6 5 21 11
6 5 21 18
6 8 21 11
6 8 21 18
6 11 21 18
7 3 12 11
7 3 12 12
7 3 12 13
7 3 12 14
7 3 12 15
7 3 12 16
7 3 12 17
7 3 12 18
7 4 12 11
7 4 12 12
7 4 12 13
7 4 12 14
7 4 12 15
7 4 12 16
7 4 12 17
7 4 12 18
7 5 12 11
7 5 12 12
7 5 12 13
7 5 12 14
7 5 12 15
7 5 12 16
7 5 12 17
7 5 12 18
7 6 12 11
7 6 12 12
7 6 12 13
7 6 12 14
7 6 12 15
7 6 12 16
7 6 12 17
7 6 12 18
7 7 12 11
7 7 12 12
7 7 12 13
7 7 12 14
7 7 12 15
7 7 12 16
7 7 12 17
7 7 12 18
7 8 12 11
7 8 12 12
7 8 12 13
7 8 12 14
7 8 12 15
7 8 12 16
7 8 12 17
7 8 12 18
7 9 12 11
7 9 12 12
7 9 12 13
7 9 12 14
7 9 12 15
7 9 12 16
7 9 12 17
7 9 12 18
7 3 14 8
7 3 14 11
7 3 14 12
7 3 14 13
7 3 14 16
7 3 14 18
7 4 14 8
7 4 14 11
7 4 14 12
7 4 14 13
7 4 14 16
7 4 14 18
7 5 14 8
7 5 14 11
7 5 14 12
7 5 14 13
7 5 14 16
7 5 14 18
7 6 14 8
7 6 14 11
7 6 14 12
7 6 14 13
7 6 14 16
7 6 14 18
7 8 14 11
7 8 14 12
7 8 14 13
7 8 14 16
7 8 14 18
7 11 14 16
7 11 14 18
7 12 14 16
7 12 14 18
7 13 14 16
7 13 14 18
7 16 14 18
7 4 16 8
7 4 16 11
7 4 16 12
7 4 16 13
7 4 16 16
7 5 16 8
7 5 16 11
7 5 16 12
7 5 16 13
7 5 16 16
7 6 16 8
7 6 16 11
7 6 16 12
7 6 16 13
7 6 16 16
7 8 16 11
7 8 16 12
7 8 16 13
7 8 16 16
7 11 16 16
7 12 16 16
7 13 16 16
7 4 17 8
7 4 17 11
7 4 17 12
7 4 17 13
7 4 17 16
7 4 17 18
7 5 17 8
7 5 17 11
7 5 17 12
7 5 17 13
7 5 17 16
7 5 17 18
7 6 17 8
7 6 17 11
7 6 17 12
7 6 17 13
7 6 17 16
7 6 17 18
7 8 17 11
7 8 17 12
7 8 17 13
7 8 17 16
7 8 17 18
7 11 17 16
7 11 17 18
7 12 17 16
7 12 17 18
7 13 17 16
7 13 17 18
7 16 17 18
7 4 18 8
7 4 18 11
7 4 18 12
7 4 18 13
7 4 18 16
7 5 18 8
7 5 18 11
7 5 18 12
7 5 18 13
7 5 18 16
7 6 18 8
7 6 18 11
7 6 18 12
7 6 18 13
7 6 18 16
7 8 18 11
7 8 18 12
7 8 18 13
7 8 18 16
7 11 18 16
7 12 18 16
7 13 18 16
7 4 19 8
7 4 19 11
7 4 19 12
7 4 19 13
7 4 19 16
7 4 19 18
7 5 19 8
7 5 19 11
7 5 19 12
7 5 19 13
7 5 19 16
7 5 19 18
7 6 19 8
7 6 19 11
7 6 19 12
7 6 19 13
7 6 19 16
7 6 19 18
7 8 19 11
7 8 19 12
7 8 19 13
7 8 19 16
7 8 19 18
7 11 19 16
7 11 19 18
7 12 19 16
7 12 19 18
7 13 19 16
7 13 19 18
7 16 19 18
7 8 20 11
7 5 21 8
7 5 21 11
7 5 21 18
7 8 21 11
7 8 21 18
7 11 21 18
8 3 12 11
8 3 12 12
8 3 12 13
8 3 12 14
8 3 12 15
8 3 12 16
8 3 12 17
8 3 12 18
8 4 12 11
8 4 12 12
8 4 12 13
8 4 12 14
8 4 12 15
8 4 12 16
8 4 12 17
8 4 12 18
8 5 12 11
8 5 12 12
8 5 12 13
8 5 12 14
8 5 12 15
8 5 12 16
8 5 12 17
8 5 12 18
8 6 12 11
8 6 12 12
8 6 12 13
8 6 12 14
8 6 12 15
8 6 12 16
8 6 12 17
8 6 12 18
8 7 12 11
8 7 12 12
8 7 12 13
8 7 12 14
8 7 12 15
8 7 12 16
8 7 12 17
8 7 12 18
8 8 12 11
8 8 12 12
8 8 12 13
8 8 12 14
8 8 12 15
8 8 12 16
8 8 12 17
8 8 12 18
8 9 12 11
8 9 12 12
8 9 12 13
8 9 12 14
8 9 12 15
8 9 12 16
8 9 12 17
8 9 12 18
8 3 14 8
8 3 14 11
8 3 14 12
8 3 14 13
8 3 14 16
8 3 14 18
8 4 14 8
8 4 14 11
8 4 14 12
8 4 14 13
8 4 14 16
8 4 14 18
8 5 14 8
8 5 14 11
8 5 14 12
8 5 14 13
8 5 14 16
8 5 14 18
8 6 14 8
8 6 14 11
8 6 14 12
8 6 14 13
8 6 14 16
8 6 14 18
8 8 14 11
8 8 14 12
8 8 14 13
8 8 14 16
8 8 14 18
8 11 14 16
8 11 14 18
8 12 14 16
8 12 14 18
8 13 14 16
8 13 14 18
8 16 14 18
8 4 16 8
8 4 16 11
8 4 16 12
8 4 16 13
8 4 16 16
8 5 16 8
8 5 16 11
8 5 16 12
8 5 16 13
8 5 16 16
8 6 16 8
8 6 16 11
8 6 16 12
8 6 16 13
8 6 16 16
8 8 16 11
8 8 16 12
8 8 16 13
8 8 16 16
8 11 16 16
8 12 16 16
8 13 16 16
8 4 17 8
8 4 17 11
8 4 17 12
8 4 17 13
8 4 17 16
8 4 17 18
8 5 17 8
8 5 17 11
8 5 17 12
8 5 17 13
8 5 17 16
8 5 17 18
8 6 17 8
8 6 17 11
8 6 17 12
8 6 17 13
8 6 17 16
8 6 17 18
8 8 17 11
8 8 17 12
8 8 17 13
8 8 17 16
8 8 17 18
8 11 17 16
8 11 17 18
8 12 17 16
8 12 17 18
8 13 17 16
8 13 17 18
8 16 17 18
8 4 18 8
8 4 18 11
8 4 18 12
8 4 18 13
8 4 18 16
8 5 18 8
8 5 18 11
8 5 18 12
8 5 18 13
8 5 18 16
8 6 18 8
8 6 18 11
8 6 18 12
8 6 18 13
8 6 18 16
8 8 18 11
8 8 18 12
8 8 18 13
8 8 18 16
8 11 18 16
8 12 18 16
8 13 18 16
8 4 19 8
8 4 19 11
8 4 19 12
8 4 19 13
8 4 19 16
8 4 19 18
8 5 19 8
8 5 19 11
8 5 19 12
8 5 19 13
8 5 19 16
8 5 19 18
8 6 19 8
8 6 19 11
8 6 19 12
8 6 19 13
8 6 19 16
8 6 19 18
8 8 19 11
8 8 19 12
8 8 19 13
8 8 19 16
8 8 19 18
8 11 19 16
8 11 19 18
8 12 19 16
8 12 19 18
8 13 19 16
8 13 19 18
8 16 19 18
8 8 20 11
8 5 21 8
8 5 21 11
8 5 21 18
8 8 21 11
8 8 21 18
8 11 21 18
9 3 12 11
9 3 12 12
9 3 12 13
9 3 12 14
9 3 12 15
9 3 12 16
9 3 12 17
9 3 12 18
9 4 12 11
9 4 12 12
9 4 12 13
9 4 12 14
9 4 12 15
9 4 12 16
9 4 12 17
9 4 12 18
9 5 12 11
9 5 12 12
9 5 12 13
9 5 12 14
9 5 12 15
9 5 12 16
9 5 12 17
9 5 12 18
9 6 12 11
9 6 12 12
9 6 12 13
9 6 12 14
9 6 12 15
9 6 12 16
9 6 12 17
9 6 12 18
9 7 12 11
9 7 12 12
9 7 12 13
9 7 12 14
9 7 12 15
9 7 12 16
9 7 12 17
9 7 12 18
9 8 12 11
9 8 12 12
9 8 12 13
9 8 12 14
9 8 12 15
9 8 12 16
9 8 12 17
9 8 12 18
9 9 12 11
9 9 12 12
9 9 12 13
9 9 12 14
9 9 12 15
9 9 12 16
9 9 12 17
9 9 12 18
9 3 14 8
9 3 14 11
9 3 14 12
9 3 14 13
9 3 14 16
9 3 14 18
9 4 14 8
9 4 14 11
9 4 14 12
9 4 14 13
9 4 14 16
9 4 14 18
9 5 14 8
9 5 14 11
9 5 14 12
9 5 14 13
9 5 14 16
9 5 14 18
9 6 14 8
9 6 14 11
9 6 14 12
9 6 14 13
9 6 14 16
9 6 14 18
9 8 14 11
9 8 14 12
9 8 14 13
9 8 14 16
9 8 14 18
9 11 14 16
9 11 14 18
9 12 14 16
9 12 14 18
9 13 14 16
9 13 14 18
9 16 14 18
9 4 16 8
9 4 16 11
9 4 16 12
9 4 16 13
9 4 16 16
9 5 16 8
9 5 16 11
9 5 16 12
9 5 16 13
9 5 16 16
9 6 16 8
9 6 16 11
9 6 16 12
9 6 16 13
9 6 16 16
9 8 16 11
9 8 16 12
9 8 16 13
9 8 16 16
9 11 16 16
9 12 16 16
9 13 16 16
9 4 17 8
9 4 17 11
9 4 17 12
9 4 17 13
9 4 17 16
9 4 17 18
9 5 17 8
9 5 17 11
9 5 17 12
9 5 17 13
9 5 17 16
9 5 17 18
9 6 17 8
9 6 17 11
9 6 17 12
9 6 17 13
9 6 17 16
9 6 17 18
9 8 17 11
9 8 17 12
9 8 17 13
9 8 17 16
9 8 17 18
9 11 17 16
9 11 17 18
9 12 17 16
9 12 17 18
9 13 17 16
9 13 17 18
9 16 17 18
9 4 18 8
9 4 18 11
9 4 18 12
9 4 18 13
9 4 18 16
9 5 18 8
9 5 18 11
9 5 18 12
9 5 18 13
9 5 18 16
9 6 18 8
9 6 18 11
9 6 18 12
9 6 18 13
9 6 18 16
9 8 18 11
9 8 18 12
9 8 18 13
9 8 18 16
9 11 18 16
9 12 18 16
9 13 18 16
9 4 19 8
9 4 19 11
9 4 19 12
9 4 19 13
9 4 19 16
9 4 19 18
9 5 19 8
9 5 19 11
9 5 19 12
9 5 19 13
9 5 19 16
9 5 19 18
9 6 19 8
9 6 19 11
9 6 19 12
9 6 19 13
9 6 19 16
9 6 19 18
9 8 19 11
9 8 19 12
9 8 19 13
9 8 19 16
9 8 19 18
9 11 19 16
9 11 19 18
9 12 19 16
9 12 19 18
9 13 19 16
9 13 19 18
9 16 19 18
9 8 20 11
9 5 21 8
9 5 21 11
9 5 21 18
9 8 21 11
9 8 21 18
9 11 21 18
10 3 12 11
10 3 12 12
10 3 12 13
10 3 12 14
10 3 12 15
10 3 12 16
10 3 12 17
10 3 12 18
10 4 12 11
10 4 12 12
10 4 12 13
10 4 12 14
10 4 12 15
10 4 12 16
10 4 12 17
10 4 12 18
10 5 12 11
10 5 12 12
10 5 12 13
10 5 12 14
10 5 12 15
10 5 12 16
10 5 12 17
10 5 12 18
10 6 12 11
10 6 12 12
10 6 12 13
10 6 12 14
10 6 12 15
10 6 12 16
10 6 12 17
10 6 12 18
10 7 12 11
10 7 12 12
10 7 12 13
10 7 12 14
10 7 12 15
10 7 12 16
10 7 12 17
10 7 12 18
10 8 12 11
10 8 12 12
10 8 12 13
10 8 12 14
10 8 12 15
10 8 12 16
10 8 12 17
10 8 12 18
10 9 12 11
10 9 12 12
10 9 12 13
10 9 12 14
10 9 12 15
10 9 12 16
10 9 12 17
10 9 12 18
10 3 14 8
10 3 14 11
10 3 14 12
10 3 14 13
10 3 14 16
10 3 14 18
10 4 14 8
10 4 14 11
10 4 14 12
10 4 14 13
10 4 14 16
10 4 14 18
10 5 14 8
10 5 14 11
10 5 14 12
10 5 14 13
10 5 14 16
10 5 14 18
10 6 14 8
10 6 14 11
10 6 14 12
10 6 14 13
10 6 14 16
10 6 14 18
10 8 14 11
10 8 14 12
10 8 14 13
10 8 14 16
10 8 14 18
10 11 14 16
10 11 14 18
10 12 14 16
10 12 14 18
10 13 14 16
10 13 14 18
10 16 14 18
10 4 16 8
10 4 16 11
10 4 16 12
10 4 16 13
10 4 16 16
10 5 16 8
10 5 16 11
10 5 16 12
10 5 16 13
10 5 16 16
10 6 16 8
10 6 16 11
10 6 16 12
10 6 16 13
10 6 16 16
10 8 16 11
10 8 16 12
10 8 16 13
10 8 16 16
10 11 16 16
10 12 16 16
10 13 16 16
10 4 17 8
10 4 17 11
10 4 17 12
10 4 17 13
10 4 17 16
10 4 17 18
10 5 17 8
10 5 17 11
10 5 17 12
10 5 17 13
10 5 17 16
10 5 17 18
10 6 17 8
10 6 17 11
10 6 17 12
10 6 17 13
10 6 17 16
10 6 17 18
10 8 17 11
10 8 17 12
10 8 17 13
10 8 17 16
10 8 17 18
10 11 17 16
10 11 17 18
10 12 17 16
10 12 17 18
10 13 17 16
10 13 17 18
10 16 17 18
10 4 18 8
10 4 18 11
10 4 18 12
10 4 18 13
10 4 18 16
10 5 18 8
10 5 18 11
10 5 18 12
10 5 18 13
10 5 18 16
10 6 18 8
10 6 18 11
10 6 18 12
10 6 18 13
10 6 18 16
10 8 18 11
10 8 18 12
10 8 18 13
10 8 18 16
10 11 18 16
10 12 18 16
10 13 18 16
10 4 19 8
10 4 19 11
10 4 19 12
10 4 19 13
10 4 19 16
10 4 19 18
10 5 19 8
10 5 19 11
10 5 19 12
10 5 19 13
10 5 19 16
10 5 19 18
10 6 19 8
10 6 19 11
10 6 19 12
10 6 19 13
10 6 19 16
10 6 19 18
10 8 19 11
10 8 19 12
10 8 19 13
10 8 19 16
10 8 19 18
10 11 19 16
10 11 19 18
10 12 19 16
10 12 19 18
10 13 19 16
10 13 19 18
10 16 19 18
10 8 20 11
10 5 21 8
10 5 21 11
10 5 21 18
10 8 21 11
10 8 21 18
10 11 21 18
11 3 14 8
11 4 14 8
11 5 14 8
11 6 14 8
11 11 14 16
11 11 14 18
11 12 14 16
11 12 14 18
11 13 14 16
11 13 14 18
11 16 14 18
11 4 16 8
11 5 16 8
11 6 16 8
11 11 16 16
11 12 16 16
11 13 16 16
11 4 17 8
11 5 17 8
11 6 17 8
11 11 17 16
11 11 17 18
11 12 17 16
11 12 17 18
11 13 17 16
11 13 17 18
11 16 17 18
11 4 18 8
11 5 18 8
11 6 18 8
11 11 18 16
11 12 18 16
11 13 18 16
11 4 19 8
11 5 19 8
11 6 19 8
11 11 19 16
11 11 19 18
11 12 19 16
11 12 19 18
11 13 19 16
11 13 19 18
11 16 19 18
11 5 21 8
11 11 21 18
12 3 14 8
12 3 14 11
12 3 14 12
12 3 14 13
12 3 14 16
12 3 14 18
12 4 14 8
12 4 14 11
12 4 14 12
12 4 14 13
12 4 14 16
12 4 14 18
12 5 14 8
12 5 14 11
12 5 14 12
12 5 14 13
12 5 14 16
12 5 14 18
12 6 14 8
12 6 14 11
12 6 14 12
12 6 14 13
12 6 14 16
12 6 14 18
12 8 14 11
12 8 14 12
12 8 14 13
12 8 14 16
12 8 14 18
12 11 14 16
12 11 14 18
12 12 14 16
12 12 14 18
12 13 14 16
12 13 14 18
12 16 14 18
12 4 16 8
12 4 16 11
12 4 16 12
12 4 16 13
12 4 16 16
12 5 16 8
12 5 16 11
12 5 16 12
12 5 16 13
12 5 16 16
12 6 16 8
12 6 16 11
12 6 16 12
12 6 16 13
12 6 16 16
12 8 16 11
12 8 16 12
12 8 16 13
12 8 16 16
12 11 16 16
12 12 16 16
12 13 16 16
12 4 17 8
12 4 17 11
12 4 17 12
12 4 17 13
12 4 17 16
12 4 17 18
12 5 17 8
12 5 17 11
12 5 17 12
12 5 17 13
12 5 17 16
12 5 17 18
12 6 17 8
12 6 17 11
12 6 17 12
12 6 17 13
12 6 17 16
12 6 17 18
12 8 17 11
12 8 17 12
12 8 17 13
12 8 17 16
12 8 17 18
12 11 17 16
12 11 17 18
12 12 17 16
12 12 17 18
12 13 17 16
12 13 17 18
12 16 17 18
12 4 18 8
12 4 18 11
12 4 18 12
12 4 18 13
12 4 18 16
12 5 18 8
12 5 18 11
12 5 18 12
12 5 18 13
12 5 18 16
12 6 18 8
12 6 18 11
12 6 18 12
12 6 18 13
12 6 18 16
12 8 18 11
12 8 18 12
12 8 18 13
12 8 18 16
12 11 18 16
12 12 18 16
12 13 18 16
12 4 19 8
12 4 19 11
12 4 19 12
12 4 19 13
12 4 19 16
12 4 19 18
12 5 19 8
12 5 19 11
12 5 19 12
12 5 19 13
12 5 19 16
12 5 19 18
12 6 19 8
12 6 19 11
12 6 19 12
12 6 19 13
12 6 19 16
12 6 19 18
12 8 19 11
12 8 19 12
12 8 19 13
12 8 19 16
12 8 19 18
12 11 19 16
12 11 19 18
12 12 19 16
12 12 19 18
12 13 19 16
12 13 19 18
12 16 19 18
12 8 20 11
12 5 21 8
12 5 21 11
12 5 21 18
12 8 21 11
12 8 21 18
12 11 21 18
14 4 16 8
14 4 16 11
14 4 16 12
14 4 16 13
14 4 16 16
14 5 16 8
14 5 16 11
14 5 16 12
14 5 16 13
14 5 16 16
14 6 16 8
14 6 16 11
14 6 16 12
14 6 16 13
14 6 16 16
14 8 16 11
14 8 16 12
14 8 16 13
14 8 16 16
14 11 16 16
14 12 16 16
14 13 16 16
14 4 17 8
14 4 17 11
14 4 17 12
14 4 17 13
14 4 17 16
14 4 17 18
14 4 17 20
14 4 17 21
14 5 17 8
14 5 17 11
14 5 17 12
14 5 17 13
14 5 17 16
14 5 17 18
14 5 17 20
14 5 17 21
14 6 17 8
14 6 17 11
14 6 17 12
14 6 17 13
14 6 17 16
14 6 17 18
14 6 17 20
14 6 17 21
14 8 17 11
14 8 17 12
14 8 17 13
14 8 17 16
14 8 17 18
14 8 17 20
14 8 17 21
14 11 17 16
14 11 17 18
14 11 17 20
14 11 17 21
14 12 17 16
14 12 17 18
14 12 17 20
14 12 17 21
14 13 17 16
14 13 17 18
14 13 17 20
14 13 17 21
14 16 17 18
14 16 17 20
14 16 17 21
14 18 17 20
14 18 17 21
14 4 18 8
14 4 18 11
14 4 18 12
14 4 18 13
14 4 18 16
14 5 18 8
14 5 18 11
14 5 18 12
14 5 18 13
14 5 18 16
14 6 18 8
14 6 18 11
14 6 18 12
14 6 18 13
14 6 18 16
14 8 18 11
14 8 18 12
14 8 18 13
14 8 18 16
14 11 18 16
14 12 18 16
14 13 18 16
14 18 18 20
14 18 18 21
14 2 19 4
14 2 19 5
14 2 19 6
14 2 19 8
14 2 19 11
14 2 19 12
14 2 19 13
14 2 19 16
14 2 19 18
14 2 19 20
14 2 19 21
14 4 19 8
14 4 19 11
14 4 19 12
14 4 19 13
14 4 19 16
14 4 19 18
14 4 19 20
14 4 19 21
14 5 19 8
14 5 19 11
14 5 19 12
14 5 19 13
14 5 19 16
14 5 19 18
14 5 19 20
14 5 19 21
14 6 19 8
14 6 19 11
14 6 19 12
14 6 19 13
14 6 19 16
14 6 19 18
14 6 19 20
14 6 19 21
14 8 19 11
14 8 19 12
14 8 19 13
14 8 19 16
14 8 19 18
14 8 19 20
14 8 19 21
14 11 19 16
14 11 19 18
14 11 19 20
14 11 19 21
14 12 19 16
14 12 19 18
14 12 19 20
14 12 19 21
14 13 19 16
14 13 19 18
14 13 19 20
14 13 19 21
14 16 19 18
14 16 19 20
14 16 19 21
14 18 19 20
14 18 19 21
14 8 20 11
14 5 21 8
14 5 21 11
14 5 21 18
14 8 21 11
14 8 21 18
14 11 21 18
16 5 21 7
16 5 21 8
16 5 21 9
16 5 21 10
16 5 21 11
17 4 19 18
17 4 19 19
17 4 19 20
17 4 19 21
17 5 19 18
17 5 19 19
17 5 19 20
17 5 19 21
17 6 19 18
17 6 19 19
17 6 19 20
17 6 19 21
17 7 19 18
17 7 19 19
17 7 19 20
17 7 19 21
17 8 19 18
17 8 19 19
17 8 19 20
17 8 19 21
17 9 19 18
17 9 19 19
17 9 19 20
17 9 19 21
17 10 19 18
17 10 19 19
17 10 19 20
17 10 19 21
17 11 19 18
17 11 19 19
17 11 19 20
17 11 19 21
17 12 19 18
17 12 19 19
17 12 19 20
17 12 19 21
17 13 19 18
17 13 19 19
17 13 19 20
17 13 19 21
17 14 19 18
17 14 19 19
17 14 19 20
17 14 19 21
17 15 19 18
17 15 19 19
17 15 19 20
17 15 19 21
17 16 19 18
17 16 19 19
17 16 19 20
17 16 19 21
17 5 21 7
17 5 21 8
17 5 21 9
17 5 21 10
17 5 21 11
17 5 21 18
17 7 21 18
17 8 21 18
17 9 21 18
17 10 21 18
17 11 21 18
18 5 21 7
18 5 21 8
18 5 21 9
18 5 21 10
18 5 21 11
19 5 21 7
19 5 21 8
19 5 21 9
19 5 21 10
19 5 21 11
19 5 21 18
19 7 21 18
19 8 21 18
19 9 21 18
19 10 21 18
19 11 21 18
