24 22
0111111000000000000000
0100001000000000000000
0100001000000000000000
0100001000000000000000
0100001000000000000000
0100001000000000000000
0100001000000000000000
0100001000000000000000
0100001000000000000000
0100001000000000000000
0100001000000000000000
0100001000000011100000
0100001000000111111111
0100001000000110100001
0100001000000110100001
0100011111111111111101
0100011000000110100101
0100011000000111100101
0101111111111111100101
0101011000000100100101
0101011000000100100101
0111111111111111111111
0000000000000000000000
0000000000000000000000
42
1 2 22 7
12 15 16 17
12 15 18 17
12 15 19 17
13 14 16 17
13 15 16 17
13 14 18 17
13 15 18 17
13 14 19 17
13 15 19 17
13 14 22 17
13 14 22 22
13 17 22 22
16 14 18 17
16 15 18 17
16 6 19 14
16 6 19 15
16 6 19 17
16 7 19 14
16 7 19 15
16 7 19 17
16 14 19 17
16 15 19 17
16 6 22 14
16 6 22 17
16 6 22 20
16 7 22 14
16 7 22 17
16 7 22 20
16 14 22 17
16 14 22 20
16 17 22 20
18 14 22 17
19 4 22 6
19 4 22 7
19 4 22 14
19 4 22 17
19 6 22 14
19 6 22 17
19 7 22 14
19 7 22 17
19 14 22 17
