19 25
0000000000000000000000000
0000000000011111111000000
0000000000010000101000000
1111111111111111111000000
1000000000010000011000000
1001111111111100011000000
1001000000010111111111110
1001000000010110011000010
1001000000010110011000010
1001000000010110011000010
1001111111111111111111110
1000000000011010011000110
1111111111111111111000110
0000000000011111111000110
0000000000001010000000110
0000000000001010000000110
0000000000001010000000110
0000000000001011111111110
0000000000001111111111100
54
2 12 4 17
2 12 4 19
2 17 4 19
2 12 11 19
2 12 13 19
2 12 14 19
4 12 11 18
4 12 11 19
4 1 13 12
4 1 13 18
4 1 13 19
4 12 13 18
4 12 13 19
4 12 14 18
4 12 14 19
6 4 11 12
6 4 11 14
6 12 11 14
7 14 11 18
7 14 11 19
7 14 11 24
7 15 11 18
7 15 11 19
7 15 11 24
7 18 11 24
7 19 11 24
7 15 13 18
7 15 13 19
7 15 14 18
7 15 14 19
7 15 18 24
11 12 13 15
11 12 13 18
11 12 13 19
11 13 13 15
11 13 13 18
11 13 13 19
11 15 13 18
11 15 13 19
11 12 14 15
11 12 14 18
11 12 14 19
11 13 14 15
11 13 14 18
11 13 14 19
11 15 14 18
11 15 14 19
11 15 18 23
11 15 18 24
11 13 19 15
11 13 19 23
11 15 19 23
13 13 19 15
14 13 19 15
