22 10
0000000000
0011111000
1111111110
1011011010
1011011010
1011111111
1011111011
1011111011
1011111111
1010101111
1010111111
1010111011
1111111011
1011111011
1111111111
1010001011
1010001011
1010001011
1011111011
1011111111
1111111110
0000000000
206
2 3 6 6
2 3 6 7
2 4 6 6
2 4 6 7
2 3 7 6
2 3 7 7
2 4 7 6
2 4 7 7
2 3 8 6
2 3 8 7
2 4 8 6
2 4 8 7
2 3 9 6
2 3 9 7
2 4 9 6
2 4 9 7
2 3 13 7
2 3 14 7
2 3 15 7
2 3 19 7
2 3 20 7
2 3 21 7
3 3 6 6
3 3 6 7
3 3 6 9
3 4 6 6
3 4 6 7
3 4 6 9
3 6 6 9
3 7 6 9
3 3 7 6
3 3 7 7
3 4 7 6
3 4 7 7
3 3 8 6
3 3 8 7
3 4 8 6
3 4 8 7
3 3 9 6
3 3 9 7
3 3 9 9
3 4 9 6
3 4 9 7
3 4 9 9
3 6 9 9
3 7 9 9
3 7 10 9
3 7 11 9
3 1 13 3
3 1 13 7
3 3 13 7
3 3 14 7
3 1 15 3
3 1 15 7
3 1 15 9
3 3 15 7
3 3 15 9
3 7 15 9
3 3 19 7
3 3 20 7
3 3 20 9
3 7 20 9
3 1 21 3
3 1 21 7
3 1 21 9
3 3 21 7
3 3 21 9
3 7 21 9
6 3 9 9
6 3 9 10
6 4 9 9
6 4 9 10
6 5 9 9
6 5 9 10
6 6 9 9
6 6 9 10
6 7 9 9
6 7 9 10
6 7 10 9
6 7 10 10
6 5 11 7
6 5 11 9
6 5 11 10
6 7 11 9
6 7 11 10
6 5 12 7
6 3 13 5
6 3 13 7
6 5 13 7
6 3 14 5
6 3 14 7
6 5 14 7
6 3 15 5
6 3 15 7
6 3 15 9
6 3 15 10
6 5 15 7
6 5 15 9
6 5 15 10
6 7 15 9
6 7 15 10
6 3 19 7
6 3 20 7
6 3 20 9
6 3 20 10
6 7 20 9
6 7 20 10
6 3 21 7
6 3 21 9
6 7 21 9
7 5 11 7
7 5 12 7
7 3 13 5
7 3 13 7
7 5 13 7
7 3 14 5
7 3 14 7
7 5 14 7
7 3 15 5
7 3 15 7
7 5 15 7
7 3 19 7
7 3 20 7
7 3 21 7
8 5 11 7
8 5 12 7
8 3 13 5
8 3 13 7
8 5 13 7
8 3 14 5
8 3 14 7
8 5 14 7
8 3 15 5
8 3 15 7
8 5 15 7
8 3 19 7
8 3 20 7
8 3 21 7
9 5 11 7
9 5 11 8
9 5 11 9
9 5 11 10
9 5 12 7
9 3 13 5
9 3 13 7
9 5 13 7
9 3 14 5
9 3 14 7
9 5 14 7
9 3 15 5
9 3 15 7
9 3 15 9
9 3 15 10
9 5 15 7
9 5 15 9
9 5 15 10
9 7 15 9
9 7 15 10
9 3 19 7
9 3 20 7
9 3 20 9
9 3 20 10
9 7 20 9
9 7 20 10
9 3 21 7
9 3 21 9
9 7 21 9
10 7 15 9
10 7 15 10
10 7 20 9
10 7 20 10
10 7 21 9
11 5 15 9
11 5 15 10
11 6 15 9
11 6 15 10
11 7 15 9
11 7 15 10
11 7 20 9
11 7 20 10
11 7 21 9
13 1 15 3
13 1 15 4
13 1 15 5
13 1 15 6
13 1 15 7
13 3 19 7
13 3 20 7
13 1 21 3
13 1 21 7
13 3 21 7
14 3 19 7
14 3 20 7
14 3 21 7
15 3 19 7
15 3 20 7
15 3 20 9
15 3 20 10
15 7 20 9
15 7 20 10
15 1 21 3
15 1 21 7
15 1 21 9
15 3 21 7
15 3 21 9
15 7 21 9
