20 21
000000000000000000000
011111111111111110000
010000000000000010000
010000000000000010000
010000000000001111000
010000000000111111110
010000000000101011010
010000000000101011010
111111111111111111010
100010001111111011010
100111111001101011010
100110011001101011010
100110011001111111110
101111111111111111100
111110011111111111100
001100011001001111100
001100011111111111100
001111111111111111100
000111110001001111000
000000000001111110000
255
2 2 9 17
5 15 9 17
5 15 9 18
5 15 13 17
5 15 13 18
5 15 14 17
5 15 14 18
5 15 15 17
5 15 15 18
5 15 16 17
5 15 16 18
5 15 17 17
5 15 17 18
5 15 18 17
5 15 18 18
5 15 19 17
5 15 19 18
5 15 20 17
6 13 9 15
6 13 9 17
6 13 9 18
6 15 9 17
6 15 9 18
6 13 10 15
6 13 13 15
6 13 13 17
6 13 13 18
6 13 13 20
6 15 13 17
6 15 13 18
6 15 13 20
6 17 13 20
6 18 13 20
6 13 14 15
6 13 14 17
6 13 14 18
6 15 14 17
6 15 14 18
6 13 15 15
6 13 15 17
6 13 15 18
6 15 15 17
6 15 15 18
6 15 16 17
6 15 16 18
6 15 17 17
6 15 17 18
6 15 18 17
6 15 18 18
6 15 19 17
6 15 19 18
6 15 20 17
9 5 11 9
9 12 13 15
9 12 13 17
9 12 13 18
9 13 13 15
9 13 13 17
9 13 13 18
9 15 13 17
9 15 13 18
9 5 14 9
9 5 14 12
9 5 14 13
9 5 14 15
9 5 14 17
9 5 14 18
9 9 14 12
9 9 14 13
9 9 14 15
9 9 14 17
9 9 14 18
9 12 14 15
9 12 14 17
9 12 14 18
9 13 14 15
9 13 14 17
9 13 14 18
9 15 14 17
9 15 14 18
9 1 15 5
9 9 15 12
9 9 15 13
9 9 15 15
9 9 15 17
9 9 15 18
9 12 15 15
9 12 15 17
9 12 15 18
9 13 15 15
9 13 15 17
9 13 15 18
9 15 15 17
9 15 15 18
9 15 16 17
9 15 16 18
9 9 17 12
9 9 17 15
9 9 17 17
9 9 17 18
9 12 17 15
9 12 17 17
9 12 17 18
9 15 17 17
9 15 17 18
9 9 18 12
9 9 18 15
9 9 18 17
9 9 18 18
9 12 18 15
9 12 18 17
9 12 18 18
9 15 18 17
9 15 18 18
9 15 19 17
9 15 19 18
9 12 20 15
9 12 20 17
9 15 20 17
10 12 13 15
10 13 13 15
10 9 14 12
10 9 14 13
10 9 14 15
10 12 14 15
10 13 14 15
10 9 15 12
10 9 15 13
10 9 15 15
10 12 15 15
10 13 15 15
10 9 17 12
10 9 17 15
10 12 17 15
10 9 18 12
10 9 18 15
10 12 18 15
10 12 20 15
11 4 14 8
11 4 14 9
11 5 14 8
11 5 14 9
11 4 18 8
11 4 18 9
11 4 19 8
13 12 17 15
13 12 17 16
13 12 17 17
13 12 17 18
13 12 17 19
13 12 18 15
13 12 18 16
13 12 18 17
13 12 18 18
13 12 18 19
13 12 20 15
13 12 20 16
13 12 20 17
14 8 17 12
14 8 17 15
14 8 17 16
14 8 17 17
14 8 17 18
14 8 17 19
14 9 17 12
14 9 17 15
14 9 17 16
14 9 17 17
14 9 17 18
14 9 17 19
14 12 17 15
14 12 17 16
14 12 17 17
14 12 17 18
14 12 17 19
14 3 18 8
14 3 18 9
14 3 18 12
14 3 18 15
14 3 18 16
14 3 18 17
14 3 18 18
14 3 18 19
14 4 18 8
14 4 18 9
14 4 18 12
14 4 18 15
14 4 18 16
14 4 18 17
14 4 18 18
14 4 18 19
14 8 18 12
14 8 18 15
14 8 18 16
14 8 18 17
14 8 18 18
14 8 18 19
14 9 18 12
14 9 18 15
14 9 18 16
14 9 18 17
14 9 18 18
14 9 18 19
14 12 18 15
14 12 18 16
14 12 18 17
14 12 18 18
14 12 18 19
14 4 19 8
14 12 20 15
14 12 20 16
14 12 20 17
15 8 17 12
15 8 17 15
15 8 17 16
15 8 17 17
15 8 17 18
15 8 17 19
15 9 17 12
15 9 17 15
15 9 17 16
15 9 17 17
15 9 17 18
15 9 17 19
15 12 17 15
15 12 17 16
15 12 17 17
15 12 17 18
15 12 17 19
15 8 18 12
15 8 18 15
15 8 18 16
15 8 18 17
15 8 18 18
15 8 18 19
15 9 18 12
15 9 18 15
15 9 18 16
15 9 18 17
15 9 18 18
15 9 18 19
15 12 18 15
15 12 18 16
15 12 18 17
15 12 18 18
15 12 18 19
15 12 20 15
15 12 20 16
15 12 20 17
17 12 20 15
17 12 20 16
17 12 20 17
18 12 20 15
18 12 20 16
18 12 20 17
