20 20
00000000000000000000
00000000000000000000
00000000000000000000
00000000000011111000
00000011111111111000
00000010000010001000
11111111111111111111
10000010000010001001
11111111111111111111
00000010000010001000
00000010000010001000
00000010000010001000
00000010000010001000
00000011111111111000
00000000000010001000
00000000000010001000
00000000000011111000
00000000000000000000
00000000000000000000
00000000000000000000
33
4 13 7 17
4 13 9 17
4 13 14 17
4 13 17 17
5 7 7 13
5 7 7 17
5 13 7 17
5 7 9 13
5 7 9 17
5 13 9 17
5 7 14 13
5 7 14 17
5 13 14 17
5 13 17 17
7 1 9 7
7 1 9 13
7 1 9 17
7 1 9 20
7 7 9 13
7 7 9 17
7 7 9 20
7 13 9 17
7 13 9 20
7 17 9 20
7 7 14 13
7 7 14 17
7 13 14 17
7 13 17 17
9 7 14 13
9 7 14 17
9 13 14 17
9 13 17 17
14 13 17 17
