20 16
0001111111111100
0001000000000100
0001000000000100
0001000000000100
0001000000000100
0001111111111100
0001000000001100
1111111111111100
1111111110001100
1101000010001100
1101111111111100
1101000010001100
1101000010001100
1111111111111100
1111111111111111
1101000010000101
1111111111111101
1111111111111111
0001000000000100
0001111111111100
152
1 4 6 14
1 4 8 14
1 4 11 14
1 4 14 14
1 4 15 14
1 4 17 14
1 4 18 14
1 4 20 14
6 4 8 13
6 4 8 14
6 4 11 13
6 4 11 14
6 4 14 13
6 4 14 14
6 4 15 13
6 4 15 14
6 4 17 14
6 4 18 14
6 4 20 14
8 4 11 9
8 4 11 13
8 4 11 14
8 9 11 13
8 9 11 14
8 1 14 4
8 1 14 9
8 1 14 13
8 1 14 14
8 2 14 4
8 2 14 9
8 2 14 13
8 2 14 14
8 4 14 9
8 4 14 13
8 4 14 14
8 9 14 13
8 9 14 14
8 1 15 4
8 1 15 9
8 1 15 13
8 1 15 14
8 2 15 4
8 2 15 9
8 2 15 13
8 2 15 14
8 4 15 9
8 4 15 13
8 4 15 14
8 9 15 13
8 9 15 14
8 1 17 4
8 1 17 9
8 1 17 14
8 2 17 4
8 2 17 9
8 2 17 14
8 4 17 9
8 4 17 14
8 9 17 14
8 1 18 4
8 1 18 9
8 1 18 14
8 2 18 4
8 2 18 9
8 2 18 14
8 4 18 9
8 4 18 14
8 9 18 14
8 4 20 14
9 4 11 9
9 1 14 4
9 1 14 9
9 2 14 4
9 2 14 9
9 4 14 9
9 1 15 4
9 1 15 9
9 2 15 4
9 2 15 9
9 4 15 9
9 1 17 4
9 1 17 9
9 2 17 4
9 2 17 9
9 4 17 9
9 1 18 4
9 1 18 9
9 2 18 4
9 2 18 9
9 4 18 9
11 4 14 9
11 4 14 13
11 4 14 14
11 9 14 13
11 9 14 14
11 4 15 9
11 4 15 13
11 4 15 14
11 9 15 13
11 9 15 14
11 4 17 9
11 4 17 14
11 9 17 14
11 4 18 9
11 4 18 14
11 9 18 14
11 4 20 14
14 1 17 4
14 1 17 9
14 1 17 14
14 2 17 4
14 2 17 9
14 2 17 14
14 4 17 9
14 4 17 14
14 9 17 14
14 1 18 4
14 1 18 9
14 1 18 14
14 2 18 4
14 2 18 9
14 2 18 14
14 4 18 9
14 4 18 14
14 9 18 14
14 4 20 14
15 1 17 4
15 1 17 9
15 1 17 14
15 2 17 4
15 2 17 9
15 2 17 14
15 4 17 9
15 4 17 14
15 9 17 14
15 1 18 4
15 1 18 9
15 1 18 14
15 1 18 16
15 2 18 4
15 2 18 9
15 2 18 14
15 2 18 16
15 4 18 9
15 4 18 14
15 4 18 16
15 9 18 14
15 9 18 16
15 14 18 16
15 4 20 14
17 4 20 14
18 4 20 14
