21 25
0000000000000000000000000
0000000000000000000000000
0011100000000001111000000
0010111111111111111000000
0111111111111111111111000
0111110000110001011001000
0100110000110001011001000
0100110000110001111001000
0100111111111111111001000
0111111111111111111111000
0000000000000000000000000
0000000000000000000000000
0000000000000000000000000
0000000000000000000000000
0000000000000000000000000
1111111000000000000000000
1000001000000000000000000
1000001000000000000000000
1000001000000000000000000
1111111000000000000000000
0000000000000000000000000
102
3 3 5 5
3 3 6 5
3 16 8 18
3 16 8 19
3 16 9 18
3 16 9 19
3 16 10 18
3 16 10 19
4 16 8 18
4 16 8 19
4 5 9 11
4 5 9 12
4 5 9 16
4 5 9 18
4 5 9 19
4 6 9 11
4 6 9 12
4 6 9 16
4 6 9 18
4 6 9 19
4 11 9 16
4 11 9 18
4 11 9 19
4 12 9 16
4 12 9 18
4 12 9 19
4 16 9 18
4 16 9 19
4 5 10 11
4 5 10 12
4 5 10 16
4 5 10 18
4 5 10 19
4 6 10 11
4 6 10 12
4 6 10 16
4 6 10 18
4 6 10 19
4 11 10 16
4 11 10 18
4 11 10 19
4 12 10 16
4 12 10 18
4 12 10 19
4 16 10 18
4 16 10 19
5 16 8 18
5 16 8 19
5 5 9 11
5 5 9 12
5 5 9 16
5 5 9 18
5 5 9 19
5 6 9 11
5 6 9 12
5 6 9 16
5 6 9 18
5 6 9 19
5 11 9 16
5 11 9 18
5 11 9 19
5 12 9 16
5 12 9 18
5 12 9 19
5 16 9 18
5 16 9 19
5 2 10 5
5 2 10 6
5 2 10 11
5 2 10 12
5 2 10 16
5 2 10 18
5 2 10 19
5 2 10 22
5 5 10 11
5 5 10 12
5 5 10 16
5 5 10 18
5 5 10 19
5 5 10 22
5 6 10 11
5 6 10 12
5 6 10 16
5 6 10 18
5 6 10 19
5 6 10 22
5 11 10 16
5 11 10 18
5 11 10 19
5 11 10 22
5 12 10 16
5 12 10 18
5 12 10 19
5 12 10 22
5 16 10 18
5 16 10 19
5 16 10 22
5 18 10 22
5 19 10 22
6 2 10 5
6 2 10 6
16 1 20 7
