16 15
000000000000000
000111111111111
000110100000001
000110100011111
000110100010011
000110100010011
011110100010011
010110100010011
010110100011111
010111111111111
010110111111001
010110100111111
010110111111111
010111111111111
010111100010000
011111111110000
76
2 4 10 7
2 4 10 15
2 5 10 7
2 5 10 15
2 7 10 15
2 7 13 15
2 4 14 7
2 4 14 15
2 5 14 7
2 5 14 15
2 7 14 15
2 4 15 7
2 5 15 7
2 4 16 7
2 5 16 7
4 11 9 14
4 11 9 15
4 11 10 14
4 11 10 15
4 11 12 15
4 11 13 15
4 11 14 15
7 2 16 4
7 2 16 5
9 11 12 15
9 12 12 15
9 11 13 15
9 12 13 15
9 11 14 15
9 12 14 15
10 10 12 15
10 11 12 15
10 12 12 15
10 7 13 10
10 7 13 11
10 7 13 12
10 7 13 15
10 10 13 15
10 11 13 15
10 12 13 15
10 4 14 7
10 4 14 10
10 4 14 11
10 4 14 12
10 4 14 15
10 5 14 7
10 5 14 10
10 5 14 11
10 5 14 12
10 5 14 15
10 7 14 10
10 7 14 11
10 7 14 12
10 7 14 15
10 10 14 15
10 11 14 15
10 12 14 15
10 4 15 7
10 5 15 7
10 4 16 7
10 4 16 11
10 5 16 7
10 5 16 11
10 7 16 11
11 7 13 10
11 7 13 11
11 7 13 12
11 7 14 10
11 7 14 11
11 7 14 12
11 7 16 11
13 7 16 11
14 4 16 11
14 5 16 11
14 6 16 11
14 7 16 11
