15 24
000000000000000000000000
000000000000000000000000
000000000111111111110000
000000000101000000110000
000000000111111111111100
011111111111111111111110
010001001111111111111110
011111111111001000110110
011111111111111111111110
001000001110000000110110
001111111111111111110110
000000001111111111111110
000000001000000000000010
000000001111111111111110
000000000000000000000000
216
3 10 5 12
3 10 5 19
3 10 5 20
3 12 5 19
3 12 5 20
3 10 6 12
3 10 6 19
3 10 6 20
3 12 6 19
3 12 6 20
3 10 7 12
3 10 7 19
3 10 7 20
3 12 7 19
3 12 7 20
3 10 8 12
3 10 9 12
3 10 9 19
3 10 9 20
3 12 9 19
3 12 9 20
3 10 11 19
3 10 11 20
3 10 12 19
3 10 12 20
5 10 9 15
5 10 9 19
5 10 9 20
5 10 9 22
5 11 9 15
5 11 9 19
5 11 9 20
5 11 9 22
5 12 9 15
5 12 9 19
5 12 9 20
5 12 9 22
5 15 9 19
5 15 9 20
5 15 9 22
5 19 9 22
5 20 9 22
5 10 11 19
5 10 11 20
5 11 11 19
5 11 11 20
5 10 12 19
5 10 12 20
5 10 12 22
5 11 12 19
5 11 12 20
5 11 12 22
5 19 12 22
5 20 12 22
6 2 8 6
6 2 8 9
6 2 8 10
6 2 8 11
6 2 8 12
6 6 8 9
6 6 8 10
6 6 8 11
6 6 8 12
6 2 9 6
6 2 9 9
6 2 9 10
6 2 9 11
6 2 9 12
6 2 9 15
6 2 9 19
6 2 9 20
6 2 9 22
6 2 9 23
6 6 9 9
6 6 9 10
6 6 9 11
6 6 9 12
6 6 9 15
6 6 9 19
6 6 9 20
6 6 9 22
6 6 9 23
6 9 9 15
6 9 9 19
6 9 9 20
6 9 9 22
6 9 9 23
6 10 9 15
6 10 9 19
6 10 9 20
6 10 9 22
6 10 9 23
6 11 9 15
6 11 9 19
6 11 9 20
6 11 9 22
6 11 9 23
6 12 9 15
6 12 9 19
6 12 9 20
6 12 9 22
6 12 9 23
6 15 9 19
6 15 9 20
6 15 9 22
6 15 9 23
6 19 9 22
6 19 9 23
6 20 9 22
6 20 9 23
6 9 11 19
6 9 11 20
6 10 11 19
6 10 11 20
6 11 11 19
6 11 11 20
6 9 12 19
6 9 12 20
6 9 12 22
6 9 12 23
6 10 12 19
6 10 12 20
6 10 12 22
6 10 12 23
6 11 12 19
6 11 12 20
6 11 12 22
6 11 12 23
6 19 12 22
6 19 12 23
6 20 12 22
6 20 12 23
6 9 14 23
7 9 9 15
7 9 9 19
7 9 9 20
7 9 9 22
7 9 9 23
7 10 9 15
7 10 9 19
7 10 9 20
7 10 9 22
7 10 9 23
7 11 9 15
7 11 9 19
7 11 9 20
7 11 9 22
7 11 9 23
7 12 9 15
7 12 9 19
7 12 9 20
7 12 9 22
7 12 9 23
7 15 9 19
7 15 9 20
7 15 9 22
7 15 9 23
7 19 9 22
7 19 9 23
7 20 9 22
7 20 9 23
7 9 11 19
7 9 11 20
7 10 11 19
7 10 11 20
7 11 11 19
7 11 11 20
7 9 12 19
7 9 12 20
7 9 12 22
7 9 12 23
7 10 12 19
7 10 12 20
7 10 12 22
7 10 12 23
7 11 12 19
7 11 12 20
7 11 12 22
7 11 12 23
7 19 12 22
7 19 12 23
7 20 12 22
7 20 12 23
7 9 14 23
8 3 11 9
8 3 11 10
8 3 11 11
9 3 11 9
9 3 11 10
9 3 11 11
9 3 11 19
9 3 11 20
9 9 11 19
9 9 11 20
9 10 11 19
9 10 11 20
9 11 11 19
9 11 11 20
9 9 12 19
9 9 12 20
9 9 12 22
9 9 12 23
9 10 12 19
9 10 12 20
9 10 12 22
9 10 12 23
9 11 12 19
9 11 12 20
9 11 12 22
9 11 12 23
9 19 12 22
9 19 12 23
9 20 12 22
9 20 12 23
9 9 14 23
12 9 14 23
