22 13
0001111110000
0001111111000
0001000011000
0001000011000
0111111111100
1111000011100
1111000011100
1111111111111
1111111111101
1111111111111
1111000111111
1101000101110
1111111111110
1111111111100
0101000101100
0111111111100
0001111101000
0001000001000
0001000001000
0001000001000
0001111111000
0000000000000
234
1 4 5 9
1 4 8 9
1 4 9 9
1 4 10 9
2 4 5 9
2 4 5 10
2 4 8 9
2 4 8 10
2 4 9 9
2 4 9 10
2 4 10 9
2 4 10 10
2 4 13 10
2 4 14 10
2 4 16 10
2 4 21 10
5 2 8 9
5 2 8 10
5 2 8 11
5 3 8 9
5 3 8 10
5 3 8 11
5 4 8 9
5 4 8 10
5 4 8 11
5 2 9 9
5 2 9 10
5 2 9 11
5 3 9 9
5 3 9 10
5 3 9 11
5 4 9 9
5 4 9 10
5 4 9 11
5 2 10 9
5 2 10 10
5 2 10 11
5 3 10 9
5 3 10 10
5 3 10 11
5 4 10 9
5 4 10 10
5 4 10 11
5 2 13 4
5 2 13 10
5 2 13 11
5 4 13 10
5 4 13 11
5 2 14 4
5 2 14 10
5 2 14 11
5 4 14 10
5 4 14 11
5 2 16 4
5 2 16 10
5 2 16 11
5 4 16 10
5 4 16 11
5 4 21 10
6 1 13 4
6 2 13 4
6 1 14 4
6 2 14 4
6 2 16 4
7 1 13 4
7 2 13 4
7 1 14 4
7 2 14 4
7 2 16 4
8 1 10 13
8 2 10 13
8 3 10 13
8 4 10 13
8 5 10 13
8 6 10 13
8 7 10 13
8 8 10 13
8 9 10 13
8 10 10 13
8 11 10 13
8 8 11 13
8 9 11 13
8 10 11 13
8 11 11 13
8 1 13 4
8 1 13 8
8 1 13 10
8 1 13 11
8 2 13 4
8 2 13 8
8 2 13 10
8 2 13 11
8 4 13 8
8 4 13 10
8 4 13 11
8 8 13 10
8 8 13 11
8 1 14 4
8 1 14 8
8 1 14 10
8 1 14 11
8 2 14 4
8 2 14 8
8 2 14 10
8 2 14 11
8 4 14 8
8 4 14 10
8 4 14 11
8 8 14 10
8 8 14 11
8 2 16 4
8 2 16 8
8 2 16 10
8 2 16 11
8 4 16 8
8 4 16 10
8 4 16 11
8 8 16 10
8 8 16 11
8 4 17 8
8 4 21 10
9 1 13 4
9 1 13 8
9 1 13 10
9 1 13 11
9 2 13 4
9 2 13 8
9 2 13 10
9 2 13 11
9 4 13 8
9 4 13 10
9 4 13 11
9 8 13 10
9 8 13 11
9 1 14 4
9 1 14 8
9 1 14 10
9 1 14 11
9 2 14 4
9 2 14 8
9 2 14 10
9 2 14 11
9 4 14 8
9 4 14 10
9 4 14 11
9 8 14 10
9 8 14 11
9 2 16 4
9 2 16 8
9 2 16 10
9 2 16 11
9 4 16 8
9 4 16 10
9 4 16 11
9 8 16 10
9 8 16 11
9 4 17 8
9 4 21 10
10 1 13 4
10 1 13 8
10 1 13 10
10 1 13 11
10 1 13 12
10 2 13 4
10 2 13 8
10 2 13 10
10 2 13 11
10 2 13 12
10 4 13 8
10 4 13 10
10 4 13 11
10 4 13 12
10 8 13 10
10 8 13 11
10 8 13 12
10 1 14 4
10 1 14 8
10 1 14 10
10 1 14 11
10 2 14 4
10 2 14 8
10 2 14 10
10 2 14 11
10 4 14 8
10 4 14 10
10 4 14 11
10 8 14 10
10 8 14 11
10 2 16 4
10 2 16 8
10 2 16 10
10 2 16 11
10 4 16 8
10 4 16 10
10 4 16 11
10 8 16 10
10 8 16 11
10 4 17 8
10 4 21 10
11 1 13 4
11 2 13 4
11 8 13 10
11 8 13 11
11 8 13 12
11 1 14 4
11 2 14 4
11 8 14 10
11 8 14 11
11 2 16 4
11 8 16 10
11 8 16 11
13 2 16 4
13 2 16 8
13 2 16 10
13 2 16 11
13 4 16 8
13 4 16 10
13 4 16 11
13 8 16 10
13 8 16 11
13 4 17 8
13 4 21 10
14 2 16 4
14 2 16 8
14 2 16 10
14 2 16 11
14 4 16 8
14 4 16 10
14 4 16 11
14 8 16 10
14 8 16 11
14 4 17 8
14 4 21 10
16 4 21 10
