24 12
000000000000
000000000000
000000000000
000011111000
001111111000
001011111000
001011111110
001010111010
001111111010
000011101010
111111111110
101000101010
111111111110
001000101010
111110101010
101010101010
101010101010
101010101010
101111101110
100010000000
100010000000
111110000000
000000000000
000000000000
64
4 5 9 7
4 5 9 8
4 5 9 9
4 5 10 7
4 5 11 7
4 5 11 9
4 7 11 9
4 7 13 9
5 3 9 5
5 3 9 7
5 3 9 8
5 3 9 9
5 5 9 7
5 5 9 8
5 5 9 9
5 5 10 7
5 5 11 7
5 5 11 9
5 7 11 9
5 7 13 9
6 5 9 7
6 5 9 8
6 5 9 9
6 5 10 7
6 5 11 7
6 5 11 9
6 7 11 9
6 7 13 9
7 5 9 7
7 5 9 8
7 5 9 9
7 5 10 7
7 5 11 7
7 5 11 9
7 5 11 11
7 7 11 9
7 7 11 11
7 9 11 11
7 7 13 9
7 7 13 11
7 9 13 11
7 9 19 11
8 7 11 9
8 7 13 9
9 5 11 9
9 6 11 9
9 7 11 9
9 7 13 9
11 1 13 3
11 1 13 7
11 1 13 9
11 1 13 11
11 3 13 7
11 3 13 9
11 3 13 11
11 7 13 9
11 7 13 11
11 9 13 11
11 3 19 7
11 9 19 11
13 3 19 7
13 9 19 11
15 3 19 5
15 1 22 5
