20 17
00000000000000111
00000000000000101
00000000000000101
00000000000000101
00000000000000101
00000000000000101
00011111111000101
00011111101000101
00011111111000101
00001000100000101
00001000100000111
00001000100000000
00001111111110000
00001100100010000
00001100100010000
00001111100010000
00000100000010000
00000111111110000
00000000000000000
00000000000000000
16
1 15 11 17
7 4 9 11
7 5 9 11
7 6 9 11
7 7 9 11
7 8 9 11
7 9 9 11
7 5 13 9
7 5 16 9
8 5 13 9
8 5 16 9
9 5 13 9
9 5 16 9
13 5 16 9
13 6 16 9
13 6 18 13
