17 18
000111110000000000
000100111000000000
111111111111111111
100100111111100011
100100111101100011
111111111101100011
100100111111100011
101111111111111111
111111111110000001
101000101110000001
101000111110000001
111111111110000001
001000000110000001
001000000111111111
001111111110000000
000000000000000000
000000000000000000
155
1 4 3 7
1 4 3 8
1 4 6 7
1 4 6 8
1 4 8 7
1 4 8 8
1 4 9 7
1 4 9 8
2 7 11 9
2 7 12 9
3 1 6 4
3 1 6 7
3 1 6 8
3 1 6 9
3 1 6 10
3 4 6 7
3 4 6 8
3 4 6 9
3 4 6 10
3 7 7 12
3 7 7 13
3 8 7 12
3 8 7 13
3 9 7 12
3 9 7 13
3 10 7 12
3 10 7 13
3 4 8 7
3 4 8 8
3 4 8 9
3 4 8 10
3 4 8 12
3 4 8 13
3 4 8 17
3 4 8 18
3 7 8 12
3 7 8 13
3 7 8 17
3 7 8 18
3 8 8 12
3 8 8 13
3 8 8 17
3 8 8 18
3 9 8 12
3 9 8 13
3 9 8 17
3 9 8 18
3 10 8 12
3 10 8 13
3 10 8 17
3 10 8 18
3 12 8 17
3 12 8 18
3 13 8 17
3 13 8 18
3 1 9 4
3 1 9 7
3 1 9 8
3 1 9 9
3 1 9 10
3 4 9 7
3 4 9 8
3 4 9 9
3 4 9 10
3 7 11 9
3 7 11 10
3 1 12 7
3 1 12 9
3 1 12 10
3 7 12 9
3 7 12 10
3 10 14 18
4 7 7 12
4 7 7 13
4 8 7 12
4 8 7 13
4 9 7 12
4 9 7 13
4 10 7 12
4 10 7 13
4 7 8 12
4 7 8 13
4 8 8 12
4 8 8 13
4 9 8 12
4 9 8 13
4 10 8 12
4 10 8 13
4 7 11 9
4 7 11 10
4 7 12 9
4 7 12 10
5 7 11 9
5 7 11 10
5 7 12 9
5 7 12 10
6 4 8 7
6 4 8 8
6 4 8 9
6 4 8 10
6 1 9 4
6 1 9 7
6 1 9 8
6 1 9 9
6 1 9 10
6 4 9 7
6 4 9 8
6 4 9 9
6 4 9 10
6 7 11 9
6 7 11 10
6 1 12 7
6 1 12 9
6 1 12 10
6 7 12 9
6 7 12 10
7 7 11 9
7 7 11 10
7 7 11 11
7 7 12 9
7 7 12 10
7 7 12 11
8 7 11 9
8 7 11 10
8 7 11 11
8 3 12 7
8 3 12 9
8 3 12 10
8 3 12 11
8 7 12 9
8 7 12 10
8 7 12 11
8 10 14 18
8 11 14 18
8 3 15 10
8 3 15 11
9 7 11 9
9 7 11 10
9 7 11 11
9 1 12 3
9 1 12 7
9 1 12 9
9 1 12 10
9 1 12 11
9 3 12 7
9 3 12 9
9 3 12 10
9 3 12 11
9 7 12 9
9 7 12 10
9 7 12 11
9 3 15 10
9 3 15 11
12 3 15 10
12 3 15 11
