24 25
0000000000000000000000000
0000000001111111111111000
0000000001001010000001000
0000000001001010000001000
1111000001001010000001000
1111100001001010000001000
1001100001001010000001000
1001100001001010000001000
1001100001001010000001000
1001100001001010000001000
1001100001001110000001000
1001100001111111111111000
1001100000100000000100000
1001100000100000000100000
1111100000100000000100000
1011111111100000000100000
1011000001100000000100000
1011111111100000000100000
1001000000100000000100000
1001111110100000000100000
1001000010100000000100000
1111000010111111111100000
0001000010000000000000000
0001111110000000000000000
19
2 13 11 15
2 10 12 13
2 10 12 15
2 10 12 22
2 13 12 15
2 13 12 22
2 15 12 22
5 1 15 4
5 1 22 4
6 1 15 4
6 1 15 5
6 1 22 4
12 11 22 20
15 1 22 4
16 3 18 10
16 3 18 11
16 4 18 10
16 4 18 11
20 4 24 9
