25 25
0001111111000000000000000
0001000111100000000000000
0001000101100000000000000
0001000101100000000000000
0001000101100000000000000
0001000101100000000000000
0001000101100000000000000
0001000101100000000000000
0001000101100000000000000
0001000101100000000000000
0011111111111111111111111
0011000101100000000000001
0011000101100000000000001
0011000101100000000000001
0011111111111111111111111
0001000101100000000000000
0001000111100000000000000
0001000001000000000000000
0001000001000000000000000
0001000001000000000000000
0001000001000000000000000
0001111111000000000000000
0000000000000000000000000
0000000000000000000000000
0000000000000000000000000
33
1 4 11 8
1 4 11 10
1 8 11 10
1 4 15 8
1 4 15 10
1 8 15 10
1 8 17 10
1 4 22 10
2 8 11 10
2 8 11 11
2 8 15 10
2 8 15 11
2 8 17 10
2 8 17 11
11 3 15 8
11 3 15 10
11 3 15 11
11 3 15 25
11 4 15 8
11 4 15 10
11 4 15 11
11 4 15 25
11 8 15 10
11 8 15 11
11 8 15 25
11 10 15 25
11 11 15 25
11 8 17 10
11 8 17 11
11 4 22 10
15 8 17 10
15 8 17 11
15 4 22 10
