19 14
00000000000000
00011110000000
00010010000000
00010010000000
00011110111110
00111110100010
01111111111010
01111111101010
01100011101010
01100011101010
11111111111010
11111111101010
11111111111111
11111111101011
11000011101011
11111111101111
11111111111111
10000001001011
11111111111111
192
2 4 5 7
2 4 6 7
2 4 7 7
2 4 8 7
5 9 13 13
5 9 17 13
6 3 11 7
6 3 12 7
6 3 13 7
6 3 14 7
7 2 11 7
7 2 11 8
7 2 11 9
7 2 11 11
7 3 11 7
7 3 11 8
7 3 11 9
7 3 11 11
7 7 11 11
7 8 11 11
7 9 11 11
7 2 12 7
7 2 12 8
7 2 12 9
7 3 12 7
7 3 12 8
7 3 12 9
7 2 13 7
7 2 13 8
7 2 13 9
7 2 13 11
7 3 13 7
7 3 13 8
7 3 13 9
7 3 13 11
7 7 13 11
7 8 13 11
7 9 13 11
7 2 14 7
7 2 14 8
7 2 14 9
7 3 14 7
7 3 14 8
7 3 14 9
7 2 16 7
7 2 16 8
7 2 16 9
7 2 17 7
7 2 17 8
7 2 17 9
7 2 17 11
7 7 17 11
7 8 17 11
7 9 17 11
7 8 19 11
8 2 11 7
8 2 11 8
8 2 11 9
8 3 11 7
8 3 11 8
8 3 11 9
8 2 12 7
8 2 12 8
8 2 12 9
8 3 12 7
8 3 12 8
8 3 12 9
8 2 13 7
8 2 13 8
8 2 13 9
8 3 13 7
8 3 13 8
8 3 13 9
8 2 14 7
8 2 14 8
8 2 14 9
8 3 14 7
8 3 14 8
8 3 14 9
8 2 16 7
8 2 16 8
8 2 16 9
8 2 17 7
8 2 17 8
8 2 17 9
11 1 13 11
11 2 13 11
11 3 13 11
11 4 13 11
11 5 13 11
11 6 13 11
11 7 13 11
11 8 13 11
11 9 13 11
11 1 16 7
11 1 16 8
11 1 16 9
11 2 16 7
11 2 16 8
11 2 16 9
11 1 17 7
11 1 17 8
11 1 17 9
11 1 17 11
11 2 17 7
11 2 17 8
11 2 17 9
11 2 17 11
11 7 17 11
11 8 17 11
11 9 17 11
11 1 19 8
11 1 19 11
11 8 19 11
12 1 16 7
12 1 16 8
12 1 16 9
12 2 16 7
12 2 16 8
12 2 16 9
12 1 17 7
12 1 17 8
12 1 17 9
12 2 17 7
12 2 17 8
12 2 17 9
12 1 19 8
13 1 16 7
13 1 16 8
13 1 16 9
13 2 16 7
13 2 16 8
13 2 16 9
13 11 16 13
13 11 16 14
13 1 17 7
13 1 17 8
13 1 17 9
13 1 17 11
13 1 17 13
13 1 17 14
13 2 17 7
13 2 17 8
13 2 17 9
13 2 17 11
13 2 17 13
13 2 17 14
13 7 17 11
13 7 17 13
13 7 17 14
13 8 17 11
13 8 17 13
13 8 17 14
13 9 17 11
13 9 17 13
13 9 17 14
13 11 17 13
13 11 17 14
13 1 19 8
13 1 19 11
13 1 19 13
13 1 19 14
13 8 19 11
13 8 19 13
13 8 19 14
13 11 19 13
13 11 19 14
14 1 16 7
14 1 16 8
14 1 16 9
14 2 16 7
14 2 16 8
14 2 16 9
14 1 17 7
14 1 17 8
14 1 17 9
14 2 17 7
14 2 17 8
14 2 17 9
14 1 19 8
16 1 19 8
16 11 19 13
16 11 19 14
17 1 19 8
17 1 19 11
17 1 19 13
17 1 19 14
17 8 19 11
17 8 19 13
17 8 19 14
17 11 19 13
17 11 19 14
