22 24
000000000000000000000000
000000000000000000000111
000000000000000000000101
000000000000000000000101
000000000000000000000101
000000000000000000000111
000000000000000000000000
000000000111111111000000
000000000100000001000000
000000000100000001000000
000000000111111111000000
000000000000000000000000
000000000000000000000000
000000000000000000000000
000000000000000000000000
000000000000000000000000
000000000000000000000000
000000000000000000000000
000000000000000000000000
000000000000000000000000
000000000000000000000000
000000000000000000000000
2
2 22 6 24
8 10 11 18
