24 24
011111111111111111111111
111111111111111111111111
110000100011111111111001
110111100011111111111001
110100111111111001111001
110100111111111111111001
111111110011001001111001
110100110011001001111001
110101111111111111111101
110101110111111111111101
110101111111111111111101
110101111111001111111101
111100110111001111111101
110100110111111111111101
110100110111001111111101
110111111111111111111101
111111111111111111111101
100100111111001111111101
111111111111111111111111
111111111111111111111111
100100111111111111111101
111111111111111111111111
100100111111111111111100
111111111111111111110000
3732
1 7 5 11
1 7 5 12
1 7 5 13
1 7 5 14
1 7 5 15
1 7 6 11
1 7 6 12
1 7 6 13
1 7 6 14
1 7 6 15
1 7 6 18
1 7 6 19
1 7 6 20
1 7 6 21
1 11 6 18
1 11 6 19
1 11 6 20
1 11 6 21
1 12 6 18
1 12 6 19
1 12 6 20
1 12 6 21
1 13 6 18
1 13 6 19
1 13 6 20
1 13 6 21
1 14 6 18
1 14 6 19
1 14 6 20
1 14 6 21
1 15 6 18
1 15 6 19
1 15 6 20
1 15 6 21
1 2 7 7
1 7 9 11
1 7 9 12
1 7 9 15
1 7 9 18
1 7 9 19
1 7 9 20
1 7 9 21
1 11 9 15
1 11 9 18
1 11 9 19
1 11 9 20
1 11 9 21
1 12 9 15
1 12 9 18
1 12 9 19
1 12 9 20
1 12 9 21
1 15 9 18
1 15 9 19
1 15 9 20
1 15 9 21
1 11 10 15
1 11 10 18
1 11 10 19
1 11 10 20
1 11 10 21
1 12 10 15
1 12 10 18
1 12 10 19
1 12 10 20
1 12 10 21
1 15 10 18
1 15 10 19
1 15 10 20
1 15 10 21
1 7 11 11
1 7 11 12
1 7 11 15
1 7 11 18
1 7 11 19
1 7 11 20
1 7 11 21
1 11 11 15
1 11 11 18
1 11 11 19
1 11 11 20
1 11 11 21
1 12 11 15
1 12 11 18
1 12 11 19
1 12 11 20
1 12 11 21
1 15 11 18
1 15 11 19
1 15 11 20
1 15 11 21
1 7 12 11
1 7 12 12
1 15 12 18
1 15 12 19
1 15 12 20
1 15 12 21
1 15 13 18
1 15 13 19
1 15 13 20
1 15 13 21
1 11 14 15
1 11 14 18
1 11 14 19
1 11 14 20
1 11 14 21
1 12 14 15
1 12 14 18
1 12 14 19
1 12 14 20
1 12 14 21
1 15 14 18
1 15 14 19
1 15 14 20
1 15 14 21
1 15 15 18
1 15 15 19
1 15 15 20
1 15 15 21
1 7 16 11
1 7 16 12
1 7 16 15
1 7 16 18
1 7 16 19
1 7 16 20
1 7 16 21
1 11 16 15
1 11 16 18
1 11 16 19
1 11 16 20
1 11 16 21
1 12 16 15
1 12 16 18
1 12 16 19
1 12 16 20
1 12 16 21
1 15 16 18
1 15 16 19
1 15 16 20
1 15 16 21
1 2 17 7
1 2 17 11
1 2 17 12
1 2 17 15
1 2 17 18
1 2 17 19
1 2 17 20
1 2 17 21
1 7 17 11
1 7 17 12
1 7 17 15
1 7 17 18
1 7 17 19
1 7 17 20
1 7 17 21
1 11 17 15
1 11 17 18
1 11 17 19
1 11 17 20
1 11 17 21
1 12 17 15
1 12 17 18
1 12 17 19
1 12 17 20
1 12 17 21
1 15 17 18
1 15 17 19
1 15 17 20
1 15 17 21
1 7 18 11
1 7 18 12
1 15 18 18
1 15 18 19
1 15 18 20
1 15 18 21
1 7 19 11
1 7 19 12
1 7 19 15
1 7 19 18
1 7 19 19
1 7 19 20
1 7 19 21
1 7 19 24
1 11 19 15
1 11 19 18
1 11 19 19
1 11 19 20
1 11 19 21
1 11 19 24
1 12 19 15
1 12 19 18
1 12 19 19
1 12 19 20
1 12 19 21
1 12 19 24
1 15 19 18
1 15 19 19
1 15 19 20
1 15 19 21
1 15 19 24
1 18 19 24
1 19 19 24
1 20 19 24
1 21 19 24
1 7 20 11
1 7 20 12
1 7 20 15
1 7 20 18
1 7 20 19
1 7 20 20
1 7 20 21
1 7 20 24
1 11 20 15
1 11 20 18
1 11 20 19
1 11 20 20
1 11 20 21
1 11 20 24
1 12 20 15
1 12 20 18
1 12 20 19
1 12 20 20
1 12 20 21
1 12 20 24
1 15 20 18
1 15 20 19
1 15 20 20
1 15 20 21
1 15 20 24
1 18 20 24
1 19 20 24
1 20 20 24
1 21 20 24
1 7 21 11
1 7 21 12
1 7 21 15
1 7 21 18
1 7 21 19
1 7 21 20
1 7 21 21
1 11 21 15
1 11 21 18
1 11 21 19
1 11 21 20
1 11 21 21
1 12 21 15
1 12 21 18
1 12 21 19
1 12 21 20
1 12 21 21
1 15 21 18
1 15 21 19
1 15 21 20
1 15 21 21
1 7 22 11
1 7 22 12
1 7 22 15
1 7 22 18
1 7 22 19
1 7 22 20
1 7 22 21
1 7 22 24
1 11 22 15
1 11 22 18
1 11 22 19
1 11 22 20
1 11 22 21
1 11 22 24
1 12 22 15
1 12 22 18
1 12 22 19
1 12 22 20
1 12 22 21
1 12 22 24
1 15 22 18
1 15 22 19
1 15 22 20
1 15 22 21
1 15 22 24
1 18 22 24
1 19 22 24
1 20 22 24
1 21 22 24
1 7 23 11
1 7 23 12
1 7 23 15
1 7 23 18
1 7 23 19
1 7 23 20
1 7 23 21
1 11 23 15
1 11 23 18
1 11 23 19
1 11 23 20
1 11 23 21
1 12 23 15
1 12 23 18
1 12 23 19
1 12 23 20
1 12 23 21
1 15 23 18
1 15 23 19
1 15 23 20
1 15 23 21
1 7 24 11
1 7 24 12
1 7 24 15
1 7 24 18
1 7 24 19
1 7 24 20
1 11 24 15
1 11 24 18
1 11 24 19
1 11 24 20
1 12 24 15
1 12 24 18
1 12 24 19
1 12 24 20
1 15 24 18
1 15 24 19
1 15 24 20
2 7 5 11
2 7 5 12
2 7 5 13
2 7 5 14
2 7 5 15
2 7 6 11
2 7 6 12
2 7 6 13
2 7 6 14
2 7 6 15
2 7 6 18
2 7 6 19
2 7 6 20
2 7 6 21
2 11 6 18
2 11 6 19
2 11 6 20
2 11 6 21
2 12 6 18
2 12 6 19
2 12 6 20
2 12 6 21
2 13 6 18
2 13 6 19
2 13 6 20
2 13 6 21
2 14 6 18
2 14 6 19
2 14 6 20
2 14 6 21
2 15 6 18
2 15 6 19
2 15 6 20
2 15 6 21
2 1 7 7
2 2 7 7
2 7 9 11
2 7 9 12
2 7 9 15
2 7 9 18
2 7 9 19
2 7 9 20
2 7 9 21
2 11 9 15
2 11 9 18
2 11 9 19
2 11 9 20
2 11 9 21
2 12 9 15
2 12 9 18
2 12 9 19
2 12 9 20
2 12 9 21
2 15 9 18
2 15 9 19
2 15 9 20
2 15 9 21
2 11 10 15
2 11 10 18
2 11 10 19
2 11 10 20
2 11 10 21
2 12 10 15
2 12 10 18
2 12 10 19
2 12 10 20
2 12 10 21
2 15 10 18
2 15 10 19
2 15 10 20
2 15 10 21
2 7 11 11
2 7 11 12
2 7 11 15
2 7 11 18
2 7 11 19
2 7 11 20
2 7 11 21
2 11 11 15
2 11 11 18
2 11 11 19
2 11 11 20
2 11 11 21
2 12 11 15
2 12 11 18
2 12 11 19
2 12 11 20
2 12 11 21
2 15 11 18
2 15 11 19
2 15 11 20
2 15 11 21
2 7 12 11
2 7 12 12
2 15 12 18
2 15 12 19
2 15 12 20
2 15 12 21
2 15 13 18
2 15 13 19
2 15 13 20
2 15 13 21
2 11 14 15
2 11 14 18
2 11 14 19
2 11 14 20
2 11 14 21
2 12 14 15
2 12 14 18
2 12 14 19
2 12 14 20
2 12 14 21
2 15 14 18
2 15 14 19
2 15 14 20
2 15 14 21
2 15 15 18
2 15 15 19
2 15 15 20
2 15 15 21
2 7 16 11
2 7 16 12
2 7 16 15
2 7 16 18
2 7 16 19
2 7 16 20
2 7 16 21
2 11 16 15
2 11 16 18
2 11 16 19
2 11 16 20
2 11 16 21
2 12 16 15
2 12 16 18
2 12 16 19
2 12 16 20
2 12 16 21
2 15 16 18
2 15 16 19
2 15 16 20
2 15 16 21
2 1 17 7
2 1 17 11
2 1 17 12
2 1 17 15
2 1 17 18
2 1 17 19
2 1 17 20
2 1 17 21
2 2 17 7
2 2 17 11
2 2 17 12
2 2 17 15
2 2 17 18
2 2 17 19
2 2 17 20
2 2 17 21
2 7 17 11
2 7 17 12
2 7 17 15
2 7 17 18
2 7 17 19
2 7 17 20
2 7 17 21
2 11 17 15
2 11 17 18
2 11 17 19
2 11 17 20
2 11 17 21
2 12 17 15
2 12 17 18
2 12 17 19
2 12 17 20
2 12 17 21
2 15 17 18
2 15 17 19
2 15 17 20
2 15 17 21
2 7 18 11
2 7 18 12
2 15 18 18
2 15 18 19
2 15 18 20
2 15 18 21
2 1 19 7
2 1 19 11
2 1 19 12
2 1 19 15
2 1 19 18
2 1 19 19
2 1 19 20
2 1 19 21
2 1 19 24
2 7 19 11
2 7 19 12
2 7 19 15
2 7 19 18
2 7 19 19
2 7 19 20
2 7 19 21
2 7 19 24
2 11 19 15
2 11 19 18
2 11 19 19
2 11 19 20
2 11 19 21
2 11 19 24
2 12 19 15
2 12 19 18
2 12 19 19
2 12 19 20
2 12 19 21
2 12 19 24
2 15 19 18
2 15 19 19
2 15 19 20
2 15 19 21
2 15 19 24
2 18 19 24
2 19 19 24
2 20 19 24
2 21 19 24
2 1 20 7
2 1 20 11
2 1 20 12
2 1 20 15
2 1 20 18
2 1 20 19
2 1 20 20
2 1 20 21
2 1 20 24
2 7 20 11
2 7 20 12
2 7 20 15
2 7 20 18
2 7 20 19
2 7 20 20
2 7 20 21
2 7 20 24
2 11 20 15
2 11 20 18
2 11 20 19
2 11 20 20
2 11 20 21
2 11 20 24
2 12 20 15
2 12 20 18
2 12 20 19
2 12 20 20
2 12 20 21
2 12 20 24
2 15 20 18
2 15 20 19
2 15 20 20
2 15 20 21
2 15 20 24
2 18 20 24
2 19 20 24
2 20 20 24
2 21 20 24
2 7 21 11
2 7 21 12
2 7 21 15
2 7 21 18
2 7 21 19
2 7 21 20
2 7 21 21
2 11 21 15
2 11 21 18
2 11 21 19
2 11 21 20
2 11 21 21
2 12 21 15
2 12 21 18
2 12 21 19
2 12 21 20
2 12 21 21
2 15 21 18
2 15 21 19
2 15 21 20
2 15 21 21
2 1 22 7
2 1 22 11
2 1 22 12
2 1 22 15
2 1 22 18
2 1 22 19
2 1 22 20
2 1 22 21
2 1 22 24
2 7 22 11
2 7 22 12
2 7 22 15
2 7 22 18
2 7 22 19
2 7 22 20
2 7 22 21
2 7 22 24
2 11 22 15
2 11 22 18
2 11 22 19
2 11 22 20
2 11 22 21
2 11 22 24
2 12 22 15
2 12 22 18
2 12 22 19
2 12 22 20
2 12 22 21
2 12 22 24
2 15 22 18
2 15 22 19
2 15 22 20
2 15 22 21
2 15 22 24
2 18 22 24
2 19 22 24
2 20 22 24
2 21 22 24
2 7 23 11
2 7 23 12
2 7 23 15
2 7 23 18
2 7 23 19
2 7 23 20
2 7 23 21
2 11 23 15
2 11 23 18
2 11 23 19
2 11 23 20
2 11 23 21
2 12 23 15
2 12 23 18
2 12 23 19
2 12 23 20
2 12 23 21
2 15 23 18
2 15 23 19
2 15 23 20
2 15 23 21
2 1 24 7
2 1 24 11
2 1 24 12
2 1 24 15
2 1 24 18
2 1 24 19
2 1 24 20
2 7 24 11
2 7 24 12
2 7 24 15
2 7 24 18
2 7 24 19
2 7 24 20
2 11 24 15
2 11 24 18
2 11 24 19
2 11 24 20
2 12 24 15
2 12 24 18
2 12 24 19
2 12 24 20
2 15 24 18
2 15 24 19
2 15 24 20
3 11 6 18
3 11 6 19
3 11 6 20
3 11 6 21
3 12 6 18
3 12 6 19
3 12 6 20
3 12 6 21
3 13 6 18
3 13 6 19
3 13 6 20
3 13 6 21
3 14 6 18
3 14 6 19
3 14 6 20
3 14 6 21
3 15 6 18
3 15 6 19
3 15 6 20
3 15 6 21
3 11 9 15
3 11 9 18
3 11 9 19
3 11 9 20
3 11 9 21
3 12 9 15
3 12 9 18
3 12 9 19
3 12 9 20
3 12 9 21
3 15 9 18
3 15 9 19
3 15 9 20
3 15 9 21
3 11 10 15
3 11 10 18
3 11 10 19
3 11 10 20
3 11 10 21
3 12 10 15
3 12 10 18
3 12 10 19
3 12 10 20
3 12 10 21
3 15 10 18
3 15 10 19
3 15 10 20
3 15 10 21
3 11 11 15
3 11 11 18
3 11 11 19
3 11 11 20
3 11 11 21
3 12 11 15
3 12 11 18
3 12 11 19
3 12 11 20
3 12 11 21
3 15 11 18
3 15 11 19
3 15 11 20
3 15 11 21
3 15 12 18
3 15 12 19
3 15 12 20
3 15 12 21
3 15 13 18
3 15 13 19
3 15 13 20
3 15 13 21
3 11 14 15
3 11 14 18
3 11 14 19
3 11 14 20
3 11 14 21
3 12 14 15
3 12 14 18
3 12 14 19
3 12 14 20
3 12 14 21
3 15 14 18
3 15 14 19
3 15 14 20
3 15 14 21
3 15 15 18
3 15 15 19
3 15 15 20
3 15 15 21
3 11 16 15
3 11 16 18
3 11 16 19
3 11 16 20
3 11 16 21
3 12 16 15
3 12 16 18
3 12 16 19
3 12 16 20
3 12 16 21
3 15 16 18
3 15 16 19
3 15 16 20
3 15 16 21
3 11 17 15
3 11 17 18
3 11 17 19
3 11 17 20
3 11 17 21
3 12 17 15
3 12 17 18
3 12 17 19
3 12 17 20
3 12 17 21
3 15 17 18
3 15 17 19
3 15 17 20
3 15 17 21
3 15 18 18
3 15 18 19
3 15 18 20
3 15 18 21
3 11 19 15
3 11 19 18
3 11 19 19
3 11 19 20
3 11 19 21
3 12 19 15
3 12 19 18
3 12 19 19
3 12 19 20
3 12 19 21
3 15 19 18
3 15 19 19
3 15 19 20
3 15 19 21
3 11 20 15
3 11 20 18
3 11 20 19
3 11 20 20
3 11 20 21
3 12 20 15
3 12 20 18
3 12 20 19
3 12 20 20
3 12 20 21
3 15 20 18
3 15 20 19
3 15 20 20
3 15 20 21
3 11 21 15
3 11 21 18
3 11 21 19
3 11 21 20
3 11 21 21
3 12 21 15
3 12 21 18
3 12 21 19
3 12 21 20
3 12 21 21
3 15 21 18
3 15 21 19
3 15 21 20
3 15 21 21
3 11 22 15
3 11 22 18
3 11 22 19
3 11 22 20
3 11 22 21
3 12 22 15
3 12 22 18
3 12 22 19
3 12 22 20
3 12 22 21
3 15 22 18
3 15 22 19
3 15 22 20
3 15 22 21
3 11 23 15
3 11 23 18
3 11 23 19
3 11 23 20
3 11 23 21
3 12 23 15
3 12 23 18
3 12 23 19
3 12 23 20
3 12 23 21
3 15 23 18
3 15 23 19
3 15 23 20
3 15 23 21
3 11 24 15
3 11 24 18
3 11 24 19
3 11 24 20
3 12 24 15
3 12 24 18
3 12 24 19
3 12 24 20
3 15 24 18
3 15 24 19
3 15 24 20
4 11 6 18
4 11 6 19
4 11 6 20
4 11 6 21
4 12 6 18
4 12 6 19
4 12 6 20
4 12 6 21
4 13 6 18
4 13 6 19
4 13 6 20
4 13 6 21
4 14 6 18
4 14 6 19
4 14 6 20
4 14 6 21
4 15 6 18
4 15 6 19
4 15 6 20
4 15 6 21
4 4 7 7
4 11 9 15
4 11 9 18
4 11 9 19
4 11 9 20
4 11 9 21
4 12 9 15
4 12 9 18
4 12 9 19
4 12 9 20
4 12 9 21
4 15 9 18
4 15 9 19
4 15 9 20
4 15 9 21
4 11 10 15
4 11 10 18
4 11 10 19
4 11 10 20
4 11 10 21
4 12 10 15
4 12 10 18
4 12 10 19
4 12 10 20
4 12 10 21
4 15 10 18
4 15 10 19
4 15 10 20
4 15 10 21
4 11 11 15
4 11 11 18
4 11 11 19
4 11 11 20
4 11 11 21
4 12 11 15
4 12 11 18
4 12 11 19
4 12 11 20
4 12 11 21
4 15 11 18
4 15 11 19
4 15 11 20
4 15 11 21
4 15 12 18
4 15 12 19
4 15 12 20
4 15 12 21
4 15 13 18
4 15 13 19
4 15 13 20
4 15 13 21
4 11 14 15
4 11 14 18
4 11 14 19
4 11 14 20
4 11 14 21
4 12 14 15
4 12 14 18
4 12 14 19
4 12 14 20
4 12 14 21
4 15 14 18
4 15 14 19
4 15 14 20
4 15 14 21
4 15 15 18
4 15 15 19
4 15 15 20
4 15 15 21
4 4 16 7
4 11 16 15
4 11 16 18
4 11 16 19
4 11 16 20
4 11 16 21
4 12 16 15
4 12 16 18
4 12 16 19
4 12 16 20
4 12 16 21
4 15 16 18
4 15 16 19
4 15 16 20
4 15 16 21
4 4 17 7
4 11 17 15
4 11 17 18
4 11 17 19
4 11 17 20
4 11 17 21
4 12 17 15
4 12 17 18
4 12 17 19
4 12 17 20
4 12 17 21
4 15 17 18
4 15 17 19
4 15 17 20
4 15 17 21
4 15 18 18
4 15 18 19
4 15 18 20
4 15 18 21
4 4 19 7
4 11 19 15
4 11 19 18
4 11 19 19
4 11 19 20
4 11 19 21
4 12 19 15
4 12 19 18
4 12 19 19
4 12 19 20
4 12 19 21
4 15 19 18
4 15 19 19
4 15 19 20
4 15 19 21
4 4 20 7
4 11 20 15
4 11 20 18
4 11 20 19
4 11 20 20
4 11 20 21
4 12 20 15
4 12 20 18
4 12 20 19
4 12 20 20
4 12 20 21
4 15 20 18
4 15 20 19
4 15 20 20
4 15 20 21
4 11 21 15
4 11 21 18
4 11 21 19
4 11 21 20
4 11 21 21
4 12 21 15
4 12 21 18
4 12 21 19
4 12 21 20
4 12 21 21
4 15 21 18
4 15 21 19
4 15 21 20
4 15 21 21
4 4 22 7
4 11 22 15
4 11 22 18
4 11 22 19
4 11 22 20
4 11 22 21
4 12 22 15
4 12 22 18
4 12 22 19
4 12 22 20
4 12 22 21
4 15 22 18
4 15 22 19
4 15 22 20
4 15 22 21
4 11 23 15
4 11 23 18
4 11 23 19
4 11 23 20
4 11 23 21
4 12 23 15
4 12 23 18
4 12 23 19
4 12 23 20
4 12 23 21
4 15 23 18
4 15 23 19
4 15 23 20
4 15 23 21
4 4 24 7
4 11 24 15
4 11 24 18
4 11 24 19
4 11 24 20
4 12 24 15
4 12 24 18
4 12 24 19
4 12 24 20
4 15 24 18
4 15 24 19
4 15 24 20
5 7 9 11
5 7 9 12
5 7 9 15
5 8 9 11
5 8 9 12
5 8 9 15
5 11 9 15
5 12 9 15
5 11 10 15
5 12 10 15
5 7 11 11
5 7 11 12
5 7 11 15
5 8 11 11
5 8 11 12
5 8 11 15
5 11 11 15
5 12 11 15
5 7 12 11
5 7 12 12
5 8 12 11
5 8 12 12
5 11 14 15
5 12 14 15
5 7 16 11
5 7 16 12
5 7 16 15
5 8 16 11
5 8 16 12
5 8 16 15
5 11 16 15
5 12 16 15
5 7 17 11
5 7 17 12
5 7 17 15
5 8 17 11
5 8 17 12
5 8 17 15
5 11 17 15
5 12 17 15
5 7 18 11
5 7 18 12
5 8 18 11
5 8 18 12
5 7 19 11
5 7 19 12
5 7 19 15
5 8 19 11
5 8 19 12
5 8 19 15
5 11 19 15
5 12 19 15
5 7 20 11
5 7 20 12
5 7 20 15
5 8 20 11
5 8 20 12
5 8 20 15
5 11 20 15
5 12 20 15
5 7 21 11
5 7 21 12
5 7 21 15
5 8 21 11
5 8 21 12
5 8 21 15
5 11 21 15
5 12 21 15
5 7 22 11
5 7 22 12
5 7 22 15
5 8 22 11
5 8 22 12
5 8 22 15
5 11 22 15
5 12 22 15
5 7 23 11
5 7 23 12
5 7 23 15
5 8 23 11
5 8 23 12
5 8 23 15
5 11 23 15
5 12 23 15
5 7 24 11
5 7 24 12
5 7 24 15
5 8 24 11
5 8 24 12
5 8 24 15
5 11 24 15
5 12 24 15
6 7 9 11
6 7 9 12
6 7 9 15
6 7 9 18
6 7 9 19
6 7 9 20
6 7 9 21
6 8 9 11
6 8 9 12
6 8 9 15
6 8 9 18
6 8 9 19
6 8 9 20
6 8 9 21
6 11 9 15
6 11 9 18
6 11 9 19
6 11 9 20
6 11 9 21
6 12 9 15
6 12 9 18
6 12 9 19
6 12 9 20
6 12 9 21
6 15 9 18
6 15 9 19
6 15 9 20
6 15 9 21
6 11 10 15
6 11 10 18
6 11 10 19
6 11 10 20
6 11 10 21
6 12 10 15
6 12 10 18
6 12 10 19
6 12 10 20
6 12 10 21
6 15 10 18
6 15 10 19
6 15 10 20
6 15 10 21
6 7 11 11
6 7 11 12
6 7 11 15
6 7 11 18
6 7 11 19
6 7 11 20
6 7 11 21
6 8 11 11
6 8 11 12
6 8 11 15
6 8 11 18
6 8 11 19
6 8 11 20
6 8 11 21
6 11 11 15
6 11 11 18
6 11 11 19
6 11 11 20
6 11 11 21
6 12 11 15
6 12 11 18
6 12 11 19
6 12 11 20
6 12 11 21
6 15 11 18
6 15 11 19
6 15 11 20
6 15 11 21
6 7 12 11
6 7 12 12
6 8 12 11
6 8 12 12
6 15 12 18
6 15 12 19
6 15 12 20
6 15 12 21
6 15 13 18
6 15 13 19
6 15 13 20
6 15 13 21
6 11 14 15
6 11 14 18
6 11 14 19
6 11 14 20
6 11 14 21
6 12 14 15
6 12 14 18
6 12 14 19
6 12 14 20
6 12 14 21
6 15 14 18
6 15 14 19
6 15 14 20
6 15 14 21
6 15 15 18
6 15 15 19
6 15 15 20
6 15 15 21
6 7 16 11
6 7 16 12
6 7 16 15
6 7 16 18
6 7 16 19
6 7 16 20
6 7 16 21
6 8 16 11
6 8 16 12
6 8 16 15
6 8 16 18
6 8 16 19
6 8 16 20
6 8 16 21
6 11 16 15
6 11 16 18
6 11 16 19
6 11 16 20
6 11 16 21
6 12 16 15
6 12 16 18
6 12 16 19
6 12 16 20
6 12 16 21
6 15 16 18
6 15 16 19
6 15 16 20
6 15 16 21
6 7 17 11
6 7 17 12
6 7 17 15
6 7 17 18
6 7 17 19
6 7 17 20
6 7 17 21
6 8 17 11
6 8 17 12
6 8 17 15
6 8 17 18
6 8 17 19
6 8 17 20
6 8 17 21
6 11 17 15
6 11 17 18
6 11 17 19
6 11 17 20
6 11 17 21
6 12 17 15
6 12 17 18
6 12 17 19
6 12 17 20
6 12 17 21
6 15 17 18
6 15 17 19
6 15 17 20
6 15 17 21
6 7 18 11
6 7 18 12
6 8 18 11
6 8 18 12
6 15 18 18
6 15 18 19
6 15 18 20
6 15 18 21
6 7 19 11
6 7 19 12
6 7 19 15
6 7 19 18
6 7 19 19
6 7 19 20
6 7 19 21
6 8 19 11
6 8 19 12
6 8 19 15
6 8 19 18
6 8 19 19
6 8 19 20
6 8 19 21
6 11 19 15
6 11 19 18
6 11 19 19
6 11 19 20
6 11 19 21
6 12 19 15
6 12 19 18
6 12 19 19
6 12 19 20
6 12 19 21
6 15 19 18
6 15 19 19
6 15 19 20
6 15 19 21
6 7 20 11
6 7 20 12
6 7 20 15
6 7 20 18
6 7 20 19
6 7 20 20
6 7 20 21
6 8 20 11
6 8 20 12
6 8 20 15
6 8 20 18
6 8 20 19
6 8 20 20
6 8 20 21
6 11 20 15
6 11 20 18
6 11 20 19
6 11 20 20
6 11 20 21
6 12 20 15
6 12 20 18
6 12 20 19
6 12 20 20
6 12 20 21
6 15 20 18
6 15 20 19
6 15 20 20
6 15 20 21
6 7 21 11
6 7 21 12
6 7 21 15
6 7 21 18
6 7 21 19
6 7 21 20
6 7 21 21
6 8 21 11
6 8 21 12
6 8 21 15
6 8 21 18
6 8 21 19
6 8 21 20
6 8 21 21
6 11 21 15
6 11 21 18
6 11 21 19
6 11 21 20
6 11 21 21
6 12 21 15
6 12 21 18
6 12 21 19
6 12 21 20
6 12 21 21
6 15 21 18
6 15 21 19
6 15 21 20
6 15 21 21
6 7 22 11
6 7 22 12
6 7 22 15
6 7 22 18
6 7 22 19
6 7 22 20
6 7 22 21
6 8 22 11
6 8 22 12
6 8 22 15
6 8 22 18
6 8 22 19
6 8 22 20
6 8 22 21
6 11 22 15
6 11 22 18
6 11 22 19
6 11 22 20
6 11 22 21
6 12 22 15
6 12 22 18
6 12 22 19
6 12 22 20
6 12 22 21
6 15 22 18
6 15 22 19
6 15 22 20
6 15 22 21
6 7 23 11
6 7 23 12
6 7 23 15
6 7 23 18
6 7 23 19
6 7 23 20
6 7 23 21
6 8 23 11
6 8 23 12
6 8 23 15
6 8 23 18
6 8 23 19
6 8 23 20
6 8 23 21
6 11 23 15
6 11 23 18
6 11 23 19
6 11 23 20
6 11 23 21
6 12 23 15
6 12 23 18
6 12 23 19
6 12 23 20
6 12 23 21
6 15 23 18
6 15 23 19
6 15 23 20
6 15 23 21
6 7 24 11
6 7 24 12
6 7 24 15
6 7 24 18
6 7 24 19
6 7 24 20
6 8 24 11
6 8 24 12
6 8 24 15
6 8 24 18
6 8 24 19
6 8 24 20
6 11 24 15
6 11 24 18
6 11 24 19
6 11 24 20
6 12 24 15
6 12 24 18
6 12 24 19
6 12 24 20
6 15 24 18
6 15 24 19
6 15 24 20
7 1 13 4
7 2 13 4
7 4 16 7
7 4 16 8
7 1 17 4
7 1 17 7
7 1 17 8
7 2 17 4
7 2 17 7
7 2 17 8
7 4 17 7
7 4 17 8
7 1 19 4
7 1 19 7
7 1 19 8
7 4 19 7
7 4 19 8
7 1 20 4
7 1 20 7
7 1 20 8
7 4 20 7
7 4 20 8
7 1 22 4
7 1 22 7
7 1 22 8
7 4 22 7
7 4 22 8
7 1 24 4
7 1 24 7
7 1 24 8
7 4 24 7
7 4 24 8
9 6 11 10
9 6 11 11
9 6 11 12
9 6 11 13
9 6 11 14
9 6 11 15
9 6 11 16
9 6 11 17
9 6 11 18
9 6 11 19
9 6 11 20
9 6 11 21
9 6 11 22
9 7 11 10
9 7 11 11
9 7 11 12
9 7 11 13
9 7 11 14
9 7 11 15
9 7 11 16
9 7 11 17
9 7 11 18
9 7 11 19
9 7 11 20
9 7 11 21
9 7 11 22
9 8 11 10
9 8 11 11
9 8 11 12
9 8 11 13
9 8 11 14
9 8 11 15
9 8 11 16
9 8 11 17
9 8 11 18
9 8 11 19
9 8 11 20
9 8 11 21
9 8 11 22
9 6 12 10
9 6 12 11
9 6 12 12
9 7 12 10
9 7 12 11
9 7 12 12
9 8 12 10
9 8 12 11
9 8 12 12
9 10 14 15
9 10 14 16
9 10 14 17
9 10 14 18
9 10 14 19
9 10 14 20
9 10 14 21
9 10 14 22
9 11 14 15
9 11 14 16
9 11 14 17
9 11 14 18
9 11 14 19
9 11 14 20
9 11 14 21
9 11 14 22
9 12 14 15
9 12 14 16
9 12 14 17
9 12 14 18
9 12 14 19
9 12 14 20
9 12 14 21
9 12 14 22
9 7 16 10
9 7 16 11
9 7 16 12
9 7 16 15
9 7 16 16
9 7 16 17
9 7 16 18
9 7 16 19
9 7 16 20
9 7 16 21
9 7 16 22
9 8 16 10
9 8 16 11
9 8 16 12
9 8 16 15
9 8 16 16
9 8 16 17
9 8 16 18
9 8 16 19
9 8 16 20
9 8 16 21
9 8 16 22
9 10 16 15
9 10 16 16
9 10 16 17
9 10 16 18
9 10 16 19
9 10 16 20
9 10 16 21
9 10 16 22
9 11 16 15
9 11 16 16
9 11 16 17
9 11 16 18
9 11 16 19
9 11 16 20
9 11 16 21
9 11 16 22
9 12 16 15
9 12 16 16
9 12 16 17
9 12 16 18
9 12 16 19
9 12 16 20
9 12 16 21
9 12 16 22
9 7 17 10
9 7 17 11
9 7 17 12
9 7 17 15
9 7 17 16
9 7 17 17
9 7 17 18
9 7 17 19
9 7 17 20
9 7 17 21
9 7 17 22
9 8 17 10
9 8 17 11
9 8 17 12
9 8 17 15
9 8 17 16
9 8 17 17
9 8 17 18
9 8 17 19
9 8 17 20
9 8 17 21
9 8 17 22
9 10 17 15
9 10 17 16
9 10 17 17
9 10 17 18
9 10 17 19
9 10 17 20
9 10 17 21
9 10 17 22
9 11 17 15
9 11 17 16
9 11 17 17
9 11 17 18
9 11 17 19
9 11 17 20
9 11 17 21
9 11 17 22
9 12 17 15
9 12 17 16
9 12 17 17
9 12 17 18
9 12 17 19
9 12 17 20
9 12 17 21
9 12 17 22
9 7 18 10
9 7 18 11
9 7 18 12
9 8 18 10
9 8 18 11
9 8 18 12
9 7 19 10
9 7 19 11
9 7 19 12
9 7 19 15
9 7 19 16
9 7 19 17
9 7 19 18
9 7 19 19
9 7 19 20
9 7 19 21
9 7 19 22
9 8 19 10
9 8 19 11
9 8 19 12
9 8 19 15
9 8 19 16
9 8 19 17
9 8 19 18
9 8 19 19
9 8 19 20
9 8 19 21
9 8 19 22
9 10 19 15
9 10 19 16
9 10 19 17
9 10 19 18
9 10 19 19
9 10 19 20
9 10 19 21
9 10 19 22
9 11 19 15
9 11 19 16
9 11 19 17
9 11 19 18
9 11 19 19
9 11 19 20
9 11 19 21
9 11 19 22
9 12 19 15
9 12 19 16
9 12 19 17
9 12 19 18
9 12 19 19
9 12 19 20
9 12 19 21
9 12 19 22
9 7 20 10
9 7 20 11
9 7 20 12
9 7 20 15
9 7 20 16
9 7 20 17
9 7 20 18
9 7 20 19
9 7 20 20
9 7 20 21
9 7 20 22
9 8 20 10
9 8 20 11
9 8 20 12
9 8 20 15
9 8 20 16
9 8 20 17
9 8 20 18
9 8 20 19
9 8 20 20
9 8 20 21
9 8 20 22
9 10 20 15
9 10 20 16
9 10 20 17
9 10 20 18
9 10 20 19
9 10 20 20
9 10 20 21
9 10 20 22
9 11 20 15
9 11 20 16
9 11 20 17
9 11 20 18
9 11 20 19
9 11 20 20
9 11 20 21
9 11 20 22
9 12 20 15
9 12 20 16
9 12 20 17
9 12 20 18
9 12 20 19
9 12 20 20
9 12 20 21
9 12 20 22
9 7 21 10
9 7 21 11
9 7 21 12
9 7 21 15
9 7 21 16
9 7 21 17
9 7 21 18
9 7 21 19
9 7 21 20
9 7 21 21
9 7 21 22
9 8 21 10
9 8 21 11
9 8 21 12
9 8 21 15
9 8 21 16
9 8 21 17
9 8 21 18
9 8 21 19
9 8 21 20
9 8 21 21
9 8 21 22
9 10 21 15
9 10 21 16
9 10 21 17
9 10 21 18
9 10 21 19
9 10 21 20
9 10 21 21
9 10 21 22
9 11 21 15
9 11 21 16
9 11 21 17
9 11 21 18
9 11 21 19
9 11 21 20
9 11 21 21
9 11 21 22
9 12 21 15
9 12 21 16
9 12 21 17
9 12 21 18
9 12 21 19
9 12 21 20
9 12 21 21
9 12 21 22
9 7 22 10
9 7 22 11
9 7 22 12
9 7 22 15
9 7 22 16
9 7 22 17
9 7 22 18
9 7 22 19
9 7 22 20
9 7 22 21
9 7 22 22
9 8 22 10
9 8 22 11
9 8 22 12
9 8 22 15
9 8 22 16
9 8 22 17
9 8 22 18
9 8 22 19
9 8 22 20
9 8 22 21
9 8 22 22
9 10 22 15
9 10 22 16
9 10 22 17
9 10 22 18
9 10 22 19
9 10 22 20
9 10 22 21
9 10 22 22
9 11 22 15
9 11 22 16
9 11 22 17
9 11 22 18
9 11 22 19
9 11 22 20
9 11 22 21
9 11 22 22
9 12 22 15
9 12 22 16
9 12 22 17
9 12 22 18
9 12 22 19
9 12 22 20
9 12 22 21
9 12 22 22
9 7 23 10
9 7 23 11
9 7 23 12
9 7 23 15
9 7 23 16
9 7 23 17
9 7 23 18
9 7 23 19
9 7 23 20
9 7 23 21
9 7 23 22
9 8 23 10
9 8 23 11
9 8 23 12
9 8 23 15
9 8 23 16
9 8 23 17
9 8 23 18
9 8 23 19
9 8 23 20
9 8 23 21
9 8 23 22
9 10 23 15
9 10 23 16
9 10 23 17
9 10 23 18
9 10 23 19
9 10 23 20
9 10 23 21
9 10 23 22
9 11 23 15
9 11 23 16
9 11 23 17
9 11 23 18
9 11 23 19
9 11 23 20
9 11 23 21
9 11 23 22
9 12 23 15
9 12 23 16
9 12 23 17
9 12 23 18
9 12 23 19
9 12 23 20
9 12 23 21
9 12 23 22
9 7 24 10
9 7 24 11
9 7 24 12
9 7 24 15
9 7 24 16
9 7 24 17
9 7 24 18
9 7 24 19
9 7 24 20
9 8 24 10
9 8 24 11
9 8 24 12
9 8 24 15
9 8 24 16
9 8 24 17
9 8 24 18
9 8 24 19
9 8 24 20
9 10 24 15
9 10 24 16
9 10 24 17
9 10 24 18
9 10 24 19
9 10 24 20
9 11 24 15
9 11 24 16
9 11 24 17
9 11 24 18
9 11 24 19
9 11 24 20
9 12 24 15
9 12 24 16
9 12 24 17
9 12 24 18
9 12 24 19
9 12 24 20
10 10 14 15
10 10 14 16
10 10 14 17
10 10 14 18
10 10 14 19
10 10 14 20
10 10 14 21
10 10 14 22
10 11 14 15
10 11 14 16
10 11 14 17
10 11 14 18
10 11 14 19
10 11 14 20
10 11 14 21
10 11 14 22
10 12 14 15
10 12 14 16
10 12 14 17
10 12 14 18
10 12 14 19
10 12 14 20
10 12 14 21
10 12 14 22
10 10 16 15
10 10 16 16
10 10 16 17
10 10 16 18
10 10 16 19
10 10 16 20
10 10 16 21
10 10 16 22
10 11 16 15
10 11 16 16
10 11 16 17
10 11 16 18
10 11 16 19
10 11 16 20
10 11 16 21
10 11 16 22
10 12 16 15
10 12 16 16
10 12 16 17
10 12 16 18
10 12 16 19
10 12 16 20
10 12 16 21
10 12 16 22
10 10 17 15
10 10 17 16
10 10 17 17
10 10 17 18
10 10 17 19
10 10 17 20
10 10 17 21
10 10 17 22
10 11 17 15
10 11 17 16
10 11 17 17
10 11 17 18
10 11 17 19
10 11 17 20
10 11 17 21
10 11 17 22
10 12 17 15
10 12 17 16
10 12 17 17
10 12 17 18
10 12 17 19
10 12 17 20
10 12 17 21
10 12 17 22
10 10 19 15
10 10 19 16
10 10 19 17
10 10 19 18
10 10 19 19
10 10 19 20
10 10 19 21
10 10 19 22
10 11 19 15
10 11 19 16
10 11 19 17
10 11 19 18
10 11 19 19
10 11 19 20
10 11 19 21
10 11 19 22
10 12 19 15
10 12 19 16
10 12 19 17
10 12 19 18
10 12 19 19
10 12 19 20
10 12 19 21
10 12 19 22
10 10 20 15
10 10 20 16
10 10 20 17
10 10 20 18
10 10 20 19
10 10 20 20
10 10 20 21
10 10 20 22
10 11 20 15
10 11 20 16
10 11 20 17
10 11 20 18
10 11 20 19
10 11 20 20
10 11 20 21
10 11 20 22
10 12 20 15
10 12 20 16
10 12 20 17
10 12 20 18
10 12 20 19
10 12 20 20
10 12 20 21
10 12 20 22
10 10 21 15
10 10 21 16
10 10 21 17
10 10 21 18
10 10 21 19
10 10 21 20
10 10 21 21
10 10 21 22
10 11 21 15
10 11 21 16
10 11 21 17
10 11 21 18
10 11 21 19
10 11 21 20
10 11 21 21
10 11 21 22
10 12 21 15
10 12 21 16
10 12 21 17
10 12 21 18
10 12 21 19
10 12 21 20
10 12 21 21
10 12 21 22
10 10 22 15
10 10 22 16
10 10 22 17
10 10 22 18
10 10 22 19
10 10 22 20
10 10 22 21
10 10 22 22
10 11 22 15
10 11 22 16
10 11 22 17
10 11 22 18
10 11 22 19
10 11 22 20
10 11 22 21
10 11 22 22
10 12 22 15
10 12 22 16
10 12 22 17
10 12 22 18
10 12 22 19
10 12 22 20
10 12 22 21
10 12 22 22
10 10 23 15
10 10 23 16
10 10 23 17
10 10 23 18
10 10 23 19
10 10 23 20
10 10 23 21
10 10 23 22
10 11 23 15
10 11 23 16
10 11 23 17
10 11 23 18
10 11 23 19
10 11 23 20
10 11 23 21
10 11 23 22
10 12 23 15
10 12 23 16
10 12 23 17
10 12 23 18
10 12 23 19
10 12 23 20
10 12 23 21
10 12 23 22
10 10 24 15
10 10 24 16
10 10 24 17
10 10 24 18
10 10 24 19
10 10 24 20
10 11 24 15
10 11 24 16
10 11 24 17
10 11 24 18
10 11 24 19
10 11 24 20
10 12 24 15
10 12 24 16
10 12 24 17
10 12 24 18
10 12 24 19
10 12 24 20
11 10 14 15
11 10 14 16
11 10 14 17
11 10 14 18
11 10 14 19
11 10 14 20
11 10 14 21
11 10 14 22
11 11 14 15
11 11 14 16
11 11 14 17
11 11 14 18
11 11 14 19
11 11 14 20
11 11 14 21
11 11 14 22
11 12 14 15
11 12 14 16
11 12 14 17
11 12 14 18
11 12 14 19
11 12 14 20
11 12 14 21
11 12 14 22
11 7 16 10
11 7 16 11
11 7 16 12
11 7 16 15
11 7 16 16
11 7 16 17
11 7 16 18
11 7 16 19
11 7 16 20
11 7 16 21
11 7 16 22
11 8 16 10
11 8 16 11
11 8 16 12
11 8 16 15
11 8 16 16
11 8 16 17
11 8 16 18
11 8 16 19
11 8 16 20
11 8 16 21
11 8 16 22
11 10 16 15
11 10 16 16
11 10 16 17
11 10 16 18
11 10 16 19
11 10 16 20
11 10 16 21
11 10 16 22
11 11 16 15
11 11 16 16
11 11 16 17
11 11 16 18
11 11 16 19
11 11 16 20
11 11 16 21
11 11 16 22
11 12 16 15
11 12 16 16
11 12 16 17
11 12 16 18
11 12 16 19
11 12 16 20
11 12 16 21
11 12 16 22
11 7 17 10
11 7 17 11
11 7 17 12
11 7 17 15
11 7 17 16
11 7 17 17
11 7 17 18
11 7 17 19
11 7 17 20
11 7 17 21
11 7 17 22
11 8 17 10
11 8 17 11
11 8 17 12
11 8 17 15
11 8 17 16
11 8 17 17
11 8 17 18
11 8 17 19
11 8 17 20
11 8 17 21
11 8 17 22
11 10 17 15
11 10 17 16
11 10 17 17
11 10 17 18
11 10 17 19
11 10 17 20
11 10 17 21
11 10 17 22
11 11 17 15
11 11 17 16
11 11 17 17
11 11 17 18
11 11 17 19
11 11 17 20
11 11 17 21
11 11 17 22
11 12 17 15
11 12 17 16
11 12 17 17
11 12 17 18
11 12 17 19
11 12 17 20
11 12 17 21
11 12 17 22
11 7 18 10
11 7 18 11
11 7 18 12
11 8 18 10
11 8 18 11
11 8 18 12
11 7 19 10
11 7 19 11
11 7 19 12
11 7 19 15
11 7 19 16
11 7 19 17
11 7 19 18
11 7 19 19
11 7 19 20
11 7 19 21
11 7 19 22
11 8 19 10
11 8 19 11
11 8 19 12
11 8 19 15
11 8 19 16
11 8 19 17
11 8 19 18
11 8 19 19
11 8 19 20
11 8 19 21
11 8 19 22
11 10 19 15
11 10 19 16
11 10 19 17
11 10 19 18
11 10 19 19
11 10 19 20
11 10 19 21
11 10 19 22
11 11 19 15
11 11 19 16
11 11 19 17
11 11 19 18
11 11 19 19
11 11 19 20
11 11 19 21
11 11 19 22
11 12 19 15
11 12 19 16
11 12 19 17
11 12 19 18
11 12 19 19
11 12 19 20
11 12 19 21
11 12 19 22
11 7 20 10
11 7 20 11
11 7 20 12
11 7 20 15
11 7 20 16
11 7 20 17
11 7 20 18
11 7 20 19
11 7 20 20
11 7 20 21
11 7 20 22
11 8 20 10
11 8 20 11
11 8 20 12
11 8 20 15
11 8 20 16
11 8 20 17
11 8 20 18
11 8 20 19
11 8 20 20
11 8 20 21
11 8 20 22
11 10 20 15
11 10 20 16
11 10 20 17
11 10 20 18
11 10 20 19
11 10 20 20
11 10 20 21
11 10 20 22
11 11 20 15
11 11 20 16
11 11 20 17
11 11 20 18
11 11 20 19
11 11 20 20
11 11 20 21
11 11 20 22
11 12 20 15
11 12 20 16
11 12 20 17
11 12 20 18
11 12 20 19
11 12 20 20
11 12 20 21
11 12 20 22
11 7 21 10
11 7 21 11
11 7 21 12
11 7 21 15
11 7 21 16
11 7 21 17
11 7 21 18
11 7 21 19
11 7 21 20
11 7 21 21
11 7 21 22
11 8 21 10
11 8 21 11
11 8 21 12
11 8 21 15
11 8 21 16
11 8 21 17
11 8 21 18
11 8 21 19
11 8 21 20
11 8 21 21
11 8 21 22
11 10 21 15
11 10 21 16
11 10 21 17
11 10 21 18
11 10 21 19
11 10 21 20
11 10 21 21
11 10 21 22
11 11 21 15
11 11 21 16
11 11 21 17
11 11 21 18
11 11 21 19
11 11 21 20
11 11 21 21
11 11 21 22
11 12 21 15
11 12 21 16
11 12 21 17
11 12 21 18
11 12 21 19
11 12 21 20
11 12 21 21
11 12 21 22
11 7 22 10
11 7 22 11
11 7 22 12
11 7 22 15
11 7 22 16
11 7 22 17
11 7 22 18
11 7 22 19
11 7 22 20
11 7 22 21
11 7 22 22
11 8 22 10
11 8 22 11
11 8 22 12
11 8 22 15
11 8 22 16
11 8 22 17
11 8 22 18
11 8 22 19
11 8 22 20
11 8 22 21
11 8 22 22
11 10 22 15
11 10 22 16
11 10 22 17
11 10 22 18
11 10 22 19
11 10 22 20
11 10 22 21
11 10 22 22
11 11 22 15
11 11 22 16
11 11 22 17
11 11 22 18
11 11 22 19
11 11 22 20
11 11 22 21
11 11 22 22
11 12 22 15
11 12 22 16
11 12 22 17
11 12 22 18
11 12 22 19
11 12 22 20
11 12 22 21
11 12 22 22
11 7 23 10
11 7 23 11
11 7 23 12
11 7 23 15
11 7 23 16
11 7 23 17
11 7 23 18
11 7 23 19
11 7 23 20
11 7 23 21
11 7 23 22
11 8 23 10
11 8 23 11
11 8 23 12
11 8 23 15
11 8 23 16
11 8 23 17
11 8 23 18
11 8 23 19
11 8 23 20
11 8 23 21
11 8 23 22
11 10 23 15
11 10 23 16
11 10 23 17
11 10 23 18
11 10 23 19
11 10 23 20
11 10 23 21
11 10 23 22
11 11 23 15
11 11 23 16
11 11 23 17
11 11 23 18
11 11 23 19
11 11 23 20
11 11 23 21
11 11 23 22
11 12 23 15
11 12 23 16
11 12 23 17
11 12 23 18
11 12 23 19
11 12 23 20
11 12 23 21
11 12 23 22
11 7 24 10
11 7 24 11
11 7 24 12
11 7 24 15
11 7 24 16
11 7 24 17
11 7 24 18
11 7 24 19
11 7 24 20
11 8 24 10
11 8 24 11
11 8 24 12
11 8 24 15
11 8 24 16
11 8 24 17
11 8 24 18
11 8 24 19
11 8 24 20
11 10 24 15
11 10 24 16
11 10 24 17
11 10 24 18
11 10 24 19
11 10 24 20
11 11 24 15
11 11 24 16
11 11 24 17
11 11 24 18
11 11 24 19
11 11 24 20
11 12 24 15
11 12 24 16
11 12 24 17
11 12 24 18
11 12 24 19
11 12 24 20
12 7 16 10
12 7 16 11
12 7 16 12
12 8 16 10
12 8 16 11
12 8 16 12
12 7 17 10
12 7 17 11
12 7 17 12
12 8 17 10
12 8 17 11
12 8 17 12
12 7 18 10
12 7 18 11
12 7 18 12
12 8 18 10
12 8 18 11
12 8 18 12
12 7 19 10
12 7 19 11
12 7 19 12
12 8 19 10
12 8 19 11
12 8 19 12
12 7 20 10
12 7 20 11
12 7 20 12
12 8 20 10
12 8 20 11
12 8 20 12
12 7 21 10
12 7 21 11
12 7 21 12
12 8 21 10
12 8 21 11
12 8 21 12
12 7 22 10
12 7 22 11
12 7 22 12
12 8 22 10
12 8 22 11
12 8 22 12
12 7 23 10
12 7 23 11
12 7 23 12
12 8 23 10
12 8 23 11
12 8 23 12
12 7 24 10
12 7 24 11
12 7 24 12
12 8 24 10
12 8 24 11
12 8 24 12
13 1 17 4
13 2 17 4
13 1 19 4
13 1 20 4
13 1 22 4
13 1 24 4
14 10 16 15
14 10 16 16
14 10 16 17
14 10 16 18
14 10 16 19
14 10 16 20
14 10 16 21
14 10 16 22
14 11 16 15
14 11 16 16
14 11 16 17
14 11 16 18
14 11 16 19
14 11 16 20
14 11 16 21
14 11 16 22
14 12 16 15
14 12 16 16
14 12 16 17
14 12 16 18
14 12 16 19
14 12 16 20
14 12 16 21
14 12 16 22
14 10 17 15
14 10 17 16
14 10 17 17
14 10 17 18
14 10 17 19
14 10 17 20
14 10 17 21
14 10 17 22
14 11 17 15
14 11 17 16
14 11 17 17
14 11 17 18
14 11 17 19
14 11 17 20
14 11 17 21
14 11 17 22
14 12 17 15
14 12 17 16
14 12 17 17
14 12 17 18
14 12 17 19
14 12 17 20
14 12 17 21
14 12 17 22
14 10 19 15
14 10 19 16
14 10 19 17
14 10 19 18
14 10 19 19
14 10 19 20
14 10 19 21
14 10 19 22
14 11 19 15
14 11 19 16
14 11 19 17
14 11 19 18
14 11 19 19
14 11 19 20
14 11 19 21
14 11 19 22
14 12 19 15
14 12 19 16
14 12 19 17
14 12 19 18
14 12 19 19
14 12 19 20
14 12 19 21
14 12 19 22
14 10 20 15
14 10 20 16
14 10 20 17
14 10 20 18
14 10 20 19
14 10 20 20
14 10 20 21
14 10 20 22
14 11 20 15
14 11 20 16
14 11 20 17
14 11 20 18
14 11 20 19
14 11 20 20
14 11 20 21
14 11 20 22
14 12 20 15
14 12 20 16
14 12 20 17
14 12 20 18
14 12 20 19
14 12 20 20
14 12 20 21
14 12 20 22
14 10 21 15
14 10 21 16
14 10 21 17
14 10 21 18
14 10 21 19
14 10 21 20
14 10 21 21
14 10 21 22
14 11 21 15
14 11 21 16
14 11 21 17
14 11 21 18
14 11 21 19
14 11 21 20
14 11 21 21
14 11 21 22
14 12 21 15
14 12 21 16
14 12 21 17
14 12 21 18
14 12 21 19
14 12 21 20
14 12 21 21
14 12 21 22
14 10 22 15
14 10 22 16
14 10 22 17
14 10 22 18
14 10 22 19
14 10 22 20
14 10 22 21
14 10 22 22
14 11 22 15
14 11 22 16
14 11 22 17
14 11 22 18
14 11 22 19
14 11 22 20
14 11 22 21
14 11 22 22
14 12 22 15
14 12 22 16
14 12 22 17
14 12 22 18
14 12 22 19
14 12 22 20
14 12 22 21
14 12 22 22
14 10 23 15
14 10 23 16
14 10 23 17
14 10 23 18
14 10 23 19
14 10 23 20
14 10 23 21
14 10 23 22
14 11 23 15
14 11 23 16
14 11 23 17
14 11 23 18
14 11 23 19
14 11 23 20
14 11 23 21
14 11 23 22
14 12 23 15
14 12 23 16
14 12 23 17
14 12 23 18
14 12 23 19
14 12 23 20
14 12 23 21
14 12 23 22
14 10 24 15
14 10 24 16
14 10 24 17
14 10 24 18
14 10 24 19
14 10 24 20
14 11 24 15
14 11 24 16
14 11 24 17
14 11 24 18
14 11 24 19
14 11 24 20
14 12 24 15
14 12 24 16
14 12 24 17
14 12 24 18
14 12 24 19
14 12 24 20
16 4 19 7
16 4 19 8
16 4 19 9
16 4 19 10
16 4 19 11
16 4 19 12
16 4 19 15
16 4 19 16
16 4 19 17
16 4 19 18
16 4 19 19
16 4 19 20
16 4 19 21
16 4 19 22
16 7 19 15
16 7 19 16
16 7 19 17
16 7 19 18
16 7 19 19
16 7 19 20
16 7 19 21
16 7 19 22
16 8 19 15
16 8 19 16
16 8 19 17
16 8 19 18
16 8 19 19
16 8 19 20
16 8 19 21
16 8 19 22
16 9 19 15
16 9 19 16
16 9 19 17
16 9 19 18
16 9 19 19
16 9 19 20
16 9 19 21
16 9 19 22
16 10 19 15
16 10 19 16
16 10 19 17
16 10 19 18
16 10 19 19
16 10 19 20
16 10 19 21
16 10 19 22
16 11 19 15
16 11 19 16
16 11 19 17
16 11 19 18
16 11 19 19
16 11 19 20
16 11 19 21
16 11 19 22
16 12 19 15
16 12 19 16
16 12 19 17
16 12 19 18
16 12 19 19
16 12 19 20
16 12 19 21
16 12 19 22
16 4 20 7
16 4 20 8
16 4 20 9
16 4 20 10
16 4 20 11
16 4 20 12
16 4 20 15
16 4 20 16
16 4 20 17
16 4 20 18
16 4 20 19
16 4 20 20
16 4 20 21
16 4 20 22
16 7 20 15
16 7 20 16
16 7 20 17
16 7 20 18
16 7 20 19
16 7 20 20
16 7 20 21
16 7 20 22
16 8 20 15
16 8 20 16
16 8 20 17
16 8 20 18
16 8 20 19
16 8 20 20
16 8 20 21
16 8 20 22
16 9 20 15
16 9 20 16
16 9 20 17
16 9 20 18
16 9 20 19
16 9 20 20
16 9 20 21
16 9 20 22
16 10 20 15
16 10 20 16
16 10 20 17
16 10 20 18
16 10 20 19
16 10 20 20
16 10 20 21
16 10 20 22
16 11 20 15
16 11 20 16
16 11 20 17
16 11 20 18
16 11 20 19
16 11 20 20
16 11 20 21
16 11 20 22
16 12 20 15
16 12 20 16
16 12 20 17
16 12 20 18
16 12 20 19
16 12 20 20
16 12 20 21
16 12 20 22
16 7 21 15
16 7 21 16
16 7 21 17
16 7 21 18
16 7 21 19
16 7 21 20
16 7 21 21
16 7 21 22
16 8 21 15
16 8 21 16
16 8 21 17
16 8 21 18
16 8 21 19
16 8 21 20
16 8 21 21
16 8 21 22
16 9 21 15
16 9 21 16
16 9 21 17
16 9 21 18
16 9 21 19
16 9 21 20
16 9 21 21
16 9 21 22
16 10 21 15
16 10 21 16
16 10 21 17
16 10 21 18
16 10 21 19
16 10 21 20
16 10 21 21
16 10 21 22
16 11 21 15
16 11 21 16
16 11 21 17
16 11 21 18
16 11 21 19
16 11 21 20
16 11 21 21
16 11 21 22
16 12 21 15
16 12 21 16
16 12 21 17
16 12 21 18
16 12 21 19
16 12 21 20
16 12 21 21
16 12 21 22
16 4 22 7
16 4 22 8
16 4 22 9
16 4 22 10
16 4 22 11
16 4 22 12
16 4 22 15
16 4 22 16
16 4 22 17
16 4 22 18
16 4 22 19
16 4 22 20
16 4 22 21
16 4 22 22
16 7 22 15
16 7 22 16
16 7 22 17
16 7 22 18
16 7 22 19
16 7 22 20
16 7 22 21
16 7 22 22
16 8 22 15
16 8 22 16
16 8 22 17
16 8 22 18
16 8 22 19
16 8 22 20
16 8 22 21
16 8 22 22
16 9 22 15
16 9 22 16
16 9 22 17
16 9 22 18
16 9 22 19
16 9 22 20
16 9 22 21
16 9 22 22
16 10 22 15
16 10 22 16
16 10 22 17
16 10 22 18
16 10 22 19
16 10 22 20
16 10 22 21
16 10 22 22
16 11 22 15
16 11 22 16
16 11 22 17
16 11 22 18
16 11 22 19
16 11 22 20
16 11 22 21
16 11 22 22
16 12 22 15
16 12 22 16
16 12 22 17
16 12 22 18
16 12 22 19
16 12 22 20
16 12 22 21
16 12 22 22
16 7 23 15
16 7 23 16
16 7 23 17
16 7 23 18
16 7 23 19
16 7 23 20
16 7 23 21
16 7 23 22
16 8 23 15
16 8 23 16
16 8 23 17
16 8 23 18
16 8 23 19
16 8 23 20
16 8 23 21
16 8 23 22
16 9 23 15
16 9 23 16
16 9 23 17
16 9 23 18
16 9 23 19
16 9 23 20
16 9 23 21
16 9 23 22
16 10 23 15
16 10 23 16
16 10 23 17
16 10 23 18
16 10 23 19
16 10 23 20
16 10 23 21
16 10 23 22
16 11 23 15
16 11 23 16
16 11 23 17
16 11 23 18
16 11 23 19
16 11 23 20
16 11 23 21
16 11 23 22
16 12 23 15
16 12 23 16
16 12 23 17
16 12 23 18
16 12 23 19
16 12 23 20
16 12 23 21
16 12 23 22
16 4 24 7
16 4 24 8
16 4 24 9
16 4 24 10
16 4 24 11
16 4 24 12
16 4 24 15
16 4 24 16
16 4 24 17
16 4 24 18
16 4 24 19
16 4 24 20
16 7 24 15
16 7 24 16
16 7 24 17
16 7 24 18
16 7 24 19
16 7 24 20
16 8 24 15
16 8 24 16
16 8 24 17
16 8 24 18
16 8 24 19
16 8 24 20
16 9 24 15
16 9 24 16
16 9 24 17
16 9 24 18
16 9 24 19
16 9 24 20
16 10 24 15
16 10 24 16
16 10 24 17
16 10 24 18
16 10 24 19
16 10 24 20
16 11 24 15
16 11 24 16
16 11 24 17
16 11 24 18
16 11 24 19
16 11 24 20
16 12 24 15
16 12 24 16
16 12 24 17
16 12 24 18
16 12 24 19
16 12 24 20
17 1 19 4
17 1 19 7
17 1 19 8
17 1 19 9
17 1 19 10
17 1 19 11
17 1 19 12
17 1 19 15
17 1 19 16
17 1 19 17
17 1 19 18
17 1 19 19
17 1 19 20
17 1 19 21
17 1 19 22
17 4 19 7
17 4 19 8
17 4 19 9
17 4 19 10
17 4 19 11
17 4 19 12
17 4 19 15
17 4 19 16
17 4 19 17
17 4 19 18
17 4 19 19
17 4 19 20
17 4 19 21
17 4 19 22
17 7 19 15
17 7 19 16
17 7 19 17
17 7 19 18
17 7 19 19
17 7 19 20
17 7 19 21
17 7 19 22
17 8 19 15
17 8 19 16
17 8 19 17
17 8 19 18
17 8 19 19
17 8 19 20
17 8 19 21
17 8 19 22
17 9 19 15
17 9 19 16
17 9 19 17
17 9 19 18
17 9 19 19
17 9 19 20
17 9 19 21
17 9 19 22
17 10 19 15
17 10 19 16
17 10 19 17
17 10 19 18
17 10 19 19
17 10 19 20
17 10 19 21
17 10 19 22
17 11 19 15
17 11 19 16
17 11 19 17
17 11 19 18
17 11 19 19
17 11 19 20
17 11 19 21
17 11 19 22
17 12 19 15
17 12 19 16
17 12 19 17
17 12 19 18
17 12 19 19
17 12 19 20
17 12 19 21
17 12 19 22
17 1 20 4
17 1 20 7
17 1 20 8
17 1 20 9
17 1 20 10
17 1 20 11
17 1 20 12
17 1 20 15
17 1 20 16
17 1 20 17
17 1 20 18
17 1 20 19
17 1 20 20
17 1 20 21
17 1 20 22
17 4 20 7
17 4 20 8
17 4 20 9
17 4 20 10
17 4 20 11
17 4 20 12
17 4 20 15
17 4 20 16
17 4 20 17
17 4 20 18
17 4 20 19
17 4 20 20
17 4 20 21
17 4 20 22
17 7 20 15
17 7 20 16
17 7 20 17
17 7 20 18
17 7 20 19
17 7 20 20
17 7 20 21
17 7 20 22
17 8 20 15
17 8 20 16
17 8 20 17
17 8 20 18
17 8 20 19
17 8 20 20
17 8 20 21
17 8 20 22
17 9 20 15
17 9 20 16
17 9 20 17
17 9 20 18
17 9 20 19
17 9 20 20
17 9 20 21
17 9 20 22
17 10 20 15
17 10 20 16
17 10 20 17
17 10 20 18
17 10 20 19
17 10 20 20
17 10 20 21
17 10 20 22
17 11 20 15
17 11 20 16
17 11 20 17
17 11 20 18
17 11 20 19
17 11 20 20
17 11 20 21
17 11 20 22
17 12 20 15
17 12 20 16
17 12 20 17
17 12 20 18
17 12 20 19
17 12 20 20
17 12 20 21
17 12 20 22
17 7 21 15
17 7 21 16
17 7 21 17
17 7 21 18
17 7 21 19
17 7 21 20
17 7 21 21
17 7 21 22
17 8 21 15
17 8 21 16
17 8 21 17
17 8 21 18
17 8 21 19
17 8 21 20
17 8 21 21
17 8 21 22
17 9 21 15
17 9 21 16
17 9 21 17
17 9 21 18
17 9 21 19
17 9 21 20
17 9 21 21
17 9 21 22
17 10 21 15
17 10 21 16
17 10 21 17
17 10 21 18
17 10 21 19
17 10 21 20
17 10 21 21
17 10 21 22
17 11 21 15
17 11 21 16
17 11 21 17
17 11 21 18
17 11 21 19
17 11 21 20
17 11 21 21
17 11 21 22
17 12 21 15
17 12 21 16
17 12 21 17
17 12 21 18
17 12 21 19
17 12 21 20
17 12 21 21
17 12 21 22
17 1 22 4
17 1 22 7
17 1 22 8
17 1 22 9
17 1 22 10
17 1 22 11
17 1 22 12
17 1 22 15
17 1 22 16
17 1 22 17
17 1 22 18
17 1 22 19
17 1 22 20
17 1 22 21
17 1 22 22
17 4 22 7
17 4 22 8
17 4 22 9
17 4 22 10
17 4 22 11
17 4 22 12
17 4 22 15
17 4 22 16
17 4 22 17
17 4 22 18
17 4 22 19
17 4 22 20
17 4 22 21
17 4 22 22
17 7 22 15
17 7 22 16
17 7 22 17
17 7 22 18
17 7 22 19
17 7 22 20
17 7 22 21
17 7 22 22
17 8 22 15
17 8 22 16
17 8 22 17
17 8 22 18
17 8 22 19
17 8 22 20
17 8 22 21
17 8 22 22
17 9 22 15
17 9 22 16
17 9 22 17
17 9 22 18
17 9 22 19
17 9 22 20
17 9 22 21
17 9 22 22
17 10 22 15
17 10 22 16
17 10 22 17
17 10 22 18
17 10 22 19
17 10 22 20
17 10 22 21
17 10 22 22
17 11 22 15
17 11 22 16
17 11 22 17
17 11 22 18
17 11 22 19
17 11 22 20
17 11 22 21
17 11 22 22
17 12 22 15
17 12 22 16
17 12 22 17
17 12 22 18
17 12 22 19
17 12 22 20
17 12 22 21
17 12 22 22
17 7 23 15
17 7 23 16
17 7 23 17
17 7 23 18
17 7 23 19
17 7 23 20
17 7 23 21
17 7 23 22
17 8 23 15
17 8 23 16
17 8 23 17
17 8 23 18
17 8 23 19
17 8 23 20
17 8 23 21
17 8 23 22
17 9 23 15
17 9 23 16
17 9 23 17
17 9 23 18
17 9 23 19
17 9 23 20
17 9 23 21
17 9 23 22
17 10 23 15
17 10 23 16
17 10 23 17
17 10 23 18
17 10 23 19
17 10 23 20
17 10 23 21
17 10 23 22
17 11 23 15
17 11 23 16
17 11 23 17
17 11 23 18
17 11 23 19
17 11 23 20
17 11 23 21
17 11 23 22
17 12 23 15
17 12 23 16
17 12 23 17
17 12 23 18
17 12 23 19
17 12 23 20
17 12 23 21
17 12 23 22
17 1 24 4
17 1 24 7
17 1 24 8
17 1 24 9
17 1 24 10
17 1 24 11
17 1 24 12
17 1 24 15
17 1 24 16
17 1 24 17
17 1 24 18
17 1 24 19
17 1 24 20
17 4 24 7
17 4 24 8
17 4 24 9
17 4 24 10
17 4 24 11
17 4 24 12
17 4 24 15
17 4 24 16
17 4 24 17
17 4 24 18
17 4 24 19
17 4 24 20
17 7 24 15
17 7 24 16
17 7 24 17
17 7 24 18
17 7 24 19
17 7 24 20
17 8 24 15
17 8 24 16
17 8 24 17
17 8 24 18
17 8 24 19
17 8 24 20
17 9 24 15
17 9 24 16
17 9 24 17
17 9 24 18
17 9 24 19
17 9 24 20
17 10 24 15
17 10 24 16
17 10 24 17
17 10 24 18
17 10 24 19
17 10 24 20
17 11 24 15
17 11 24 16
17 11 24 17
17 11 24 18
17 11 24 19
17 11 24 20
17 12 24 15
17 12 24 16
17 12 24 17
17 12 24 18
17 12 24 19
17 12 24 20
19 1 22 4
19 1 22 7
19 1 22 8
19 1 22 9
19 1 22 10
19 1 22 11
19 1 22 12
19 1 22 13
19 1 22 14
19 1 22 15
19 1 22 16
19 1 22 17
19 1 22 18
19 1 22 19
19 1 22 20
19 1 22 21
19 1 22 22
19 1 22 24
19 4 22 7
19 4 22 8
19 4 22 9
19 4 22 10
19 4 22 11
19 4 22 12
19 4 22 13
19 4 22 14
19 4 22 15
19 4 22 16
19 4 22 17
19 4 22 18
19 4 22 19
19 4 22 20
19 4 22 21
19 4 22 22
19 4 22 24
19 7 22 24
19 8 22 24
19 9 22 24
19 10 22 24
19 11 22 24
19 12 22 24
19 13 22 24
19 14 22 24
19 15 22 24
19 16 22 24
19 17 22 24
19 18 22 24
19 19 22 24
19 20 22 24
19 21 22 24
19 22 22 24
19 1 24 4
19 1 24 7
19 1 24 8
19 1 24 9
19 1 24 10
19 1 24 11
19 1 24 12
19 1 24 13
19 1 24 14
19 1 24 15
19 1 24 16
19 1 24 17
19 1 24 18
19 1 24 19
19 1 24 20
19 4 24 7
19 4 24 8
19 4 24 9
19 4 24 10
19 4 24 11
19 4 24 12
19 4 24 13
19 4 24 14
19 4 24 15
19 4 24 16
19 4 24 17
19 4 24 18
19 4 24 19
19 4 24 20
20 1 22 4
20 1 22 7
20 1 22 8
20 1 22 9
20 1 22 10
20 1 22 11
20 1 22 12
20 1 22 13
20 1 22 14
20 1 22 15
20 1 22 16
20 1 22 17
20 1 22 18
20 1 22 19
20 1 22 20
20 1 22 21
20 1 22 22
20 1 22 24
20 4 22 7
20 4 22 8
20 4 22 9
20 4 22 10
20 4 22 11
20 4 22 12
20 4 22 13
20 4 22 14
20 4 22 15
20 4 22 16
20 4 22 17
20 4 22 18
20 4 22 19
20 4 22 20
20 4 22 21
20 4 22 22
20 4 22 24
20 7 22 24
20 8 22 24
20 9 22 24
20 10 22 24
20 11 22 24
20 12 22 24
20 13 22 24
20 14 22 24
20 15 22 24
20 16 22 24
20 17 22 24
20 18 22 24
20 19 22 24
20 20 22 24
20 21 22 24
20 22 22 24
20 1 24 4
20 1 24 7
20 1 24 8
20 1 24 9
20 1 24 10
20 1 24 11
20 1 24 12
20 1 24 13
20 1 24 14
20 1 24 15
20 1 24 16
20 1 24 17
20 1 24 18
20 1 24 19
20 1 24 20
20 4 24 7
20 4 24 8
20 4 24 9
20 4 24 10
20 4 24 11
20 4 24 12
20 4 24 13
20 4 24 14
20 4 24 15
20 4 24 16
20 4 24 17
20 4 24 18
20 4 24 19
20 4 24 20
22 1 24 4
22 1 24 7
22 1 24 8
22 1 24 9
22 1 24 10
22 1 24 11
22 1 24 12
22 1 24 13
22 1 24 14
22 1 24 15
22 1 24 16
22 1 24 17
22 1 24 18
22 1 24 19
22 1 24 20
22 4 24 7
22 4 24 8
22 4 24 9
22 4 24 10
22 4 24 11
22 4 24 12
22 4 24 13
22 4 24 14
22 4 24 15
22 4 24 16
22 4 24 17
22 4 24 18
22 4 24 19
22 4 24 20
