15 11
00011111110
00011100010
01111111110
01011110110
01111110110
01011110110
01111110110
01111111110
01101110100
01111111110
01100110110
01100110110
01111111110
01111111110
00000000000
125
1 4 3 10
1 5 3 10
1 6 3 10
1 4 8 10
1 5 8 10
1 6 8 10
3 2 5 4
3 2 5 5
3 2 5 6
3 2 5 7
3 2 7 4
3 2 7 5
3 2 7 6
3 2 7 7
3 2 8 4
3 2 8 5
3 2 8 6
3 2 8 7
3 2 8 9
3 2 8 10
3 4 8 9
3 4 8 10
3 5 8 9
3 5 8 10
3 6 8 9
3 6 8 10
3 7 8 9
3 7 8 10
3 2 10 5
3 2 10 6
3 2 10 7
3 2 10 9
3 5 10 9
3 6 10 9
3 7 10 9
3 2 13 6
3 2 13 7
3 2 13 9
3 6 13 9
3 7 13 9
3 2 14 6
3 2 14 7
3 2 14 9
3 6 14 9
3 7 14 9
5 2 7 4
5 2 7 5
5 2 7 6
5 2 7 7
5 2 8 4
5 2 8 5
5 2 8 6
5 2 8 7
5 2 10 5
5 2 10 6
5 2 10 7
5 2 13 6
5 2 13 7
5 2 14 6
5 2 14 7
7 2 10 5
7 2 10 6
7 2 10 7
7 3 10 5
7 3 10 6
7 3 10 7
7 2 13 6
7 2 13 7
7 3 13 6
7 3 13 7
7 2 14 6
7 2 14 7
7 3 14 6
7 3 14 7
8 2 10 5
8 2 10 6
8 2 10 7
8 2 10 9
8 3 10 5
8 3 10 6
8 3 10 7
8 3 10 9
8 5 10 9
8 6 10 9
8 7 10 9
8 2 13 6
8 2 13 7
8 2 13 9
8 3 13 6
8 3 13 7
8 3 13 9
8 6 13 9
8 7 13 9
8 2 14 6
8 2 14 7
8 2 14 9
8 3 14 6
8 3 14 7
8 3 14 9
8 6 14 9
8 7 14 9
10 2 13 6
10 2 13 7
10 2 13 9
10 2 13 10
10 3 13 6
10 3 13 7
10 3 13 9
10 3 13 10
10 6 13 9
10 6 13 10
10 7 13 9
10 7 13 10
10 2 14 6
10 2 14 7
10 2 14 9
10 2 14 10
10 3 14 6
10 3 14 7
10 3 14 9
10 3 14 10
10 6 14 9
10 6 14 10
10 7 14 9
10 7 14 10
