24 24
000000000000000000000000
000000000000000000000000
000000000000000000000000
000000000000000000000000
000000000111111100000000
000000000100000100000000
000000000111111100000000
000000000000000111111000
000000000000000100001000
000000000001111111111000
000000000001000100000000
000000000001000100000000
111100000001000100000000
100100000001000100000000
100100000001000100000000
100100000001000100000000
111100000001000100000000
000000000001111100000000
000000000000000000000000
000000000000000000000000
000000000000000000000000
000000000000000000000000
000000000000000000000000
000000000000000000000000
4
5 10 7 16
8 16 10 21
10 12 18 16
13 1 17 4
