18 22
0000000000000000000000
1111111111111110000000
1000000000000010000000
1011111111111111111111
1010001111111111111111
1010001000000010000011
1011111111111111111111
1111111111111111111110
1100000011111111111100
1111111111111111111100
1000000010001010100100
1000000010001010100100
1000000010001010111100
1000000010001010000000
1000000010001010000000
1111111111111110000000
0000000011111000000000
0000000000000000000000
76
2 1 8 15
2 1 10 15
2 1 16 15
4 3 7 7
4 3 7 15
4 3 7 21
4 3 7 22
4 7 7 15
4 7 7 21
4 7 7 22
4 15 7 21
4 15 7 22
4 3 8 7
4 3 8 15
4 3 8 21
4 7 8 15
4 7 8 21
4 15 8 21
5 7 7 15
5 7 7 21
5 7 7 22
5 15 7 21
5 15 7 22
5 7 8 15
5 7 8 21
5 15 8 21
7 17 13 20
7 9 16 13
7 9 16 15
7 13 16 15
7 9 17 13
8 1 10 9
8 1 10 10
8 1 10 11
8 1 10 12
8 1 10 13
8 1 10 14
8 1 10 15
8 1 10 16
8 1 10 17
8 1 10 18
8 1 10 19
8 1 10 20
8 2 10 9
8 2 10 10
8 2 10 11
8 2 10 12
8 2 10 13
8 2 10 14
8 2 10 15
8 2 10 16
8 2 10 17
8 2 10 18
8 2 10 19
8 2 10 20
8 17 13 20
8 1 16 9
8 1 16 13
8 1 16 15
8 9 16 13
8 9 16 15
8 13 16 15
8 9 17 13
9 17 13 20
9 9 16 13
9 9 16 15
9 13 16 15
9 9 17 13
10 17 13 20
10 1 16 9
10 1 16 13
10 1 16 15
10 9 16 13
10 9 16 15
10 13 16 15
10 9 17 13
