25 24
000000000000000000000000
111111000000000000000000
100001000000000000011111
100001000000000000010001
100001000000000000010001
100001000000000000010001
100001000000000000010001
100001000000000000010001
100001011111111111110001
100001010000000000110001
100001011111111111111111
100001000000000001010001
100001000000000001010001
100001000000000001010001
111111001111111111111001
000000001000000001011111
000000001111111111111111
000000000000000000000000
000000000000000000000000
000000000000000000000000
011100000000000000000000
010100000000000000000000
010100000000000000000000
011100000000000000000000
000000000000000000000000
17
2 1 15 6
3 20 11 24
3 20 16 24
3 20 17 24
9 8 11 19
9 8 11 20
11 18 15 20
11 20 16 24
11 18 17 20
11 18 17 24
11 20 17 24
15 9 17 18
15 9 17 20
15 9 17 21
15 18 17 20
15 18 17 21
21 2 24 4
