20 23
00000000000000000000000
00000011101110000000000
00000010101010000000000
00001111111111000000000
00001010100001000000000
00001010100001000000000
00001011111111100000000
00001011100001100000000
00001011100001100000000
00001011100001100000000
00001011100001100000000
00001011100001100000000
00001011100001100000000
00001011100001100000000
00001111111111100000000
00001101100001100000000
00001101100001100000000
00001111111111100000000
00001000111111100000000
00001111111111000000000
70
2 7 4 9
2 11 4 13
2 7 7 9
2 7 8 9
2 7 9 9
2 7 10 9
2 7 11 9
2 7 12 9
2 7 13 9
2 7 14 9
2 7 15 9
4 7 7 9
4 7 7 14
4 9 7 14
4 7 8 9
4 7 9 9
4 7 10 9
4 7 11 9
4 7 12 9
4 7 13 9
4 7 14 9
4 5 15 7
4 5 15 9
4 5 15 14
4 7 15 9
4 7 15 14
4 9 15 14
4 5 18 9
4 5 18 14
4 9 18 14
4 9 19 14
4 5 20 9
4 5 20 14
4 9 20 14
7 7 15 14
7 7 15 15
7 8 15 14
7 8 15 15
7 9 15 14
7 9 15 15
7 8 18 14
7 8 18 15
7 9 18 14
7 9 18 15
7 9 19 14
7 9 19 15
7 9 20 14
15 5 18 8
15 5 18 9
15 5 18 14
15 5 18 15
15 6 18 8
15 6 18 9
15 6 18 14
15 6 18 15
15 8 18 14
15 8 18 15
15 9 18 14
15 9 18 15
15 9 19 14
15 9 19 15
15 5 20 9
15 5 20 14
15 9 20 14
18 5 20 9
18 5 20 10
18 5 20 11
18 5 20 12
18 5 20 13
18 5 20 14
