14 20
00001111111111111110
11111111111001000110
11111111111111111111
11111111111111111111
11111111101001111111
11111111111111111111
11111111111111111111
11100111111111111111
11101111111111111011
11101100111101111111
11111111111111111111
01000100011101100101
01111111111111111111
00000000001111111100
1203
1 5 3 14
1 5 3 18
1 5 3 19
1 6 3 14
1 6 3 18
1 6 3 19
1 7 3 14
1 7 3 18
1 7 3 19
1 8 3 14
1 8 3 18
1 8 3 19
1 9 3 14
1 9 3 18
1 9 3 19
1 10 3 14
1 10 3 18
1 10 3 19
1 11 3 14
1 11 3 18
1 11 3 19
1 14 3 18
1 14 3 19
1 5 4 14
1 5 4 18
1 5 4 19
1 6 4 14
1 6 4 18
1 6 4 19
1 7 4 14
1 7 4 18
1 7 4 19
1 8 4 14
1 8 4 18
1 8 4 19
1 9 4 14
1 9 4 18
1 9 4 19
1 10 4 14
1 10 4 18
1 10 4 19
1 11 4 14
1 11 4 18
1 11 4 19
1 14 4 18
1 14 4 19
1 14 5 18
1 14 5 19
1 5 6 11
1 5 6 14
1 5 6 18
1 5 6 19
1 6 6 11
1 6 6 14
1 6 6 18
1 6 6 19
1 7 6 11
1 7 6 14
1 7 6 18
1 7 6 19
1 8 6 11
1 8 6 14
1 8 6 18
1 8 6 19
1 9 6 11
1 9 6 14
1 9 6 18
1 9 6 19
1 11 6 14
1 11 6 18
1 11 6 19
1 14 6 18
1 14 6 19
1 5 7 11
1 5 7 14
1 5 7 18
1 5 7 19
1 6 7 11
1 6 7 14
1 6 7 18
1 6 7 19
1 7 7 11
1 7 7 14
1 7 7 18
1 7 7 19
1 8 7 11
1 8 7 14
1 8 7 18
1 8 7 19
1 9 7 11
1 9 7 14
1 9 7 18
1 9 7 19
1 11 7 14
1 11 7 18
1 11 7 19
1 14 7 18
1 14 7 19
1 6 8 11
1 6 8 14
1 6 8 18
1 6 8 19
1 7 8 11
1 7 8 14
1 7 8 18
1 7 8 19
1 8 8 11
1 8 8 14
1 8 8 18
1 8 8 19
1 9 8 11
1 9 8 14
1 9 8 18
1 9 8 19
1 11 8 14
1 11 8 18
1 11 8 19
1 14 8 18
1 14 8 19
1 6 9 11
1 6 9 14
1 7 9 11
1 7 9 14
1 8 9 11
1 8 9 14
1 9 9 11
1 9 9 14
1 11 9 14
1 9 10 11
1 14 10 19
1 6 11 9
1 6 11 11
1 6 11 14
1 6 11 19
1 9 11 11
1 9 11 14
1 9 11 19
1 11 11 14
1 11 11 19
1 14 11 19
1 6 13 11
1 6 13 14
1 11 13 14
1 11 14 14
2 1 6 11
2 2 6 11
2 3 6 11
2 4 6 11
2 5 6 11
2 6 6 11
2 7 6 11
2 8 6 11
2 9 6 11
2 1 7 11
2 2 7 11
2 3 7 11
2 4 7 11
2 5 7 11
2 6 7 11
2 7 7 11
2 8 7 11
2 9 7 11
2 6 8 11
2 7 8 11
2 8 8 11
2 9 8 11
2 6 9 11
2 7 9 11
2 8 9 11
2 9 9 11
2 9 10 11
2 1 11 6
2 1 11 9
2 1 11 11
2 2 11 6
2 2 11 9
2 2 11 11
2 3 11 6
2 3 11 9
2 3 11 11
2 6 11 9
2 6 11 11
2 9 11 11
2 2 13 6
2 2 13 11
2 6 13 11
3 1 6 11
3 1 6 14
3 1 6 15
3 1 6 16
3 1 6 17
3 1 6 18
3 1 6 19
3 1 6 20
3 2 6 11
3 2 6 14
3 2 6 15
3 2 6 16
3 2 6 17
3 2 6 18
3 2 6 19
3 2 6 20
3 3 6 11
3 3 6 14
3 3 6 15
3 3 6 16
3 3 6 17
3 3 6 18
3 3 6 19
3 3 6 20
3 4 6 11
3 4 6 14
3 4 6 15
3 4 6 16
3 4 6 17
3 4 6 18
3 4 6 19
3 4 6 20
3 5 6 11
3 5 6 14
3 5 6 15
3 5 6 16
3 5 6 17
3 5 6 18
3 5 6 19
3 5 6 20
3 6 6 11
3 6 6 14
3 6 6 15
3 6 6 16
3 6 6 17
3 6 6 18
3 6 6 19
3 6 6 20
3 7 6 11
3 7 6 14
3 7 6 15
3 7 6 16
3 7 6 17
3 7 6 18
3 7 6 19
3 7 6 20
3 8 6 11
3 8 6 14
3 8 6 15
3 8 6 16
3 8 6 17
3 8 6 18
3 8 6 19
3 8 6 20
3 9 6 11
3 9 6 14
3 9 6 15
3 9 6 16
3 9 6 17
3 9 6 18
3 9 6 19
3 9 6 20
3 11 6 14
3 11 6 15
3 11 6 16
3 11 6 17
3 11 6 18
3 11 6 19
3 11 6 20
3 1 7 11
3 1 7 14
3 1 7 15
3 1 7 16
3 1 7 17
3 1 7 18
3 1 7 19
3 1 7 20
3 2 7 11
3 2 7 14
3 2 7 15
3 2 7 16
3 2 7 17
3 2 7 18
3 2 7 19
3 2 7 20
3 3 7 11
3 3 7 14
3 3 7 15
3 3 7 16
3 3 7 17
3 3 7 18
3 3 7 19
3 3 7 20
3 4 7 11
3 4 7 14
3 4 7 15
3 4 7 16
3 4 7 17
3 4 7 18
3 4 7 19
3 4 7 20
3 5 7 11
3 5 7 14
3 5 7 15
3 5 7 16
3 5 7 17
3 5 7 18
3 5 7 19
3 5 7 20
3 6 7 11
3 6 7 14
3 6 7 15
3 6 7 16
3 6 7 17
3 6 7 18
3 6 7 19
3 6 7 20
3 7 7 11
3 7 7 14
3 7 7 15
3 7 7 16
3 7 7 17
3 7 7 18
3 7 7 19
3 7 7 20
3 8 7 11
3 8 7 14
3 8 7 15
3 8 7 16
3 8 7 17
3 8 7 18
3 8 7 19
3 8 7 20
3 9 7 11
3 9 7 14
3 9 7 15
3 9 7 16
3 9 7 17
3 9 7 18
3 9 7 19
3 9 7 20
3 11 7 14
3 11 7 15
3 11 7 16
3 11 7 17
3 11 7 18
3 11 7 19
3 11 7 20
3 6 8 11
3 6 8 14
3 6 8 15
3 6 8 16
3 6 8 17
3 6 8 18
3 6 8 19
3 6 8 20
3 7 8 11
3 7 8 14
3 7 8 15
3 7 8 16
3 7 8 17
3 7 8 18
3 7 8 19
3 7 8 20
3 8 8 11
3 8 8 14
3 8 8 15
3 8 8 16
3 8 8 17
3 8 8 18
3 8 8 19
3 8 8 20
3 9 8 11
3 9 8 14
3 9 8 15
3 9 8 16
3 9 8 17
3 9 8 18
3 9 8 19
3 9 8 20
3 11 8 14
3 11 8 15
3 11 8 16
3 11 8 17
3 11 8 18
3 11 8 19
3 11 8 20
3 6 9 11
3 6 9 14
3 6 9 15
3 6 9 16
3 6 9 17
3 7 9 11
3 7 9 14
3 7 9 15
3 7 9 16
3 7 9 17
3 8 9 11
3 8 9 14
3 8 9 15
3 8 9 16
3 8 9 17
3 9 9 11
3 9 9 14
3 9 9 15
3 9 9 16
3 9 9 17
3 11 9 14
3 11 9 15
3 11 9 16
3 11 9 17
3 9 10 11
3 14 10 19
3 14 10 20
3 15 10 19
3 15 10 20
3 16 10 19
3 16 10 20
3 17 10 19
3 17 10 20
3 1 11 6
3 1 11 9
3 1 11 11
3 1 11 14
3 1 11 15
3 1 11 16
3 1 11 17
3 1 11 19
3 1 11 20
3 2 11 6
3 2 11 9
3 2 11 11
3 2 11 14
3 2 11 15
3 2 11 16
3 2 11 17
3 2 11 19
3 2 11 20
3 3 11 6
3 3 11 9
3 3 11 11
3 3 11 14
3 3 11 15
3 3 11 16
3 3 11 17
3 3 11 19
3 3 11 20
3 6 11 9
3 6 11 11
3 6 11 14
3 6 11 15
3 6 11 16
3 6 11 17
3 6 11 19
3 6 11 20
3 9 11 11
3 9 11 14
3 9 11 15
3 9 11 16
3 9 11 17
3 9 11 19
3 9 11 20
3 11 11 14
3 11 11 15
3 11 11 16
3 11 11 17
3 11 11 19
3 11 11 20
3 14 11 19
3 14 11 20
3 15 11 19
3 15 11 20
3 16 11 19
3 16 11 20
3 17 11 19
3 17 11 20
3 2 13 6
3 2 13 11
3 2 13 14
3 2 13 15
3 2 13 20
3 6 13 11
3 6 13 14
3 6 13 15
3 6 13 20
3 11 13 14
3 11 13 15
3 11 13 20
3 14 13 20
3 15 13 20
3 11 14 14
3 11 14 15
4 1 6 11
4 1 6 14
4 1 6 15
4 1 6 16
4 1 6 17
4 1 6 18
4 1 6 19
4 1 6 20
4 2 6 11
4 2 6 14
4 2 6 15
4 2 6 16
4 2 6 17
4 2 6 18
4 2 6 19
4 2 6 20
4 3 6 11
4 3 6 14
4 3 6 15
4 3 6 16
4 3 6 17
4 3 6 18
4 3 6 19
4 3 6 20
4 4 6 11
4 4 6 14
4 4 6 15
4 4 6 16
4 4 6 17
4 4 6 18
4 4 6 19
4 4 6 20
4 5 6 11
4 5 6 14
4 5 6 15
4 5 6 16
4 5 6 17
4 5 6 18
4 5 6 19
4 5 6 20
4 6 6 11
4 6 6 14
4 6 6 15
4 6 6 16
4 6 6 17
4 6 6 18
4 6 6 19
4 6 6 20
4 7 6 11
4 7 6 14
4 7 6 15
4 7 6 16
4 7 6 17
4 7 6 18
4 7 6 19
4 7 6 20
4 8 6 11
4 8 6 14
4 8 6 15
4 8 6 16
4 8 6 17
4 8 6 18
4 8 6 19
4 8 6 20
4 9 6 11
4 9 6 14
4 9 6 15
4 9 6 16
4 9 6 17
4 9 6 18
4 9 6 19
4 9 6 20
4 11 6 14
4 11 6 15
4 11 6 16
4 11 6 17
4 11 6 18
4 11 6 19
4 11 6 20
4 1 7 11
4 1 7 14
4 1 7 15
4 1 7 16
4 1 7 17
4 1 7 18
4 1 7 19
4 1 7 20
4 2 7 11
4 2 7 14
4 2 7 15
4 2 7 16
4 2 7 17
4 2 7 18
4 2 7 19
4 2 7 20
4 3 7 11
4 3 7 14
4 3 7 15
4 3 7 16
4 3 7 17
4 3 7 18
4 3 7 19
4 3 7 20
4 4 7 11
4 4 7 14
4 4 7 15
4 4 7 16
4 4 7 17
4 4 7 18
4 4 7 19
4 4 7 20
4 5 7 11
4 5 7 14
4 5 7 15
4 5 7 16
4 5 7 17
4 5 7 18
4 5 7 19
4 5 7 20
4 6 7 11
4 6 7 14
4 6 7 15
4 6 7 16
4 6 7 17
4 6 7 18
4 6 7 19
4 6 7 20
4 7 7 11
4 7 7 14
4 7 7 15
4 7 7 16
4 7 7 17
4 7 7 18
4 7 7 19
4 7 7 20
4 8 7 11
4 8 7 14
4 8 7 15
4 8 7 16
4 8 7 17
4 8 7 18
4 8 7 19
4 8 7 20
4 9 7 11
4 9 7 14
4 9 7 15
4 9 7 16
4 9 7 17
4 9 7 18
4 9 7 19
4 9 7 20
4 11 7 14
4 11 7 15
4 11 7 16
4 11 7 17
4 11 7 18
4 11 7 19
4 11 7 20
4 6 8 11
4 6 8 14
4 6 8 15
4 6 8 16
4 6 8 17
4 6 8 18
4 6 8 19
4 6 8 20
4 7 8 11
4 7 8 14
4 7 8 15
4 7 8 16
4 7 8 17
4 7 8 18
4 7 8 19
4 7 8 20
4 8 8 11
4 8 8 14
4 8 8 15
4 8 8 16
4 8 8 17
4 8 8 18
4 8 8 19
4 8 8 20
4 9 8 11
4 9 8 14
4 9 8 15
4 9 8 16
4 9 8 17
4 9 8 18
4 9 8 19
4 9 8 20
4 11 8 14
4 11 8 15
4 11 8 16
4 11 8 17
4 11 8 18
4 11 8 19
4 11 8 20
4 6 9 11
4 6 9 14
4 6 9 15
4 6 9 16
4 6 9 17
4 7 9 11
4 7 9 14
4 7 9 15
4 7 9 16
4 7 9 17
4 8 9 11
4 8 9 14
4 8 9 15
4 8 9 16
4 8 9 17
4 9 9 11
4 9 9 14
4 9 9 15
4 9 9 16
4 9 9 17
4 11 9 14
4 11 9 15
4 11 9 16
4 11 9 17
4 9 10 11
4 14 10 19
4 14 10 20
4 15 10 19
4 15 10 20
4 16 10 19
4 16 10 20
4 17 10 19
4 17 10 20
4 1 11 6
4 1 11 9
4 1 11 11
4 1 11 14
4 1 11 15
4 1 11 16
4 1 11 17
4 1 11 19
4 1 11 20
4 2 11 6
4 2 11 9
4 2 11 11
4 2 11 14
4 2 11 15
4 2 11 16
4 2 11 17
4 2 11 19
4 2 11 20
4 3 11 6
4 3 11 9
4 3 11 11
4 3 11 14
4 3 11 15
4 3 11 16
4 3 11 17
4 3 11 19
4 3 11 20
4 6 11 9
4 6 11 11
4 6 11 14
4 6 11 15
4 6 11 16
4 6 11 17
4 6 11 19
4 6 11 20
4 9 11 11
4 9 11 14
4 9 11 15
4 9 11 16
4 9 11 17
4 9 11 19
4 9 11 20
4 11 11 14
4 11 11 15
4 11 11 16
4 11 11 17
4 11 11 19
4 11 11 20
4 14 11 19
4 14 11 20
4 15 11 19
4 15 11 20
4 16 11 19
4 16 11 20
4 17 11 19
4 17 11 20
4 2 13 6
4 2 13 11
4 2 13 14
4 2 13 15
4 2 13 20
4 6 13 11
4 6 13 14
4 6 13 15
4 6 13 20
4 11 13 14
4 11 13 15
4 11 13 20
4 14 13 20
4 15 13 20
4 11 14 14
4 11 14 15
5 14 10 19
5 14 10 20
5 15 10 19
5 15 10 20
5 16 10 19
5 16 10 20
5 17 10 19
5 17 10 20
5 1 11 6
5 1 11 9
5 2 11 6
5 2 11 9
5 3 11 6
5 3 11 9
5 6 11 9
5 14 11 19
5 14 11 20
5 15 11 19
5 15 11 20
5 16 11 19
5 16 11 20
5 17 11 19
5 17 11 20
5 2 13 6
5 14 13 20
5 15 13 20
6 14 10 19
6 14 10 20
6 15 10 19
6 15 10 20
6 16 10 19
6 16 10 20
6 17 10 19
6 17 10 20
6 1 11 6
6 1 11 9
6 1 11 10
6 1 11 11
6 1 11 12
6 1 11 14
6 1 11 15
6 1 11 16
6 1 11 17
6 1 11 19
6 1 11 20
6 2 11 6
6 2 11 9
6 2 11 10
6 2 11 11
6 2 11 12
6 2 11 14
6 2 11 15
6 2 11 16
6 2 11 17
6 2 11 19
6 2 11 20
6 3 11 6
6 3 11 9
6 3 11 10
6 3 11 11
6 3 11 12
6 3 11 14
6 3 11 15
6 3 11 16
6 3 11 17
6 3 11 19
6 3 11 20
6 6 11 9
6 6 11 10
6 6 11 11
6 6 11 12
6 6 11 14
6 6 11 15
6 6 11 16
6 6 11 17
6 6 11 19
6 6 11 20
6 9 11 14
6 9 11 15
6 9 11 16
6 9 11 17
6 9 11 19
6 9 11 20
6 10 11 14
6 10 11 15
6 10 11 16
6 10 11 17
6 10 11 19
6 10 11 20
6 11 11 14
6 11 11 15
6 11 11 16
6 11 11 17
6 11 11 19
6 11 11 20
6 12 11 14
6 12 11 15
6 12 11 16
6 12 11 17
6 12 11 19
6 12 11 20
6 14 11 19
6 14 11 20
6 15 11 19
6 15 11 20
6 16 11 19
6 16 11 20
6 17 11 19
6 17 11 20
6 2 13 6
6 2 13 10
6 2 13 11
6 2 13 12
6 2 13 14
6 2 13 15
6 2 13 20
6 6 13 10
6 6 13 11
6 6 13 12
6 6 13 14
6 6 13 15
6 6 13 20
6 10 13 14
6 10 13 15
6 10 13 20
6 11 13 14
6 11 13 15
6 11 13 20
6 12 13 14
6 12 13 15
6 12 13 20
6 14 13 20
6 15 13 20
6 11 14 14
6 11 14 15
6 12 14 14
6 12 14 15
7 14 10 19
7 14 10 20
7 15 10 19
7 15 10 20
7 16 10 19
7 16 10 20
7 17 10 19
7 17 10 20
7 1 11 6
7 1 11 9
7 1 11 10
7 1 11 11
7 1 11 12
7 1 11 14
7 1 11 15
7 1 11 16
7 1 11 17
7 1 11 19
7 1 11 20
7 2 11 6
7 2 11 9
7 2 11 10
7 2 11 11
7 2 11 12
7 2 11 14
7 2 11 15
7 2 11 16
7 2 11 17
7 2 11 19
7 2 11 20
7 3 11 6
7 3 11 9
7 3 11 10
7 3 11 11
7 3 11 12
7 3 11 14
7 3 11 15
7 3 11 16
7 3 11 17
7 3 11 19
7 3 11 20
7 6 11 9
7 6 11 10
7 6 11 11
7 6 11 12
7 6 11 14
7 6 11 15
7 6 11 16
7 6 11 17
7 6 11 19
7 6 11 20
7 9 11 14
7 9 11 15
7 9 11 16
7 9 11 17
7 9 11 19
7 9 11 20
7 10 11 14
7 10 11 15
7 10 11 16
7 10 11 17
7 10 11 19
7 10 11 20
7 11 11 14
7 11 11 15
7 11 11 16
7 11 11 17
7 11 11 19
7 11 11 20
7 12 11 14
7 12 11 15
7 12 11 16
7 12 11 17
7 12 11 19
7 12 11 20
7 14 11 19
7 14 11 20
7 15 11 19
7 15 11 20
7 16 11 19
7 16 11 20
7 17 11 19
7 17 11 20
7 2 13 6
7 2 13 10
7 2 13 11
7 2 13 12
7 2 13 14
7 2 13 15
7 2 13 20
7 6 13 10
7 6 13 11
7 6 13 12
7 6 13 14
7 6 13 15
7 6 13 20
7 10 13 14
7 10 13 15
7 10 13 20
7 11 13 14
7 11 13 15
7 11 13 20
7 12 13 14
7 12 13 15
7 12 13 20
7 14 13 20
7 15 13 20
7 11 14 14
7 11 14 15
7 12 14 14
7 12 14 15
8 14 10 19
8 14 10 20
8 15 10 19
8 15 10 20
8 16 10 19
8 16 10 20
8 17 10 19
8 17 10 20
8 6 11 9
8 6 11 10
8 6 11 11
8 6 11 12
8 6 11 14
8 6 11 15
8 6 11 16
8 6 11 17
8 6 11 19
8 6 11 20
8 9 11 14
8 9 11 15
8 9 11 16
8 9 11 17
8 9 11 19
8 9 11 20
8 10 11 14
8 10 11 15
8 10 11 16
8 10 11 17
8 10 11 19
8 10 11 20
8 11 11 14
8 11 11 15
8 11 11 16
8 11 11 17
8 11 11 19
8 11 11 20
8 12 11 14
8 12 11 15
8 12 11 16
8 12 11 17
8 12 11 19
8 12 11 20
8 14 11 19
8 14 11 20
8 15 11 19
8 15 11 20
8 16 11 19
8 16 11 20
8 17 11 19
8 17 11 20
8 6 13 10
8 6 13 11
8 6 13 12
8 6 13 14
8 6 13 15
8 6 13 20
8 10 13 14
8 10 13 15
8 10 13 20
8 11 13 14
8 11 13 15
8 11 13 20
8 12 13 14
8 12 13 15
8 12 13 20
8 14 13 20
8 15 13 20
8 11 14 14
8 11 14 15
8 12 14 14
8 12 14 15
9 5 11 9
9 5 11 10
9 5 11 11
9 5 11 12
9 5 11 14
9 5 11 15
9 5 11 16
9 5 11 17
9 6 11 9
9 6 11 10
9 6 11 11
9 6 11 12
9 6 11 14
9 6 11 15
9 6 11 16
9 6 11 17
9 9 11 14
9 9 11 15
9 9 11 16
9 9 11 17
9 10 11 14
9 10 11 15
9 10 11 16
9 10 11 17
9 11 11 14
9 11 11 15
9 11 11 16
9 11 11 17
9 12 11 14
9 12 11 15
9 12 11 16
9 12 11 17
9 6 13 10
9 6 13 11
9 6 13 12
9 6 13 14
9 6 13 15
9 10 13 14
9 10 13 15
9 11 13 14
9 11 13 15
9 12 13 14
9 12 13 15
9 11 14 14
9 11 14 15
9 12 14 14
9 12 14 15
10 14 13 18
10 14 13 20
10 15 13 18
10 15 13 20
10 18 13 20
10 14 14 18
10 15 14 18
11 2 13 6
11 2 13 10
11 2 13 11
11 2 13 12
11 2 13 14
11 2 13 15
11 2 13 18
11 2 13 20
11 6 13 10
11 6 13 11
11 6 13 12
11 6 13 14
11 6 13 15
11 6 13 18
11 6 13 20
11 10 13 14
11 10 13 15
11 10 13 18
11 10 13 20
11 11 13 14
11 11 13 15
11 11 13 18
11 11 13 20
11 12 13 14
11 12 13 15
11 12 13 18
11 12 13 20
11 14 13 18
11 14 13 20
11 15 13 18
11 15 13 20
11 18 13 20
11 11 14 14
11 11 14 15
11 11 14 18
11 12 14 14
11 12 14 15
11 12 14 18
11 14 14 18
11 15 14 18
