17 20
00000000000000000000
00000000000000000000
00000000000000000000
00000000000000000000
00000000000000000000
00000011111111111110
00001111111111000010
00001010000001000010
00001111111111100010
00000010000010100010
00000010000010100010
00000010000010100010
00000010000010100010
00000011111111111110
00000000100010100010
00000000111111111110
00000000000011100000
17
6 7 9 14
6 7 14 19
7 5 9 7
7 5 9 14
7 7 9 14
9 7 14 13
9 7 14 15
9 13 14 15
9 13 16 15
9 13 17 15
14 9 16 13
14 9 16 15
14 9 16 19
14 13 16 15
14 13 16 19
14 15 16 19
14 13 17 15
