18 16
0000000000000000
0000111111000000
1111111111000000
1001111111110000
1001111111111100
1001100011010100
1001100011010100
1001111111111111
1001110011010101
1001110011010101
1001110011010101
1001111111110101
1000110011000101
1000111111111111
1111111111000100
0000100000000100
0000111111111100
0000000000000000
110
2 5 8 9
2 5 8 10
2 5 12 9
2 5 12 10
2 5 14 9
2 5 14 10
2 5 15 9
2 5 15 10
3 4 8 9
3 4 8 10
3 5 8 9
3 5 8 10
3 4 12 9
3 4 12 10
3 5 12 9
3 5 12 10
3 5 14 9
3 5 14 10
3 1 15 5
3 1 15 9
3 1 15 10
3 5 15 9
3 5 15 10
4 4 8 9
4 4 8 10
4 4 8 12
4 5 8 9
4 5 8 10
4 5 8 12
4 9 8 12
4 10 8 12
4 4 12 9
4 4 12 10
4 4 12 12
4 5 12 9
4 5 12 10
4 5 12 12
4 9 12 12
4 10 12 12
4 5 14 9
4 5 14 10
4 5 15 9
4 5 15 10
5 4 8 9
5 4 8 10
5 4 8 12
5 4 8 14
5 5 8 9
5 5 8 10
5 5 8 12
5 5 8 14
5 9 8 12
5 9 8 14
5 10 8 12
5 10 8 14
5 12 8 14
5 4 12 9
5 4 12 10
5 4 12 12
5 5 12 9
5 5 12 10
5 5 12 12
5 9 12 12
5 10 12 12
5 5 14 9
5 5 14 10
5 5 14 14
5 9 14 14
5 10 14 14
5 5 15 9
5 5 15 10
5 5 17 14
8 4 12 9
8 4 12 10
8 4 12 12
8 5 12 9
8 5 12 10
8 5 12 12
8 6 12 9
8 6 12 10
8 6 12 12
8 9 12 12
8 10 12 12
8 5 14 9
8 5 14 10
8 5 14 14
8 5 14 16
8 6 14 9
8 6 14 10
8 6 14 14
8 6 14 16
8 9 14 14
8 9 14 16
8 10 14 14
8 10 14 16
8 14 14 16
8 5 15 9
8 5 15 10
8 6 15 9
8 6 15 10
8 5 17 14
12 5 14 9
12 5 14 10
12 6 14 9
12 6 14 10
12 5 15 9
12 5 15 10
12 6 15 9
12 6 15 10
14 5 17 14
