18 19
1111111111111111111
1001111111111111001
1001000000100001001
1001000000100001001
1001000000100001001
1001111111111111001
1000000000100000001
1000000111111111111
1111111111111111111
1010011111100001001
1010010101100001001
1011111111111111001
1000001111111110001
1000001100100010001
1000111111111111111
1111111111100010011
0000101111111110011
0000111111111111111
134
1 4 6 11
1 4 6 16
1 11 6 16
1 11 8 19
1 1 9 11
1 1 9 19
1 11 9 19
1 11 15 19
1 1 16 11
1 11 18 19
2 4 6 11
2 4 6 16
2 11 6 16
8 8 12 10
8 8 12 11
8 8 12 16
8 10 12 16
8 11 12 16
8 8 13 10
8 8 13 11
8 8 15 11
8 8 15 19
8 11 15 19
8 8 16 11
8 8 17 11
8 8 18 11
8 8 18 19
8 11 18 19
9 3 12 6
9 3 12 8
9 3 12 10
9 3 12 11
9 3 12 16
9 6 12 8
9 6 12 10
9 6 12 11
9 6 12 16
9 8 12 10
9 8 12 11
9 8 12 16
9 10 12 16
9 11 12 16
9 8 13 10
9 8 13 11
9 8 15 11
9 8 15 19
9 11 15 19
9 1 16 8
9 1 16 11
9 8 16 11
9 8 17 11
9 8 18 11
9 8 18 19
9 11 18 19
10 6 12 8
10 6 12 10
10 6 12 11
10 8 12 10
10 8 12 11
10 8 13 10
10 8 13 11
10 8 15 11
10 8 16 11
10 8 17 11
10 8 18 11
12 7 15 11
12 7 15 15
12 8 15 11
12 8 15 15
12 11 15 15
12 7 16 11
12 8 16 11
12 7 17 11
12 7 17 15
12 8 17 11
12 8 17 15
12 11 17 15
12 7 18 11
12 7 18 15
12 8 18 11
12 8 18 15
12 11 18 15
13 7 15 11
13 7 15 15
13 8 15 11
13 8 15 15
13 11 15 15
13 7 16 11
13 8 16 11
13 7 17 11
13 7 17 15
13 8 17 11
13 8 17 15
13 11 17 15
13 7 18 11
13 7 18 15
13 8 18 11
13 8 18 15
13 11 18 15
15 7 17 15
15 8 17 15
15 9 17 15
15 10 17 15
15 11 17 15
15 5 18 7
15 5 18 8
15 5 18 9
15 5 18 10
15 5 18 11
15 5 18 15
15 5 18 18
15 5 18 19
15 7 18 15
15 7 18 18
15 7 18 19
15 8 18 15
15 8 18 18
15 8 18 19
15 9 18 15
15 9 18 18
15 9 18 19
15 10 18 15
15 10 18 18
15 10 18 19
15 11 18 15
15 11 18 18
15 11 18 19
15 15 18 18
15 15 18 19
16 5 18 7
16 5 18 8
16 5 18 9
16 5 18 10
16 5 18 11
