22 25
0000000000000000000000000
0011111111111111111110000
1111111111111111111111000
1110000000000001111111000
1111111111111001100011000
1110111111111111111111000
1110100000001001111111110
1111111111111111110111010
1111111111111111111111010
1100001000001111110011010
1100001000001110110011010
1100001000001111110011010
1111111111111111111111010
0100001000001010110010010
0111111111111010110010010
0000001000000010110010010
0000001000000010110010010
1111111111110010110010010
1000001000010010111111110
1000001111111110111110000
1111111111110000000000000
0000000000000000000000000
263
2 16 6 21
2 17 6 21
2 16 7 21
2 17 7 21
2 3 8 16
2 3 8 17
2 3 9 16
2 3 9 17
2 3 9 21
2 16 9 21
2 17 9 21
2 17 13 21
2 17 19 21
2 17 20 21
3 16 6 21
3 16 6 22
3 17 6 21
3 17 6 22
3 16 7 21
3 16 7 22
3 17 7 21
3 17 7 22
3 1 8 16
3 1 8 17
3 2 8 16
3 2 8 17
3 3 8 16
3 3 8 17
3 1 9 16
3 1 9 17
3 1 9 21
3 1 9 22
3 2 9 16
3 2 9 17
3 2 9 21
3 2 9 22
3 3 9 16
3 3 9 17
3 3 9 21
3 3 9 22
3 16 9 21
3 16 9 22
3 17 9 21
3 17 9 22
3 1 13 17
3 1 13 21
3 1 13 22
3 2 13 17
3 2 13 21
3 2 13 22
3 17 13 21
3 17 13 22
3 17 19 21
3 17 20 21
4 16 6 21
4 16 6 22
4 17 6 21
4 17 6 22
4 16 7 21
4 16 7 22
4 17 7 21
4 17 7 22
4 16 9 21
4 16 9 22
4 17 9 21
4 17 9 22
4 17 13 21
4 17 13 22
4 17 19 21
4 17 20 21
5 1 8 5
5 1 8 13
5 2 8 5
5 2 8 13
5 3 8 5
5 3 8 13
5 5 8 13
5 1 9 5
5 1 9 13
5 2 9 5
5 2 9 13
5 3 9 5
5 3 9 13
5 5 9 13
5 1 13 13
5 2 13 13
5 2 15 13
6 5 8 13
6 5 8 16
6 5 8 17
6 5 8 18
6 13 8 16
6 13 8 17
6 13 8 18
6 5 9 13
6 5 9 16
6 5 9 17
6 5 9 18
6 5 9 20
6 5 9 21
6 5 9 22
6 13 9 16
6 13 9 17
6 13 9 18
6 13 9 20
6 13 9 21
6 13 9 22
6 16 9 20
6 16 9 21
6 16 9 22
6 17 9 20
6 17 9 21
6 17 9 22
6 18 9 20
6 18 9 21
6 18 9 22
6 13 10 16
6 13 10 17
6 13 10 18
6 13 12 17
6 13 12 18
6 13 13 17
6 13 13 18
6 13 13 21
6 13 13 22
6 17 13 21
6 17 13 22
6 18 13 21
6 18 13 22
6 17 19 21
6 18 19 21
6 17 20 21
6 18 20 21
7 16 9 20
7 16 9 21
7 16 9 22
7 17 9 20
7 17 9 21
7 17 9 22
7 18 9 20
7 18 9 21
7 18 9 22
7 17 13 21
7 17 13 22
7 18 13 21
7 18 13 22
7 17 19 21
7 17 19 24
7 18 19 21
7 18 19 24
7 21 19 24
7 17 20 21
7 18 20 21
8 13 12 17
8 13 12 18
8 14 12 17
8 14 12 18
8 15 12 17
8 15 12 18
8 1 13 7
8 1 13 13
8 1 13 14
8 1 13 15
8 1 13 17
8 1 13 18
8 2 13 7
8 2 13 13
8 2 13 14
8 2 13 15
8 2 13 17
8 2 13 18
8 7 13 13
8 7 13 14
8 7 13 15
8 7 13 17
8 7 13 18
8 13 13 17
8 13 13 18
8 14 13 17
8 14 13 18
8 15 13 17
8 15 13 18
8 2 15 7
8 2 15 13
8 7 15 13
8 7 20 15
9 13 12 17
9 13 12 18
9 14 12 17
9 14 12 18
9 15 12 17
9 15 12 18
9 1 13 7
9 1 13 13
9 1 13 14
9 1 13 15
9 1 13 17
9 1 13 18
9 1 13 21
9 1 13 22
9 2 13 7
9 2 13 13
9 2 13 14
9 2 13 15
9 2 13 17
9 2 13 18
9 2 13 21
9 2 13 22
9 7 13 13
9 7 13 14
9 7 13 15
9 7 13 17
9 7 13 18
9 7 13 21
9 7 13 22
9 13 13 17
9 13 13 18
9 13 13 21
9 13 13 22
9 14 13 17
9 14 13 18
9 14 13 21
9 14 13 22
9 15 13 17
9 15 13 18
9 15 13 21
9 15 13 22
9 17 13 21
9 17 13 22
9 18 13 21
9 18 13 22
9 2 15 7
9 2 15 13
9 7 15 13
9 17 19 21
9 18 19 21
9 7 20 15
9 17 20 21
9 18 20 21
10 13 12 17
10 13 12 18
10 14 12 17
10 14 12 18
10 15 12 17
10 15 12 18
10 13 13 17
10 13 13 18
10 14 13 17
10 14 13 18
10 15 13 17
10 15 13 18
13 2 15 7
13 2 15 13
13 7 15 13
13 17 19 21
13 18 19 21
13 7 20 15
13 17 20 21
13 18 20 21
18 7 20 12
18 1 21 7
18 1 21 12
18 7 21 12
