12 13
0000000000000
0000011111100
0000010111100
0000010111100
0000010111100
0011111111100
0010111111100
0010111101100
0010111111100
0111111100100
0110111111100
0111111100000
72
2 6 6 8
2 6 6 9
2 6 6 10
2 6 6 11
2 6 7 8
2 6 7 9
2 6 7 10
2 6 7 11
2 6 8 8
2 6 9 8
2 6 9 10
2 6 9 11
2 8 9 10
2 8 9 11
2 6 10 8
2 6 11 8
2 6 11 11
2 8 11 11
2 6 12 8
3 8 9 10
3 8 9 11
3 8 11 11
4 8 9 10
4 8 9 11
4 8 11 11
5 8 9 10
5 8 9 11
5 8 11 11
6 5 9 10
6 5 9 11
6 6 9 10
6 6 9 11
6 7 9 10
6 7 9 11
6 8 9 10
6 8 9 11
6 3 10 5
6 3 10 6
6 3 10 7
6 3 10 8
6 5 11 11
6 6 11 11
6 7 11 11
6 8 11 11
6 3 12 5
6 3 12 6
6 3 12 7
6 3 12 8
7 5 9 10
7 5 9 11
7 6 9 10
7 6 9 11
7 7 9 10
7 7 9 11
7 8 9 10
7 8 9 11
7 5 11 11
7 6 11 11
7 7 11 11
7 8 11 11
9 5 11 11
9 6 11 11
9 7 11 11
9 8 11 11
10 2 12 5
10 2 12 6
10 2 12 7
10 2 12 8
10 3 12 5
10 3 12 6
10 3 12 7
10 3 12 8
