25 18
000000000000000000
000011111111000000
000010000001000000
011111111111111100
011010111111111111
011011111111010101
011000110000011111
011111110000010111
011000110001111111
011000110001010111
011000110001010111
011000111111110111
011000110001010111
011000111111111111
111110110101111110
111010110100010110
111010110100010110
111010110100010110
111010111100010110
111010010000010110
111010010000010110
111111110000010110
111111111111111110
111110000000010010
000000000000011110
118
2 5 4 12
2 5 6 12
4 5 6 7
4 5 6 8
4 5 6 9
4 5 6 10
4 5 6 11
4 5 6 12
4 14 7 16
4 2 8 7
4 2 8 8
4 3 8 7
4 3 8 8
4 14 9 16
4 7 12 14
4 8 12 14
4 7 14 14
4 7 14 16
4 8 14 14
4 8 14 16
4 14 14 16
4 14 15 16
4 2 22 8
4 3 22 8
4 2 23 8
4 2 23 14
4 2 23 16
4 3 23 8
4 3 23 14
4 3 23 16
4 8 23 14
4 8 23 16
4 14 23 16
5 14 7 16
5 14 7 18
5 16 7 18
5 16 8 18
5 14 9 16
5 14 9 18
5 16 9 18
5 16 10 18
5 16 11 18
5 7 12 14
5 8 12 14
5 16 12 18
5 16 13 18
5 7 14 14
5 7 14 16
5 7 14 18
5 8 14 14
5 8 14 16
5 8 14 18
5 14 14 16
5 14 14 18
5 16 14 18
5 14 15 16
5 8 23 14
5 8 23 16
5 14 23 16
7 14 9 16
7 14 9 17
7 14 9 18
7 14 14 16
7 14 14 17
7 14 14 18
7 14 15 16
7 14 15 17
7 14 23 16
7 14 23 17
7 14 25 17
8 2 22 8
8 3 22 8
8 2 23 8
8 3 23 8
9 12 12 14
9 12 14 14
9 12 14 16
9 12 14 17
9 12 14 18
9 14 14 16
9 14 14 17
9 14 14 18
9 12 15 14
9 12 15 16
9 12 15 17
9 14 15 16
9 14 15 17
9 14 23 16
9 14 23 17
9 14 25 17
12 7 14 12
12 7 14 14
12 8 14 12
12 8 14 14
12 12 14 14
12 12 15 14
12 8 23 14
14 7 19 10
14 8 19 10
14 8 23 14
14 8 23 16
14 8 23 17
14 14 23 16
14 14 23 17
14 14 25 17
15 1 22 5
15 2 22 5
15 3 22 5
15 1 23 5
15 2 23 5
15 3 23 5
15 14 23 16
15 14 23 17
15 1 24 5
15 2 24 5
15 3 24 5
15 14 25 17
23 14 25 17
