23 25
0000000000000000000000000
0000000000001111111111110
0000000000001111111100010
0000000000001100000100010
0000000000001100111111010
1111111111111111110101010
1000000000001100110101010
1000000000001100110101010
1000000000001100110101010
1000000000001100110101010
1111111111111111111111010
0000000000101100100101010
0000000000101111100101010
0000000111111111111111111
0000000100101110100101011
0000000100101111111101011
0000000100111111111111011
0000000100001011100001011
0000000100001011111111011
0000000111111111111111111
0000000000000000100001000
0000000000000000100001000
0000000000000000111111000
170
2 13 11 20
2 14 11 20
2 13 14 20
2 13 14 24
2 14 14 20
2 14 14 24
2 20 14 24
2 13 16 20
2 14 16 20
2 13 17 20
2 14 17 20
2 13 20 24
3 13 11 20
3 14 11 20
3 13 14 20
3 14 14 20
3 13 16 20
3 14 16 20
3 13 17 20
3 14 17 20
5 17 11 20
5 17 11 22
5 18 11 20
5 18 11 22
5 20 11 22
5 17 14 20
5 17 14 22
5 20 14 22
5 17 16 20
5 17 17 20
5 17 17 22
5 20 17 22
5 17 19 22
5 17 20 22
5 17 23 22
6 1 11 13
6 1 11 14
6 1 11 17
6 1 11 18
6 13 11 17
6 13 11 18
6 14 11 17
6 14 11 18
6 13 13 17
6 14 13 17
6 13 14 17
6 14 14 17
6 13 16 17
6 14 16 17
6 13 17 17
6 14 17 17
6 13 20 17
11 13 13 17
11 14 13 17
11 11 14 13
11 11 14 14
11 11 14 17
11 11 14 20
11 11 14 22
11 13 14 17
11 13 14 20
11 13 14 22
11 14 14 17
11 14 14 20
11 14 14 22
11 17 14 20
11 17 14 22
11 20 14 22
11 13 16 17
11 13 16 20
11 14 16 17
11 14 16 20
11 17 16 20
11 11 17 13
11 11 17 14
11 11 17 17
11 11 17 20
11 11 17 22
11 13 17 17
11 13 17 20
11 13 17 22
11 14 17 17
11 14 17 20
11 14 17 22
11 17 17 20
11 17 17 22
11 20 17 22
11 17 19 22
11 13 20 17
11 13 20 22
11 17 20 22
11 17 23 22
13 13 16 17
13 14 16 17
13 15 16 17
13 13 17 17
13 14 17 17
13 15 17 17
13 15 18 17
13 15 19 17
13 13 20 15
13 13 20 17
13 15 20 17
14 13 16 17
14 13 16 20
14 14 16 17
14 14 16 20
14 15 16 17
14 15 16 20
14 17 16 20
14 11 17 13
14 11 17 14
14 11 17 15
14 11 17 17
14 11 17 20
14 11 17 22
14 13 17 17
14 13 17 20
14 13 17 22
14 14 17 17
14 14 17 20
14 14 17 22
14 15 17 17
14 15 17 20
14 15 17 22
14 17 17 20
14 17 17 22
14 20 17 22
14 15 18 17
14 15 19 17
14 15 19 22
14 17 19 22
14 8 20 13
14 8 20 15
14 8 20 17
14 8 20 22
14 8 20 24
14 8 20 25
14 13 20 15
14 13 20 17
14 13 20 22
14 13 20 24
14 13 20 25
14 15 20 17
14 15 20 22
14 15 20 24
14 15 20 25
14 17 20 22
14 17 20 24
14 17 20 25
14 22 20 24
14 22 20 25
14 17 23 22
15 13 20 15
16 13 20 15
16 13 20 16
16 13 20 17
17 15 19 22
17 16 19 22
17 17 19 22
17 13 20 15
17 13 20 16
17 13 20 17
17 13 20 22
17 15 20 22
17 16 20 22
17 17 20 22
17 17 23 22
19 17 23 22
20 17 23 22
