21 21
000000000000000000000
000000000000000000000
000000000000000000000
000000000000000000000
000000000000000000000
000000000000000000000
000000000000000000000
000000000000111110000
000000000000100010000
000000000000100010000
000011111111111111100
001111111111111110100
001010110000010000100
001111110000010000100
000011111111111111100
000000010000010000000
000000010000010000000
000000010000010000000
000000011111110000000
000000000000000000000
000000000000000000000
26
8 13 11 17
8 13 12 17
11 5 14 7
11 5 14 8
11 5 15 7
11 5 15 8
11 5 15 14
11 5 15 19
11 7 15 14
11 7 15 19
11 8 15 14
11 8 15 19
11 14 15 19
11 8 19 14
12 3 14 5
12 3 14 7
12 3 14 8
12 5 14 7
12 5 14 8
12 5 15 7
12 5 15 8
12 5 15 14
12 7 15 14
12 8 15 14
12 8 19 14
15 8 19 14
