18 24
000001111111111111111110
000001111111111110000010
000001110000000110000010
000001111111111110000010
000001110000000110000010
000111111111111110000010
000101111111111111111111
000101111111111110000011
000101110000000110000011
000101111111111110000011
000111111111111111111111
000100100000000110101010
000111111111111111111010
000100100000000111100010
011111111111111110000010
010100100000001110000010
011111111111111110000010
000000111111111111111110
292
1 6 4 16
1 6 4 17
1 7 4 16
1 7 4 17
1 8 4 16
1 8 4 17
1 6 6 16
1 6 6 17
1 7 6 16
1 7 6 17
1 8 6 16
1 8 6 17
1 6 7 16
1 6 7 17
1 6 7 23
1 7 7 16
1 7 7 17
1 7 7 23
1 8 7 16
1 8 7 17
1 8 7 23
1 16 7 23
1 17 7 23
1 6 8 16
1 6 8 17
1 7 8 16
1 7 8 17
1 8 8 16
1 8 8 17
1 6 10 16
1 6 10 17
1 7 10 16
1 7 10 17
1 8 10 16
1 8 10 17
1 6 11 16
1 6 11 17
1 6 11 23
1 7 11 16
1 7 11 17
1 7 11 23
1 8 11 16
1 8 11 17
1 8 11 23
1 16 11 23
1 17 11 23
1 7 13 16
1 7 13 17
1 7 15 16
1 7 15 17
1 7 17 16
1 7 17 17
1 7 18 16
1 7 18 17
1 7 18 23
1 16 18 23
1 17 18 23
2 6 4 16
2 6 4 17
2 7 4 16
2 7 4 17
2 8 4 16
2 8 4 17
2 6 6 16
2 6 6 17
2 7 6 16
2 7 6 17
2 8 6 16
2 8 6 17
2 6 7 16
2 6 7 17
2 7 7 16
2 7 7 17
2 8 7 16
2 8 7 17
2 6 8 16
2 6 8 17
2 7 8 16
2 7 8 17
2 8 8 16
2 8 8 17
2 6 10 16
2 6 10 17
2 7 10 16
2 7 10 17
2 8 10 16
2 8 10 17
2 6 11 16
2 6 11 17
2 7 11 16
2 7 11 17
2 8 11 16
2 8 11 17
2 7 13 16
2 7 13 17
2 7 15 16
2 7 15 17
2 7 17 16
2 7 17 17
2 7 18 16
2 7 18 17
4 6 6 16
4 6 6 17
4 7 6 16
4 7 6 17
4 8 6 16
4 8 6 17
4 6 7 16
4 6 7 17
4 7 7 16
4 7 7 17
4 8 7 16
4 8 7 17
4 6 8 16
4 6 8 17
4 7 8 16
4 7 8 17
4 8 8 16
4 8 8 17
4 6 10 16
4 6 10 17
4 7 10 16
4 7 10 17
4 8 10 16
4 8 10 17
4 6 11 16
4 6 11 17
4 7 11 16
4 7 11 17
4 8 11 16
4 8 11 17
4 7 13 16
4 7 13 17
4 7 15 16
4 7 15 17
4 7 17 16
4 7 17 17
4 7 18 16
4 7 18 17
6 6 10 16
6 6 10 17
6 7 10 16
6 7 10 17
6 8 10 16
6 8 10 17
6 4 11 6
6 4 11 7
6 4 11 8
6 4 11 16
6 4 11 17
6 6 11 16
6 6 11 17
6 7 11 16
6 7 11 17
6 8 11 16
6 8 11 17
6 4 13 7
6 4 13 16
6 4 13 17
6 7 13 16
6 7 13 17
6 4 15 7
6 4 15 16
6 4 15 17
6 7 15 16
6 7 15 17
6 4 17 7
6 4 17 16
6 4 17 17
6 7 17 16
6 7 17 17
6 7 18 16
6 7 18 17
7 6 10 16
7 6 10 17
7 7 10 16
7 7 10 17
7 8 10 16
7 8 10 17
7 6 11 16
7 6 11 17
7 6 11 23
7 6 11 24
7 7 11 16
7 7 11 17
7 7 11 23
7 7 11 24
7 8 11 16
7 8 11 17
7 8 11 23
7 8 11 24
7 16 11 23
7 16 11 24
7 17 11 23
7 17 11 24
7 7 13 16
7 7 13 17
7 7 15 16
7 7 15 17
7 7 17 16
7 7 17 17
7 7 18 16
7 7 18 17
7 7 18 23
7 16 18 23
7 17 18 23
8 6 10 16
8 6 10 17
8 7 10 16
8 7 10 17
8 8 10 16
8 8 10 17
8 6 11 16
8 6 11 17
8 7 11 16
8 7 11 17
8 8 11 16
8 8 11 17
8 7 13 16
8 7 13 17
8 7 15 16
8 7 15 17
8 7 17 16
8 7 17 17
8 7 18 16
8 7 18 17
10 7 13 16
10 7 13 17
10 7 15 16
10 7 15 17
10 7 17 16
10 7 17 17
10 7 18 16
10 7 18 17
11 4 13 7
11 4 13 16
11 4 13 17
11 4 13 19
11 4 13 21
11 7 13 16
11 7 13 17
11 7 13 19
11 7 13 21
11 16 13 19
11 16 13 21
11 17 13 19
11 17 13 21
11 19 13 21
11 16 14 19
11 17 14 19
11 4 15 7
11 4 15 16
11 4 15 17
11 7 15 16
11 7 15 17
11 4 17 7
11 4 17 16
11 4 17 17
11 7 17 16
11 7 17 17
11 7 18 16
11 7 18 17
11 7 18 23
11 16 18 23
11 17 18 23
13 4 15 7
13 4 15 16
13 4 15 17
13 7 15 16
13 7 15 17
13 4 17 7
13 4 17 16
13 4 17 17
13 7 17 16
13 7 17 17
13 7 18 16
13 7 18 17
15 2 17 4
15 2 17 7
15 2 17 15
15 2 17 16
15 2 17 17
15 4 17 7
15 4 17 15
15 4 17 16
15 4 17 17
15 7 17 15
15 7 17 16
15 7 17 17
15 7 18 15
15 7 18 16
15 7 18 17
