11 20
01111111111111111111
01111111111111111111
01111111111111111111
01111111111111111111
01010111111110100111
01011111111111111111
01111111111111111111
01111111111111111111
01011111111111111111
01111111111111111111
01111111111111111111
1404
1 4 6 6
1 4 6 7
1 4 6 8
1 4 6 9
1 4 6 10
1 4 6 11
1 4 6 12
1 4 6 13
1 4 6 15
1 4 6 18
1 4 6 19
1 4 6 20
1 6 6 15
1 6 6 18
1 6 6 19
1 6 6 20
1 7 6 15
1 7 6 18
1 7 6 19
1 7 6 20
1 8 6 15
1 8 6 18
1 8 6 19
1 8 6 20
1 9 6 15
1 9 6 18
1 9 6 19
1 9 6 20
1 10 6 15
1 10 6 18
1 10 6 19
1 10 6 20
1 11 6 15
1 11 6 18
1 11 6 19
1 11 6 20
1 12 6 15
1 12 6 18
1 12 6 19
1 12 6 20
1 13 6 15
1 13 6 18
1 13 6 19
1 13 6 20
1 15 6 18
1 15 6 19
1 15 6 20
1 2 7 4
1 2 7 6
1 2 7 7
1 2 7 8
1 2 7 9
1 2 7 10
1 2 7 11
1 2 7 12
1 2 7 13
1 2 7 15
1 2 7 18
1 2 7 19
1 2 7 20
1 4 7 6
1 4 7 7
1 4 7 8
1 4 7 9
1 4 7 10
1 4 7 11
1 4 7 12
1 4 7 13
1 4 7 15
1 4 7 18
1 4 7 19
1 4 7 20
1 6 7 15
1 6 7 18
1 6 7 19
1 6 7 20
1 7 7 15
1 7 7 18
1 7 7 19
1 7 7 20
1 8 7 15
1 8 7 18
1 8 7 19
1 8 7 20
1 9 7 15
1 9 7 18
1 9 7 19
1 9 7 20
1 10 7 15
1 10 7 18
1 10 7 19
1 10 7 20
1 11 7 15
1 11 7 18
1 11 7 19
1 11 7 20
1 12 7 15
1 12 7 18
1 12 7 19
1 12 7 20
1 13 7 15
1 13 7 18
1 13 7 19
1 13 7 20
1 15 7 18
1 15 7 19
1 15 7 20
1 2 8 4
1 2 8 6
1 2 8 7
1 2 8 8
1 2 8 9
1 2 8 10
1 2 8 11
1 2 8 12
1 2 8 13
1 2 8 15
1 2 8 18
1 2 8 19
1 2 8 20
1 4 8 6
1 4 8 7
1 4 8 8
1 4 8 9
1 4 8 10
1 4 8 11
1 4 8 12
1 4 8 13
1 4 8 15
1 4 8 18
1 4 8 19
1 4 8 20
1 6 8 15
1 6 8 18
1 6 8 19
1 6 8 20
1 7 8 15
1 7 8 18
1 7 8 19
1 7 8 20
1 8 8 15
1 8 8 18
1 8 8 19
1 8 8 20
1 9 8 15
1 9 8 18
1 9 8 19
1 9 8 20
1 10 8 15
1 10 8 18
1 10 8 19
1 10 8 20
1 11 8 15
1 11 8 18
1 11 8 19
1 11 8 20
1 12 8 15
1 12 8 18
1 12 8 19
1 12 8 20
1 13 8 15
1 13 8 18
1 13 8 19
1 13 8 20
1 15 8 18
1 15 8 19
1 15 8 20
1 4 9 6
1 4 9 7
1 4 9 8
1 4 9 9
1 4 9 10
1 4 9 11
1 4 9 12
1 4 9 13
1 4 9 15
1 4 9 18
1 4 9 19
1 4 9 20
1 6 9 15
1 6 9 18
1 6 9 19
1 6 9 20
1 7 9 15
1 7 9 18
1 7 9 19
1 7 9 20
1 8 9 15
1 8 9 18
1 8 9 19
1 8 9 20
1 9 9 15
1 9 9 18
1 9 9 19
1 9 9 20
1 10 9 15
1 10 9 18
1 10 9 19
1 10 9 20
1 11 9 15
1 11 9 18
1 11 9 19
1 11 9 20
1 12 9 15
1 12 9 18
1 12 9 19
1 12 9 20
1 13 9 15
1 13 9 18
1 13 9 19
1 13 9 20
1 15 9 18
1 15 9 19
1 15 9 20
1 2 10 4
1 2 10 6
1 2 10 7
1 2 10 8
1 2 10 9
1 2 10 10
1 2 10 11
1 2 10 12
1 2 10 13
1 2 10 15
1 2 10 18
1 2 10 19
1 2 10 20
1 4 10 6
1 4 10 7
1 4 10 8
1 4 10 9
1 4 10 10
1 4 10 11
1 4 10 12
1 4 10 13
1 4 10 15
1 4 10 18
1 4 10 19
1 4 10 20
1 6 10 15
1 6 10 18
1 6 10 19
1 6 10 20
1 7 10 15
1 7 10 18
1 7 10 19
1 7 10 20
1 8 10 15
1 8 10 18
1 8 10 19
1 8 10 20
1 9 10 15
1 9 10 18
1 9 10 19
1 9 10 20
1 10 10 15
1 10 10 18
1 10 10 19
1 10 10 20
1 11 10 15
1 11 10 18
1 11 10 19
1 11 10 20
1 12 10 15
1 12 10 18
1 12 10 19
1 12 10 20
1 13 10 15
1 13 10 18
1 13 10 19
1 13 10 20
1 15 10 18
1 15 10 19
1 15 10 20
1 2 11 4
1 2 11 6
1 2 11 7
1 2 11 8
1 2 11 9
1 2 11 10
1 2 11 11
1 2 11 12
1 2 11 13
1 2 11 15
1 2 11 18
1 2 11 19
1 2 11 20
1 4 11 6
1 4 11 7
1 4 11 8
1 4 11 9
1 4 11 10
1 4 11 11
1 4 11 12
1 4 11 13
1 4 11 15
1 4 11 18
1 4 11 19
1 4 11 20
1 6 11 15
1 6 11 18
1 6 11 19
1 6 11 20
1 7 11 15
1 7 11 18
1 7 11 19
1 7 11 20
1 8 11 15
1 8 11 18
1 8 11 19
1 8 11 20
1 9 11 15
1 9 11 18
1 9 11 19
1 9 11 20
1 10 11 15
1 10 11 18
1 10 11 19
1 10 11 20
1 11 11 15
1 11 11 18
1 11 11 19
1 11 11 20
1 12 11 15
1 12 11 18
1 12 11 19
1 12 11 20
1 13 11 15
1 13 11 18
1 13 11 19
1 13 11 20
1 15 11 18
1 15 11 19
1 15 11 20
2 4 6 6
2 4 6 7
2 4 6 8
2 4 6 9
2 4 6 10
2 4 6 11
2 4 6 12
2 4 6 13
2 4 6 15
2 4 6 18
2 4 6 19
2 4 6 20
2 6 6 15
2 6 6 18
2 6 6 19
2 6 6 20
2 7 6 15
2 7 6 18
2 7 6 19
2 7 6 20
2 8 6 15
2 8 6 18
2 8 6 19
2 8 6 20
2 9 6 15
2 9 6 18
2 9 6 19
2 9 6 20
2 10 6 15
2 10 6 18
2 10 6 19
2 10 6 20
2 11 6 15
2 11 6 18
2 11 6 19
2 11 6 20
2 12 6 15
2 12 6 18
2 12 6 19
2 12 6 20
2 13 6 15
2 13 6 18
2 13 6 19
2 13 6 20
2 15 6 18
2 15 6 19
2 15 6 20
2 2 7 4
2 2 7 6
2 2 7 7
2 2 7 8
2 2 7 9
2 2 7 10
2 2 7 11
2 2 7 12
2 2 7 13
2 2 7 15
2 2 7 18
2 2 7 19
2 2 7 20
2 4 7 6
2 4 7 7
2 4 7 8
2 4 7 9
2 4 7 10
2 4 7 11
2 4 7 12
2 4 7 13
2 4 7 15
2 4 7 18
2 4 7 19
2 4 7 20
2 6 7 15
2 6 7 18
2 6 7 19
2 6 7 20
2 7 7 15
2 7 7 18
2 7 7 19
2 7 7 20
2 8 7 15
2 8 7 18
2 8 7 19
2 8 7 20
2 9 7 15
2 9 7 18
2 9 7 19
2 9 7 20
2 10 7 15
2 10 7 18
2 10 7 19
2 10 7 20
2 11 7 15
2 11 7 18
2 11 7 19
2 11 7 20
2 12 7 15
2 12 7 18
2 12 7 19
2 12 7 20
2 13 7 15
2 13 7 18
2 13 7 19
2 13 7 20
2 15 7 18
2 15 7 19
2 15 7 20
2 2 8 4
2 2 8 6
2 2 8 7
2 2 8 8
2 2 8 9
2 2 8 10
2 2 8 11
2 2 8 12
2 2 8 13
2 2 8 15
2 2 8 18
2 2 8 19
2 2 8 20
2 4 8 6
2 4 8 7
2 4 8 8
2 4 8 9
2 4 8 10
2 4 8 11
2 4 8 12
2 4 8 13
2 4 8 15
2 4 8 18
2 4 8 19
2 4 8 20
2 6 8 15
2 6 8 18
2 6 8 19
2 6 8 20
2 7 8 15
2 7 8 18
2 7 8 19
2 7 8 20
2 8 8 15
2 8 8 18
2 8 8 19
2 8 8 20
2 9 8 15
2 9 8 18
2 9 8 19
2 9 8 20
2 10 8 15
2 10 8 18
2 10 8 19
2 10 8 20
2 11 8 15
2 11 8 18
2 11 8 19
2 11 8 20
2 12 8 15
2 12 8 18
2 12 8 19
2 12 8 20
2 13 8 15
2 13 8 18
2 13 8 19
2 13 8 20
2 15 8 18
2 15 8 19
2 15 8 20
2 4 9 6
2 4 9 7
2 4 9 8
2 4 9 9
2 4 9 10
2 4 9 11
2 4 9 12
2 4 9 13
2 4 9 15
2 4 9 18
2 4 9 19
2 4 9 20
2 6 9 15
2 6 9 18
2 6 9 19
2 6 9 20
2 7 9 15
2 7 9 18
2 7 9 19
2 7 9 20
2 8 9 15
2 8 9 18
2 8 9 19
2 8 9 20
2 9 9 15
2 9 9 18
2 9 9 19
2 9 9 20
2 10 9 15
2 10 9 18
2 10 9 19
2 10 9 20
2 11 9 15
2 11 9 18
2 11 9 19
2 11 9 20
2 12 9 15
2 12 9 18
2 12 9 19
2 12 9 20
2 13 9 15
2 13 9 18
2 13 9 19
2 13 9 20
2 15 9 18
2 15 9 19
2 15 9 20
2 2 10 4
2 2 10 6
2 2 10 7
2 2 10 8
2 2 10 9
2 2 10 10
2 2 10 11
2 2 10 12
2 2 10 13
2 2 10 15
2 2 10 18
2 2 10 19
2 2 10 20
2 4 10 6
2 4 10 7
2 4 10 8
2 4 10 9
2 4 10 10
2 4 10 11
2 4 10 12
2 4 10 13
2 4 10 15
2 4 10 18
2 4 10 19
2 4 10 20
2 6 10 15
2 6 10 18
2 6 10 19
2 6 10 20
2 7 10 15
2 7 10 18
2 7 10 19
2 7 10 20
2 8 10 15
2 8 10 18
2 8 10 19
2 8 10 20
2 9 10 15
2 9 10 18
2 9 10 19
2 9 10 20
2 10 10 15
2 10 10 18
2 10 10 19
2 10 10 20
2 11 10 15
2 11 10 18
2 11 10 19
2 11 10 20
2 12 10 15
2 12 10 18
2 12 10 19
2 12 10 20
2 13 10 15
2 13 10 18
2 13 10 19
2 13 10 20
2 15 10 18
2 15 10 19
2 15 10 20
2 2 11 4
2 2 11 6
2 2 11 7
2 2 11 8
2 2 11 9
2 2 11 10
2 2 11 11
2 2 11 12
2 2 11 13
2 2 11 15
2 2 11 18
2 2 11 19
2 2 11 20
2 4 11 6
2 4 11 7
2 4 11 8
2 4 11 9
2 4 11 10
2 4 11 11
2 4 11 12
2 4 11 13
2 4 11 15
2 4 11 18
2 4 11 19
2 4 11 20
2 6 11 15
2 6 11 18
2 6 11 19
2 6 11 20
2 7 11 15
2 7 11 18
2 7 11 19
2 7 11 20
2 8 11 15
2 8 11 18
2 8 11 19
2 8 11 20
2 9 11 15
2 9 11 18
2 9 11 19
2 9 11 20
2 10 11 15
2 10 11 18
2 10 11 19
2 10 11 20
2 11 11 15
2 11 11 18
2 11 11 19
2 11 11 20
2 12 11 15
2 12 11 18
2 12 11 19
2 12 11 20
2 13 11 15
2 13 11 18
2 13 11 19
2 13 11 20
2 15 11 18
2 15 11 19
2 15 11 20
3 4 6 6
3 4 6 7
3 4 6 8
3 4 6 9
3 4 6 10
3 4 6 11
3 4 6 12
3 4 6 13
3 4 6 15
3 4 6 18
3 4 6 19
3 4 6 20
3 6 6 15
3 6 6 18
3 6 6 19
3 6 6 20
3 7 6 15
3 7 6 18
3 7 6 19
3 7 6 20
3 8 6 15
3 8 6 18
3 8 6 19
3 8 6 20
3 9 6 15
3 9 6 18
3 9 6 19
3 9 6 20
3 10 6 15
3 10 6 18
3 10 6 19
3 10 6 20
3 11 6 15
3 11 6 18
3 11 6 19
3 11 6 20
3 12 6 15
3 12 6 18
3 12 6 19
3 12 6 20
3 13 6 15
3 13 6 18
3 13 6 19
3 13 6 20
3 15 6 18
3 15 6 19
3 15 6 20
3 2 7 4
3 2 7 6
3 2 7 7
3 2 7 8
3 2 7 9
3 2 7 10
3 2 7 11
3 2 7 12
3 2 7 13
3 2 7 15
3 2 7 18
3 2 7 19
3 2 7 20
3 4 7 6
3 4 7 7
3 4 7 8
3 4 7 9
3 4 7 10
3 4 7 11
3 4 7 12
3 4 7 13
3 4 7 15
3 4 7 18
3 4 7 19
3 4 7 20
3 6 7 15
3 6 7 18
3 6 7 19
3 6 7 20
3 7 7 15
3 7 7 18
3 7 7 19
3 7 7 20
3 8 7 15
3 8 7 18
3 8 7 19
3 8 7 20
3 9 7 15
3 9 7 18
3 9 7 19
3 9 7 20
3 10 7 15
3 10 7 18
3 10 7 19
3 10 7 20
3 11 7 15
3 11 7 18
3 11 7 19
3 11 7 20
3 12 7 15
3 12 7 18
3 12 7 19
3 12 7 20
3 13 7 15
3 13 7 18
3 13 7 19
3 13 7 20
3 15 7 18
3 15 7 19
3 15 7 20
3 2 8 4
3 2 8 6
3 2 8 7
3 2 8 8
3 2 8 9
3 2 8 10
3 2 8 11
3 2 8 12
3 2 8 13
3 2 8 15
3 2 8 18
3 2 8 19
3 2 8 20
3 4 8 6
3 4 8 7
3 4 8 8
3 4 8 9
3 4 8 10
3 4 8 11
3 4 8 12
3 4 8 13
3 4 8 15
3 4 8 18
3 4 8 19
3 4 8 20
3 6 8 15
3 6 8 18
3 6 8 19
3 6 8 20
3 7 8 15
3 7 8 18
3 7 8 19
3 7 8 20
3 8 8 15
3 8 8 18
3 8 8 19
3 8 8 20
3 9 8 15
3 9 8 18
3 9 8 19
3 9 8 20
3 10 8 15
3 10 8 18
3 10 8 19
3 10 8 20
3 11 8 15
3 11 8 18
3 11 8 19
3 11 8 20
3 12 8 15
3 12 8 18
3 12 8 19
3 12 8 20
3 13 8 15
3 13 8 18
3 13 8 19
3 13 8 20
3 15 8 18
3 15 8 19
3 15 8 20
3 4 9 6
3 4 9 7
3 4 9 8
3 4 9 9
3 4 9 10
3 4 9 11
3 4 9 12
3 4 9 13
3 4 9 15
3 4 9 18
3 4 9 19
3 4 9 20
3 6 9 15
3 6 9 18
3 6 9 19
3 6 9 20
3 7 9 15
3 7 9 18
3 7 9 19
3 7 9 20
3 8 9 15
3 8 9 18
3 8 9 19
3 8 9 20
3 9 9 15
3 9 9 18
3 9 9 19
3 9 9 20
3 10 9 15
3 10 9 18
3 10 9 19
3 10 9 20
3 11 9 15
3 11 9 18
3 11 9 19
3 11 9 20
3 12 9 15
3 12 9 18
3 12 9 19
3 12 9 20
3 13 9 15
3 13 9 18
3 13 9 19
3 13 9 20
3 15 9 18
3 15 9 19
3 15 9 20
3 2 10 4
3 2 10 6
3 2 10 7
3 2 10 8
3 2 10 9
3 2 10 10
3 2 10 11
3 2 10 12
3 2 10 13
3 2 10 15
3 2 10 18
3 2 10 19
3 2 10 20
3 4 10 6
3 4 10 7
3 4 10 8
3 4 10 9
3 4 10 10
3 4 10 11
3 4 10 12
3 4 10 13
3 4 10 15
3 4 10 18
3 4 10 19
3 4 10 20
3 6 10 15
3 6 10 18
3 6 10 19
3 6 10 20
3 7 10 15
3 7 10 18
3 7 10 19
3 7 10 20
3 8 10 15
3 8 10 18
3 8 10 19
3 8 10 20
3 9 10 15
3 9 10 18
3 9 10 19
3 9 10 20
3 10 10 15
3 10 10 18
3 10 10 19
3 10 10 20
3 11 10 15
3 11 10 18
3 11 10 19
3 11 10 20
3 12 10 15
3 12 10 18
3 12 10 19
3 12 10 20
3 13 10 15
3 13 10 18
3 13 10 19
3 13 10 20
3 15 10 18
3 15 10 19
3 15 10 20
3 2 11 4
3 2 11 6
3 2 11 7
3 2 11 8
3 2 11 9
3 2 11 10
3 2 11 11
3 2 11 12
3 2 11 13
3 2 11 15
3 2 11 18
3 2 11 19
3 2 11 20
3 4 11 6
3 4 11 7
3 4 11 8
3 4 11 9
3 4 11 10
3 4 11 11
3 4 11 12
3 4 11 13
3 4 11 15
3 4 11 18
3 4 11 19
3 4 11 20
3 6 11 15
3 6 11 18
3 6 11 19
3 6 11 20
3 7 11 15
3 7 11 18
3 7 11 19
3 7 11 20
3 8 11 15
3 8 11 18
3 8 11 19
3 8 11 20
3 9 11 15
3 9 11 18
3 9 11 19
3 9 11 20
3 10 11 15
3 10 11 18
3 10 11 19
3 10 11 20
3 11 11 15
3 11 11 18
3 11 11 19
3 11 11 20
3 12 11 15
3 12 11 18
3 12 11 19
3 12 11 20
3 13 11 15
3 13 11 18
3 13 11 19
3 13 11 20
3 15 11 18
3 15 11 19
3 15 11 20
4 4 6 6
4 4 6 7
4 4 6 8
4 4 6 9
4 4 6 10
4 4 6 11
4 4 6 12
4 4 6 13
4 4 6 15
4 4 6 18
4 4 6 19
4 4 6 20
4 6 6 15
4 6 6 18
4 6 6 19
4 6 6 20
4 7 6 15
4 7 6 18
4 7 6 19
4 7 6 20
4 8 6 15
4 8 6 18
4 8 6 19
4 8 6 20
4 9 6 15
4 9 6 18
4 9 6 19
4 9 6 20
4 10 6 15
4 10 6 18
4 10 6 19
4 10 6 20
4 11 6 15
4 11 6 18
4 11 6 19
4 11 6 20
4 12 6 15
4 12 6 18
4 12 6 19
4 12 6 20
4 13 6 15
4 13 6 18
4 13 6 19
4 13 6 20
4 15 6 18
4 15 6 19
4 15 6 20
4 2 7 4
4 2 7 6
4 2 7 7
4 2 7 8
4 2 7 9
4 2 7 10
4 2 7 11
4 2 7 12
4 2 7 13
4 2 7 15
4 2 7 18
4 2 7 19
4 2 7 20
4 4 7 6
4 4 7 7
4 4 7 8
4 4 7 9
4 4 7 10
4 4 7 11
4 4 7 12
4 4 7 13
4 4 7 15
4 4 7 18
4 4 7 19
4 4 7 20
4 6 7 15
4 6 7 18
4 6 7 19
4 6 7 20
4 7 7 15
4 7 7 18
4 7 7 19
4 7 7 20
4 8 7 15
4 8 7 18
4 8 7 19
4 8 7 20
4 9 7 15
4 9 7 18
4 9 7 19
4 9 7 20
4 10 7 15
4 10 7 18
4 10 7 19
4 10 7 20
4 11 7 15
4 11 7 18
4 11 7 19
4 11 7 20
4 12 7 15
4 12 7 18
4 12 7 19
4 12 7 20
4 13 7 15
4 13 7 18
4 13 7 19
4 13 7 20
4 15 7 18
4 15 7 19
4 15 7 20
4 2 8 4
4 2 8 6
4 2 8 7
4 2 8 8
4 2 8 9
4 2 8 10
4 2 8 11
4 2 8 12
4 2 8 13
4 2 8 15
4 2 8 18
4 2 8 19
4 2 8 20
4 4 8 6
4 4 8 7
4 4 8 8
4 4 8 9
4 4 8 10
4 4 8 11
4 4 8 12
4 4 8 13
4 4 8 15
4 4 8 18
4 4 8 19
4 4 8 20
4 6 8 15
4 6 8 18
4 6 8 19
4 6 8 20
4 7 8 15
4 7 8 18
4 7 8 19
4 7 8 20
4 8 8 15
4 8 8 18
4 8 8 19
4 8 8 20
4 9 8 15
4 9 8 18
4 9 8 19
4 9 8 20
4 10 8 15
4 10 8 18
4 10 8 19
4 10 8 20
4 11 8 15
4 11 8 18
4 11 8 19
4 11 8 20
4 12 8 15
4 12 8 18
4 12 8 19
4 12 8 20
4 13 8 15
4 13 8 18
4 13 8 19
4 13 8 20
4 15 8 18
4 15 8 19
4 15 8 20
4 4 9 6
4 4 9 7
4 4 9 8
4 4 9 9
4 4 9 10
4 4 9 11
4 4 9 12
4 4 9 13
4 4 9 15
4 4 9 18
4 4 9 19
4 4 9 20
4 6 9 15
4 6 9 18
4 6 9 19
4 6 9 20
4 7 9 15
4 7 9 18
4 7 9 19
4 7 9 20
4 8 9 15
4 8 9 18
4 8 9 19
4 8 9 20
4 9 9 15
4 9 9 18
4 9 9 19
4 9 9 20
4 10 9 15
4 10 9 18
4 10 9 19
4 10 9 20
4 11 9 15
4 11 9 18
4 11 9 19
4 11 9 20
4 12 9 15
4 12 9 18
4 12 9 19
4 12 9 20
4 13 9 15
4 13 9 18
4 13 9 19
4 13 9 20
4 15 9 18
4 15 9 19
4 15 9 20
4 2 10 4
4 2 10 6
4 2 10 7
4 2 10 8
4 2 10 9
4 2 10 10
4 2 10 11
4 2 10 12
4 2 10 13
4 2 10 15
4 2 10 18
4 2 10 19
4 2 10 20
4 4 10 6
4 4 10 7
4 4 10 8
4 4 10 9
4 4 10 10
4 4 10 11
4 4 10 12
4 4 10 13
4 4 10 15
4 4 10 18
4 4 10 19
4 4 10 20
4 6 10 15
4 6 10 18
4 6 10 19
4 6 10 20
4 7 10 15
4 7 10 18
4 7 10 19
4 7 10 20
4 8 10 15
4 8 10 18
4 8 10 19
4 8 10 20
4 9 10 15
4 9 10 18
4 9 10 19
4 9 10 20
4 10 10 15
4 10 10 18
4 10 10 19
4 10 10 20
4 11 10 15
4 11 10 18
4 11 10 19
4 11 10 20
4 12 10 15
4 12 10 18
4 12 10 19
4 12 10 20
4 13 10 15
4 13 10 18
4 13 10 19
4 13 10 20
4 15 10 18
4 15 10 19
4 15 10 20
4 2 11 4
4 2 11 6
4 2 11 7
4 2 11 8
4 2 11 9
4 2 11 10
4 2 11 11
4 2 11 12
4 2 11 13
4 2 11 15
4 2 11 18
4 2 11 19
4 2 11 20
4 4 11 6
4 4 11 7
4 4 11 8
4 4 11 9
4 4 11 10
4 4 11 11
4 4 11 12
4 4 11 13
4 4 11 15
4 4 11 18
4 4 11 19
4 4 11 20
4 6 11 15
4 6 11 18
4 6 11 19
4 6 11 20
4 7 11 15
4 7 11 18
4 7 11 19
4 7 11 20
4 8 11 15
4 8 11 18
4 8 11 19
4 8 11 20
4 9 11 15
4 9 11 18
4 9 11 19
4 9 11 20
4 10 11 15
4 10 11 18
4 10 11 19
4 10 11 20
4 11 11 15
4 11 11 18
4 11 11 19
4 11 11 20
4 12 11 15
4 12 11 18
4 12 11 19
4 12 11 20
4 13 11 15
4 13 11 18
4 13 11 19
4 13 11 20
4 15 11 18
4 15 11 19
4 15 11 20
7 2 10 4
7 2 10 5
7 2 10 6
7 2 10 7
7 2 10 8
7 2 10 9
7 2 10 10
7 2 10 11
7 2 10 12
7 2 10 13
7 2 10 14
7 2 10 15
7 2 10 16
7 2 10 17
7 2 10 18
7 2 10 19
7 2 10 20
7 2 11 4
7 2 11 5
7 2 11 6
7 2 11 7
7 2 11 8
7 2 11 9
7 2 11 10
7 2 11 11
7 2 11 12
7 2 11 13
7 2 11 14
7 2 11 15
7 2 11 16
7 2 11 17
7 2 11 18
7 2 11 19
7 2 11 20
8 2 10 4
8 2 10 5
8 2 10 6
8 2 10 7
8 2 10 8
8 2 10 9
8 2 10 10
8 2 10 11
8 2 10 12
8 2 10 13
8 2 10 14
8 2 10 15
8 2 10 16
8 2 10 17
8 2 10 18
8 2 10 19
8 2 10 20
8 2 11 4
8 2 11 5
8 2 11 6
8 2 11 7
8 2 11 8
8 2 11 9
8 2 11 10
8 2 11 11
8 2 11 12
8 2 11 13
8 2 11 14
8 2 11 15
8 2 11 16
8 2 11 17
8 2 11 18
8 2 11 19
8 2 11 20
