25 10
0000000000
1111000000
1011111110
1011000010
1111100010
1111100010
1010100010
1011111111
1010100011
1111110011
1111111011
1110111011
1110111011
1111111011
1110101011
1111111011
1010000011
1010000011
1010000011
1010000011
1011111111
1110000010
0010000010
0010000010
0011111110
98
2 1 5 3
2 1 5 4
2 1 6 3
2 1 6 4
2 1 10 3
2 1 11 3
2 1 12 3
2 1 13 3
2 1 14 3
2 1 15 3
2 1 16 3
2 1 22 3
3 3 8 9
3 3 21 9
3 3 25 9
5 3 8 5
5 1 10 3
5 1 10 5
5 3 10 5
5 1 11 3
5 1 11 5
5 3 11 5
5 1 12 3
5 1 13 3
5 1 14 3
5 1 14 5
5 3 14 5
5 1 15 3
5 1 16 3
5 1 16 5
5 3 16 5
5 1 22 3
6 3 8 5
6 1 10 3
6 1 10 5
6 3 10 5
6 1 11 3
6 1 11 5
6 3 11 5
6 1 12 3
6 1 13 3
6 1 14 3
6 1 14 5
6 3 14 5
6 1 15 3
6 1 16 3
6 1 16 5
6 3 16 5
6 1 22 3
8 3 10 5
8 3 11 5
8 3 14 5
8 3 16 5
8 3 21 9
8 3 21 10
8 3 25 9
10 1 14 5
10 1 14 6
10 2 14 5
10 2 14 6
10 3 14 5
10 3 14 6
10 1 16 5
10 2 16 5
10 3 16 5
10 1 22 3
11 1 14 5
11 1 14 6
11 1 14 7
11 2 14 5
11 2 14 6
11 2 14 7
11 3 14 5
11 3 14 6
11 3 14 7
11 1 16 5
11 1 16 7
11 2 16 5
11 2 16 7
11 3 16 5
11 3 16 7
11 5 16 7
11 1 22 3
12 5 16 7
12 1 22 3
13 5 16 7
13 1 22 3
14 1 16 5
14 1 16 7
14 2 16 5
14 2 16 7
14 3 16 5
14 3 16 7
14 5 16 7
14 1 22 3
15 1 22 3
16 1 22 3
21 3 25 9
