24 21
000000000000000000000
000000000000000000000
000000000000011111000
000000000000010001000
000000000000010001000
000000000000010001000
000000000000010001000
000000000000010001000
000000000000010001000
000000000000010001000
001111111111111111100
001000000000010001100
001000000000010001100
001000000000111001100
001000000000111111100
001000000000101000100
001000000000101000100
001000000000111000100
001000000000000000100
001000000000000000100
001000000000000000100
001111111111111111100
000000000000000000000
000000000000000000000
7
3 14 11 18
3 14 15 18
11 14 15 18
11 14 15 19
11 3 22 19
14 13 18 15
15 13 18 15
