23 18
000000000000000000
000000000000000000
111111111100000000
111111111111111100
110100000111111110
110111111111111110
110000000110000010
110011111110000010
110010110110000010
110011110110000010
111111100110000010
111111111110000010
110010111110000010
111111100110000010
110010100110000010
110010100110000010
110010100111111110
110010100110000000
111110100110000000
110110100110000000
110110100110000000
111111111110000000
011110000000000000
92
3 4 6 10
3 1 12 10
3 2 12 10
3 1 22 10
3 2 22 10
4 4 6 10
4 4 6 11
4 4 6 12
4 4 6 13
4 4 6 14
4 4 6 15
4 4 6 16
4 1 12 10
4 1 12 11
4 2 12 10
4 2 12 11
4 1 22 10
4 1 22 11
4 2 22 10
4 2 22 11
5 10 17 17
5 11 17 17
6 10 17 17
6 11 17 17
8 5 10 7
8 5 10 8
8 5 11 7
8 5 12 7
8 5 12 10
8 5 12 11
8 7 12 10
8 7 12 11
8 7 13 10
8 7 13 11
8 5 14 7
8 5 22 7
8 5 22 10
8 5 22 11
8 7 22 10
8 7 22 11
10 5 14 7
10 5 22 7
11 1 14 5
11 1 14 7
11 2 14 5
11 2 14 7
11 5 14 7
11 1 19 5
11 2 19 5
11 1 22 5
11 1 22 7
11 2 22 5
11 2 22 7
11 5 22 7
11 2 23 5
12 1 14 5
12 1 14 7
12 2 14 5
12 2 14 7
12 5 14 7
12 1 19 5
12 2 19 5
12 1 22 5
12 1 22 7
12 1 22 10
12 1 22 11
12 2 22 5
12 2 22 7
12 2 22 10
12 2 22 11
12 5 22 7
12 5 22 10
12 5 22 11
12 7 22 10
12 7 22 11
12 2 23 5
13 7 22 10
13 7 22 11
14 1 19 5
14 2 19 5
14 1 22 5
14 1 22 7
14 2 22 5
14 2 22 7
14 5 22 7
14 2 23 5
19 1 22 4
19 1 22 5
19 2 22 4
19 2 22 5
19 2 23 4
19 2 23 5
