21 18
001111111111111100
001000001111111110
001111111101000110
001100011101000110
001100011101000110
001100011101000110
001100011101000110
001111111101000110
001100011101000110
001100011101000110
011111111111000110
011100011101000110
011111111111111110
001111111001000100
001000001001000100
001000001001000100
001000001001000100
001111111111111100
001000001001000000
001000001111000000
001111111000000000
119
1 3 3 9
1 3 3 10
1 3 8 9
1 3 8 10
1 3 11 9
1 3 11 10
1 3 11 12
1 9 11 12
1 10 11 12
1 3 13 9
1 3 13 10
1 3 13 12
1 3 13 16
1 9 13 12
1 9 13 16
1 10 13 12
1 10 13 16
1 12 13 16
1 3 14 9
1 3 18 9
1 3 18 12
1 3 18 16
1 9 18 12
1 9 18 16
1 12 18 16
1 9 20 12
1 3 21 9
2 9 11 12
2 10 11 12
2 9 13 12
2 9 13 16
2 9 13 17
2 10 13 12
2 10 13 16
2 10 13 17
2 12 13 16
2 12 13 17
2 9 18 12
2 9 18 16
2 12 18 16
2 9 20 12
3 3 8 8
3 3 8 9
3 3 8 10
3 4 8 8
3 4 8 9
3 4 8 10
3 3 11 8
3 3 11 9
3 3 11 10
3 4 11 8
3 4 11 9
3 4 11 10
3 3 13 8
3 3 13 9
3 3 13 10
3 4 13 8
3 4 13 9
3 4 13 10
3 3 14 8
3 3 14 9
3 4 14 8
3 4 14 9
3 3 18 9
3 3 21 9
8 3 11 8
8 3 11 9
8 3 11 10
8 4 11 8
8 4 11 9
8 4 11 10
8 3 13 8
8 3 13 9
8 3 13 10
8 4 13 8
8 4 13 9
8 4 13 10
8 3 14 8
8 3 14 9
8 4 14 8
8 4 14 9
8 3 18 9
8 3 21 9
11 2 13 8
11 2 13 9
11 2 13 10
11 2 13 12
11 3 13 8
11 3 13 9
11 3 13 10
11 3 13 12
11 4 13 8
11 4 13 9
11 4 13 10
11 4 13 12
11 8 13 12
11 9 13 12
11 10 13 12
11 3 14 8
11 3 14 9
11 4 14 8
11 4 14 9
11 3 18 9
11 3 18 12
11 9 18 12
11 9 20 12
11 3 21 9
13 3 18 9
13 3 18 12
13 3 18 16
13 9 18 12
13 9 18 16
13 12 18 16
13 9 20 12
13 3 21 9
14 3 18 9
14 3 21 9
18 9 20 12
18 3 21 9
