13 20
00001111111000000000
00001000001000000000
00001000001000000000
00001000001000000000
00001000001000000000
00001000001000000000
00001111111000000000
00011111111000000000
00011000011000000000
00111111111001110000
00111010011001010000
00111111111001110000
00111111110000000000
38
1 5 7 11
1 5 8 11
1 5 10 11
1 5 12 11
7 5 10 10
7 5 10 11
7 5 12 10
7 5 12 11
7 5 13 10
8 4 10 10
8 4 10 11
8 5 10 10
8 5 10 11
8 4 12 10
8 4 12 11
8 5 12 10
8 5 12 11
8 4 13 10
8 5 13 10
10 3 12 7
10 3 12 10
10 3 12 11
10 4 12 7
10 4 12 10
10 4 12 11
10 5 12 7
10 5 12 10
10 5 12 11
10 7 12 10
10 7 12 11
10 14 12 16
10 3 13 7
10 3 13 10
10 4 13 7
10 4 13 10
10 5 13 7
10 5 13 10
10 7 13 10
