14 17
00000000011111111
00000000010001111
00000000010001011
00000000010001011
00000000010001011
00000000010001011
11111111110001011
10000000010001111
11111111110001011
10000000110001111
11111111111111011
11111111111111111
11111111110011010
11111111111111110
93
1 14 8 16
1 14 8 17
1 14 10 16
1 14 10 17
1 10 11 14
1 10 12 14
1 10 12 16
1 10 12 17
1 14 12 16
1 14 12 17
1 10 14 14
1 10 14 16
1 14 14 16
2 14 8 16
2 14 8 17
2 14 10 16
2 14 10 17
2 14 12 16
2 14 12 17
2 14 14 16
7 1 9 10
7 1 11 10
7 1 12 10
7 1 13 10
7 1 14 10
8 14 10 16
8 14 10 17
8 14 12 16
8 14 12 17
8 14 14 16
9 1 11 9
9 1 11 10
9 1 12 9
9 1 12 10
9 1 13 9
9 1 13 10
9 1 14 9
9 1 14 10
10 14 12 16
10 14 12 17
10 14 14 16
11 1 14 13
11 1 14 14
11 2 14 13
11 2 14 14
11 3 14 13
11 3 14 14
11 4 14 13
11 4 14 14
11 5 14 13
11 5 14 14
11 6 14 13
11 6 14 14
11 7 14 13
11 7 14 14
11 8 14 13
11 8 14 14
11 9 14 13
11 9 14 14
11 10 14 13
11 10 14 14
12 1 14 13
12 1 14 14
12 1 14 16
12 2 14 13
12 2 14 14
12 2 14 16
12 3 14 13
12 3 14 14
12 3 14 16
12 4 14 13
12 4 14 14
12 4 14 16
12 5 14 13
12 5 14 14
12 5 14 16
12 6 14 13
12 6 14 14
12 6 14 16
12 7 14 13
12 7 14 14
12 7 14 16
12 8 14 13
12 8 14 14
12 8 14 16
12 9 14 13
12 9 14 14
12 9 14 16
12 10 14 13
12 10 14 14
12 10 14 16
12 13 14 16
12 14 14 16
