24 24
000001111111110000000000
000001000000010000000000
000001000000010000000000
000001000000010000000000
000001000000010000000000
000001000000010000000000
001111111111111111100000
001001000000010000100000
001001000000010000100000
001001000000010000100000
001001000000010000100000
001001000000010000100000
001001000000010000100000
001001000000010000100000
001001000000010000100000
001111111111111111100000
000000000000000000000000
000000000000000000000000
000000000000000000000000
000000000000000000000000
000000000000000000000000
000000000000000000000000
000000000000000000000000
000000000000000000000000
8
1 6 7 14
1 6 16 14
7 3 16 6
7 3 16 14
7 3 16 19
7 6 16 14
7 6 16 19
7 14 16 19
