22 19
0000000000000000000
0000000000000000000
0000011111000000000
0000010001000000000
0000010001000000000
0000010001000000000
0000010001000000000
0000010001000000000
0000011111111111110
0000011001000000010
0000011001000000010
0011111111111100010
0010011001000100010
0010011001000100010
0010011001000100010
0010011111111111110
0010010001000100000
0010010001000100000
0010010001000100000
0010010001000100000
0011111111111100000
0000000000000000000
26
3 6 9 10
3 6 12 10
3 6 16 10
3 6 21 10
9 6 12 10
9 7 12 10
9 6 16 10
9 6 16 18
9 7 16 10
9 7 16 18
9 10 16 18
9 6 21 10
12 6 16 10
12 6 16 14
12 7 16 10
12 7 16 14
12 10 16 14
12 3 21 6
12 3 21 10
12 3 21 14
12 6 21 10
12 6 21 14
12 10 21 14
16 6 21 10
16 6 21 14
16 10 21 14
