16 17
11111110000000000
10111111111111110
11110111111110110
10110111111111111
10110111101110111
11111111111111111
11111111111111101
10010111011110101
10010111111111101
10010111111111111
11111111111111101
11111111111111111
10010111111111111
11111111111111111
00000101111111111
00000111111111111
1135
1 1 3 3
1 1 3 4
1 1 6 3
1 1 6 4
1 1 6 6
1 1 6 7
1 3 6 6
1 3 6 7
1 4 6 6
1 4 6 7
1 1 7 3
1 1 7 4
1 1 7 6
1 1 7 7
1 3 7 6
1 3 7 7
1 4 7 6
1 4 7 7
1 1 11 4
1 1 11 6
1 1 11 7
1 4 11 6
1 4 11 7
1 1 12 4
1 1 12 6
1 1 12 7
1 4 12 6
1 4 12 7
1 1 14 4
1 1 14 6
1 1 14 7
1 4 14 6
1 4 14 7
2 6 4 15
2 6 4 16
2 7 4 15
2 7 4 16
2 8 4 15
2 8 4 16
2 9 4 15
2 9 4 16
2 10 4 15
2 10 4 16
2 11 4 15
2 11 4 16
2 12 4 15
2 12 4 16
2 13 4 15
2 13 4 16
2 3 6 6
2 3 6 7
2 3 6 8
2 3 6 9
2 3 6 11
2 3 6 12
2 3 6 13
2 3 6 15
2 3 6 16
2 4 6 6
2 4 6 7
2 4 6 8
2 4 6 9
2 4 6 11
2 4 6 12
2 4 6 13
2 4 6 15
2 4 6 16
2 6 6 11
2 6 6 12
2 6 6 13
2 6 6 15
2 6 6 16
2 7 6 11
2 7 6 12
2 7 6 13
2 7 6 15
2 7 6 16
2 8 6 11
2 8 6 12
2 8 6 13
2 8 6 15
2 8 6 16
2 9 6 11
2 9 6 12
2 9 6 13
2 9 6 15
2 9 6 16
2 11 6 15
2 11 6 16
2 12 6 15
2 12 6 16
2 13 6 15
2 13 6 16
2 3 7 6
2 3 7 7
2 3 7 8
2 3 7 9
2 3 7 11
2 3 7 12
2 3 7 13
2 3 7 15
2 4 7 6
2 4 7 7
2 4 7 8
2 4 7 9
2 4 7 11
2 4 7 12
2 4 7 13
2 4 7 15
2 6 7 11
2 6 7 12
2 6 7 13
2 6 7 15
2 7 7 11
2 7 7 12
2 7 7 13
2 7 7 15
2 8 7 11
2 8 7 12
2 8 7 13
2 8 7 15
2 9 7 11
2 9 7 12
2 9 7 13
2 9 7 15
2 11 7 15
2 12 7 15
2 13 7 15
2 6 9 11
2 6 9 12
2 6 9 13
2 6 9 15
2 7 9 11
2 7 9 12
2 7 9 13
2 7 9 15
2 8 9 11
2 8 9 12
2 8 9 13
2 8 9 15
2 11 9 15
2 12 9 15
2 13 9 15
2 6 10 11
2 6 10 12
2 6 10 13
2 6 10 15
2 7 10 11
2 7 10 12
2 7 10 13
2 7 10 15
2 8 10 11
2 8 10 12
2 8 10 13
2 8 10 15
2 11 10 15
2 12 10 15
2 13 10 15
2 4 11 6
2 4 11 7
2 4 11 8
2 4 11 11
2 4 11 12
2 4 11 13
2 4 11 15
2 6 11 11
2 6 11 12
2 6 11 13
2 6 11 15
2 7 11 11
2 7 11 12
2 7 11 13
2 7 11 15
2 8 11 11
2 8 11 12
2 8 11 13
2 8 11 15
2 11 11 15
2 12 11 15
2 13 11 15
2 4 12 6
2 4 12 7
2 4 12 8
2 4 12 11
2 4 12 12
2 4 12 13
2 4 12 15
2 6 12 11
2 6 12 12
2 6 12 13
2 6 12 15
2 7 12 11
2 7 12 12
2 7 12 13
2 7 12 15
2 8 12 11
2 8 12 12
2 8 12 13
2 8 12 15
2 11 12 15
2 12 12 15
2 13 12 15
2 6 13 11
2 6 13 12
2 6 13 13
2 6 13 15
2 7 13 11
2 7 13 12
2 7 13 13
2 7 13 15
2 8 13 11
2 8 13 12
2 8 13 13
2 8 13 15
2 11 13 15
2 12 13 15
2 13 13 15
2 4 14 6
2 4 14 7
2 4 14 8
2 4 14 11
2 4 14 12
2 4 14 13
2 4 14 15
2 6 14 11
2 6 14 12
2 6 14 13
2 6 14 15
2 7 14 11
2 7 14 12
2 7 14 13
2 7 14 15
2 8 14 11
2 8 14 12
2 8 14 13
2 8 14 15
2 11 14 15
2 12 14 15
2 13 14 15
2 8 15 11
2 8 15 12
2 8 15 13
2 8 15 15
2 11 15 15
2 12 15 15
2 13 15 15
2 6 16 8
2 6 16 11
2 6 16 12
2 6 16 13
2 6 16 15
2 8 16 11
2 8 16 12
2 8 16 13
2 8 16 15
2 11 16 15
2 12 16 15
2 13 16 15
3 1 6 3
3 1 6 4
3 6 6 11
3 6 6 12
3 6 6 13
3 7 6 11
3 7 6 12
3 7 6 13
3 8 6 11
3 8 6 12
3 8 6 13
3 9 6 11
3 9 6 12
3 9 6 13
3 1 7 3
3 1 7 4
3 6 7 11
3 6 7 12
3 6 7 13
3 7 7 11
3 7 7 12
3 7 7 13
3 8 7 11
3 8 7 12
3 8 7 13
3 9 7 11
3 9 7 12
3 9 7 13
3 6 9 11
3 6 9 12
3 6 9 13
3 7 9 11
3 7 9 12
3 7 9 13
3 8 9 11
3 8 9 12
3 8 9 13
3 6 10 11
3 6 10 12
3 6 10 13
3 7 10 11
3 7 10 12
3 7 10 13
3 8 10 11
3 8 10 12
3 8 10 13
3 1 11 4
3 6 11 11
3 6 11 12
3 6 11 13
3 7 11 11
3 7 11 12
3 7 11 13
3 8 11 11
3 8 11 12
3 8 11 13
3 1 12 4
3 6 12 11
3 6 12 12
3 6 12 13
3 7 12 11
3 7 12 12
3 7 12 13
3 8 12 11
3 8 12 12
3 8 12 13
3 6 13 11
3 6 13 12
3 6 13 13
3 7 13 11
3 7 13 12
3 7 13 13
3 8 13 11
3 8 13 12
3 8 13 13
3 1 14 4
3 6 14 11
3 6 14 12
3 6 14 13
3 7 14 11
3 7 14 12
3 7 14 13
3 8 14 11
3 8 14 12
3 8 14 13
3 8 15 11
3 8 15 12
3 8 15 13
3 6 16 8
3 6 16 11
3 6 16 12
3 6 16 13
3 8 16 11
3 8 16 12
3 8 16 13
4 6 6 11
4 6 6 12
4 6 6 13
4 6 6 15
4 6 6 16
4 6 6 17
4 7 6 11
4 7 6 12
4 7 6 13
4 7 6 15
4 7 6 16
4 7 6 17
4 8 6 11
4 8 6 12
4 8 6 13
4 8 6 15
4 8 6 16
4 8 6 17
4 9 6 11
4 9 6 12
4 9 6 13
4 9 6 15
4 9 6 16
4 9 6 17
4 11 6 15
4 11 6 16
4 11 6 17
4 12 6 15
4 12 6 16
4 12 6 17
4 13 6 15
4 13 6 16
4 13 6 17
4 6 7 11
4 6 7 12
4 6 7 13
4 6 7 15
4 7 7 11
4 7 7 12
4 7 7 13
4 7 7 15
4 8 7 11
4 8 7 12
4 8 7 13
4 8 7 15
4 9 7 11
4 9 7 12
4 9 7 13
4 9 7 15
4 11 7 15
4 12 7 15
4 13 7 15
4 6 9 11
4 6 9 12
4 6 9 13
4 6 9 15
4 7 9 11
4 7 9 12
4 7 9 13
4 7 9 15
4 8 9 11
4 8 9 12
4 8 9 13
4 8 9 15
4 11 9 15
4 12 9 15
4 13 9 15
4 6 10 11
4 6 10 12
4 6 10 13
4 6 10 15
4 6 10 17
4 7 10 11
4 7 10 12
4 7 10 13
4 7 10 15
4 7 10 17
4 8 10 11
4 8 10 12
4 8 10 13
4 8 10 15
4 8 10 17
4 11 10 15
4 11 10 17
4 12 10 15
4 12 10 17
4 13 10 15
4 13 10 17
4 15 10 17
4 6 11 11
4 6 11 12
4 6 11 13
4 6 11 15
4 7 11 11
4 7 11 12
4 7 11 13
4 7 11 15
4 8 11 11
4 8 11 12
4 8 11 13
4 8 11 15
4 11 11 15
4 12 11 15
4 13 11 15
4 6 12 11
4 6 12 12
4 6 12 13
4 6 12 15
4 6 12 17
4 7 12 11
4 7 12 12
4 7 12 13
4 7 12 15
4 7 12 17
4 8 12 11
4 8 12 12
4 8 12 13
4 8 12 15
4 8 12 17
4 11 12 15
4 11 12 17
4 12 12 15
4 12 12 17
4 13 12 15
4 13 12 17
4 15 12 17
4 6 13 11
4 6 13 12
4 6 13 13
4 6 13 15
4 6 13 17
4 7 13 11
4 7 13 12
4 7 13 13
4 7 13 15
4 7 13 17
4 8 13 11
4 8 13 12
4 8 13 13
4 8 13 15
4 8 13 17
4 11 13 15
4 11 13 17
4 12 13 15
4 12 13 17
4 13 13 15
4 13 13 17
4 15 13 17
4 6 14 11
4 6 14 12
4 6 14 13
4 6 14 15
4 6 14 17
4 7 14 11
4 7 14 12
4 7 14 13
4 7 14 15
4 7 14 17
4 8 14 11
4 8 14 12
4 8 14 13
4 8 14 15
4 8 14 17
4 11 14 15
4 11 14 17
4 12 14 15
4 12 14 17
4 13 14 15
4 13 14 17
4 15 14 17
4 8 15 11
4 8 15 12
4 8 15 13
4 8 15 15
4 8 15 17
4 11 15 15
4 11 15 17
4 12 15 15
4 12 15 17
4 13 15 15
4 13 15 17
4 15 15 17
4 6 16 8
4 6 16 11
4 6 16 12
4 6 16 13
4 6 16 15
4 6 16 17
4 8 16 11
4 8 16 12
4 8 16 13
4 8 16 15
4 8 16 17
4 11 16 15
4 11 16 17
4 12 16 15
4 12 16 17
4 13 16 15
4 13 16 17
4 15 16 17
5 15 10 17
5 15 12 17
5 15 13 17
5 15 14 17
5 15 15 17
5 6 16 8
5 15 16 17
6 6 9 10
6 6 9 11
6 6 9 12
6 6 9 13
6 6 9 15
6 7 9 10
6 7 9 11
6 7 9 12
6 7 9 13
6 7 9 15
6 8 9 10
6 8 9 11
6 8 9 12
6 8 9 13
6 8 9 15
6 10 9 15
6 11 9 15
6 12 9 15
6 13 9 15
6 6 10 10
6 6 10 11
6 6 10 12
6 6 10 13
6 6 10 15
6 6 10 17
6 7 10 10
6 7 10 11
6 7 10 12
6 7 10 13
6 7 10 15
6 7 10 17
6 8 10 10
6 8 10 11
6 8 10 12
6 8 10 13
6 8 10 15
6 8 10 17
6 10 10 15
6 10 10 17
6 11 10 15
6 11 10 17
6 12 10 15
6 12 10 17
6 13 10 15
6 13 10 17
6 15 10 17
6 1 11 4
6 1 11 6
6 1 11 7
6 1 11 8
6 1 11 10
6 1 11 11
6 1 11 12
6 1 11 13
6 1 11 15
6 4 11 6
6 4 11 7
6 4 11 8
6 4 11 10
6 4 11 11
6 4 11 12
6 4 11 13
6 4 11 15
6 6 11 10
6 6 11 11
6 6 11 12
6 6 11 13
6 6 11 15
6 7 11 10
6 7 11 11
6 7 11 12
6 7 11 13
6 7 11 15
6 8 11 10
6 8 11 11
6 8 11 12
6 8 11 13
6 8 11 15
6 10 11 15
6 11 11 15
6 12 11 15
6 13 11 15
6 1 12 4
6 1 12 6
6 1 12 7
6 1 12 8
6 1 12 10
6 1 12 11
6 1 12 12
6 1 12 13
6 1 12 15
6 1 12 17
6 4 12 6
6 4 12 7
6 4 12 8
6 4 12 10
6 4 12 11
6 4 12 12
6 4 12 13
6 4 12 15
6 4 12 17
6 6 12 10
6 6 12 11
6 6 12 12
6 6 12 13
6 6 12 15
6 6 12 17
6 7 12 10
6 7 12 11
6 7 12 12
6 7 12 13
6 7 12 15
6 7 12 17
6 8 12 10
6 8 12 11
6 8 12 12
6 8 12 13
6 8 12 15
6 8 12 17
6 10 12 15
6 10 12 17
6 11 12 15
6 11 12 17
6 12 12 15
6 12 12 17
6 13 12 15
6 13 12 17
6 15 12 17
6 6 13 10
6 6 13 11
6 6 13 12
6 6 13 13
6 6 13 15
6 6 13 17
6 7 13 10
6 7 13 11
6 7 13 12
6 7 13 13
6 7 13 15
6 7 13 17
6 8 13 10
6 8 13 11
6 8 13 12
6 8 13 13
6 8 13 15
6 8 13 17
6 10 13 15
6 10 13 17
6 11 13 15
6 11 13 17
6 12 13 15
6 12 13 17
6 13 13 15
6 13 13 17
6 15 13 17
6 1 14 4
6 1 14 6
6 1 14 7
6 1 14 8
6 1 14 10
6 1 14 11
6 1 14 12
6 1 14 13
6 1 14 15
6 1 14 17
6 4 14 6
6 4 14 7
6 4 14 8
6 4 14 10
6 4 14 11
6 4 14 12
6 4 14 13
6 4 14 15
6 4 14 17
6 6 14 10
6 6 14 11
6 6 14 12
6 6 14 13
6 6 14 15
6 6 14 17
6 7 14 10
6 7 14 11
6 7 14 12
6 7 14 13
6 7 14 15
6 7 14 17
6 8 14 10
6 8 14 11
6 8 14 12
6 8 14 13
6 8 14 15
6 8 14 17
6 10 14 15
6 10 14 17
6 11 14 15
6 11 14 17
6 12 14 15
6 12 14 17
6 13 14 15
6 13 14 17
6 15 14 17
6 8 15 10
6 8 15 11
6 8 15 12
6 8 15 13
6 8 15 15
6 8 15 17
6 10 15 15
6 10 15 17
6 11 15 15
6 11 15 17
6 12 15 15
6 12 15 17
6 13 15 15
6 13 15 17
6 15 15 17
6 6 16 8
6 6 16 10
6 6 16 11
6 6 16 12
6 6 16 13
6 6 16 15
6 6 16 17
6 8 16 10
6 8 16 11
6 8 16 12
6 8 16 13
6 8 16 15
6 8 16 17
6 10 16 15
6 10 16 17
6 11 16 15
6 11 16 17
6 12 16 15
6 12 16 17
6 13 16 15
6 13 16 17
6 15 16 17
7 6 9 10
7 6 9 11
7 6 9 12
7 6 9 13
7 6 9 15
7 7 9 10
7 7 9 11
7 7 9 12
7 7 9 13
7 7 9 15
7 8 9 10
7 8 9 11
7 8 9 12
7 8 9 13
7 8 9 15
7 10 9 15
7 11 9 15
7 12 9 15
7 13 9 15
7 6 10 10
7 6 10 11
7 6 10 12
7 6 10 13
7 6 10 15
7 7 10 10
7 7 10 11
7 7 10 12
7 7 10 13
7 7 10 15
7 8 10 10
7 8 10 11
7 8 10 12
7 8 10 13
7 8 10 15
7 10 10 15
7 11 10 15
7 12 10 15
7 13 10 15
7 1 11 4
7 1 11 6
7 1 11 7
7 1 11 8
7 1 11 10
7 1 11 11
7 1 11 12
7 1 11 13
7 1 11 15
7 4 11 6
7 4 11 7
7 4 11 8
7 4 11 10
7 4 11 11
7 4 11 12
7 4 11 13
7 4 11 15
7 6 11 10
7 6 11 11
7 6 11 12
7 6 11 13
7 6 11 15
7 7 11 10
7 7 11 11
7 7 11 12
7 7 11 13
7 7 11 15
7 8 11 10
7 8 11 11
7 8 11 12
7 8 11 13
7 8 11 15
7 10 11 15
7 11 11 15
7 12 11 15
7 13 11 15
7 1 12 4
7 1 12 6
7 1 12 7
7 1 12 8
7 1 12 10
7 1 12 11
7 1 12 12
7 1 12 13
7 1 12 15
7 4 12 6
7 4 12 7
7 4 12 8
7 4 12 10
7 4 12 11
7 4 12 12
7 4 12 13
7 4 12 15
7 6 12 10
7 6 12 11
7 6 12 12
7 6 12 13
7 6 12 15
7 7 12 10
7 7 12 11
7 7 12 12
7 7 12 13
7 7 12 15
7 8 12 10
7 8 12 11
7 8 12 12
7 8 12 13
7 8 12 15
7 10 12 15
7 11 12 15
7 12 12 15
7 13 12 15
7 6 13 10
7 6 13 11
7 6 13 12
7 6 13 13
7 6 13 15
7 7 13 10
7 7 13 11
7 7 13 12
7 7 13 13
7 7 13 15
7 8 13 10
7 8 13 11
7 8 13 12
7 8 13 13
7 8 13 15
7 10 13 15
7 11 13 15
7 12 13 15
7 13 13 15
7 1 14 4
7 1 14 6
7 1 14 7
7 1 14 8
7 1 14 10
7 1 14 11
7 1 14 12
7 1 14 13
7 1 14 15
7 4 14 6
7 4 14 7
7 4 14 8
7 4 14 10
7 4 14 11
7 4 14 12
7 4 14 13
7 4 14 15
7 6 14 10
7 6 14 11
7 6 14 12
7 6 14 13
7 6 14 15
7 7 14 10
7 7 14 11
7 7 14 12
7 7 14 13
7 7 14 15
7 8 14 10
7 8 14 11
7 8 14 12
7 8 14 13
7 8 14 15
7 10 14 15
7 11 14 15
7 12 14 15
7 13 14 15
7 8 15 10
7 8 15 11
7 8 15 12
7 8 15 13
7 8 15 15
7 10 15 15
7 11 15 15
7 12 15 15
7 13 15 15
7 6 16 8
7 6 16 10
7 6 16 11
7 6 16 12
7 6 16 13
7 6 16 15
7 8 16 10
7 8 16 11
7 8 16 12
7 8 16 13
7 8 16 15
7 10 16 15
7 11 16 15
7 12 16 15
7 13 16 15
8 6 16 8
9 6 16 8
9 6 16 9
9 6 16 10
9 6 16 11
9 6 16 12
9 6 16 13
9 6 16 14
9 6 16 15
10 6 12 17
10 7 12 17
10 8 12 17
10 9 12 17
10 10 12 17
10 11 12 17
10 12 12 17
10 13 12 17
10 14 12 17
10 15 12 17
10 6 13 17
10 7 13 17
10 8 13 17
10 9 13 17
10 10 13 17
10 11 13 17
10 12 13 17
10 13 13 17
10 14 13 17
10 15 13 17
10 6 14 17
10 7 14 17
10 8 14 17
10 9 14 17
10 10 14 17
10 11 14 17
10 12 14 17
10 13 14 17
10 14 14 17
10 15 14 17
10 8 15 17
10 9 15 17
10 10 15 17
10 11 15 17
10 12 15 17
10 13 15 17
10 14 15 17
10 15 15 17
10 6 16 8
10 6 16 9
10 6 16 10
10 6 16 11
10 6 16 12
10 6 16 13
10 6 16 14
10 6 16 15
10 6 16 17
10 8 16 17
10 9 16 17
10 10 16 17
10 11 16 17
10 12 16 17
10 13 16 17
10 14 16 17
10 15 16 17
11 1 14 4
11 1 14 6
11 1 14 7
11 1 14 8
11 1 14 9
11 1 14 10
11 1 14 11
11 1 14 12
11 1 14 13
11 1 14 14
11 1 14 15
11 4 14 6
11 4 14 7
11 4 14 8
11 4 14 9
11 4 14 10
11 4 14 11
11 4 14 12
11 4 14 13
11 4 14 14
11 4 14 15
11 6 16 8
11 6 16 9
11 6 16 10
11 6 16 11
11 6 16 12
11 6 16 13
11 6 16 14
11 6 16 15
12 1 14 4
12 1 14 6
12 1 14 7
12 1 14 8
12 1 14 9
12 1 14 10
12 1 14 11
12 1 14 12
12 1 14 13
12 1 14 14
12 1 14 15
12 1 14 16
12 1 14 17
12 4 14 6
12 4 14 7
12 4 14 8
12 4 14 9
12 4 14 10
12 4 14 11
12 4 14 12
12 4 14 13
12 4 14 14
12 4 14 15
12 4 14 16
12 4 14 17
12 6 16 8
12 6 16 9
12 6 16 10
12 6 16 11
12 6 16 12
12 6 16 13
12 6 16 14
12 6 16 15
12 6 16 16
12 6 16 17
13 6 16 8
13 6 16 9
13 6 16 10
13 6 16 11
13 6 16 12
13 6 16 13
13 6 16 14
13 6 16 15
13 6 16 16
13 6 16 17
14 6 16 8
14 6 16 9
14 6 16 10
14 6 16 11
14 6 16 12
14 6 16 13
14 6 16 14
14 6 16 15
14 6 16 16
14 6 16 17
