20 21
000000000000000000000
000000000000000000000
111110000000000000000
100010000000011111110
101111111111110000010
101111111000110000010
101010101000110000010
111110101000110000010
001000101000110000010
111111111111110000010
101100101001110000010
101100101001110000010
101111111111110000010
101111111001110000010
111100100001110000010
000100111111110000010
000100000001010000010
000100000001010000010
000111111111010000010
000000000000011111110
68
3 1 8 5
4 14 20 20
5 3 8 5
5 3 10 7
5 3 10 9
5 3 10 13
5 3 10 14
5 7 10 9
5 7 10 13
5 7 10 14
5 9 10 13
5 9 10 14
5 3 13 7
5 3 13 9
5 3 13 13
5 3 13 14
5 7 13 9
5 7 13 13
5 7 13 14
5 9 13 13
5 9 13 14
5 3 14 7
5 3 14 9
5 7 14 9
5 7 16 13
5 7 16 14
6 3 8 5
6 3 10 7
6 3 10 9
6 7 10 9
6 3 13 7
6 3 13 9
6 7 13 9
6 3 14 7
6 3 14 9
6 7 14 9
10 3 13 7
10 3 13 9
10 3 13 12
10 3 13 13
10 3 13 14
10 4 13 7
10 4 13 9
10 4 13 12
10 4 13 13
10 4 13 14
10 7 13 9
10 7 13 12
10 7 13 13
10 7 13 14
10 9 13 12
10 9 13 13
10 9 13 14
10 3 14 7
10 3 14 9
10 4 14 7
10 4 14 9
10 7 14 9
10 1 15 3
10 1 15 4
10 7 16 12
10 7 16 13
10 7 16 14
10 4 19 12
13 7 16 12
13 7 16 13
13 7 16 14
13 4 19 12
