15 16
0011111000000000
0011111111111110
0011001000010010
0011001001110010
0011001001010010
0011001111111111
0011111111111111
0010001111010011
1110001111011111
1011111111111111
1010001111110011
1110001111111111
0011111111111111
0010001101110001
0011111111111111
273
1 3 7 7
1 4 7 7
1 3 10 7
1 3 13 7
1 3 15 7
2 7 6 12
2 7 6 15
2 12 6 15
2 3 7 7
2 3 7 12
2 3 7 15
2 4 7 7
2 4 7 12
2 4 7 15
2 7 7 12
2 7 7 15
2 12 7 15
2 12 9 15
2 3 10 7
2 3 10 12
2 3 10 15
2 7 10 12
2 7 10 15
2 12 10 15
2 7 11 12
2 7 12 12
2 7 12 15
2 12 12 15
2 3 13 7
2 3 13 12
2 3 13 15
2 7 13 12
2 7 13 15
2 12 13 15
2 3 15 7
2 3 15 12
2 7 15 12
4 10 6 12
4 10 7 12
4 10 10 12
4 10 11 12
4 10 12 12
4 10 13 12
4 10 14 12
4 10 15 12
6 12 9 15
6 12 9 16
6 7 10 12
6 7 10 15
6 7 10 16
6 8 10 12
6 8 10 15
6 8 10 16
6 9 10 12
6 9 10 15
6 9 10 16
6 10 10 12
6 10 10 15
6 10 10 16
6 12 10 15
6 12 10 16
6 7 11 12
6 8 11 12
6 9 11 12
6 10 11 12
6 7 12 12
6 7 12 15
6 7 12 16
6 8 12 12
6 8 12 15
6 8 12 16
6 9 12 12
6 9 12 15
6 9 12 16
6 10 12 12
6 10 12 15
6 10 12 16
6 12 12 15
6 12 12 16
6 7 13 12
6 7 13 15
6 7 13 16
6 8 13 12
6 8 13 15
6 8 13 16
6 9 13 12
6 9 13 15
6 9 13 16
6 10 13 12
6 10 13 15
6 10 13 16
6 12 13 15
6 12 13 16
6 10 14 12
6 7 15 10
6 7 15 12
6 7 15 16
6 8 15 10
6 8 15 12
6 8 15 16
6 10 15 12
6 10 15 16
6 12 15 16
7 12 9 15
7 12 9 16
7 3 10 7
7 3 10 8
7 3 10 9
7 3 10 10
7 3 10 12
7 3 10 15
7 3 10 16
7 7 10 12
7 7 10 15
7 7 10 16
7 8 10 12
7 8 10 15
7 8 10 16
7 9 10 12
7 9 10 15
7 9 10 16
7 10 10 12
7 10 10 15
7 10 10 16
7 12 10 15
7 12 10 16
7 7 11 12
7 8 11 12
7 9 11 12
7 10 11 12
7 7 12 12
7 7 12 15
7 7 12 16
7 8 12 12
7 8 12 15
7 8 12 16
7 9 12 12
7 9 12 15
7 9 12 16
7 10 12 12
7 10 12 15
7 10 12 16
7 12 12 15
7 12 12 16
7 3 13 7
7 3 13 8
7 3 13 9
7 3 13 10
7 3 13 12
7 3 13 15
7 3 13 16
7 7 13 12
7 7 13 15
7 7 13 16
7 8 13 12
7 8 13 15
7 8 13 16
7 9 13 12
7 9 13 15
7 9 13 16
7 10 13 12
7 10 13 15
7 10 13 16
7 12 13 15
7 12 13 16
7 10 14 12
7 3 15 7
7 3 15 8
7 3 15 10
7 3 15 12
7 3 15 16
7 7 15 10
7 7 15 12
7 7 15 16
7 8 15 10
7 8 15 12
7 8 15 16
7 10 15 12
7 10 15 16
7 12 15 16
8 7 15 10
8 8 15 10
9 1 12 3
9 12 12 15
9 12 12 16
9 12 13 15
9 12 13 16
9 7 15 10
9 8 15 10
9 12 15 16
10 7 12 15
10 7 12 16
10 8 12 15
10 8 12 16
10 9 12 15
10 9 12 16
10 10 12 15
10 10 12 16
10 11 12 15
10 11 12 16
10 12 12 15
10 12 12 16
10 3 13 7
10 3 13 8
10 3 13 9
10 3 13 10
10 3 13 11
10 3 13 12
10 3 13 15
10 3 13 16
10 7 13 15
10 7 13 16
10 8 13 15
10 8 13 16
10 9 13 15
10 9 13 16
10 10 13 15
10 10 13 16
10 11 13 15
10 11 13 16
10 12 13 15
10 12 13 16
10 3 15 7
10 3 15 8
10 3 15 10
10 3 15 11
10 3 15 12
10 3 15 16
10 7 15 10
10 7 15 11
10 7 15 12
10 7 15 16
10 8 15 10
10 8 15 11
10 8 15 12
10 8 15 16
10 10 15 16
10 11 15 16
10 12 15 16
11 7 15 10
11 7 15 11
11 7 15 12
11 8 15 10
11 8 15 11
11 8 15 12
12 7 15 10
12 7 15 11
12 7 15 12
12 7 15 16
12 8 15 10
12 8 15 11
12 8 15 12
12 8 15 16
12 10 15 16
12 11 15 16
12 12 15 16
13 3 15 7
13 3 15 8
13 3 15 10
13 3 15 11
13 3 15 12
13 3 15 16
13 7 15 10
13 7 15 11
13 7 15 12
13 7 15 16
13 8 15 10
13 8 15 11
13 8 15 12
13 8 15 16
13 10 15 16
13 11 15 16
13 12 15 16
