18 15
000000001110000
000000001010000
000000001010000
000000001010000
000000001010000
000000001010000
011111111010000
010010101111111
011110101110101
111111111111111
111011101111100
111010001000000
111110001000000
111111001111111
110001001100001
110001001111111
111111111000000
111111111000000
46
1 9 8 11
1 9 9 11
1 9 10 11
1 9 11 11
7 2 9 5
7 2 10 5
7 2 10 7
7 2 10 9
7 5 10 7
7 5 10 9
7 7 10 9
7 5 11 7
7 2 13 5
7 2 14 5
7 2 17 9
7 2 18 9
8 9 10 13
8 9 10 15
8 10 10 13
8 10 10 15
8 11 10 13
8 11 10 15
8 13 10 15
8 9 11 13
8 10 11 13
8 11 11 13
9 2 13 5
9 3 13 5
9 2 14 5
9 3 14 5
10 1 13 5
10 2 13 5
10 3 13 5
10 1 14 5
10 2 14 5
10 3 14 5
10 1 17 9
10 2 17 9
10 1 18 9
10 2 18 9
14 9 16 15
14 10 16 15
14 1 17 6
14 2 17 6
14 1 18 6
14 2 18 6
