25 21
000000000000011111111
000000011111111111011
000000010000010101011
000000010000010101011
000000010000010101011
000000010000010111111
000000010000010001010
000000010000010001010
001111111111010001010
011111111111111111111
011000010111010011011
011111111111010011011
010000010111110011011
010000010010010011011
010000010010011111111
010000010010000011001
010000010010000011001
011111111111111111001
000000011111111111001
000000000010000000001
000000000010000000001
000000000111111000001
000000000110001000001
000000000111111000001
000000000011111111111
73
1 16 6 18
1 16 6 20
1 16 6 21
1 18 6 20
1 18 6 21
1 14 10 18
1 14 10 20
1 18 10 20
1 14 15 18
1 14 15 20
1 18 15 20
2 16 6 18
2 8 10 14
2 8 10 18
2 14 10 18
2 14 15 18
2 8 18 18
2 8 19 18
6 18 10 20
6 18 15 20
9 3 12 8
9 3 12 10
9 3 12 11
9 3 12 12
9 8 12 10
9 8 12 11
9 8 12 12
9 8 18 11
9 8 19 11
10 2 12 8
10 2 12 10
10 2 12 11
10 2 12 12
10 3 12 8
10 3 12 10
10 3 12 11
10 3 12 12
10 8 12 10
10 8 12 11
10 8 12 12
10 10 13 14
10 11 13 14
10 12 13 14
10 14 15 17
10 14 15 18
10 14 15 20
10 14 15 21
10 17 15 20
10 17 15 21
10 18 15 20
10 18 15 21
10 2 18 8
10 2 18 11
10 2 18 17
10 2 18 18
10 8 18 11
10 8 18 17
10 8 18 18
10 11 18 17
10 11 18 18
10 8 19 11
10 8 19 17
10 8 19 18
10 11 19 17
10 11 19 18
10 11 25 21
12 2 18 8
12 2 18 11
12 8 18 11
12 8 19 11
22 10 24 15
22 11 24 15
22 11 25 15
