15 12
111111111100
101111110100
101001110100
101001110100
101111111111
101001110101
101001110101
101111111111
101000110101
111111111111
111000000111
111111111111
011111111111
001000000001
001111111111
100
1 3 5 6
1 3 5 7
1 3 5 8
1 3 5 10
1 6 5 10
1 7 5 10
1 8 5 10
1 3 8 6
1 3 8 7
1 3 8 8
1 3 8 10
1 6 8 10
1 7 8 10
1 8 8 10
1 1 10 3
1 1 10 7
1 1 10 8
1 1 10 10
1 3 10 7
1 3 10 8
1 3 10 10
1 7 10 10
1 8 10 10
1 1 11 3
1 1 12 3
1 1 12 10
1 3 12 10
1 3 13 10
2 3 5 6
2 3 5 7
2 3 5 8
2 3 8 6
2 3 8 7
2 3 8 8
2 3 10 7
2 3 10 8
5 3 8 6
5 3 8 7
5 3 8 8
5 3 8 10
5 3 8 12
5 6 8 10
5 6 8 12
5 7 8 10
5 7 8 12
5 8 8 10
5 8 8 12
5 10 8 12
5 3 10 7
5 3 10 8
5 3 10 10
5 3 10 12
5 7 10 10
5 7 10 12
5 8 10 10
5 8 10 12
5 10 10 12
5 10 11 12
5 3 12 10
5 3 12 12
5 10 12 12
5 3 13 10
5 3 13 12
5 10 13 12
5 3 15 12
8 3 10 7
8 3 10 8
8 3 10 10
8 3 10 12
8 7 10 10
8 7 10 12
8 8 10 10
8 8 10 12
8 10 10 12
8 10 11 12
8 3 12 10
8 3 12 12
8 10 12 12
8 3 13 10
8 3 13 12
8 10 13 12
8 3 15 12
10 1 12 10
10 1 12 11
10 1 12 12
10 2 12 10
10 2 12 11
10 2 12 12
10 3 12 10
10 3 12 11
10 3 12 12
10 2 13 10
10 2 13 11
10 2 13 12
10 3 13 10
10 3 13 11
10 3 13 12
10 3 15 12
12 3 15 12
13 3 15 12
