12 15
111111111111100
111111111111111
110011011111111
111111111111111
111111111111111
111111111111111
101111111111111
101111111111111
101111111100111
101111111111111
111111111111111
111111111111111
837
1 1 4 5
1 1 4 6
1 1 4 8
1 1 4 9
1 1 4 10
1 1 4 11
1 1 4 12
1 1 4 13
1 2 4 5
1 2 4 6
1 2 4 8
1 2 4 9
1 2 4 10
1 2 4 11
1 2 4 12
1 2 4 13
1 5 4 8
1 5 4 9
1 5 4 10
1 5 4 11
1 5 4 12
1 5 4 13
1 6 4 8
1 6 4 9
1 6 4 10
1 6 4 11
1 6 4 12
1 6 4 13
1 1 5 5
1 1 5 6
1 1 5 8
1 1 5 9
1 1 5 10
1 1 5 11
1 1 5 12
1 1 5 13
1 2 5 5
1 2 5 6
1 2 5 8
1 2 5 9
1 2 5 10
1 2 5 11
1 2 5 12
1 2 5 13
1 5 5 8
1 5 5 9
1 5 5 10
1 5 5 11
1 5 5 12
1 5 5 13
1 6 5 8
1 6 5 9
1 6 5 10
1 6 5 11
1 6 5 12
1 6 5 13
1 1 6 5
1 1 6 6
1 1 6 8
1 1 6 9
1 1 6 10
1 1 6 11
1 1 6 12
1 1 6 13
1 2 6 5
1 2 6 6
1 2 6 8
1 2 6 9
1 2 6 10
1 2 6 11
1 2 6 12
1 2 6 13
1 5 6 8
1 5 6 9
1 5 6 10
1 5 6 11
1 5 6 12
1 5 6 13
1 6 6 8
1 6 6 9
1 6 6 10
1 6 6 11
1 6 6 12
1 6 6 13
1 5 7 8
1 5 7 9
1 5 7 10
1 5 7 11
1 5 7 12
1 5 7 13
1 6 7 8
1 6 7 9
1 6 7 10
1 6 7 11
1 6 7 12
1 6 7 13
1 5 8 8
1 5 8 9
1 5 8 10
1 5 8 11
1 5 8 12
1 5 8 13
1 6 8 8
1 6 8 9
1 6 8 10
1 6 8 11
1 6 8 12
1 6 8 13
1 5 9 8
1 5 9 9
1 5 9 10
1 6 9 8
1 6 9 9
1 6 9 10
1 5 10 8
1 5 10 9
1 5 10 10
1 5 10 13
1 6 10 8
1 6 10 9
1 6 10 10
1 6 10 13
1 8 10 13
1 9 10 13
1 10 10 13
1 1 11 5
1 1 11 6
1 1 11 8
1 1 11 9
1 1 11 10
1 1 11 13
1 5 11 8
1 5 11 9
1 5 11 10
1 5 11 13
1 6 11 8
1 6 11 9
1 6 11 10
1 6 11 13
1 8 11 13
1 9 11 13
1 10 11 13
1 1 12 5
1 1 12 6
1 1 12 8
1 1 12 9
1 1 12 10
1 1 12 13
1 5 12 8
1 5 12 9
1 5 12 10
1 5 12 13
1 6 12 8
1 6 12 9
1 6 12 10
1 6 12 13
1 8 12 13
1 9 12 13
1 10 12 13
2 1 4 5
2 1 4 6
2 1 4 8
2 1 4 9
2 1 4 10
2 1 4 11
2 1 4 12
2 1 4 13
2 1 4 14
2 1 4 15
2 2 4 5
2 2 4 6
2 2 4 8
2 2 4 9
2 2 4 10
2 2 4 11
2 2 4 12
2 2 4 13
2 2 4 14
2 2 4 15
2 5 4 8
2 5 4 9
2 5 4 10
2 5 4 11
2 5 4 12
2 5 4 13
2 5 4 14
2 5 4 15
2 6 4 8
2 6 4 9
2 6 4 10
2 6 4 11
2 6 4 12
2 6 4 13
2 6 4 14
2 6 4 15
2 1 5 5
2 1 5 6
2 1 5 8
2 1 5 9
2 1 5 10
2 1 5 11
2 1 5 12
2 1 5 13
2 1 5 14
2 1 5 15
2 2 5 5
2 2 5 6
2 2 5 8
2 2 5 9
2 2 5 10
2 2 5 11
2 2 5 12
2 2 5 13
2 2 5 14
2 2 5 15
2 5 5 8
2 5 5 9
2 5 5 10
2 5 5 11
2 5 5 12
2 5 5 13
2 5 5 14
2 5 5 15
2 6 5 8
2 6 5 9
2 6 5 10
2 6 5 11
2 6 5 12
2 6 5 13
2 6 5 14
2 6 5 15
2 1 6 5
2 1 6 6
2 1 6 8
2 1 6 9
2 1 6 10
2 1 6 11
2 1 6 12
2 1 6 13
2 1 6 14
2 1 6 15
2 2 6 5
2 2 6 6
2 2 6 8
2 2 6 9
2 2 6 10
2 2 6 11
2 2 6 12
2 2 6 13
2 2 6 14
2 2 6 15
2 5 6 8
2 5 6 9
2 5 6 10
2 5 6 11
2 5 6 12
2 5 6 13
2 5 6 14
2 5 6 15
2 6 6 8
2 6 6 9
2 6 6 10
2 6 6 11
2 6 6 12
2 6 6 13
2 6 6 14
2 6 6 15
2 5 7 8
2 5 7 9
2 5 7 10
2 5 7 11
2 5 7 12
2 5 7 13
2 5 7 14
2 5 7 15
2 6 7 8
2 6 7 9
2 6 7 10
2 6 7 11
2 6 7 12
2 6 7 13
2 6 7 14
2 6 7 15
2 5 8 8
2 5 8 9
2 5 8 10
2 5 8 11
2 5 8 12
2 5 8 13
2 5 8 14
2 5 8 15
2 6 8 8
2 6 8 9
2 6 8 10
2 6 8 11
2 6 8 12
2 6 8 13
2 6 8 14
2 6 8 15
2 5 9 8
2 5 9 9
2 5 9 10
2 6 9 8
2 6 9 9
2 6 9 10
2 5 10 8
2 5 10 9
2 5 10 10
2 5 10 13
2 5 10 14
2 5 10 15
2 6 10 8
2 6 10 9
2 6 10 10
2 6 10 13
2 6 10 14
2 6 10 15
2 8 10 13
2 8 10 14
2 8 10 15
2 9 10 13
2 9 10 14
2 9 10 15
2 10 10 13
2 10 10 14
2 10 10 15
2 1 11 5
2 1 11 6
2 1 11 8
2 1 11 9
2 1 11 10
2 1 11 13
2 1 11 14
2 1 11 15
2 5 11 8
2 5 11 9
2 5 11 10
2 5 11 13
2 5 11 14
2 5 11 15
2 6 11 8
2 6 11 9
2 6 11 10
2 6 11 13
2 6 11 14
2 6 11 15
2 8 11 13
2 8 11 14
2 8 11 15
2 9 11 13
2 9 11 14
2 9 11 15
2 10 11 13
2 10 11 14
2 10 11 15
2 1 12 5
2 1 12 6
2 1 12 8
2 1 12 9
2 1 12 10
2 1 12 13
2 1 12 14
2 1 12 15
2 5 12 8
2 5 12 9
2 5 12 10
2 5 12 13
2 5 12 14
2 5 12 15
2 6 12 8
2 6 12 9
2 6 12 10
2 6 12 13
2 6 12 14
2 6 12 15
2 8 12 13
2 8 12 14
2 8 12 15
2 9 12 13
2 9 12 14
2 9 12 15
2 10 12 13
2 10 12 14
2 10 12 15
3 8 10 13
3 8 10 14
3 8 10 15
3 9 10 13
3 9 10 14
3 9 10 15
3 10 10 13
3 10 10 14
3 10 10 15
3 8 11 13
3 8 11 14
3 8 11 15
3 9 11 13
3 9 11 14
3 9 11 15
3 10 11 13
3 10 11 14
3 10 11 15
3 8 12 13
3 8 12 14
3 8 12 15
3 9 12 13
3 9 12 14
3 9 12 15
3 10 12 13
3 10 12 14
3 10 12 15
4 3 10 13
4 3 10 14
4 3 10 15
4 4 10 13
4 4 10 14
4 4 10 15
4 5 10 13
4 5 10 14
4 5 10 15
4 6 10 13
4 6 10 14
4 6 10 15
4 7 10 13
4 7 10 14
4 7 10 15
4 8 10 13
4 8 10 14
4 8 10 15
4 9 10 13
4 9 10 14
4 9 10 15
4 10 10 13
4 10 10 14
4 10 10 15
4 1 11 3
4 1 11 4
4 1 11 5
4 1 11 6
4 1 11 7
4 1 11 8
4 1 11 9
4 1 11 10
4 1 11 13
4 1 11 14
4 1 11 15
4 3 11 13
4 3 11 14
4 3 11 15
4 4 11 13
4 4 11 14
4 4 11 15
4 5 11 13
4 5 11 14
4 5 11 15
4 6 11 13
4 6 11 14
4 6 11 15
4 7 11 13
4 7 11 14
4 7 11 15
4 8 11 13
4 8 11 14
4 8 11 15
4 9 11 13
4 9 11 14
4 9 11 15
4 10 11 13
4 10 11 14
4 10 11 15
4 1 12 3
4 1 12 4
4 1 12 5
4 1 12 6
4 1 12 7
4 1 12 8
4 1 12 9
4 1 12 10
4 1 12 13
4 1 12 14
4 1 12 15
4 3 12 13
4 3 12 14
4 3 12 15
4 4 12 13
4 4 12 14
4 4 12 15
4 5 12 13
4 5 12 14
4 5 12 15
4 6 12 13
4 6 12 14
4 6 12 15
4 7 12 13
4 7 12 14
4 7 12 15
4 8 12 13
4 8 12 14
4 8 12 15
4 9 12 13
4 9 12 14
4 9 12 15
4 10 12 13
4 10 12 14
4 10 12 15
5 3 10 13
5 3 10 14
5 3 10 15
5 4 10 13
5 4 10 14
5 4 10 15
5 5 10 13
5 5 10 14
5 5 10 15
5 6 10 13
5 6 10 14
5 6 10 15
5 7 10 13
5 7 10 14
5 7 10 15
5 8 10 13
5 8 10 14
5 8 10 15
5 9 10 13
5 9 10 14
5 9 10 15
5 10 10 13
5 10 10 14
5 10 10 15
5 1 11 3
5 1 11 4
5 1 11 5
5 1 11 6
5 1 11 7
5 1 11 8
5 1 11 9
5 1 11 10
5 1 11 13
5 1 11 14
5 1 11 15
5 3 11 13
5 3 11 14
5 3 11 15
5 4 11 13
5 4 11 14
5 4 11 15
5 5 11 13
5 5 11 14
5 5 11 15
5 6 11 13
5 6 11 14
5 6 11 15
5 7 11 13
5 7 11 14
5 7 11 15
5 8 11 13
5 8 11 14
5 8 11 15
5 9 11 13
5 9 11 14
5 9 11 15
5 10 11 13
5 10 11 14
5 10 11 15
5 1 12 3
5 1 12 4
5 1 12 5
5 1 12 6
5 1 12 7
5 1 12 8
5 1 12 9
5 1 12 10
5 1 12 13
5 1 12 14
5 1 12 15
5 3 12 13
5 3 12 14
5 3 12 15
5 4 12 13
5 4 12 14
5 4 12 15
5 5 12 13
5 5 12 14
5 5 12 15
5 6 12 13
5 6 12 14
5 6 12 15
5 7 12 13
5 7 12 14
5 7 12 15
5 8 12 13
5 8 12 14
5 8 12 15
5 9 12 13
5 9 12 14
5 9 12 15
5 10 12 13
5 10 12 14
5 10 12 15
6 3 10 13
6 3 10 14
6 3 10 15
6 4 10 13
6 4 10 14
6 4 10 15
6 5 10 13
6 5 10 14
6 5 10 15
6 6 10 13
6 6 10 14
6 6 10 15
6 7 10 13
6 7 10 14
6 7 10 15
6 8 10 13
6 8 10 14
6 8 10 15
6 9 10 13
6 9 10 14
6 9 10 15
6 10 10 13
6 10 10 14
6 10 10 15
6 1 11 3
6 1 11 4
6 1 11 5
6 1 11 6
6 1 11 7
6 1 11 8
6 1 11 9
6 1 11 10
6 1 11 13
6 1 11 14
6 1 11 15
6 3 11 13
6 3 11 14
6 3 11 15
6 4 11 13
6 4 11 14
6 4 11 15
6 5 11 13
6 5 11 14
6 5 11 15
6 6 11 13
6 6 11 14
6 6 11 15
6 7 11 13
6 7 11 14
6 7 11 15
6 8 11 13
6 8 11 14
6 8 11 15
6 9 11 13
6 9 11 14
6 9 11 15
6 10 11 13
6 10 11 14
6 10 11 15
6 1 12 3
6 1 12 4
6 1 12 5
6 1 12 6
6 1 12 7
6 1 12 8
6 1 12 9
6 1 12 10
6 1 12 13
6 1 12 14
6 1 12 15
6 3 12 13
6 3 12 14
6 3 12 15
6 4 12 13
6 4 12 14
6 4 12 15
6 5 12 13
6 5 12 14
6 5 12 15
6 6 12 13
6 6 12 14
6 6 12 15
6 7 12 13
6 7 12 14
6 7 12 15
6 8 12 13
6 8 12 14
6 8 12 15
6 9 12 13
6 9 12 14
6 9 12 15
6 10 12 13
6 10 12 14
6 10 12 15
7 3 10 13
7 3 10 14
7 3 10 15
7 4 10 13
7 4 10 14
7 4 10 15
7 5 10 13
7 5 10 14
7 5 10 15
7 6 10 13
7 6 10 14
7 6 10 15
7 7 10 13
7 7 10 14
7 7 10 15
7 8 10 13
7 8 10 14
7 8 10 15
7 9 10 13
7 9 10 14
7 9 10 15
7 10 10 13
7 10 10 14
7 10 10 15
7 3 11 13
7 3 11 14
7 3 11 15
7 4 11 13
7 4 11 14
7 4 11 15
7 5 11 13
7 5 11 14
7 5 11 15
7 6 11 13
7 6 11 14
7 6 11 15
7 7 11 13
7 7 11 14
7 7 11 15
7 8 11 13
7 8 11 14
7 8 11 15
7 9 11 13
7 9 11 14
7 9 11 15
7 10 11 13
7 10 11 14
7 10 11 15
7 3 12 13
7 3 12 14
7 3 12 15
7 4 12 13
7 4 12 14
7 4 12 15
7 5 12 13
7 5 12 14
7 5 12 15
7 6 12 13
7 6 12 14
7 6 12 15
7 7 12 13
7 7 12 14
7 7 12 15
7 8 12 13
7 8 12 14
7 8 12 15
7 9 12 13
7 9 12 14
7 9 12 15
7 10 12 13
7 10 12 14
7 10 12 15
8 3 10 13
8 3 10 14
8 3 10 15
8 4 10 13
8 4 10 14
8 4 10 15
8 5 10 13
8 5 10 14
8 5 10 15
8 6 10 13
8 6 10 14
8 6 10 15
8 7 10 13
8 7 10 14
8 7 10 15
8 8 10 13
8 8 10 14
8 8 10 15
8 9 10 13
8 9 10 14
8 9 10 15
8 10 10 13
8 10 10 14
8 10 10 15
8 3 11 13
8 3 11 14
8 3 11 15
8 4 11 13
8 4 11 14
8 4 11 15
8 5 11 13
8 5 11 14
8 5 11 15
8 6 11 13
8 6 11 14
8 6 11 15
8 7 11 13
8 7 11 14
8 7 11 15
8 8 11 13
8 8 11 14
8 8 11 15
8 9 11 13
8 9 11 14
8 9 11 15
8 10 11 13
8 10 11 14
8 10 11 15
8 3 12 13
8 3 12 14
8 3 12 15
8 4 12 13
8 4 12 14
8 4 12 15
8 5 12 13
8 5 12 14
8 5 12 15
8 6 12 13
8 6 12 14
8 6 12 15
8 7 12 13
8 7 12 14
8 7 12 15
8 8 12 13
8 8 12 14
8 8 12 15
8 9 12 13
8 9 12 14
8 9 12 15
8 10 12 13
8 10 12 14
8 10 12 15
