14 12
011111111111
011111111111
011110100011
111111111111
111111111111
111011111111
111011111111
111011111111
111111111111
110010111111
110010111111
111111111111
010010100110
011111111110
335
1 2 4 7
1 2 4 11
1 2 4 12
1 3 4 7
1 3 4 11
1 3 4 12
1 4 4 7
1 4 4 11
1 4 4 12
1 5 4 7
1 5 4 11
1 5 4 12
1 7 4 11
1 7 4 12
1 2 5 7
1 2 5 11
1 2 5 12
1 3 5 7
1 3 5 11
1 3 5 12
1 4 5 7
1 4 5 11
1 4 5 12
1 5 5 7
1 5 5 11
1 5 5 12
1 7 5 11
1 7 5 12
1 5 6 7
1 5 6 11
1 5 6 12
1 7 6 11
1 7 6 12
1 5 7 7
1 5 7 11
1 5 7 12
1 7 7 11
1 7 7 12
1 5 8 7
1 5 8 11
1 5 8 12
1 7 8 11
1 7 8 12
1 2 9 5
1 2 9 7
1 2 9 11
1 2 9 12
1 3 9 5
1 3 9 7
1 3 9 11
1 3 9 12
1 5 9 7
1 5 9 11
1 5 9 12
1 7 9 11
1 7 9 12
1 7 10 11
1 7 10 12
1 7 11 11
1 7 11 12
1 2 12 5
1 2 12 7
1 2 12 11
1 2 12 12
1 5 12 7
1 5 12 11
1 5 12 12
1 7 12 11
1 7 12 12
1 2 14 5
1 2 14 7
1 2 14 11
1 5 14 7
1 5 14 11
1 7 14 11
2 2 4 7
2 2 4 11
2 2 4 12
2 3 4 7
2 3 4 11
2 3 4 12
2 4 4 7
2 4 4 11
2 4 4 12
2 5 4 7
2 5 4 11
2 5 4 12
2 7 4 11
2 7 4 12
2 2 5 7
2 2 5 11
2 2 5 12
2 3 5 7
2 3 5 11
2 3 5 12
2 4 5 7
2 4 5 11
2 4 5 12
2 5 5 7
2 5 5 11
2 5 5 12
2 7 5 11
2 7 5 12
2 5 6 7
2 5 6 11
2 5 6 12
2 7 6 11
2 7 6 12
2 5 7 7
2 5 7 11
2 5 7 12
2 7 7 11
2 7 7 12
2 5 8 7
2 5 8 11
2 5 8 12
2 7 8 11
2 7 8 12
2 2 9 5
2 2 9 7
2 2 9 11
2 2 9 12
2 3 9 5
2 3 9 7
2 3 9 11
2 3 9 12
2 5 9 7
2 5 9 11
2 5 9 12
2 7 9 11
2 7 9 12
2 7 10 11
2 7 10 12
2 7 11 11
2 7 11 12
2 2 12 5
2 2 12 7
2 2 12 11
2 2 12 12
2 5 12 7
2 5 12 11
2 5 12 12
2 7 12 11
2 7 12 12
2 2 14 5
2 2 14 7
2 2 14 11
2 5 14 7
2 5 14 11
2 7 14 11
3 2 9 5
3 3 9 5
3 2 12 5
3 2 14 5
4 1 9 5
4 1 9 6
4 1 9 7
4 1 9 8
4 1 9 9
4 1 9 10
4 1 9 11
4 1 9 12
4 2 9 5
4 2 9 6
4 2 9 7
4 2 9 8
4 2 9 9
4 2 9 10
4 2 9 11
4 2 9 12
4 3 9 5
4 3 9 6
4 3 9 7
4 3 9 8
4 3 9 9
4 3 9 10
4 3 9 11
4 3 9 12
4 1 12 5
4 1 12 7
4 1 12 8
4 1 12 9
4 1 12 10
4 1 12 11
4 1 12 12
4 2 12 5
4 2 12 7
4 2 12 8
4 2 12 9
4 2 12 10
4 2 12 11
4 2 12 12
4 5 12 7
4 5 12 8
4 5 12 9
4 5 12 10
4 5 12 11
4 5 12 12
4 2 14 5
4 2 14 7
4 2 14 10
4 2 14 11
4 5 14 7
4 5 14 10
4 5 14 11
4 7 14 10
4 7 14 11
5 1 9 5
5 1 9 6
5 1 9 7
5 1 9 8
5 1 9 9
5 1 9 10
5 1 9 11
5 1 9 12
5 2 9 5
5 2 9 6
5 2 9 7
5 2 9 8
5 2 9 9
5 2 9 10
5 2 9 11
5 2 9 12
5 3 9 5
5 3 9 6
5 3 9 7
5 3 9 8
5 3 9 9
5 3 9 10
5 3 9 11
5 3 9 12
5 1 12 5
5 1 12 7
5 1 12 8
5 1 12 9
5 1 12 10
5 1 12 11
5 1 12 12
5 2 12 5
5 2 12 7
5 2 12 8
5 2 12 9
5 2 12 10
5 2 12 11
5 2 12 12
5 5 12 7
5 5 12 8
5 5 12 9
5 5 12 10
5 5 12 11
5 5 12 12
5 2 14 5
5 2 14 7
5 2 14 10
5 2 14 11
5 5 14 7
5 5 14 10
5 5 14 11
5 7 14 10
5 7 14 11
6 5 12 7
6 5 12 8
6 5 12 9
6 5 12 10
6 5 12 11
6 5 12 12
6 5 14 7
6 5 14 10
6 5 14 11
6 7 14 10
6 7 14 11
7 5 12 7
7 5 12 8
7 5 12 9
7 5 12 10
7 5 12 11
7 5 12 12
7 5 14 7
7 5 14 10
7 5 14 11
7 7 14 10
7 7 14 11
8 5 12 7
8 5 12 8
8 5 12 9
8 5 12 10
8 5 12 11
8 5 12 12
8 5 14 7
8 5 14 10
8 5 14 11
8 7 14 10
8 7 14 11
9 1 12 5
9 1 12 7
9 1 12 8
9 1 12 9
9 1 12 10
9 1 12 11
9 1 12 12
9 2 12 5
9 2 12 7
9 2 12 8
9 2 12 9
9 2 12 10
9 2 12 11
9 2 12 12
9 5 12 7
9 5 12 8
9 5 12 9
9 5 12 10
9 5 12 11
9 5 12 12
9 2 14 5
9 2 14 7
9 2 14 10
9 2 14 11
9 5 14 7
9 5 14 10
9 5 14 11
9 7 14 10
9 7 14 11
10 7 14 10
10 7 14 11
11 7 14 10
11 7 14 11
12 2 14 5
12 2 14 7
12 2 14 10
12 2 14 11
12 5 14 7
12 5 14 10
12 5 14 11
12 7 14 10
12 7 14 11
