12 25
0011111111111111111111111
0011111111111111111111111
0111111111111111111111111
0111111111111111111111111
0111111111111111111111111
0110111001001111111111111
1111111111111111111111111
1100111111111111111111111
1111111111111111111111111
1111111111111111111111110
1000111111111111111111110
1111111111111111111111100
1944
1 3 7 5
1 3 7 6
1 3 7 7
1 3 7 10
1 3 7 13
1 3 7 14
1 3 7 15
1 3 7 16
1 3 7 17
1 3 7 18
1 3 7 19
1 3 7 20
1 3 7 21
1 3 7 22
1 3 7 23
1 3 7 24
1 3 7 25
1 5 7 10
1 5 7 13
1 5 7 14
1 5 7 15
1 5 7 16
1 5 7 17
1 5 7 18
1 5 7 19
1 5 7 20
1 5 7 21
1 5 7 22
1 5 7 23
1 5 7 24
1 5 7 25
1 6 7 10
1 6 7 13
1 6 7 14
1 6 7 15
1 6 7 16
1 6 7 17
1 6 7 18
1 6 7 19
1 6 7 20
1 6 7 21
1 6 7 22
1 6 7 23
1 6 7 24
1 6 7 25
1 7 7 10
1 7 7 13
1 7 7 14
1 7 7 15
1 7 7 16
1 7 7 17
1 7 7 18
1 7 7 19
1 7 7 20
1 7 7 21
1 7 7 22
1 7 7 23
1 7 7 24
1 7 7 25
1 10 7 13
1 10 7 14
1 10 7 15
1 10 7 16
1 10 7 17
1 10 7 18
1 10 7 19
1 10 7 20
1 10 7 21
1 10 7 22
1 10 7 23
1 10 7 24
1 10 7 25
1 5 8 10
1 5 8 13
1 5 8 14
1 5 8 15
1 5 8 16
1 5 8 17
1 5 8 18
1 5 8 19
1 5 8 20
1 5 8 21
1 5 8 22
1 5 8 23
1 5 8 24
1 5 8 25
1 6 8 10
1 6 8 13
1 6 8 14
1 6 8 15
1 6 8 16
1 6 8 17
1 6 8 18
1 6 8 19
1 6 8 20
1 6 8 21
1 6 8 22
1 6 8 23
1 6 8 24
1 6 8 25
1 7 8 10
1 7 8 13
1 7 8 14
1 7 8 15
1 7 8 16
1 7 8 17
1 7 8 18
1 7 8 19
1 7 8 20
1 7 8 21
1 7 8 22
1 7 8 23
1 7 8 24
1 7 8 25
1 10 8 13
1 10 8 14
1 10 8 15
1 10 8 16
1 10 8 17
1 10 8 18
1 10 8 19
1 10 8 20
1 10 8 21
1 10 8 22
1 10 8 23
1 10 8 24
1 10 8 25
1 5 9 10
1 5 9 13
1 5 9 14
1 5 9 15
1 5 9 16
1 5 9 17
1 5 9 18
1 5 9 19
1 5 9 20
1 5 9 21
1 5 9 22
1 5 9 23
1 5 9 24
1 5 9 25
1 6 9 10
1 6 9 13
1 6 9 14
1 6 9 15
1 6 9 16
1 6 9 17
1 6 9 18
1 6 9 19
1 6 9 20
1 6 9 21
1 6 9 22
1 6 9 23
1 6 9 24
1 6 9 25
1 7 9 10
1 7 9 13
1 7 9 14
1 7 9 15
1 7 9 16
1 7 9 17
1 7 9 18
1 7 9 19
1 7 9 20
1 7 9 21
1 7 9 22
1 7 9 23
1 7 9 24
1 7 9 25
1 10 9 13
1 10 9 14
1 10 9 15
1 10 9 16
1 10 9 17
1 10 9 18
1 10 9 19
1 10 9 20
1 10 9 21
1 10 9 22
1 10 9 23
1 10 9 24
1 10 9 25
1 5 10 10
1 5 10 13
1 5 10 14
1 5 10 15
1 5 10 16
1 5 10 17
1 5 10 18
1 5 10 19
1 5 10 20
1 5 10 21
1 5 10 22
1 5 10 23
1 5 10 24
1 6 10 10
1 6 10 13
1 6 10 14
1 6 10 15
1 6 10 16
1 6 10 17
1 6 10 18
1 6 10 19
1 6 10 20
1 6 10 21
1 6 10 22
1 6 10 23
1 6 10 24
1 7 10 10
1 7 10 13
1 7 10 14
1 7 10 15
1 7 10 16
1 7 10 17
1 7 10 18
1 7 10 19
1 7 10 20
1 7 10 21
1 7 10 22
1 7 10 23
1 7 10 24
1 10 10 13
1 10 10 14
1 10 10 15
1 10 10 16
1 10 10 17
1 10 10 18
1 10 10 19
1 10 10 20
1 10 10 21
1 10 10 22
1 10 10 23
1 10 10 24
1 5 11 10
1 5 11 13
1 5 11 14
1 5 11 15
1 5 11 16
1 5 11 17
1 5 11 18
1 5 11 19
1 5 11 20
1 5 11 21
1 5 11 22
1 5 11 23
1 5 11 24
1 6 11 10
1 6 11 13
1 6 11 14
1 6 11 15
1 6 11 16
1 6 11 17
1 6 11 18
1 6 11 19
1 6 11 20
1 6 11 21
1 6 11 22
1 6 11 23
1 6 11 24
1 7 11 10
1 7 11 13
1 7 11 14
1 7 11 15
1 7 11 16
1 7 11 17
1 7 11 18
1 7 11 19
1 7 11 20
1 7 11 21
1 7 11 22
1 7 11 23
1 7 11 24
1 10 11 13
1 10 11 14
1 10 11 15
1 10 11 16
1 10 11 17
1 10 11 18
1 10 11 19
1 10 11 20
1 10 11 21
1 10 11 22
1 10 11 23
1 10 11 24
1 5 12 10
1 5 12 13
1 5 12 14
1 5 12 15
1 5 12 16
1 5 12 17
1 5 12 18
1 5 12 19
1 5 12 20
1 5 12 21
1 5 12 22
1 5 12 23
1 6 12 10
1 6 12 13
1 6 12 14
1 6 12 15
1 6 12 16
1 6 12 17
1 6 12 18
1 6 12 19
1 6 12 20
1 6 12 21
1 6 12 22
1 6 12 23
1 7 12 10
1 7 12 13
1 7 12 14
1 7 12 15
1 7 12 16
1 7 12 17
1 7 12 18
1 7 12 19
1 7 12 20
1 7 12 21
1 7 12 22
1 7 12 23
1 10 12 13
1 10 12 14
1 10 12 15
1 10 12 16
1 10 12 17
1 10 12 18
1 10 12 19
1 10 12 20
1 10 12 21
1 10 12 22
1 10 12 23
2 3 7 5
2 3 7 6
2 3 7 7
2 3 7 10
2 3 7 13
2 3 7 14
2 3 7 15
2 3 7 16
2 3 7 17
2 3 7 18
2 3 7 19
2 3 7 20
2 3 7 21
2 3 7 22
2 3 7 23
2 3 7 24
2 3 7 25
2 5 7 10
2 5 7 13
2 5 7 14
2 5 7 15
2 5 7 16
2 5 7 17
2 5 7 18
2 5 7 19
2 5 7 20
2 5 7 21
2 5 7 22
2 5 7 23
2 5 7 24
2 5 7 25
2 6 7 10
2 6 7 13
2 6 7 14
2 6 7 15
2 6 7 16
2 6 7 17
2 6 7 18
2 6 7 19
2 6 7 20
2 6 7 21
2 6 7 22
2 6 7 23
2 6 7 24
2 6 7 25
2 7 7 10
2 7 7 13
2 7 7 14
2 7 7 15
2 7 7 16
2 7 7 17
2 7 7 18
2 7 7 19
2 7 7 20
2 7 7 21
2 7 7 22
2 7 7 23
2 7 7 24
2 7 7 25
2 10 7 13
2 10 7 14
2 10 7 15
2 10 7 16
2 10 7 17
2 10 7 18
2 10 7 19
2 10 7 20
2 10 7 21
2 10 7 22
2 10 7 23
2 10 7 24
2 10 7 25
2 5 8 10
2 5 8 13
2 5 8 14
2 5 8 15
2 5 8 16
2 5 8 17
2 5 8 18
2 5 8 19
2 5 8 20
2 5 8 21
2 5 8 22
2 5 8 23
2 5 8 24
2 5 8 25
2 6 8 10
2 6 8 13
2 6 8 14
2 6 8 15
2 6 8 16
2 6 8 17
2 6 8 18
2 6 8 19
2 6 8 20
2 6 8 21
2 6 8 22
2 6 8 23
2 6 8 24
2 6 8 25
2 7 8 10
2 7 8 13
2 7 8 14
2 7 8 15
2 7 8 16
2 7 8 17
2 7 8 18
2 7 8 19
2 7 8 20
2 7 8 21
2 7 8 22
2 7 8 23
2 7 8 24
2 7 8 25
2 10 8 13
2 10 8 14
2 10 8 15
2 10 8 16
2 10 8 17
2 10 8 18
2 10 8 19
2 10 8 20
2 10 8 21
2 10 8 22
2 10 8 23
2 10 8 24
2 10 8 25
2 5 9 10
2 5 9 13
2 5 9 14
2 5 9 15
2 5 9 16
2 5 9 17
2 5 9 18
2 5 9 19
2 5 9 20
2 5 9 21
2 5 9 22
2 5 9 23
2 5 9 24
2 5 9 25
2 6 9 10
2 6 9 13
2 6 9 14
2 6 9 15
2 6 9 16
2 6 9 17
2 6 9 18
2 6 9 19
2 6 9 20
2 6 9 21
2 6 9 22
2 6 9 23
2 6 9 24
2 6 9 25
2 7 9 10
2 7 9 13
2 7 9 14
2 7 9 15
2 7 9 16
2 7 9 17
2 7 9 18
2 7 9 19
2 7 9 20
2 7 9 21
2 7 9 22
2 7 9 23
2 7 9 24
2 7 9 25
2 10 9 13
2 10 9 14
2 10 9 15
2 10 9 16
2 10 9 17
2 10 9 18
2 10 9 19
2 10 9 20
2 10 9 21
2 10 9 22
2 10 9 23
2 10 9 24
2 10 9 25
2 5 10 10
2 5 10 13
2 5 10 14
2 5 10 15
2 5 10 16
2 5 10 17
2 5 10 18
2 5 10 19
2 5 10 20
2 5 10 21
2 5 10 22
2 5 10 23
2 5 10 24
2 6 10 10
2 6 10 13
2 6 10 14
2 6 10 15
2 6 10 16
2 6 10 17
2 6 10 18
2 6 10 19
2 6 10 20
2 6 10 21
2 6 10 22
2 6 10 23
2 6 10 24
2 7 10 10
2 7 10 13
2 7 10 14
2 7 10 15
2 7 10 16
2 7 10 17
2 7 10 18
2 7 10 19
2 7 10 20
2 7 10 21
2 7 10 22
2 7 10 23
2 7 10 24
2 10 10 13
2 10 10 14
2 10 10 15
2 10 10 16
2 10 10 17
2 10 10 18
2 10 10 19
2 10 10 20
2 10 10 21
2 10 10 22
2 10 10 23
2 10 10 24
2 5 11 10
2 5 11 13
2 5 11 14
2 5 11 15
2 5 11 16
2 5 11 17
2 5 11 18
2 5 11 19
2 5 11 20
2 5 11 21
2 5 11 22
2 5 11 23
2 5 11 24
2 6 11 10
2 6 11 13
2 6 11 14
2 6 11 15
2 6 11 16
2 6 11 17
2 6 11 18
2 6 11 19
2 6 11 20
2 6 11 21
2 6 11 22
2 6 11 23
2 6 11 24
2 7 11 10
2 7 11 13
2 7 11 14
2 7 11 15
2 7 11 16
2 7 11 17
2 7 11 18
2 7 11 19
2 7 11 20
2 7 11 21
2 7 11 22
2 7 11 23
2 7 11 24
2 10 11 13
2 10 11 14
2 10 11 15
2 10 11 16
2 10 11 17
2 10 11 18
2 10 11 19
2 10 11 20
2 10 11 21
2 10 11 22
2 10 11 23
2 10 11 24
2 5 12 10
2 5 12 13
2 5 12 14
2 5 12 15
2 5 12 16
2 5 12 17
2 5 12 18
2 5 12 19
2 5 12 20
2 5 12 21
2 5 12 22
2 5 12 23
2 6 12 10
2 6 12 13
2 6 12 14
2 6 12 15
2 6 12 16
2 6 12 17
2 6 12 18
2 6 12 19
2 6 12 20
2 6 12 21
2 6 12 22
2 6 12 23
2 7 12 10
2 7 12 13
2 7 12 14
2 7 12 15
2 7 12 16
2 7 12 17
2 7 12 18
2 7 12 19
2 7 12 20
2 7 12 21
2 7 12 22
2 7 12 23
2 10 12 13
2 10 12 14
2 10 12 15
2 10 12 16
2 10 12 17
2 10 12 18
2 10 12 19
2 10 12 20
2 10 12 21
2 10 12 22
2 10 12 23
3 2 7 5
3 2 7 6
3 2 7 7
3 2 7 10
3 2 7 13
3 2 7 14
3 2 7 15
3 2 7 16
3 2 7 17
3 2 7 18
3 2 7 19
3 2 7 20
3 2 7 21
3 2 7 22
3 2 7 23
3 2 7 24
3 2 7 25
3 3 7 5
3 3 7 6
3 3 7 7
3 3 7 10
3 3 7 13
3 3 7 14
3 3 7 15
3 3 7 16
3 3 7 17
3 3 7 18
3 3 7 19
3 3 7 20
3 3 7 21
3 3 7 22
3 3 7 23
3 3 7 24
3 3 7 25
3 5 7 10
3 5 7 13
3 5 7 14
3 5 7 15
3 5 7 16
3 5 7 17
3 5 7 18
3 5 7 19
3 5 7 20
3 5 7 21
3 5 7 22
3 5 7 23
3 5 7 24
3 5 7 25
3 6 7 10
3 6 7 13
3 6 7 14
3 6 7 15
3 6 7 16
3 6 7 17
3 6 7 18
3 6 7 19
3 6 7 20
3 6 7 21
3 6 7 22
3 6 7 23
3 6 7 24
3 6 7 25
3 7 7 10
3 7 7 13
3 7 7 14
3 7 7 15
3 7 7 16
3 7 7 17
3 7 7 18
3 7 7 19
3 7 7 20
3 7 7 21
3 7 7 22
3 7 7 23
3 7 7 24
3 7 7 25
3 10 7 13
3 10 7 14
3 10 7 15
3 10 7 16
3 10 7 17
3 10 7 18
3 10 7 19
3 10 7 20
3 10 7 21
3 10 7 22
3 10 7 23
3 10 7 24
3 10 7 25
3 5 8 10
3 5 8 13
3 5 8 14
3 5 8 15
3 5 8 16
3 5 8 17
3 5 8 18
3 5 8 19
3 5 8 20
3 5 8 21
3 5 8 22
3 5 8 23
3 5 8 24
3 5 8 25
3 6 8 10
3 6 8 13
3 6 8 14
3 6 8 15
3 6 8 16
3 6 8 17
3 6 8 18
3 6 8 19
3 6 8 20
3 6 8 21
3 6 8 22
3 6 8 23
3 6 8 24
3 6 8 25
3 7 8 10
3 7 8 13
3 7 8 14
3 7 8 15
3 7 8 16
3 7 8 17
3 7 8 18
3 7 8 19
3 7 8 20
3 7 8 21
3 7 8 22
3 7 8 23
3 7 8 24
3 7 8 25
3 10 8 13
3 10 8 14
3 10 8 15
3 10 8 16
3 10 8 17
3 10 8 18
3 10 8 19
3 10 8 20
3 10 8 21
3 10 8 22
3 10 8 23
3 10 8 24
3 10 8 25
3 2 9 5
3 2 9 6
3 2 9 7
3 2 9 10
3 2 9 13
3 2 9 14
3 2 9 15
3 2 9 16
3 2 9 17
3 2 9 18
3 2 9 19
3 2 9 20
3 2 9 21
3 2 9 22
3 2 9 23
3 2 9 24
3 2 9 25
3 5 9 10
3 5 9 13
3 5 9 14
3 5 9 15
3 5 9 16
3 5 9 17
3 5 9 18
3 5 9 19
3 5 9 20
3 5 9 21
3 5 9 22
3 5 9 23
3 5 9 24
3 5 9 25
3 6 9 10
3 6 9 13
3 6 9 14
3 6 9 15
3 6 9 16
3 6 9 17
3 6 9 18
3 6 9 19
3 6 9 20
3 6 9 21
3 6 9 22
3 6 9 23
3 6 9 24
3 6 9 25
3 7 9 10
3 7 9 13
3 7 9 14
3 7 9 15
3 7 9 16
3 7 9 17
3 7 9 18
3 7 9 19
3 7 9 20
3 7 9 21
3 7 9 22
3 7 9 23
3 7 9 24
3 7 9 25
3 10 9 13
3 10 9 14
3 10 9 15
3 10 9 16
3 10 9 17
3 10 9 18
3 10 9 19
3 10 9 20
3 10 9 21
3 10 9 22
3 10 9 23
3 10 9 24
3 10 9 25
3 2 10 5
3 2 10 6
3 2 10 7
3 2 10 10
3 2 10 13
3 2 10 14
3 2 10 15
3 2 10 16
3 2 10 17
3 2 10 18
3 2 10 19
3 2 10 20
3 2 10 21
3 2 10 22
3 2 10 23
3 2 10 24
3 5 10 10
3 5 10 13
3 5 10 14
3 5 10 15
3 5 10 16
3 5 10 17
3 5 10 18
3 5 10 19
3 5 10 20
3 5 10 21
3 5 10 22
3 5 10 23
3 5 10 24
3 6 10 10
3 6 10 13
3 6 10 14
3 6 10 15
3 6 10 16
3 6 10 17
3 6 10 18
3 6 10 19
3 6 10 20
3 6 10 21
3 6 10 22
3 6 10 23
3 6 10 24
3 7 10 10
3 7 10 13
3 7 10 14
3 7 10 15
3 7 10 16
3 7 10 17
3 7 10 18
3 7 10 19
3 7 10 20
3 7 10 21
3 7 10 22
3 7 10 23
3 7 10 24
3 10 10 13
3 10 10 14
3 10 10 15
3 10 10 16
3 10 10 17
3 10 10 18
3 10 10 19
3 10 10 20
3 10 10 21
3 10 10 22
3 10 10 23
3 10 10 24
3 5 11 10
3 5 11 13
3 5 11 14
3 5 11 15
3 5 11 16
3 5 11 17
3 5 11 18
3 5 11 19
3 5 11 20
3 5 11 21
3 5 11 22
3 5 11 23
3 5 11 24
3 6 11 10
3 6 11 13
3 6 11 14
3 6 11 15
3 6 11 16
3 6 11 17
3 6 11 18
3 6 11 19
3 6 11 20
3 6 11 21
3 6 11 22
3 6 11 23
3 6 11 24
3 7 11 10
3 7 11 13
3 7 11 14
3 7 11 15
3 7 11 16
3 7 11 17
3 7 11 18
3 7 11 19
3 7 11 20
3 7 11 21
3 7 11 22
3 7 11 23
3 7 11 24
3 10 11 13
3 10 11 14
3 10 11 15
3 10 11 16
3 10 11 17
3 10 11 18
3 10 11 19
3 10 11 20
3 10 11 21
3 10 11 22
3 10 11 23
3 10 11 24
3 5 12 10
3 5 12 13
3 5 12 14
3 5 12 15
3 5 12 16
3 5 12 17
3 5 12 18
3 5 12 19
3 5 12 20
3 5 12 21
3 5 12 22
3 5 12 23
3 6 12 10
3 6 12 13
3 6 12 14
3 6 12 15
3 6 12 16
3 6 12 17
3 6 12 18
3 6 12 19
3 6 12 20
3 6 12 21
3 6 12 22
3 6 12 23
3 7 12 10
3 7 12 13
3 7 12 14
3 7 12 15
3 7 12 16
3 7 12 17
3 7 12 18
3 7 12 19
3 7 12 20
3 7 12 21
3 7 12 22
3 7 12 23
3 10 12 13
3 10 12 14
3 10 12 15
3 10 12 16
3 10 12 17
3 10 12 18
3 10 12 19
3 10 12 20
3 10 12 21
3 10 12 22
3 10 12 23
4 2 7 5
4 2 7 6
4 2 7 7
4 2 7 10
4 2 7 13
4 2 7 14
4 2 7 15
4 2 7 16
4 2 7 17
4 2 7 18
4 2 7 19
4 2 7 20
4 2 7 21
4 2 7 22
4 2 7 23
4 2 7 24
4 2 7 25
4 3 7 5
4 3 7 6
4 3 7 7
4 3 7 10
4 3 7 13
4 3 7 14
4 3 7 15
4 3 7 16
4 3 7 17
4 3 7 18
4 3 7 19
4 3 7 20
4 3 7 21
4 3 7 22
4 3 7 23
4 3 7 24
4 3 7 25
4 5 7 10
4 5 7 13
4 5 7 14
4 5 7 15
4 5 7 16
4 5 7 17
4 5 7 18
4 5 7 19
4 5 7 20
4 5 7 21
4 5 7 22
4 5 7 23
4 5 7 24
4 5 7 25
4 6 7 10
4 6 7 13
4 6 7 14
4 6 7 15
4 6 7 16
4 6 7 17
4 6 7 18
4 6 7 19
4 6 7 20
4 6 7 21
4 6 7 22
4 6 7 23
4 6 7 24
4 6 7 25
4 7 7 10
4 7 7 13
4 7 7 14
4 7 7 15
4 7 7 16
4 7 7 17
4 7 7 18
4 7 7 19
4 7 7 20
4 7 7 21
4 7 7 22
4 7 7 23
4 7 7 24
4 7 7 25
4 10 7 13
4 10 7 14
4 10 7 15
4 10 7 16
4 10 7 17
4 10 7 18
4 10 7 19
4 10 7 20
4 10 7 21
4 10 7 22
4 10 7 23
4 10 7 24
4 10 7 25
4 5 8 10
4 5 8 13
4 5 8 14
4 5 8 15
4 5 8 16
4 5 8 17
4 5 8 18
4 5 8 19
4 5 8 20
4 5 8 21
4 5 8 22
4 5 8 23
4 5 8 24
4 5 8 25
4 6 8 10
4 6 8 13
4 6 8 14
4 6 8 15
4 6 8 16
4 6 8 17
4 6 8 18
4 6 8 19
4 6 8 20
4 6 8 21
4 6 8 22
4 6 8 23
4 6 8 24
4 6 8 25
4 7 8 10
4 7 8 13
4 7 8 14
4 7 8 15
4 7 8 16
4 7 8 17
4 7 8 18
4 7 8 19
4 7 8 20
4 7 8 21
4 7 8 22
4 7 8 23
4 7 8 24
4 7 8 25
4 10 8 13
4 10 8 14
4 10 8 15
4 10 8 16
4 10 8 17
4 10 8 18
4 10 8 19
4 10 8 20
4 10 8 21
4 10 8 22
4 10 8 23
4 10 8 24
4 10 8 25
4 2 9 5
4 2 9 6
4 2 9 7
4 2 9 10
4 2 9 13
4 2 9 14
4 2 9 15
4 2 9 16
4 2 9 17
4 2 9 18
4 2 9 19
4 2 9 20
4 2 9 21
4 2 9 22
4 2 9 23
4 2 9 24
4 2 9 25
4 5 9 10
4 5 9 13
4 5 9 14
4 5 9 15
4 5 9 16
4 5 9 17
4 5 9 18
4 5 9 19
4 5 9 20
4 5 9 21
4 5 9 22
4 5 9 23
4 5 9 24
4 5 9 25
4 6 9 10
4 6 9 13
4 6 9 14
4 6 9 15
4 6 9 16
4 6 9 17
4 6 9 18
4 6 9 19
4 6 9 20
4 6 9 21
4 6 9 22
4 6 9 23
4 6 9 24
4 6 9 25
4 7 9 10
4 7 9 13
4 7 9 14
4 7 9 15
4 7 9 16
4 7 9 17
4 7 9 18
4 7 9 19
4 7 9 20
4 7 9 21
4 7 9 22
4 7 9 23
4 7 9 24
4 7 9 25
4 10 9 13
4 10 9 14
4 10 9 15
4 10 9 16
4 10 9 17
4 10 9 18
4 10 9 19
4 10 9 20
4 10 9 21
4 10 9 22
4 10 9 23
4 10 9 24
4 10 9 25
4 2 10 5
4 2 10 6
4 2 10 7
4 2 10 10
4 2 10 13
4 2 10 14
4 2 10 15
4 2 10 16
4 2 10 17
4 2 10 18
4 2 10 19
4 2 10 20
4 2 10 21
4 2 10 22
4 2 10 23
4 2 10 24
4 5 10 10
4 5 10 13
4 5 10 14
4 5 10 15
4 5 10 16
4 5 10 17
4 5 10 18
4 5 10 19
4 5 10 20
4 5 10 21
4 5 10 22
4 5 10 23
4 5 10 24
4 6 10 10
4 6 10 13
4 6 10 14
4 6 10 15
4 6 10 16
4 6 10 17
4 6 10 18
4 6 10 19
4 6 10 20
4 6 10 21
4 6 10 22
4 6 10 23
4 6 10 24
4 7 10 10
4 7 10 13
4 7 10 14
4 7 10 15
4 7 10 16
4 7 10 17
4 7 10 18
4 7 10 19
4 7 10 20
4 7 10 21
4 7 10 22
4 7 10 23
4 7 10 24
4 10 10 13
4 10 10 14
4 10 10 15
4 10 10 16
4 10 10 17
4 10 10 18
4 10 10 19
4 10 10 20
4 10 10 21
4 10 10 22
4 10 10 23
4 10 10 24
4 5 11 10
4 5 11 13
4 5 11 14
4 5 11 15
4 5 11 16
4 5 11 17
4 5 11 18
4 5 11 19
4 5 11 20
4 5 11 21
4 5 11 22
4 5 11 23
4 5 11 24
4 6 11 10
4 6 11 13
4 6 11 14
4 6 11 15
4 6 11 16
4 6 11 17
4 6 11 18
4 6 11 19
4 6 11 20
4 6 11 21
4 6 11 22
4 6 11 23
4 6 11 24
4 7 11 10
4 7 11 13
4 7 11 14
4 7 11 15
4 7 11 16
4 7 11 17
4 7 11 18
4 7 11 19
4 7 11 20
4 7 11 21
4 7 11 22
4 7 11 23
4 7 11 24
4 10 11 13
4 10 11 14
4 10 11 15
4 10 11 16
4 10 11 17
4 10 11 18
4 10 11 19
4 10 11 20
4 10 11 21
4 10 11 22
4 10 11 23
4 10 11 24
4 5 12 10
4 5 12 13
4 5 12 14
4 5 12 15
4 5 12 16
4 5 12 17
4 5 12 18
4 5 12 19
4 5 12 20
4 5 12 21
4 5 12 22
4 5 12 23
4 6 12 10
4 6 12 13
4 6 12 14
4 6 12 15
4 6 12 16
4 6 12 17
4 6 12 18
4 6 12 19
4 6 12 20
4 6 12 21
4 6 12 22
4 6 12 23
4 7 12 10
4 7 12 13
4 7 12 14
4 7 12 15
4 7 12 16
4 7 12 17
4 7 12 18
4 7 12 19
4 7 12 20
4 7 12 21
4 7 12 22
4 7 12 23
4 10 12 13
4 10 12 14
4 10 12 15
4 10 12 16
4 10 12 17
4 10 12 18
4 10 12 19
4 10 12 20
4 10 12 21
4 10 12 22
4 10 12 23
5 2 7 5
5 2 7 6
5 2 7 7
5 2 7 10
5 2 7 13
5 2 7 14
5 2 7 15
5 2 7 16
5 2 7 17
5 2 7 18
5 2 7 19
5 2 7 20
5 2 7 21
5 2 7 22
5 2 7 23
5 2 7 24
5 2 7 25
5 3 7 5
5 3 7 6
5 3 7 7
5 3 7 10
5 3 7 13
5 3 7 14
5 3 7 15
5 3 7 16
5 3 7 17
5 3 7 18
5 3 7 19
5 3 7 20
5 3 7 21
5 3 7 22
5 3 7 23
5 3 7 24
5 3 7 25
5 5 7 10
5 5 7 13
5 5 7 14
5 5 7 15
5 5 7 16
5 5 7 17
5 5 7 18
5 5 7 19
5 5 7 20
5 5 7 21
5 5 7 22
5 5 7 23
5 5 7 24
5 5 7 25
5 6 7 10
5 6 7 13
5 6 7 14
5 6 7 15
5 6 7 16
5 6 7 17
5 6 7 18
5 6 7 19
5 6 7 20
5 6 7 21
5 6 7 22
5 6 7 23
5 6 7 24
5 6 7 25
5 7 7 10
5 7 7 13
5 7 7 14
5 7 7 15
5 7 7 16
5 7 7 17
5 7 7 18
5 7 7 19
5 7 7 20
5 7 7 21
5 7 7 22
5 7 7 23
5 7 7 24
5 7 7 25
5 10 7 13
5 10 7 14
5 10 7 15
5 10 7 16
5 10 7 17
5 10 7 18
5 10 7 19
5 10 7 20
5 10 7 21
5 10 7 22
5 10 7 23
5 10 7 24
5 10 7 25
5 5 8 10
5 5 8 13
5 5 8 14
5 5 8 15
5 5 8 16
5 5 8 17
5 5 8 18
5 5 8 19
5 5 8 20
5 5 8 21
5 5 8 22
5 5 8 23
5 5 8 24
5 5 8 25
5 6 8 10
5 6 8 13
5 6 8 14
5 6 8 15
5 6 8 16
5 6 8 17
5 6 8 18
5 6 8 19
5 6 8 20
5 6 8 21
5 6 8 22
5 6 8 23
5 6 8 24
5 6 8 25
5 7 8 10
5 7 8 13
5 7 8 14
5 7 8 15
5 7 8 16
5 7 8 17
5 7 8 18
5 7 8 19
5 7 8 20
5 7 8 21
5 7 8 22
5 7 8 23
5 7 8 24
5 7 8 25
5 10 8 13
5 10 8 14
5 10 8 15
5 10 8 16
5 10 8 17
5 10 8 18
5 10 8 19
5 10 8 20
5 10 8 21
5 10 8 22
5 10 8 23
5 10 8 24
5 10 8 25
5 2 9 5
5 2 9 6
5 2 9 7
5 2 9 10
5 2 9 13
5 2 9 14
5 2 9 15
5 2 9 16
5 2 9 17
5 2 9 18
5 2 9 19
5 2 9 20
5 2 9 21
5 2 9 22
5 2 9 23
5 2 9 24
5 2 9 25
5 5 9 10
5 5 9 13
5 5 9 14
5 5 9 15
5 5 9 16
5 5 9 17
5 5 9 18
5 5 9 19
5 5 9 20
5 5 9 21
5 5 9 22
5 5 9 23
5 5 9 24
5 5 9 25
5 6 9 10
5 6 9 13
5 6 9 14
5 6 9 15
5 6 9 16
5 6 9 17
5 6 9 18
5 6 9 19
5 6 9 20
5 6 9 21
5 6 9 22
5 6 9 23
5 6 9 24
5 6 9 25
5 7 9 10
5 7 9 13
5 7 9 14
5 7 9 15
5 7 9 16
5 7 9 17
5 7 9 18
5 7 9 19
5 7 9 20
5 7 9 21
5 7 9 22
5 7 9 23
5 7 9 24
5 7 9 25
5 10 9 13
5 10 9 14
5 10 9 15
5 10 9 16
5 10 9 17
5 10 9 18
5 10 9 19
5 10 9 20
5 10 9 21
5 10 9 22
5 10 9 23
5 10 9 24
5 10 9 25
5 2 10 5
5 2 10 6
5 2 10 7
5 2 10 10
5 2 10 13
5 2 10 14
5 2 10 15
5 2 10 16
5 2 10 17
5 2 10 18
5 2 10 19
5 2 10 20
5 2 10 21
5 2 10 22
5 2 10 23
5 2 10 24
5 5 10 10
5 5 10 13
5 5 10 14
5 5 10 15
5 5 10 16
5 5 10 17
5 5 10 18
5 5 10 19
5 5 10 20
5 5 10 21
5 5 10 22
5 5 10 23
5 5 10 24
5 6 10 10
5 6 10 13
5 6 10 14
5 6 10 15
5 6 10 16
5 6 10 17
5 6 10 18
5 6 10 19
5 6 10 20
5 6 10 21
5 6 10 22
5 6 10 23
5 6 10 24
5 7 10 10
5 7 10 13
5 7 10 14
5 7 10 15
5 7 10 16
5 7 10 17
5 7 10 18
5 7 10 19
5 7 10 20
5 7 10 21
5 7 10 22
5 7 10 23
5 7 10 24
5 10 10 13
5 10 10 14
5 10 10 15
5 10 10 16
5 10 10 17
5 10 10 18
5 10 10 19
5 10 10 20
5 10 10 21
5 10 10 22
5 10 10 23
5 10 10 24
5 5 11 10
5 5 11 13
5 5 11 14
5 5 11 15
5 5 11 16
5 5 11 17
5 5 11 18
5 5 11 19
5 5 11 20
5 5 11 21
5 5 11 22
5 5 11 23
5 5 11 24
5 6 11 10
5 6 11 13
5 6 11 14
5 6 11 15
5 6 11 16
5 6 11 17
5 6 11 18
5 6 11 19
5 6 11 20
5 6 11 21
5 6 11 22
5 6 11 23
5 6 11 24
5 7 11 10
5 7 11 13
5 7 11 14
5 7 11 15
5 7 11 16
5 7 11 17
5 7 11 18
5 7 11 19
5 7 11 20
5 7 11 21
5 7 11 22
5 7 11 23
5 7 11 24
5 10 11 13
5 10 11 14
5 10 11 15
5 10 11 16
5 10 11 17
5 10 11 18
5 10 11 19
5 10 11 20
5 10 11 21
5 10 11 22
5 10 11 23
5 10 11 24
5 5 12 10
5 5 12 13
5 5 12 14
5 5 12 15
5 5 12 16
5 5 12 17
5 5 12 18
5 5 12 19
5 5 12 20
5 5 12 21
5 5 12 22
5 5 12 23
5 6 12 10
5 6 12 13
5 6 12 14
5 6 12 15
5 6 12 16
5 6 12 17
5 6 12 18
5 6 12 19
5 6 12 20
5 6 12 21
5 6 12 22
5 6 12 23
5 7 12 10
5 7 12 13
5 7 12 14
5 7 12 15
5 7 12 16
5 7 12 17
5 7 12 18
5 7 12 19
5 7 12 20
5 7 12 21
5 7 12 22
5 7 12 23
5 10 12 13
5 10 12 14
5 10 12 15
5 10 12 16
5 10 12 17
5 10 12 18
5 10 12 19
5 10 12 20
5 10 12 21
5 10 12 22
5 10 12 23
7 1 9 5
7 1 9 6
7 1 9 7
7 1 9 8
7 1 9 9
7 1 9 10
7 1 9 11
7 1 9 12
7 1 9 13
7 1 9 14
7 1 9 15
7 1 9 16
7 1 9 17
7 1 9 18
7 1 9 19
7 1 9 20
7 1 9 21
7 1 9 22
7 1 9 23
7 1 9 24
7 1 9 25
7 2 9 5
7 2 9 6
7 2 9 7
7 2 9 8
7 2 9 9
7 2 9 10
7 2 9 11
7 2 9 12
7 2 9 13
7 2 9 14
7 2 9 15
7 2 9 16
7 2 9 17
7 2 9 18
7 2 9 19
7 2 9 20
7 2 9 21
7 2 9 22
7 2 9 23
7 2 9 24
7 2 9 25
7 1 10 5
7 1 10 6
7 1 10 7
7 1 10 8
7 1 10 9
7 1 10 10
7 1 10 11
7 1 10 12
7 1 10 13
7 1 10 14
7 1 10 15
7 1 10 16
7 1 10 17
7 1 10 18
7 1 10 19
7 1 10 20
7 1 10 21
7 1 10 22
7 1 10 23
7 1 10 24
7 2 10 5
7 2 10 6
7 2 10 7
7 2 10 8
7 2 10 9
7 2 10 10
7 2 10 11
7 2 10 12
7 2 10 13
7 2 10 14
7 2 10 15
7 2 10 16
7 2 10 17
7 2 10 18
7 2 10 19
7 2 10 20
7 2 10 21
7 2 10 22
7 2 10 23
7 2 10 24
7 1 12 5
7 1 12 6
7 1 12 7
7 1 12 8
7 1 12 9
7 1 12 10
7 1 12 11
7 1 12 12
7 1 12 13
7 1 12 14
7 1 12 15
7 1 12 16
7 1 12 17
7 1 12 18
7 1 12 19
7 1 12 20
7 1 12 21
7 1 12 22
7 1 12 23
9 1 12 5
9 1 12 6
9 1 12 7
9 1 12 8
9 1 12 9
9 1 12 10
9 1 12 11
9 1 12 12
9 1 12 13
9 1 12 14
9 1 12 15
9 1 12 16
9 1 12 17
9 1 12 18
9 1 12 19
9 1 12 20
9 1 12 21
9 1 12 22
9 1 12 23
10 1 12 5
10 1 12 6
10 1 12 7
10 1 12 8
10 1 12 9
10 1 12 10
10 1 12 11
10 1 12 12
10 1 12 13
10 1 12 14
10 1 12 15
10 1 12 16
10 1 12 17
10 1 12 18
10 1 12 19
10 1 12 20
10 1 12 21
10 1 12 22
10 1 12 23
