21 12
000011111110
111111000010
101011110010
111111110010
101111111110
111111111110
101011110110
101011111110
101011111110
101011110100
111111110100
001010110100
011111111100
010000111000
010000111000
011111111000
000000000000
000000000000
000000000000
000000000000
000000000000
133
1 5 5 11
1 6 5 11
1 5 6 11
1 6 6 11
1 5 8 11
1 6 8 11
1 5 9 11
1 6 9 11
2 1 4 3
2 1 4 5
2 1 4 6
2 3 4 5
2 3 4 6
2 3 5 5
2 3 5 6
2 1 6 3
2 1 6 5
2 1 6 6
2 3 6 5
2 3 6 6
2 1 11 3
2 1 11 5
2 1 11 6
2 3 11 5
2 3 11 6
2 3 13 5
3 5 13 7
3 5 13 8
4 1 6 3
4 1 6 4
4 1 6 5
4 1 6 6
4 1 6 7
4 1 6 8
4 1 11 3
4 1 11 5
4 1 11 6
4 1 11 7
4 1 11 8
4 3 11 5
4 3 11 6
4 3 11 7
4 3 11 8
4 3 13 5
4 3 13 7
4 3 13 8
4 5 13 7
4 5 13 8
5 5 8 10
5 5 8 11
5 6 8 10
5 6 8 11
5 7 8 10
5 7 8 11
5 8 8 10
5 8 8 11
5 5 9 10
5 5 9 11
5 6 9 10
5 6 9 11
5 7 9 10
5 7 9 11
5 8 9 10
5 8 9 11
5 3 11 5
5 3 11 6
5 3 11 7
5 3 11 8
5 3 13 5
5 3 13 7
5 3 13 8
5 3 13 10
5 5 13 7
5 5 13 8
5 5 13 10
5 7 13 10
5 8 13 10
6 5 8 10
6 5 8 11
6 6 8 10
6 6 8 11
6 7 8 10
6 7 8 11
6 8 8 10
6 8 8 11
6 5 9 10
6 5 9 11
6 6 9 10
6 6 9 11
6 7 9 10
6 7 9 11
6 8 9 10
6 8 9 11
6 1 11 3
6 1 11 5
6 1 11 6
6 1 11 7
6 1 11 8
6 3 11 5
6 3 11 6
6 3 11 7
6 3 11 8
6 3 13 5
6 3 13 7
6 3 13 8
6 3 13 10
6 5 13 7
6 5 13 8
6 5 13 10
6 7 13 10
6 8 13 10
7 5 13 7
7 5 13 8
8 5 13 7
8 5 13 8
8 5 13 10
8 7 13 10
8 8 13 10
9 5 13 7
9 5 13 8
9 5 13 10
9 7 13 10
9 8 13 10
10 5 13 7
10 5 13 8
11 3 13 5
11 3 13 7
11 3 13 8
11 5 13 7
11 5 13 8
13 2 16 7
13 2 16 8
13 2 16 9
