20 21
000000000000011110000
001111111111111111000
001001000000011011000
001001000000011011000
001001001111011011000
001001001001011011000
001001001111011011000
001001000000011011000
001001000000011111100
001001000000011011100
001001000000011011100
001001000000011011100
001001000000011111100
001001111111111001100
001111111111111111100
000001111111111111111
000001000000011111101
000001000000000000001
000001000000000000001
000001111111111111111
62
1 14 9 17
1 15 9 17
1 14 13 17
1 15 13 17
2 14 9 17
2 14 9 18
2 15 9 17
2 15 9 18
2 14 13 17
2 14 13 18
2 15 13 17
2 15 13 18
2 6 14 14
2 6 14 15
2 3 15 6
2 3 15 14
2 3 15 15
2 3 15 18
2 6 15 14
2 6 15 15
2 6 15 18
2 14 15 18
2 15 15 18
2 6 16 14
2 6 16 15
2 6 16 18
2 14 16 18
2 15 16 18
2 14 17 18
2 15 17 18
5 9 7 12
9 14 13 17
9 14 13 18
9 14 13 19
9 15 13 17
9 15 13 18
9 15 13 19
9 14 15 18
9 14 15 19
9 15 15 18
9 15 15 19
9 14 16 18
9 14 16 19
9 15 16 18
9 15 16 19
9 14 17 18
9 14 17 19
9 15 17 18
9 15 17 19
13 14 15 18
13 14 15 19
13 15 15 18
13 15 15 19
13 14 16 18
13 14 16 19
13 15 16 18
13 15 16 19
13 14 17 18
13 14 17 19
13 15 17 18
13 15 17 19
16 6 20 21
