21 25
0000000000000000000000000
1111111111111111111111110
1100001010000000100000010
1100001010000000100000010
1100001010000000100000010
1100001010000000100000010
1100001111100000100000010
1100001110100000100000010
1100001111111110100000010
1111111111111111100000010
1100001110100011100000010
1100001110100011100000010
1100001110100011100000010
1111111110100011100000010
0100000110100011100000010
0111111111111111100000010
0100000110000010100000010
0100000110000010100000010
0111111111111111111111110
0000000111111110000000000
0000000000000000000000000
100
2 7 7 9
2 7 8 9
2 7 9 9
2 1 10 7
2 1 10 9
2 1 10 17
2 2 10 7
2 2 10 9
2 2 10 17
2 7 10 9
2 7 10 17
2 9 10 17
2 7 11 9
2 7 12 9
2 7 13 9
2 1 14 7
2 1 14 9
2 2 14 7
2 2 14 9
2 7 14 9
2 2 16 9
2 2 16 17
2 9 16 17
2 2 19 9
2 2 19 17
2 2 19 24
2 9 19 17
2 9 19 24
2 17 19 24
7 7 9 11
7 8 9 11
7 9 9 11
7 7 10 11
7 8 10 11
7 9 10 11
7 8 16 11
7 9 16 11
9 8 16 11
9 8 16 15
9 9 16 11
9 9 16 15
9 11 16 15
9 8 19 15
9 9 19 15
9 8 20 15
9 9 20 15
10 1 14 7
10 1 14 8
10 1 14 9
10 2 14 7
10 2 14 8
10 2 14 9
10 2 16 8
10 2 16 9
10 2 16 11
10 2 16 15
10 2 16 16
10 2 16 17
10 8 16 11
10 8 16 15
10 8 16 16
10 8 16 17
10 9 16 11
10 9 16 15
10 9 16 16
10 9 16 17
10 11 16 15
10 11 16 16
10 11 16 17
10 2 19 8
10 2 19 9
10 2 19 15
10 2 19 17
10 8 19 15
10 8 19 17
10 9 19 15
10 9 19 17
10 15 19 17
10 8 20 15
10 9 20 15
11 15 19 17
12 15 19 17
13 15 19 17
14 2 16 8
14 2 16 9
14 2 19 8
14 2 19 9
14 15 19 17
15 15 19 17
16 2 19 8
16 2 19 9
16 2 19 15
16 2 19 17
16 8 19 15
16 8 19 17
16 9 19 15
16 9 19 17
16 15 19 17
16 8 20 15
16 9 20 15
