20 17
00000000000000000
01111111111111110
01111100001111110
01100100001111110
01100100001111110
01100100001111110
01100100001101010
01111111111101010
00100100000101010
00100100001111110
00100100001101010
00100100001111110
00100101111111111
00111111111101011
00110101001111011
00111101001100011
00010001001100011
00010001001111111
00010001001111111
00011111111111111
136
2 2 8 6
2 2 8 11
2 2 8 12
2 3 8 6
2 3 8 11
2 3 8 12
2 6 8 11
2 6 8 12
2 12 10 14
2 12 10 16
2 14 10 16
2 12 12 14
2 12 12 16
2 14 12 16
2 12 13 14
2 12 13 16
2 14 13 16
2 3 14 6
2 3 14 12
2 6 14 12
2 12 15 14
2 3 16 6
2 12 18 16
2 12 19 16
2 12 20 16
3 2 8 6
3 3 8 6
3 12 10 14
3 12 10 16
3 14 10 16
3 12 12 14
3 12 12 16
3 14 12 16
3 12 13 14
3 12 13 16
3 14 13 16
3 3 14 6
3 12 15 14
3 3 16 6
3 12 18 16
3 12 19 16
3 12 20 16
4 12 10 14
4 12 10 16
4 14 10 16
4 12 12 14
4 12 12 16
4 14 12 16
4 12 13 14
4 12 13 16
4 14 13 16
4 12 15 14
4 12 18 16
4 12 19 16
4 12 20 16
5 12 10 14
5 12 10 16
5 14 10 16
5 12 12 14
5 12 12 16
5 14 12 16
5 12 13 14
5 12 13 16
5 14 13 16
5 12 15 14
5 12 18 16
5 12 19 16
5 12 20 16
6 12 10 14
6 12 10 16
6 14 10 16
6 12 12 14
6 12 12 16
6 14 12 16
6 12 13 14
6 12 13 16
6 14 13 16
6 12 15 14
6 12 18 16
6 12 19 16
6 12 20 16
8 3 14 6
8 3 14 12
8 6 14 12
8 3 16 6
10 11 12 14
10 11 12 16
10 12 12 14
10 12 12 16
10 14 12 16
10 11 13 14
10 11 13 16
10 12 13 14
10 12 13 16
10 14 13 16
10 11 15 14
10 12 15 14
10 11 18 16
10 12 18 16
10 11 19 16
10 12 19 16
10 11 20 16
10 12 20 16
12 11 15 14
12 12 15 14
12 11 18 16
12 12 18 16
12 11 19 16
12 12 19 16
12 11 20 16
12 12 20 16
13 11 15 14
13 12 15 14
13 11 18 16
13 11 18 17
13 12 18 16
13 12 18 17
13 11 19 16
13 11 19 17
13 12 19 16
13 12 19 17
13 8 20 11
13 8 20 12
13 8 20 16
13 8 20 17
13 11 20 16
13 11 20 17
13 12 20 16
13 12 20 17
14 3 16 6
14 4 16 6
14 4 20 8
14 4 20 11
14 4 20 12
14 8 20 11
14 8 20 12
