25 20
00000000000000000000
00011111111111111110
00010000000001000010
00010000000001000010
01111111111111110010
01010000001111010010
01010000001011010010
01010000001011010010
01011111111111111110
01010010001011010010
11111111001011010010
11010011001111110010
11010011000011010010
11010011111111111110
11010001000011010000
11111111111111010000
11010001000011010000
11010001000011110000
11111111111111010000
11000000000010010000
11111111111110010000
01000000000000010000
01000000000000010000
01000000000000010000
01111111111111110000
100
2 4 5 14
2 4 9 14
2 4 9 19
2 14 9 19
2 14 14 19
2 4 16 14
2 4 19 14
5 4 9 11
5 4 9 13
5 4 9 14
5 4 9 16
5 11 9 13
5 11 9 14
5 11 9 16
5 13 9 16
5 14 9 16
5 2 11 4
5 11 12 13
5 11 12 14
5 11 12 16
5 13 12 16
5 14 12 16
5 13 14 16
5 14 14 16
5 2 16 4
5 2 16 13
5 2 16 14
5 4 16 13
5 4 16 14
5 13 18 16
5 14 18 16
5 2 19 4
5 2 19 13
5 2 19 14
5 4 19 13
5 4 19 14
5 2 21 13
5 2 25 16
6 11 9 13
6 11 9 14
6 11 12 13
6 11 12 14
9 4 11 7
9 11 12 13
9 11 12 14
9 11 12 16
9 13 12 16
9 14 12 16
9 7 14 13
9 7 14 14
9 7 14 16
9 7 14 19
9 13 14 16
9 13 14 19
9 14 14 16
9 14 14 19
9 16 14 19
9 4 16 13
9 4 16 14
9 13 18 16
9 14 18 16
9 4 19 13
9 4 19 14
11 1 16 4
11 1 16 8
11 2 16 4
11 2 16 8
11 4 16 8
11 1 19 4
11 1 19 8
11 2 19 4
11 2 19 8
11 4 19 8
12 13 14 16
12 14 14 16
12 13 18 16
12 14 18 16
14 8 16 13
14 8 16 14
14 13 18 16
14 14 18 16
14 8 19 13
14 8 19 14
16 1 19 4
16 1 19 8
16 1 19 13
16 1 19 14
16 2 19 4
16 2 19 8
16 2 19 13
16 2 19 14
16 4 19 8
16 4 19 13
16 4 19 14
16 8 19 13
16 8 19 14
16 1 21 13
16 2 21 13
19 1 21 13
19 2 21 13
