23 21
000111111100000000000
000101111111100000000
000101101111111000000
000101101110101000000
011111111111111111100
010101100110101000100
010101100110101000100
010101100110101110100
011111100110101010100
010101100110101010100
010101100110101110100
010101100110101000100
011111111111111111100
010101100110101000000
010101100110101000000
010101111111111000000
010101111110101000000
010111100010101000000
010001000010101000000
010001111111111000000
010001000000100000000
011111111111100000000
000000000000000000000
189
1 4 5 6
1 4 5 7
1 4 5 9
1 4 5 10
1 6 5 9
1 6 5 10
1 7 5 9
1 7 5 10
1 4 9 6
1 4 9 7
1 4 13 6
1 4 13 7
1 4 13 10
1 6 13 10
1 7 13 10
1 6 16 10
1 7 16 10
1 6 17 10
1 7 17 10
1 4 18 6
1 4 18 7
2 6 5 9
2 6 5 10
2 6 5 11
2 6 5 13
2 7 5 9
2 7 5 10
2 7 5 11
2 7 5 13
2 9 5 13
2 10 5 13
2 11 5 13
2 6 13 10
2 6 13 11
2 6 13 13
2 7 13 10
2 7 13 11
2 7 13 13
2 10 13 13
2 11 13 13
2 6 16 10
2 6 16 11
2 6 16 13
2 7 16 10
2 7 16 11
2 7 16 13
2 10 16 13
2 11 16 13
2 6 17 10
2 6 17 11
2 7 17 10
2 7 17 11
2 6 20 11
2 6 20 13
2 11 20 13
2 6 22 13
3 9 5 13
3 9 5 15
3 10 5 13
3 10 5 15
3 11 5 13
3 11 5 15
3 13 5 15
3 10 13 13
3 10 13 15
3 11 13 13
3 11 13 15
3 13 13 15
3 10 16 13
3 10 16 15
3 11 16 13
3 11 16 15
3 13 16 15
3 11 20 13
3 11 20 15
3 13 20 15
5 2 9 4
5 2 9 6
5 2 9 7
5 4 9 6
5 4 9 7
5 2 13 4
5 2 13 6
5 2 13 7
5 2 13 10
5 2 13 11
5 2 13 13
5 2 13 15
5 2 13 19
5 4 13 6
5 4 13 7
5 4 13 10
5 4 13 11
5 4 13 13
5 4 13 15
5 4 13 19
5 6 13 10
5 6 13 11
5 6 13 13
5 6 13 15
5 6 13 19
5 7 13 10
5 7 13 11
5 7 13 13
5 7 13 15
5 7 13 19
5 10 13 13
5 10 13 15
5 10 13 19
5 11 13 13
5 11 13 15
5 11 13 19
5 13 13 15
5 13 13 19
5 15 13 19
5 6 16 10
5 6 16 11
5 6 16 13
5 6 16 15
5 7 16 10
5 7 16 11
5 7 16 13
5 7 16 15
5 10 16 13
5 10 16 15
5 11 16 13
5 11 16 15
5 13 16 15
5 6 17 10
5 6 17 11
5 7 17 10
5 7 17 11
5 4 18 6
5 4 18 7
5 6 20 11
5 6 20 13
5 6 20 15
5 11 20 13
5 11 20 15
5 13 20 15
5 2 22 6
5 2 22 13
5 6 22 13
8 15 11 17
9 2 13 4
9 2 13 6
9 2 13 7
9 4 13 6
9 4 13 7
9 4 18 6
9 4 18 7
9 2 22 6
13 6 16 10
13 6 16 11
13 6 16 13
13 6 16 15
13 7 16 10
13 7 16 11
13 7 16 13
13 7 16 15
13 10 16 13
13 10 16 15
13 11 16 13
13 11 16 15
13 13 16 15
13 6 17 10
13 6 17 11
13 7 17 10
13 7 17 11
13 4 18 6
13 4 18 7
13 6 20 11
13 6 20 13
13 6 20 15
13 11 20 13
13 11 20 15
13 13 20 15
13 2 22 6
13 2 22 13
13 6 22 13
16 6 20 11
16 6 20 13
16 6 20 15
16 11 20 13
16 11 20 15
16 13 20 15
16 6 22 13
17 6 20 11
20 6 22 13
