16 24
000000000000000000000000
000000000001111100000000
000000000001101100000000
000000011111111111111100
000111111111111111100100
000101111111111111111100
000101011001101110101100
000111111111111111111100
000100111001111110110100
000100111000001010110100
000100111000001010110100
000100111111111111111100
000100001000001010110100
000100001111111111111100
000100000000001010110000
000111111111111111110000
322
2 12 4 15
2 12 4 16
2 13 4 15
2 13 4 16
2 12 5 15
2 12 5 16
2 13 5 15
2 13 5 16
2 12 6 15
2 12 6 16
2 13 6 15
2 13 6 16
2 12 8 15
2 12 8 16
2 13 8 15
2 13 8 16
2 12 9 15
2 12 9 16
2 13 9 15
2 13 9 16
4 8 6 22
4 9 6 22
4 10 6 22
4 11 6 22
4 12 6 22
4 13 6 22
4 14 6 22
4 15 6 22
4 16 6 22
4 17 6 22
4 18 6 22
4 19 6 22
4 8 8 12
4 8 8 13
4 8 8 15
4 8 8 16
4 8 8 17
4 8 8 19
4 8 8 22
4 9 8 12
4 9 8 13
4 9 8 15
4 9 8 16
4 9 8 17
4 9 8 19
4 9 8 22
4 12 8 15
4 12 8 16
4 12 8 17
4 12 8 19
4 12 8 22
4 13 8 15
4 13 8 16
4 13 8 17
4 13 8 19
4 13 8 22
4 15 8 19
4 15 8 22
4 16 8 19
4 16 8 22
4 17 8 19
4 17 8 22
4 19 8 22
4 12 9 15
4 12 9 16
4 12 9 17
4 13 9 15
4 13 9 16
4 13 9 17
4 8 12 15
4 8 12 17
4 8 12 19
4 8 12 22
4 9 12 15
4 9 12 17
4 9 12 19
4 9 12 22
4 15 12 17
4 15 12 19
4 15 12 22
4 17 12 19
4 17 12 22
4 19 12 22
4 9 14 15
4 9 14 17
4 9 14 19
4 9 14 22
4 15 14 17
4 15 14 19
4 15 14 22
4 17 14 19
4 17 14 22
4 19 14 22
4 15 16 17
4 15 16 19
4 17 16 19
5 4 8 6
5 4 8 8
5 4 8 9
5 4 8 12
5 4 8 13
5 4 8 15
5 4 8 16
5 4 8 17
5 4 8 19
5 6 8 8
5 6 8 9
5 6 8 12
5 6 8 13
5 6 8 15
5 6 8 16
5 6 8 17
5 6 8 19
5 8 8 12
5 8 8 13
5 8 8 15
5 8 8 16
5 8 8 17
5 8 8 19
5 9 8 12
5 9 8 13
5 9 8 15
5 9 8 16
5 9 8 17
5 9 8 19
5 12 8 15
5 12 8 16
5 12 8 17
5 12 8 19
5 13 8 15
5 13 8 16
5 13 8 17
5 13 8 19
5 15 8 19
5 16 8 19
5 17 8 19
5 12 9 15
5 12 9 16
5 12 9 17
5 13 9 15
5 13 9 16
5 13 9 17
5 8 12 15
5 8 12 17
5 8 12 19
5 9 12 15
5 9 12 17
5 9 12 19
5 15 12 17
5 15 12 19
5 17 12 19
5 9 14 15
5 9 14 17
5 9 14 19
5 15 14 17
5 15 14 19
5 17 14 19
5 4 16 15
5 4 16 17
5 4 16 19
5 15 16 17
5 15 16 19
5 17 16 19
6 6 8 8
6 6 8 9
6 6 8 12
6 6 8 13
6 6 8 15
6 6 8 16
6 6 8 17
6 6 8 19
6 6 8 21
6 6 8 22
6 8 8 12
6 8 8 13
6 8 8 15
6 8 8 16
6 8 8 17
6 8 8 19
6 8 8 21
6 8 8 22
6 9 8 12
6 9 8 13
6 9 8 15
6 9 8 16
6 9 8 17
6 9 8 19
6 9 8 21
6 9 8 22
6 12 8 15
6 12 8 16
6 12 8 17
6 12 8 19
6 12 8 21
6 12 8 22
6 13 8 15
6 13 8 16
6 13 8 17
6 13 8 19
6 13 8 21
6 13 8 22
6 15 8 19
6 15 8 21
6 15 8 22
6 16 8 19
6 16 8 21
6 16 8 22
6 17 8 19
6 17 8 21
6 17 8 22
6 19 8 21
6 19 8 22
6 12 9 15
6 12 9 16
6 12 9 17
6 13 9 15
6 13 9 16
6 13 9 17
6 8 12 15
6 8 12 17
6 8 12 19
6 8 12 22
6 9 12 15
6 9 12 17
6 9 12 19
6 9 12 22
6 15 12 17
6 15 12 19
6 15 12 22
6 17 12 19
6 17 12 22
6 19 12 22
6 9 14 15
6 9 14 17
6 9 14 19
6 9 14 22
6 15 14 17
6 15 14 19
6 15 14 22
6 17 14 19
6 17 14 22
6 19 14 22
6 15 16 17
6 15 16 19
6 17 16 19
7 15 12 17
7 15 14 17
7 15 16 17
8 7 12 15
8 7 12 17
8 7 12 19
8 7 12 20
8 7 12 22
8 8 12 15
8 8 12 17
8 8 12 19
8 8 12 20
8 8 12 22
8 9 12 15
8 9 12 17
8 9 12 19
8 9 12 20
8 9 12 22
8 15 12 17
8 15 12 19
8 15 12 20
8 15 12 22
8 17 12 19
8 17 12 20
8 17 12 22
8 19 12 22
8 20 12 22
8 9 14 15
8 9 14 17
8 9 14 19
8 9 14 20
8 9 14 22
8 15 14 17
8 15 14 19
8 15 14 20
8 15 14 22
8 17 14 19
8 17 14 20
8 17 14 22
8 19 14 22
8 20 14 22
8 4 16 15
8 4 16 17
8 4 16 19
8 4 16 20
8 15 16 17
8 15 16 19
8 15 16 20
8 17 16 19
8 17 16 20
9 15 12 17
9 15 14 17
9 15 16 17
12 9 14 15
12 9 14 17
12 9 14 19
12 9 14 20
12 9 14 22
12 15 14 17
12 15 14 19
12 15 14 20
12 15 14 22
12 17 14 19
12 17 14 20
12 17 14 22
12 19 14 22
12 20 14 22
12 15 16 17
12 15 16 19
12 15 16 20
12 17 16 19
12 17 16 20
14 15 16 17
14 15 16 19
14 15 16 20
14 17 16 19
14 17 16 20
