20 15
000000000000000
001110000000000
111110111111111
101011111111111
111111111111111
100010100000111
100010100000111
100010111111111
100010110000111
100010111111111
111111111111110
100010111111110
100010110000110
100011111111110
111111110000110
111111110000110
100010110111110
100010110100110
111110111111110
000000111111110
172
2 3 5 5
3 1 5 3
3 1 5 5
3 3 5 5
3 7 8 13
3 7 8 14
3 7 8 15
3 7 10 13
3 7 10 14
3 7 10 15
3 1 11 5
3 7 11 13
3 7 11 14
3 7 12 13
3 7 12 14
3 7 14 13
3 7 14 14
3 1 15 5
3 1 16 5
3 1 19 5
3 7 19 13
3 7 19 14
3 7 20 13
3 7 20 14
4 7 8 13
4 7 8 14
4 7 8 15
4 7 10 13
4 7 10 14
4 7 10 15
4 5 11 7
4 5 11 13
4 5 11 14
4 7 11 13
4 7 11 14
4 7 12 13
4 7 12 14
4 5 14 7
4 5 14 13
4 5 14 14
4 7 14 13
4 7 14 14
4 5 15 7
4 5 16 7
4 7 19 13
4 7 19 14
4 7 20 13
4 7 20 14
5 7 8 13
5 7 8 14
5 7 8 15
5 7 10 13
5 7 10 14
5 7 10 15
5 1 11 5
5 1 11 7
5 1 11 13
5 1 11 14
5 5 11 7
5 5 11 13
5 5 11 14
5 7 11 13
5 7 11 14
5 7 12 13
5 7 12 14
5 5 14 7
5 5 14 13
5 5 14 14
5 7 14 13
5 7 14 14
5 1 15 5
5 1 15 7
5 5 15 7
5 1 16 5
5 1 16 7
5 5 16 7
5 1 19 5
5 7 19 13
5 7 19 14
5 7 20 13
5 7 20 14
8 7 10 13
8 7 10 14
8 7 10 15
8 8 10 13
8 8 10 14
8 8 10 15
8 7 11 13
8 7 11 14
8 8 11 13
8 8 11 14
8 7 12 13
8 7 12 14
8 8 12 13
8 8 12 14
8 7 14 13
8 7 14 14
8 8 14 13
8 8 14 14
8 7 19 13
8 7 19 14
8 8 19 13
8 8 19 14
8 7 20 13
8 7 20 14
8 8 20 13
8 8 20 14
10 7 14 13
10 7 14 14
10 8 14 13
10 8 14 14
10 7 19 13
10 7 19 14
10 8 19 13
10 8 19 14
10 7 20 13
10 7 20 14
10 8 20 13
10 8 20 14
11 5 14 7
11 5 14 8
11 5 14 13
11 5 14 14
11 7 14 13
11 7 14 14
11 8 14 13
11 8 14 14
11 1 15 5
11 1 15 7
11 1 15 8
11 5 15 7
11 5 15 8
11 1 16 5
11 1 16 7
11 1 16 8
11 5 16 7
11 5 16 8
11 1 19 5
11 7 19 13
11 7 19 14
11 8 19 13
11 8 19 14
11 7 20 13
11 7 20 14
11 8 20 13
11 8 20 14
12 7 14 13
12 7 14 14
12 8 14 13
12 8 14 14
12 7 19 13
12 7 19 14
12 8 19 13
12 8 19 14
12 7 20 13
12 7 20 14
12 8 20 13
12 8 20 14
14 7 19 13
14 7 19 14
14 8 19 13
14 8 19 14
14 7 20 13
14 7 20 14
14 8 20 13
14 8 20 14
15 1 19 5
16 1 19 5
17 10 19 13
17 10 19 14
17 10 20 13
17 10 20 14
