19 10
0011111110
0010101010
0010101010
0010101110
1111111110
1111111110
1111101110
1110101110
1111111110
0010101010
0010101010
0010101010
0011101010
0000001010
0000001010
0000001010
0000001110
0000000000
0000000000
67
1 7 4 9
1 3 5 5
1 3 5 7
1 3 5 9
1 5 5 7
1 5 5 9
1 7 5 9
1 3 6 5
1 3 6 7
1 3 6 9
1 5 6 7
1 5 6 9
1 7 6 9
1 3 7 5
1 7 7 9
1 7 8 9
1 3 9 5
1 3 9 7
1 3 9 9
1 5 9 7
1 5 9 9
1 7 9 9
1 3 13 5
1 7 17 9
4 7 17 9
5 1 9 5
5 1 9 7
5 1 9 8
5 1 9 9
5 2 9 5
5 2 9 7
5 2 9 8
5 2 9 9
5 3 9 5
5 3 9 7
5 3 9 8
5 3 9 9
5 5 9 7
5 5 9 8
5 5 9 9
5 3 13 5
5 7 17 9
6 1 9 5
6 1 9 7
6 1 9 8
6 1 9 9
6 2 9 5
6 2 9 7
6 2 9 8
6 2 9 9
6 3 9 5
6 3 9 7
6 3 9 8
6 3 9 9
6 5 9 7
6 5 9 8
6 5 9 9
6 3 13 5
6 7 17 9
7 1 9 5
7 2 9 5
7 3 9 5
7 3 13 5
7 7 17 9
8 7 17 9
9 3 13 5
9 7 17 9
