12 18
111111111111111111
111111111110000001
101001111111111001
111111111111111111
111111111111111111
111111111111111111
111111111011111101
111101111111111111
111111101011111111
010001101011111101
010001111111111111
011111111111111111
663
1 1 4 3
1 1 4 6
1 1 4 7
1 1 4 8
1 1 4 9
1 1 4 10
1 1 4 11
1 1 4 18
1 3 4 6
1 3 4 7
1 3 4 8
1 3 4 9
1 3 4 10
1 3 4 11
1 3 4 18
1 6 4 18
1 7 4 18
1 8 4 18
1 9 4 18
1 10 4 18
1 11 4 18
1 1 5 3
1 1 5 6
1 1 5 7
1 1 5 8
1 1 5 9
1 1 5 10
1 1 5 11
1 1 5 18
1 3 5 6
1 3 5 7
1 3 5 8
1 3 5 9
1 3 5 10
1 3 5 11
1 3 5 18
1 6 5 18
1 7 5 18
1 8 5 18
1 9 5 18
1 10 5 18
1 11 5 18
1 1 6 3
1 1 6 6
1 1 6 7
1 1 6 8
1 1 6 9
1 1 6 10
1 1 6 11
1 1 6 18
1 3 6 6
1 3 6 7
1 3 6 8
1 3 6 9
1 3 6 10
1 3 6 11
1 3 6 18
1 6 6 18
1 7 6 18
1 8 6 18
1 9 6 18
1 10 6 18
1 11 6 18
1 1 7 3
1 1 7 6
1 1 7 7
1 1 7 8
1 1 7 9
1 3 7 6
1 3 7 7
1 3 7 8
1 3 7 9
1 1 8 3
1 6 8 11
1 6 8 18
1 7 8 11
1 7 8 18
1 8 8 11
1 8 8 18
1 9 8 11
1 9 8 18
1 11 8 18
1 1 9 3
1 1 9 6
1 1 9 7
1 3 9 6
1 3 9 7
1 11 9 18
1 6 11 9
1 6 11 11
1 6 11 18
1 7 11 9
1 7 11 11
1 7 11 18
1 9 11 11
1 9 11 18
1 11 11 18
1 6 12 9
1 6 12 11
1 6 12 18
1 7 12 9
1 7 12 11
1 7 12 18
1 9 12 11
1 9 12 18
1 11 12 18
2 1 4 3
2 1 4 6
2 1 4 7
2 1 4 8
2 1 4 9
2 1 4 10
2 1 4 11
2 3 4 6
2 3 4 7
2 3 4 8
2 3 4 9
2 3 4 10
2 3 4 11
2 1 5 3
2 1 5 6
2 1 5 7
2 1 5 8
2 1 5 9
2 1 5 10
2 1 5 11
2 3 5 6
2 3 5 7
2 3 5 8
2 3 5 9
2 3 5 10
2 3 5 11
2 1 6 3
2 1 6 6
2 1 6 7
2 1 6 8
2 1 6 9
2 1 6 10
2 1 6 11
2 3 6 6
2 3 6 7
2 3 6 8
2 3 6 9
2 3 6 10
2 3 6 11
2 1 7 3
2 1 7 6
2 1 7 7
2 1 7 8
2 1 7 9
2 3 7 6
2 3 7 7
2 3 7 8
2 3 7 9
2 1 8 3
2 6 8 11
2 7 8 11
2 8 8 11
2 9 8 11
2 1 9 3
2 1 9 6
2 1 9 7
2 3 9 6
2 3 9 7
2 6 11 9
2 6 11 11
2 7 11 9
2 7 11 11
2 9 11 11
2 6 12 9
2 6 12 11
2 7 12 9
2 7 12 11
2 9 12 11
3 6 8 11
3 6 8 12
3 6 8 13
3 6 8 14
3 6 8 15
3 7 8 11
3 7 8 12
3 7 8 13
3 7 8 14
3 7 8 15
3 8 8 11
3 8 8 12
3 8 8 13
3 8 8 14
3 8 8 15
3 9 8 11
3 9 8 12
3 9 8 13
3 9 8 14
3 9 8 15
3 6 11 9
3 6 11 11
3 6 11 12
3 6 11 13
3 6 11 14
3 6 11 15
3 7 11 9
3 7 11 11
3 7 11 12
3 7 11 13
3 7 11 14
3 7 11 15
3 9 11 11
3 9 11 12
3 9 11 13
3 9 11 14
3 9 11 15
3 6 12 9
3 6 12 11
3 6 12 12
3 6 12 13
3 6 12 14
3 6 12 15
3 7 12 9
3 7 12 11
3 7 12 12
3 7 12 13
3 7 12 14
3 7 12 15
3 9 12 11
3 9 12 12
3 9 12 13
3 9 12 14
3 9 12 15
4 6 8 11
4 6 8 12
4 6 8 13
4 6 8 14
4 6 8 15
4 6 8 16
4 6 8 18
4 7 8 11
4 7 8 12
4 7 8 13
4 7 8 14
4 7 8 15
4 7 8 16
4 7 8 18
4 8 8 11
4 8 8 12
4 8 8 13
4 8 8 14
4 8 8 15
4 8 8 16
4 8 8 18
4 9 8 11
4 9 8 12
4 9 8 13
4 9 8 14
4 9 8 15
4 9 8 16
4 9 8 18
4 11 8 18
4 12 8 18
4 13 8 18
4 14 8 18
4 15 8 18
4 16 8 18
4 1 9 6
4 1 9 7
4 2 9 6
4 2 9 7
4 3 9 6
4 3 9 7
4 4 9 6
4 4 9 7
4 11 9 18
4 12 9 18
4 13 9 18
4 14 9 18
4 15 9 18
4 16 9 18
4 6 11 9
4 6 11 11
4 6 11 12
4 6 11 13
4 6 11 14
4 6 11 15
4 6 11 16
4 6 11 18
4 7 11 9
4 7 11 11
4 7 11 12
4 7 11 13
4 7 11 14
4 7 11 15
4 7 11 16
4 7 11 18
4 9 11 11
4 9 11 12
4 9 11 13
4 9 11 14
4 9 11 15
4 9 11 16
4 9 11 18
4 11 11 18
4 12 11 18
4 13 11 18
4 14 11 18
4 15 11 18
4 16 11 18
4 2 12 6
4 2 12 7
4 2 12 9
4 2 12 11
4 2 12 12
4 2 12 13
4 2 12 14
4 2 12 15
4 2 12 16
4 2 12 18
4 6 12 9
4 6 12 11
4 6 12 12
4 6 12 13
4 6 12 14
4 6 12 15
4 6 12 16
4 6 12 18
4 7 12 9
4 7 12 11
4 7 12 12
4 7 12 13
4 7 12 14
4 7 12 15
4 7 12 16
4 7 12 18
4 9 12 11
4 9 12 12
4 9 12 13
4 9 12 14
4 9 12 15
4 9 12 16
4 9 12 18
4 11 12 18
4 12 12 18
4 13 12 18
4 14 12 18
4 15 12 18
4 16 12 18
5 6 8 11
5 6 8 12
5 6 8 13
5 6 8 14
5 6 8 15
5 6 8 16
5 6 8 18
5 7 8 11
5 7 8 12
5 7 8 13
5 7 8 14
5 7 8 15
5 7 8 16
5 7 8 18
5 8 8 11
5 8 8 12
5 8 8 13
5 8 8 14
5 8 8 15
5 8 8 16
5 8 8 18
5 9 8 11
5 9 8 12
5 9 8 13
5 9 8 14
5 9 8 15
5 9 8 16
5 9 8 18
5 11 8 18
5 12 8 18
5 13 8 18
5 14 8 18
5 15 8 18
5 16 8 18
5 1 9 6
5 1 9 7
5 2 9 6
5 2 9 7
5 3 9 6
5 3 9 7
5 4 9 6
5 4 9 7
5 11 9 18
5 12 9 18
5 13 9 18
5 14 9 18
5 15 9 18
5 16 9 18
5 6 11 9
5 6 11 11
5 6 11 12
5 6 11 13
5 6 11 14
5 6 11 15
5 6 11 16
5 6 11 18
5 7 11 9
5 7 11 11
5 7 11 12
5 7 11 13
5 7 11 14
5 7 11 15
5 7 11 16
5 7 11 18
5 9 11 11
5 9 11 12
5 9 11 13
5 9 11 14
5 9 11 15
5 9 11 16
5 9 11 18
5 11 11 18
5 12 11 18
5 13 11 18
5 14 11 18
5 15 11 18
5 16 11 18
5 2 12 6
5 2 12 7
5 2 12 9
5 2 12 11
5 2 12 12
5 2 12 13
5 2 12 14
5 2 12 15
5 2 12 16
5 2 12 18
5 6 12 9
5 6 12 11
5 6 12 12
5 6 12 13
5 6 12 14
5 6 12 15
5 6 12 16
5 6 12 18
5 7 12 9
5 7 12 11
5 7 12 12
5 7 12 13
5 7 12 14
5 7 12 15
5 7 12 16
5 7 12 18
5 9 12 11
5 9 12 12
5 9 12 13
5 9 12 14
5 9 12 15
5 9 12 16
5 9 12 18
5 11 12 18
5 12 12 18
5 13 12 18
5 14 12 18
5 15 12 18
5 16 12 18
6 6 8 11
6 6 8 12
6 6 8 13
6 6 8 14
6 6 8 15
6 6 8 16
6 6 8 18
6 7 8 11
6 7 8 12
6 7 8 13
6 7 8 14
6 7 8 15
6 7 8 16
6 7 8 18
6 8 8 11
6 8 8 12
6 8 8 13
6 8 8 14
6 8 8 15
6 8 8 16
6 8 8 18
6 9 8 11
6 9 8 12
6 9 8 13
6 9 8 14
6 9 8 15
6 9 8 16
6 9 8 18
6 11 8 18
6 12 8 18
6 13 8 18
6 14 8 18
6 15 8 18
6 16 8 18
6 1 9 6
6 1 9 7
6 2 9 6
6 2 9 7
6 3 9 6
6 3 9 7
6 4 9 6
6 4 9 7
6 11 9 18
6 12 9 18
6 13 9 18
6 14 9 18
6 15 9 18
6 16 9 18
6 6 11 9
6 6 11 11
6 6 11 12
6 6 11 13
6 6 11 14
6 6 11 15
6 6 11 16
6 6 11 18
6 7 11 9
6 7 11 11
6 7 11 12
6 7 11 13
6 7 11 14
6 7 11 15
6 7 11 16
6 7 11 18
6 9 11 11
6 9 11 12
6 9 11 13
6 9 11 14
6 9 11 15
6 9 11 16
6 9 11 18
6 11 11 18
6 12 11 18
6 13 11 18
6 14 11 18
6 15 11 18
6 16 11 18
6 2 12 6
6 2 12 7
6 2 12 9
6 2 12 11
6 2 12 12
6 2 12 13
6 2 12 14
6 2 12 15
6 2 12 16
6 2 12 18
6 6 12 9
6 6 12 11
6 6 12 12
6 6 12 13
6 6 12 14
6 6 12 15
6 6 12 16
6 6 12 18
6 7 12 9
6 7 12 11
6 7 12 12
6 7 12 13
6 7 12 14
6 7 12 15
6 7 12 16
6 7 12 18
6 9 12 11
6 9 12 12
6 9 12 13
6 9 12 14
6 9 12 15
6 9 12 16
6 9 12 18
6 11 12 18
6 12 12 18
6 13 12 18
6 14 12 18
6 15 12 18
6 16 12 18
7 1 9 6
7 1 9 7
7 2 9 6
7 2 9 7
7 3 9 6
7 3 9 7
7 4 9 6
7 4 9 7
7 6 11 9
7 7 11 9
7 2 12 6
7 2 12 7
7 2 12 9
7 6 12 9
7 7 12 9
8 6 11 9
8 6 11 11
8 6 11 12
8 6 11 13
8 6 11 14
8 6 11 15
8 6 11 16
8 6 11 18
8 7 11 9
8 7 11 11
8 7 11 12
8 7 11 13
8 7 11 14
8 7 11 15
8 7 11 16
8 7 11 18
8 9 11 11
8 9 11 12
8 9 11 13
8 9 11 14
8 9 11 15
8 9 11 16
8 9 11 18
8 11 11 18
8 12 11 18
8 13 11 18
8 14 11 18
8 15 11 18
8 16 11 18
8 6 12 9
8 6 12 11
8 6 12 12
8 6 12 13
8 6 12 14
8 6 12 15
8 6 12 16
8 6 12 18
8 7 12 9
8 7 12 11
8 7 12 12
8 7 12 13
8 7 12 14
8 7 12 15
8 7 12 16
8 7 12 18
8 9 12 11
8 9 12 12
8 9 12 13
8 9 12 14
8 9 12 15
8 9 12 16
8 9 12 18
8 11 12 18
8 12 12 18
8 13 12 18
8 14 12 18
8 15 12 18
8 16 12 18
9 11 11 18
9 12 11 18
9 13 11 18
9 14 11 18
9 15 11 18
9 16 11 18
9 2 12 6
9 2 12 7
9 11 12 18
9 12 12 18
9 13 12 18
9 14 12 18
9 15 12 18
9 16 12 18
