13 13
0011110000000
0010111111110
0010110011010
0011111111110
0011111111110
0011011110110
0111111111110
0111111111111
0110010101011
0111111101011
0010011111111
0010010001111
0011110000000
159
1 3 4 5
1 3 4 6
1 3 5 5
1 3 5 6
1 3 7 6
1 3 8 6
1 3 10 6
1 3 13 6
2 5 4 9
2 5 4 10
2 5 4 12
2 6 4 9
2 6 4 10
2 6 4 12
2 9 4 12
2 10 4 12
2 5 5 9
2 5 5 10
2 5 5 12
2 6 5 9
2 6 5 10
2 6 5 12
2 9 5 12
2 10 5 12
2 6 6 9
2 6 7 9
2 6 7 12
2 9 7 12
2 6 8 9
2 6 8 12
2 9 8 12
2 6 11 12
4 3 7 6
4 3 7 7
4 3 7 8
4 3 7 9
4 3 7 11
4 3 7 12
4 4 7 6
4 4 7 7
4 4 7 8
4 4 7 9
4 4 7 11
4 4 7 12
4 6 7 11
4 6 7 12
4 7 7 11
4 7 7 12
4 8 7 11
4 8 7 12
4 9 7 11
4 9 7 12
4 3 8 6
4 3 8 7
4 3 8 8
4 3 8 9
4 3 8 11
4 3 8 12
4 4 8 6
4 4 8 7
4 4 8 8
4 4 8 9
4 4 8 11
4 4 8 12
4 6 8 11
4 6 8 12
4 7 8 11
4 7 8 12
4 8 8 11
4 8 8 12
4 9 8 11
4 9 8 12
4 3 10 6
4 3 10 8
4 6 10 8
4 6 11 8
4 6 11 12
4 8 11 12
4 3 13 6
5 3 7 6
5 3 7 7
5 3 7 8
5 3 7 9
5 3 7 11
5 3 7 12
5 4 7 6
5 4 7 7
5 4 7 8
5 4 7 9
5 4 7 11
5 4 7 12
5 6 7 11
5 6 7 12
5 7 7 11
5 7 7 12
5 8 7 11
5 8 7 12
5 9 7 11
5 9 7 12
5 3 8 6
5 3 8 7
5 3 8 8
5 3 8 9
5 3 8 11
5 3 8 12
5 4 8 6
5 4 8 7
5 4 8 8
5 4 8 9
5 4 8 11
5 4 8 12
5 6 8 11
5 6 8 12
5 7 8 11
5 7 8 12
5 8 8 11
5 8 8 12
5 9 8 11
5 9 8 12
5 3 10 6
5 3 10 8
5 6 10 8
5 6 11 8
5 6 11 12
5 8 11 12
5 3 13 6
6 6 10 8
6 6 11 8
7 2 10 6
7 2 10 8
7 3 10 6
7 3 10 8
7 6 10 8
7 6 11 8
7 6 11 10
7 6 11 12
7 8 11 10
7 8 11 12
7 10 11 12
7 10 12 12
7 3 13 6
8 2 10 6
8 2 10 8
8 3 10 6
8 3 10 8
8 6 10 8
8 6 11 8
8 6 11 10
8 6 11 12
8 6 11 13
8 8 11 10
8 8 11 12
8 8 11 13
8 10 11 12
8 10 11 13
8 10 12 12
8 10 12 13
8 3 13 6
10 3 13 6
