19 20
00000000000000000000
00000000000000000000
00000000000001111111
11111111111111111111
10000000000001000001
10000000000001000001
11111111111111111111
00000010000001001001
00000010000001001001
00000010000001001001
00000010000001001001
00000010000001001001
00000010000001111111
00000011111111111000
00000000000000000000
00000000000000000000
00000000000000000000
00000000000000000000
00000000000000000000
12
3 14 7 20
3 14 13 20
4 1 7 14
4 1 7 20
4 14 7 20
4 14 13 20
7 14 13 17
7 14 13 20
7 17 13 20
7 7 14 14
7 7 14 17
7 14 14 17
