20 17
00000000000000000
00000011111110000
00000010000010000
00000010000010000
00000010111010000
11111111111111110
10011111111111110
10011011111110110
10011001101010110
10011001101010110
11111111101010110
11011111111111110
11011001101010100
11011001101010100
11111111111111100
11001001101000100
11111001111110100
11111111111010100
00000001100010100
00000001111111100
222
2 7 6 13
2 7 7 13
2 7 8 13
5 9 12 11
5 9 15 11
5 9 17 11
5 9 18 11
6 1 11 4
6 1 11 5
6 1 11 8
6 1 11 9
6 4 11 8
6 4 11 9
6 5 11 8
6 5 11 9
6 4 12 8
6 4 12 9
6 4 12 11
6 4 12 13
6 4 12 15
6 4 12 16
6 5 12 8
6 5 12 9
6 5 12 11
6 5 12 13
6 5 12 15
6 5 12 16
6 8 12 11
6 8 12 13
6 8 12 15
6 8 12 16
6 9 12 11
6 9 12 13
6 9 12 15
6 9 12 16
6 11 12 13
6 11 12 15
6 11 12 16
6 13 12 15
6 13 12 16
6 1 15 4
6 1 15 5
6 1 15 8
6 1 15 9
6 1 15 11
6 1 15 13
6 1 15 15
6 4 15 8
6 4 15 9
6 4 15 11
6 4 15 13
6 4 15 15
6 5 15 8
6 5 15 9
6 5 15 11
6 5 15 13
6 5 15 15
6 8 15 11
6 8 15 13
6 8 15 15
6 9 15 11
6 9 15 13
6 9 15 15
6 11 15 13
6 11 15 15
6 13 15 15
6 1 17 5
6 8 17 11
6 9 17 11
6 1 18 5
6 1 18 8
6 1 18 9
6 1 18 11
6 5 18 8
6 5 18 9
6 5 18 11
6 8 18 11
6 9 18 11
6 8 20 15
6 9 20 15
7 4 11 8
7 4 11 9
7 5 11 8
7 5 11 9
7 4 12 8
7 4 12 9
7 4 12 11
7 4 12 13
7 4 12 15
7 4 12 16
7 5 12 8
7 5 12 9
7 5 12 11
7 5 12 13
7 5 12 15
7 5 12 16
7 8 12 11
7 8 12 13
7 8 12 15
7 8 12 16
7 9 12 11
7 9 12 13
7 9 12 15
7 9 12 16
7 11 12 13
7 11 12 15
7 11 12 16
7 13 12 15
7 13 12 16
7 4 15 8
7 4 15 9
7 4 15 11
7 4 15 13
7 4 15 15
7 5 15 8
7 5 15 9
7 5 15 11
7 5 15 13
7 5 15 15
7 8 15 11
7 8 15 13
7 8 15 15
7 9 15 11
7 9 15 13
7 9 15 15
7 11 15 13
7 11 15 15
7 13 15 15
7 8 17 11
7 9 17 11
7 5 18 8
7 5 18 9
7 5 18 11
7 8 18 11
7 9 18 11
7 8 20 15
7 9 20 15
8 8 12 11
8 8 12 13
8 9 12 11
8 9 12 13
8 11 12 13
8 8 15 11
8 8 15 13
8 9 15 11
8 9 15 13
8 11 15 13
8 8 17 11
8 9 17 11
8 8 18 11
8 9 18 11
11 1 15 4
11 1 15 5
11 1 15 8
11 1 15 9
11 2 15 4
11 2 15 5
11 2 15 8
11 2 15 9
11 4 15 8
11 4 15 9
11 5 15 8
11 5 15 9
11 1 17 5
11 2 17 5
11 1 18 5
11 1 18 8
11 1 18 9
11 2 18 5
11 2 18 8
11 2 18 9
11 5 18 8
11 5 18 9
12 4 15 8
12 4 15 9
12 4 15 11
12 4 15 13
12 4 15 15
12 5 15 8
12 5 15 9
12 5 15 11
12 5 15 13
12 5 15 15
12 8 15 11
12 8 15 13
12 8 15 15
12 9 15 11
12 9 15 13
12 9 15 15
12 11 15 13
12 11 15 15
12 13 15 15
12 8 17 11
12 9 17 11
12 5 18 8
12 5 18 9
12 5 18 11
12 8 18 11
12 9 18 11
12 8 20 15
12 9 20 15
15 1 17 5
15 2 17 5
15 8 17 11
15 9 17 11
15 1 18 5
15 1 18 8
15 1 18 9
15 1 18 11
15 2 18 5
15 2 18 8
15 2 18 9
15 2 18 11
15 5 18 8
15 5 18 9
15 5 18 11
15 8 18 11
15 9 18 11
15 8 20 15
15 9 20 15
17 8 20 13
17 9 20 13
