15 22
0000000000000001111111
0001111110000001001101
0001000010000001111111
0001000010000001000001
0011111111111001000001
0011111110011001000001
1111111111111001000001
1010000100011111111111
1010011111111101000011
1111111111111111111111
0010010001001001000001
0011111111111001000001
0000011111000001111111
0000000000000000000000
0000000000000000000000
73
1 16 3 19
1 16 3 20
1 16 3 22
1 19 3 22
1 20 3 22
1 16 8 22
1 16 10 22
1 16 13 22
2 4 5 9
2 4 6 9
2 4 7 9
3 16 8 22
3 16 10 22
3 16 13 22
5 3 7 12
5 3 7 13
5 4 7 12
5 4 7 13
5 5 7 12
5 5 7 13
5 6 7 12
5 6 7 13
5 7 7 12
5 7 7 13
5 8 7 12
5 8 7 13
5 9 7 12
5 9 7 13
5 8 9 12
5 8 9 13
5 3 10 8
5 3 10 12
5 3 10 13
5 8 10 12
5 8 10 13
5 3 12 13
6 3 10 8
7 8 9 12
7 8 9 13
7 1 10 3
7 1 10 8
7 1 10 12
7 1 10 13
7 3 10 8
7 3 10 12
7 3 10 13
7 8 10 12
7 8 10 13
7 3 12 13
8 12 10 16
8 12 10 21
8 12 10 22
8 13 10 16
8 13 10 21
8 13 10 22
8 14 10 16
8 14 10 21
8 14 10 22
8 16 10 21
8 16 10 22
8 16 13 22
9 6 12 10
9 6 12 13
9 10 12 13
9 6 13 10
10 3 12 6
10 3 12 10
10 3 12 13
10 6 12 10
10 6 12 13
10 10 12 13
10 6 13 10
10 16 13 22
