22 13
0000011110000
0000010010000
0000011110000
0000000000000
0000001111000
0000001001000
0000001001000
0000001001000
0000001111000
0000001101000
0000001101000
0000001101000
0000001101000
0001111111000
0001011101000
0001011101000
0001011101000
0001111101000
0000011111000
0000011001000
0000011111000
0000011111000
26
1 6 3 9
5 7 9 10
5 7 14 10
5 7 19 10
5 7 21 10
5 7 22 10
9 7 14 10
9 8 14 10
9 7 19 10
9 8 19 10
9 7 21 10
9 7 22 10
14 4 18 6
14 4 18 7
14 4 18 8
14 6 19 10
14 7 19 10
14 8 19 10
14 6 21 10
14 7 21 10
14 6 22 10
14 7 22 10
19 6 21 10
19 7 21 10
19 6 22 10
19 7 22 10
