19 13
0000000000000
0000000000000
0000011111110
0000010000010
0001111111010
1111111111010
1101010001010
1111111111010
1111111001010
1111111111110
1110011001110
1111111111110
1111111111110
1110011001110
1110011001110
1111111001110
1010011001110
1111111111110
0011111111100
273
3 6 10 12
3 6 12 12
3 6 13 12
3 6 18 12
5 4 8 6
5 4 8 10
5 6 8 10
5 4 9 6
5 4 10 6
5 4 10 10
5 6 10 10
5 6 12 10
5 6 13 10
5 6 18 10
5 6 19 10
6 1 8 4
6 1 8 6
6 1 8 10
6 2 8 4
6 2 8 6
6 2 8 10
6 4 8 6
6 4 8 10
6 6 8 10
6 1 9 4
6 1 9 6
6 2 9 4
6 2 9 6
6 4 9 6
6 1 10 4
6 1 10 6
6 1 10 10
6 2 10 4
6 2 10 6
6 2 10 10
6 4 10 6
6 4 10 10
6 6 10 10
6 1 12 6
6 1 12 10
6 2 12 6
6 2 12 10
6 6 12 10
6 1 13 6
6 1 13 10
6 2 13 6
6 2 13 10
6 6 13 10
6 1 16 6
6 2 16 6
6 1 18 6
6 1 18 10
6 6 18 10
6 6 19 10
8 1 10 10
8 2 10 10
8 3 10 10
8 4 10 10
8 5 10 10
8 6 10 10
8 7 10 10
8 1 12 6
8 1 12 7
8 1 12 10
8 2 12 6
8 2 12 7
8 2 12 10
8 3 12 6
8 3 12 7
8 3 12 10
8 6 12 10
8 7 12 10
8 1 13 6
8 1 13 7
8 1 13 10
8 2 13 6
8 2 13 7
8 2 13 10
8 3 13 6
8 3 13 7
8 3 13 10
8 6 13 10
8 7 13 10
8 1 16 6
8 1 16 7
8 2 16 6
8 2 16 7
8 3 16 6
8 3 16 7
8 1 18 3
8 1 18 6
8 1 18 7
8 1 18 10
8 3 18 6
8 3 18 7
8 3 18 10
8 6 18 10
8 7 18 10
8 3 19 6
8 3 19 7
8 3 19 10
8 6 19 10
8 7 19 10
9 1 12 6
9 1 12 7
9 2 12 6
9 2 12 7
9 3 12 6
9 3 12 7
9 1 13 6
9 1 13 7
9 2 13 6
9 2 13 7
9 3 13 6
9 3 13 7
9 1 16 6
9 1 16 7
9 2 16 6
9 2 16 7
9 3 16 6
9 3 16 7
9 1 18 3
9 1 18 6
9 1 18 7
9 3 18 6
9 3 18 7
9 3 19 6
9 3 19 7
10 1 12 6
10 1 12 7
10 1 12 10
10 1 12 11
10 1 12 12
10 2 12 6
10 2 12 7
10 2 12 10
10 2 12 11
10 2 12 12
10 3 12 6
10 3 12 7
10 3 12 10
10 3 12 11
10 3 12 12
10 6 12 10
10 6 12 11
10 6 12 12
10 7 12 10
10 7 12 11
10 7 12 12
10 1 13 6
10 1 13 7
10 1 13 10
10 1 13 11
10 1 13 12
10 2 13 6
10 2 13 7
10 2 13 10
10 2 13 11
10 2 13 12
10 3 13 6
10 3 13 7
10 3 13 10
10 3 13 11
10 3 13 12
10 6 13 10
10 6 13 11
10 6 13 12
10 7 13 10
10 7 13 11
10 7 13 12
10 1 16 6
10 1 16 7
10 2 16 6
10 2 16 7
10 3 16 6
10 3 16 7
10 1 18 3
10 1 18 6
10 1 18 7
10 1 18 10
10 1 18 11
10 1 18 12
10 3 18 6
10 3 18 7
10 3 18 10
10 3 18 11
10 3 18 12
10 6 18 10
10 6 18 11
10 6 18 12
10 7 18 10
10 7 18 11
10 7 18 12
10 3 19 6
10 3 19 7
10 3 19 10
10 3 19 11
10 6 19 10
10 6 19 11
10 7 19 10
10 7 19 11
11 1 18 3
12 1 16 6
12 1 16 7
12 2 16 6
12 2 16 7
12 3 16 6
12 3 16 7
12 1 18 3
12 1 18 6
12 1 18 7
12 1 18 10
12 1 18 11
12 1 18 12
12 3 18 6
12 3 18 7
12 3 18 10
12 3 18 11
12 3 18 12
12 6 18 10
12 6 18 11
12 6 18 12
12 7 18 10
12 7 18 11
12 7 18 12
12 3 19 6
12 3 19 7
12 3 19 10
12 3 19 11
12 6 19 10
12 6 19 11
12 7 19 10
12 7 19 11
13 1 16 6
13 1 16 7
13 2 16 6
13 2 16 7
13 3 16 6
13 3 16 7
13 1 18 3
13 1 18 6
13 1 18 7
13 1 18 10
13 1 18 11
13 1 18 12
13 3 18 6
13 3 18 7
13 3 18 10
13 3 18 11
13 3 18 12
13 6 18 10
13 6 18 11
13 6 18 12
13 7 18 10
13 7 18 11
13 7 18 12
13 3 19 6
13 3 19 7
13 3 19 10
13 3 19 11
13 6 19 10
13 6 19 11
13 7 19 10
13 7 19 11
14 1 18 3
15 1 18 3
16 1 18 3
16 1 18 6
16 1 18 7
16 3 18 6
16 3 18 7
16 3 19 6
16 3 19 7
