22 14
00000000000000
00000000000000
00000000111110
11111111100010
11110001111010
11110001101010
11110001101010
11110001101010
11111111101010
11111111111110
11110011101010
10110011101010
10111111111110
10010001101010
10010001101010
10010001101010
10010001111010
11111111100010
10010000100010
11111111111110
00011111100000
00000000000000
106
3 9 10 13
3 9 13 13
3 9 20 13
4 1 9 8
4 1 9 9
4 2 9 8
4 2 9 9
4 3 9 8
4 3 9 9
4 4 9 8
4 4 9 9
4 1 10 8
4 1 10 9
4 2 10 8
4 2 10 9
4 3 10 8
4 3 10 9
4 4 10 8
4 4 10 9
4 3 13 8
4 3 13 9
4 4 13 8
4 4 13 9
4 1 18 4
4 1 18 8
4 1 18 9
4 4 18 8
4 4 18 9
4 1 20 4
4 1 20 9
4 4 20 9
4 4 21 9
5 8 10 11
5 9 10 11
5 8 13 11
5 9 13 11
5 8 17 11
5 9 17 11
5 1 18 4
5 1 20 4
6 1 18 4
6 1 20 4
7 1 18 4
7 1 20 4
8 1 18 4
8 1 20 4
9 3 13 7
9 3 13 8
9 3 13 9
9 4 13 7
9 4 13 8
9 4 13 9
9 1 18 4
9 1 18 8
9 1 18 9
9 4 18 8
9 4 18 9
9 1 20 4
9 1 20 9
9 4 20 9
9 4 21 9
10 3 13 7
10 3 13 8
10 3 13 9
10 3 13 11
10 3 13 13
10 4 13 7
10 4 13 8
10 4 13 9
10 4 13 11
10 4 13 13
10 7 13 11
10 7 13 13
10 8 13 11
10 8 13 13
10 9 13 11
10 9 13 13
10 11 13 13
10 8 17 11
10 9 17 11
10 1 18 4
10 1 18 8
10 1 18 9
10 4 18 8
10 4 18 9
10 1 20 4
10 1 20 9
10 1 20 13
10 4 20 9
10 4 20 13
10 9 20 13
10 4 21 9
11 1 18 4
11 1 20 4
13 8 17 11
13 9 17 11
13 4 18 8
13 4 18 9
13 4 20 9
13 4 20 13
13 9 20 13
13 4 21 9
18 1 20 4
18 1 20 9
18 4 20 9
18 4 21 9
