10 20
00000111111111000000
00000101110101000000
01111111111111111111
11110100010101000001
11010111111111000001
11010000000000000001
11010011110000000001
11110010010000000001
01111111111111111111
00000000000000000000
32
1 6 3 8
1 6 3 9
1 6 3 10
1 6 3 12
1 6 3 14
1 8 3 12
1 8 3 14
1 9 3 12
1 9 3 14
1 10 3 12
1 10 3 14
1 12 3 14
1 6 5 10
1 6 5 12
1 6 5 14
1 10 5 12
1 10 5 14
1 12 5 14
3 6 5 10
3 6 5 12
3 6 5 14
3 10 5 12
3 10 5 14
3 12 5 14
3 2 8 4
3 2 9 4
3 2 9 20
3 4 9 20
4 1 8 4
4 2 8 4
4 2 9 4
7 7 9 10
