11 24
000000000000000000000000
000000000000001111110000
000000011111111000010000
000111111111111111111100
000100011010011000110100
000100011111111011111100
000100011010001010110100
000111111111111111111100
000111110010001110110100
000100100010001111111100
000111100011111111100000
99
2 15 4 20
2 15 8 20
2 15 10 20
3 8 6 11
3 8 6 14
3 8 6 15
3 9 6 11
3 9 6 14
3 9 6 15
3 11 6 14
3 11 6 15
3 8 8 11
3 8 8 15
3 9 8 11
3 9 8 15
3 11 8 15
3 11 11 15
4 8 6 11
4 8 6 14
4 8 6 15
4 9 6 11
4 9 6 14
4 9 6 15
4 11 6 14
4 11 6 15
4 19 6 22
4 20 6 22
4 4 8 8
4 4 8 9
4 4 8 11
4 4 8 15
4 4 8 19
4 4 8 20
4 4 8 22
4 8 8 11
4 8 8 15
4 8 8 19
4 8 8 20
4 8 8 22
4 9 8 11
4 9 8 15
4 9 8 19
4 9 8 20
4 9 8 22
4 11 8 15
4 11 8 19
4 11 8 20
4 11 8 22
4 15 8 19
4 15 8 20
4 15 8 22
4 19 8 22
4 20 8 22
4 4 9 8
4 15 10 19
4 15 10 20
4 15 10 22
4 19 10 22
4 20 10 22
4 11 11 15
4 11 11 19
4 15 11 19
6 8 8 11
6 8 8 15
6 9 8 11
6 9 8 15
6 11 8 15
6 17 8 19
6 17 8 20
6 17 8 22
6 19 8 22
6 20 8 22
6 17 10 19
6 17 10 20
6 17 10 22
6 19 10 22
6 20 10 22
6 11 11 15
6 17 11 19
8 15 10 19
8 15 10 20
8 15 10 22
8 16 10 19
8 16 10 20
8 16 10 22
8 17 10 19
8 17 10 20
8 17 10 22
8 19 10 22
8 20 10 22
8 4 11 7
8 11 11 15
8 11 11 16
8 11 11 17
8 11 11 19
8 15 11 19
8 16 11 19
8 17 11 19
9 4 11 7
