24 25
0000000000000000000000000
0001111111111111111111110
0001000001000000000000010
0001000001000000000000010
0001000001000000000000010
0001000001000000000000010
0001000001000000000000010
0001000001000000000000010
0111111111111111111100010
1111111111111111111100010
1101011111111111111111110
1111111111111111111100010
0101011111111111111111110
0101000001000111111110010
0101000001000100000110010
0101000001000100000110010
0101000001000111111110010
0111111111111111111100010
0001000001000000000000010
0001000001000000000000010
0001111111000000000000010
0001111111111111111111110
0000000000000000000000000
0000000000000000000000000
158
2 4 9 10
2 4 10 10
2 10 11 24
2 4 12 10
2 10 13 24
2 4 18 10
2 4 21 10
2 4 22 10
2 4 22 24
2 10 22 24
9 2 12 4
9 2 12 6
9 2 12 7
9 2 12 8
9 2 12 9
9 2 12 10
9 2 12 11
9 2 12 12
9 2 12 13
9 2 12 14
9 2 12 15
9 2 12 16
9 2 12 17
9 2 12 18
9 2 12 19
9 2 12 20
9 4 12 6
9 4 12 7
9 4 12 8
9 4 12 9
9 4 12 10
9 4 12 11
9 4 12 12
9 4 12 13
9 4 12 14
9 4 12 15
9 4 12 16
9 4 12 17
9 4 12 18
9 4 12 19
9 4 12 20
9 14 17 20
9 2 18 4
9 2 18 10
9 2 18 14
9 2 18 20
9 4 18 10
9 4 18 14
9 4 18 20
9 10 18 14
9 10 18 20
9 14 18 20
9 4 21 10
9 4 22 10
10 1 12 4
10 1 12 6
10 1 12 7
10 1 12 8
10 1 12 9
10 1 12 10
10 1 12 11
10 1 12 12
10 1 12 13
10 1 12 14
10 1 12 15
10 1 12 16
10 1 12 17
10 1 12 18
10 1 12 19
10 1 12 20
10 2 12 4
10 2 12 6
10 2 12 7
10 2 12 8
10 2 12 9
10 2 12 10
10 2 12 11
10 2 12 12
10 2 12 13
10 2 12 14
10 2 12 15
10 2 12 16
10 2 12 17
10 2 12 18
10 2 12 19
10 2 12 20
10 4 12 6
10 4 12 7
10 4 12 8
10 4 12 9
10 4 12 10
10 4 12 11
10 4 12 12
10 4 12 13
10 4 12 14
10 4 12 15
10 4 12 16
10 4 12 17
10 4 12 18
10 4 12 19
10 4 12 20
10 14 17 20
10 2 18 4
10 2 18 10
10 2 18 14
10 2 18 20
10 4 18 10
10 4 18 14
10 4 18 20
10 10 18 14
10 10 18 20
10 14 18 20
10 4 21 10
10 4 22 10
11 6 13 24
11 7 13 24
11 8 13 24
11 9 13 24
11 10 13 24
11 11 13 24
11 12 13 24
11 13 13 24
11 14 13 24
11 15 13 24
11 16 13 24
11 17 13 24
11 18 13 24
11 19 13 24
11 20 13 24
11 14 17 20
11 10 18 14
11 10 18 20
11 14 18 20
11 10 22 24
12 14 17 20
12 2 18 4
12 2 18 10
12 2 18 14
12 2 18 20
12 4 18 10
12 4 18 14
12 4 18 20
12 10 18 14
12 10 18 20
12 14 18 20
12 4 21 10
12 4 22 10
13 14 17 20
13 14 17 21
13 10 18 14
13 10 18 20
13 14 18 20
13 10 22 24
14 14 17 20
14 14 17 21
14 14 18 20
18 4 21 10
18 4 22 10
