15 22
0000001111111100000000
0000001100011100000000
0000111111111111000000
0000101111111111001111
0000101111111111001001
0000101110011111001001
0011111111111111001001
0011111100111111001111
0010111111111111111100
0011111111111111010100
0010101111111111110100
1111111111111111010100
1011111111111111111100
1010000100010110010000
1111111111111111110000
623
1 7 3 12
1 7 3 13
1 7 3 14
1 8 3 12
1 8 3 13
1 8 3 14
1 7 4 12
1 7 4 13
1 7 4 14
1 8 4 12
1 8 4 13
1 8 4 14
1 7 5 12
1 7 5 13
1 7 5 14
1 8 5 12
1 8 5 13
1 8 5 14
1 7 7 12
1 7 7 13
1 7 7 14
1 8 7 12
1 8 7 13
1 8 7 14
1 7 9 12
1 7 9 13
1 7 9 14
1 8 9 12
1 8 9 13
1 8 9 14
1 7 10 12
1 7 10 13
1 7 10 14
1 8 10 12
1 8 10 13
1 8 10 14
1 7 11 12
1 7 11 13
1 7 11 14
1 8 11 12
1 8 11 13
1 8 11 14
1 7 12 12
1 7 12 13
1 7 12 14
1 8 12 12
1 8 12 13
1 8 12 14
1 7 13 12
1 7 13 13
1 7 13 14
1 8 13 12
1 8 13 13
1 8 13 14
1 8 15 12
1 8 15 14
1 12 15 14
2 12 15 14
3 5 7 7
3 5 7 8
3 5 7 9
3 5 7 12
3 5 7 13
3 5 7 14
3 5 7 15
3 5 7 16
3 7 7 12
3 7 7 13
3 7 7 14
3 7 7 15
3 7 7 16
3 8 7 12
3 8 7 13
3 8 7 14
3 8 7 15
3 8 7 16
3 9 7 12
3 9 7 13
3 9 7 14
3 9 7 15
3 9 7 16
3 5 8 7
3 5 8 8
3 5 9 7
3 5 9 8
3 5 9 12
3 5 9 13
3 5 9 14
3 5 9 15
3 5 9 16
3 7 9 12
3 7 9 13
3 7 9 14
3 7 9 15
3 7 9 16
3 8 9 12
3 8 9 13
3 8 9 14
3 8 9 15
3 8 9 16
3 5 10 7
3 5 10 8
3 5 10 12
3 5 10 13
3 5 10 14
3 5 10 15
3 5 10 16
3 7 10 12
3 7 10 13
3 7 10 14
3 7 10 15
3 7 10 16
3 8 10 12
3 8 10 13
3 8 10 14
3 8 10 15
3 8 10 16
3 7 11 12
3 7 11 13
3 7 11 14
3 7 11 15
3 7 11 16
3 8 11 12
3 8 11 13
3 8 11 14
3 8 11 15
3 8 11 16
3 5 12 7
3 5 12 8
3 5 12 12
3 5 12 13
3 5 12 14
3 5 12 15
3 5 12 16
3 7 12 12
3 7 12 13
3 7 12 14
3 7 12 15
3 7 12 16
3 8 12 12
3 8 12 13
3 8 12 14
3 8 12 15
3 8 12 16
3 5 13 7
3 5 13 8
3 5 13 12
3 5 13 13
3 5 13 14
3 5 13 15
3 5 13 16
3 7 13 12
3 7 13 13
3 7 13 14
3 7 13 15
3 7 13 16
3 8 13 12
3 8 13 13
3 8 13 14
3 8 13 15
3 8 13 16
3 8 15 12
3 8 15 14
3 8 15 15
3 12 15 14
3 12 15 15
4 7 7 12
4 7 7 13
4 7 7 14
4 7 7 15
4 7 7 16
4 8 7 12
4 8 7 13
4 8 7 14
4 8 7 15
4 8 7 16
4 9 7 12
4 9 7 13
4 9 7 14
4 9 7 15
4 9 7 16
4 19 8 22
4 7 9 12
4 7 9 13
4 7 9 14
4 7 9 15
4 7 9 16
4 8 9 12
4 8 9 13
4 8 9 14
4 8 9 15
4 8 9 16
4 7 10 12
4 7 10 13
4 7 10 14
4 7 10 15
4 7 10 16
4 8 10 12
4 8 10 13
4 8 10 14
4 8 10 15
4 8 10 16
4 7 11 12
4 7 11 13
4 7 11 14
4 7 11 15
4 7 11 16
4 8 11 12
4 8 11 13
4 8 11 14
4 8 11 15
4 8 11 16
4 7 12 12
4 7 12 13
4 7 12 14
4 7 12 15
4 7 12 16
4 8 12 12
4 8 12 13
4 8 12 14
4 8 12 15
4 8 12 16
4 7 13 12
4 7 13 13
4 7 13 14
4 7 13 15
4 7 13 16
4 8 13 12
4 8 13 13
4 8 13 14
4 8 13 15
4 8 13 16
4 8 15 12
4 8 15 14
4 8 15 15
4 12 15 14
4 12 15 15
5 7 7 12
5 7 7 13
5 7 7 14
5 7 7 15
5 7 7 16
5 8 7 12
5 8 7 13
5 8 7 14
5 8 7 15
5 8 7 16
5 9 7 12
5 9 7 13
5 9 7 14
5 9 7 15
5 9 7 16
5 7 9 12
5 7 9 13
5 7 9 14
5 7 9 15
5 7 9 16
5 8 9 12
5 8 9 13
5 8 9 14
5 8 9 15
5 8 9 16
5 7 10 12
5 7 10 13
5 7 10 14
5 7 10 15
5 7 10 16
5 8 10 12
5 8 10 13
5 8 10 14
5 8 10 15
5 8 10 16
5 7 11 12
5 7 11 13
5 7 11 14
5 7 11 15
5 7 11 16
5 8 11 12
5 8 11 13
5 8 11 14
5 8 11 15
5 8 11 16
5 7 12 12
5 7 12 13
5 7 12 14
5 7 12 15
5 7 12 16
5 8 12 12
5 8 12 13
5 8 12 14
5 8 12 15
5 8 12 16
5 7 13 12
5 7 13 13
5 7 13 14
5 7 13 15
5 7 13 16
5 8 13 12
5 8 13 13
5 8 13 14
5 8 13 15
5 8 13 16
5 8 15 12
5 8 15 14
5 8 15 15
5 12 15 14
5 12 15 15
6 12 15 14
6 12 15 15
7 5 9 11
7 5 9 12
7 5 9 13
7 5 9 14
7 5 9 15
7 5 9 16
7 6 9 11
7 6 9 12
7 6 9 13
7 6 9 14
7 6 9 15
7 6 9 16
7 7 9 11
7 7 9 12
7 7 9 13
7 7 9 14
7 7 9 15
7 7 9 16
7 8 9 11
7 8 9 12
7 8 9 13
7 8 9 14
7 8 9 15
7 8 9 16
7 3 10 5
7 3 10 6
7 3 10 7
7 3 10 8
7 3 10 11
7 3 10 12
7 3 10 13
7 3 10 14
7 3 10 15
7 3 10 16
7 5 10 11
7 5 10 12
7 5 10 13
7 5 10 14
7 5 10 15
7 5 10 16
7 6 10 11
7 6 10 12
7 6 10 13
7 6 10 14
7 6 10 15
7 6 10 16
7 7 10 11
7 7 10 12
7 7 10 13
7 7 10 14
7 7 10 15
7 7 10 16
7 8 10 11
7 8 10 12
7 8 10 13
7 8 10 14
7 8 10 15
7 8 10 16
7 7 11 11
7 7 11 12
7 7 11 13
7 7 11 14
7 7 11 15
7 7 11 16
7 8 11 11
7 8 11 12
7 8 11 13
7 8 11 14
7 8 11 15
7 8 11 16
7 3 12 5
7 3 12 7
7 3 12 8
7 3 12 11
7 3 12 12
7 3 12 13
7 3 12 14
7 3 12 15
7 3 12 16
7 5 12 7
7 5 12 8
7 5 12 11
7 5 12 12
7 5 12 13
7 5 12 14
7 5 12 15
7 5 12 16
7 7 12 11
7 7 12 12
7 7 12 13
7 7 12 14
7 7 12 15
7 7 12 16
7 8 12 11
7 8 12 12
7 8 12 13
7 8 12 14
7 8 12 15
7 8 12 16
7 3 13 5
7 3 13 7
7 3 13 8
7 3 13 11
7 3 13 12
7 3 13 13
7 3 13 14
7 3 13 15
7 3 13 16
7 5 13 7
7 5 13 8
7 5 13 11
7 5 13 12
7 5 13 13
7 5 13 14
7 5 13 15
7 5 13 16
7 7 13 11
7 7 13 12
7 7 13 13
7 7 13 14
7 7 13 15
7 7 13 16
7 8 13 11
7 8 13 12
7 8 13 13
7 8 13 14
7 8 13 15
7 8 13 16
7 3 15 8
7 3 15 12
7 3 15 14
7 3 15 15
7 8 15 12
7 8 15 14
7 8 15 15
7 12 15 14
7 12 15 15
8 3 10 5
8 3 10 6
8 3 10 7
8 3 10 8
8 3 12 5
8 3 12 7
8 3 12 8
8 5 12 7
8 5 12 8
8 3 13 5
8 3 13 7
8 3 13 8
8 5 13 7
8 5 13 8
8 3 15 8
8 12 15 14
8 12 15 15
9 7 11 18
9 8 11 18
9 9 11 18
9 10 11 18
9 11 11 18
9 12 11 18
9 13 11 18
9 14 11 18
9 15 11 18
9 16 11 18
9 5 12 7
9 5 12 8
9 5 12 9
9 5 12 10
9 5 12 11
9 5 12 12
9 5 12 13
9 5 12 14
9 5 12 15
9 5 12 16
9 5 13 7
9 5 13 8
9 5 13 9
9 5 13 10
9 5 13 11
9 5 13 12
9 5 13 13
9 5 13 14
9 5 13 15
9 5 13 16
9 5 13 18
9 5 13 20
9 7 13 18
9 7 13 20
9 8 13 18
9 8 13 20
9 9 13 18
9 9 13 20
9 10 13 18
9 10 13 20
9 11 13 18
9 11 13 20
9 12 13 18
9 12 13 20
9 13 13 18
9 13 13 20
9 14 13 18
9 14 13 20
9 15 13 18
9 15 13 20
9 16 13 18
9 16 13 20
9 18 13 20
9 8 15 12
9 8 15 14
9 8 15 15
9 8 15 18
9 12 15 14
9 12 15 15
9 12 15 18
9 14 15 18
9 15 15 18
10 3 12 5
10 3 12 7
10 3 12 8
10 3 12 9
10 3 12 10
10 3 12 11
10 3 12 12
10 3 12 13
10 3 12 14
10 3 12 15
10 3 12 16
10 5 12 7
10 5 12 8
10 5 12 9
10 5 12 10
10 5 12 11
10 5 12 12
10 5 12 13
10 5 12 14
10 5 12 15
10 5 12 16
10 3 13 5
10 3 13 7
10 3 13 8
10 3 13 9
10 3 13 10
10 3 13 11
10 3 13 12
10 3 13 13
10 3 13 14
10 3 13 15
10 3 13 16
10 5 13 7
10 5 13 8
10 5 13 9
10 5 13 10
10 5 13 11
10 5 13 12
10 5 13 13
10 5 13 14
10 5 13 15
10 5 13 16
10 3 15 8
10 3 15 12
10 3 15 14
10 3 15 15
10 8 15 12
10 8 15 14
10 8 15 15
10 12 15 14
10 12 15 15
11 7 13 18
11 8 13 18
11 9 13 18
11 10 13 18
11 11 13 18
11 12 13 18
11 13 13 18
11 14 13 18
11 15 13 18
11 16 13 18
11 8 15 12
11 8 15 14
11 8 15 15
11 8 15 18
11 12 15 14
11 12 15 15
11 12 15 18
11 14 15 18
11 15 15 18
12 1 15 3
12 1 15 8
12 1 15 12
12 1 15 14
12 1 15 15
12 3 15 8
12 3 15 12
12 3 15 14
12 3 15 15
12 8 15 12
12 8 15 14
12 8 15 15
12 12 15 14
12 12 15 15
13 3 15 8
13 3 15 12
13 3 15 14
13 3 15 15
13 3 15 18
13 8 15 12
13 8 15 14
13 8 15 15
13 8 15 18
13 12 15 14
13 12 15 15
13 12 15 18
13 14 15 18
13 15 15 18
