10 17
11111111111111111
10011111111110101
11111111111111111
00001100001110000
01111111111111111
01111111111111101
01111111111111111
01001000000010100
01001000000010100
01111111111111100
122
1 1 3 4
1 1 3 5
1 1 3 6
1 1 3 7
1 1 3 8
1 1 3 9
1 1 3 10
1 1 3 11
1 1 3 12
1 1 3 13
1 1 3 15
1 1 3 17
1 4 3 15
1 4 3 17
1 5 3 15
1 5 3 17
1 6 3 15
1 6 3 17
1 7 3 15
1 7 3 17
1 8 3 15
1 8 3 17
1 9 3 15
1 9 3 17
1 10 3 15
1 10 3 17
1 11 3 15
1 11 3 17
1 12 3 15
1 12 3 17
1 13 3 15
1 13 3 17
1 15 3 17
1 5 5 11
1 5 5 12
1 5 5 13
1 6 5 11
1 6 5 12
1 6 5 13
1 5 6 11
1 5 6 12
1 5 6 13
1 6 6 11
1 6 6 12
1 6 6 13
1 5 7 11
1 5 7 12
1 5 7 13
1 6 7 11
1 6 7 12
1 6 7 13
1 5 10 13
2 5 5 11
2 5 5 12
2 5 5 13
2 6 5 11
2 6 5 12
2 6 5 13
2 5 6 11
2 5 6 12
2 5 6 13
2 6 6 11
2 6 6 12
2 6 6 13
2 5 7 11
2 5 7 12
2 5 7 13
2 6 7 11
2 6 7 12
2 6 7 13
2 5 10 13
3 5 5 11
3 5 5 12
3 5 5 13
3 6 5 11
3 6 5 12
3 6 5 13
3 5 6 11
3 5 6 12
3 5 6 13
3 6 6 11
3 6 6 12
3 6 6 13
3 5 7 11
3 5 7 12
3 5 7 13
3 6 7 11
3 6 7 12
3 6 7 13
3 5 10 13
5 2 7 17
5 3 7 17
5 4 7 17
5 5 7 17
5 6 7 17
5 7 7 17
5 8 7 17
5 9 7 17
5 10 7 17
5 11 7 17
5 12 7 17
5 13 7 17
5 14 7 17
5 15 7 17
5 2 10 5
5 2 10 13
5 2 10 15
5 5 10 13
5 5 10 15
5 13 10 15
6 2 10 5
6 2 10 13
6 2 10 15
6 5 10 13
6 5 10 15
6 13 10 15
7 2 10 5
7 2 10 13
7 2 10 15
7 5 10 13
7 5 10 15
7 13 10 15
