15 15
001111000111111
001001000101011
001111111111111
001111000111111
000100000001001
000100000001001
000100000001001
000111111111111
000010110111111
000010110111111
000011110111111
000000100111000
000000111111000
000000000000000
000000000000000
31
1 3 3 6
1 10 3 12
1 10 3 14
1 10 3 15
1 12 3 14
1 12 3 15
1 3 4 6
1 10 4 12
1 10 4 14
1 10 4 15
1 12 4 14
1 12 4 15
1 12 8 15
1 12 9 15
1 12 10 15
1 12 11 15
3 4 8 12
3 4 8 15
3 12 8 15
3 12 9 15
3 12 10 15
3 12 11 15
4 12 8 15
4 12 9 15
4 12 10 15
4 12 11 15
8 5 11 7
8 5 11 8
8 7 13 10
8 7 13 11
8 7 13 12
