14 13
0111111110000
0111101010000
0100101110000
0100101000000
0100101000000
0111111000000
0110111111110
0110111101010
1111111111110
1000010111111
1000010111111
1000010111011
1000010111111
1111111111110
76
1 7 3 9
1 2 6 5
1 2 6 7
1 5 6 7
1 5 7 7
1 5 8 7
1 2 9 5
1 2 9 7
1 5 9 7
2 2 6 5
2 2 9 5
6 2 9 5
6 2 9 6
6 2 9 7
6 3 9 5
6 3 9 6
6 3 9 7
7 5 9 10
7 5 9 12
7 6 9 10
7 6 9 12
7 7 9 10
7 7 9 12
7 8 9 10
7 8 9 12
7 10 9 12
7 8 10 10
7 8 10 12
7 10 10 12
7 8 11 10
7 8 11 12
7 10 11 12
7 8 12 10
7 8 13 10
7 8 13 12
7 10 13 12
7 6 14 8
7 6 14 10
7 6 14 12
7 8 14 10
7 8 14 12
7 10 14 12
8 6 14 8
9 8 13 12
9 9 13 12
9 10 13 12
9 1 14 6
9 1 14 8
9 1 14 9
9 1 14 10
9 1 14 12
9 6 14 8
9 6 14 9
9 6 14 10
9 6 14 12
9 8 14 12
9 9 14 12
9 10 14 12
10 8 13 12
10 8 13 13
10 9 13 12
10 9 13 13
10 10 13 12
10 10 13 13
10 8 14 12
10 9 14 12
10 10 14 12
11 8 13 12
11 8 13 13
11 9 13 12
11 9 13 13
11 10 13 12
11 10 13 13
11 8 14 12
11 9 14 12
11 10 14 12
