25 21
000000000000000000000
000000000000000000000
000111111111111100000
000100000000000100000
000100000000000100000
001111111111111111110
001100000000000100010
001100000000000100010
001100000000000100010
001100000000000100010
011111111000000100010
011100001000000100010
011111111111111111111
001100000000000100011
001111111111111100011
001100000000000000011
001111111111111111111
000110111111111111101
000111111111111100101
000100100000000000101
000100100000000000101
000100100000000000101
000100111111111111101
000100000000000000001
000111111111111111111
45
3 4 6 16
3 4 13 16
3 4 15 16
6 3 13 16
6 3 13 20
6 4 13 16
6 4 13 20
6 16 13 20
6 3 15 16
6 4 15 16
6 3 17 20
6 4 17 20
11 2 13 9
11 3 13 9
11 4 13 9
13 3 15 16
13 4 15 16
13 3 17 20
13 3 17 21
13 4 17 20
13 4 17 21
13 4 25 21
17 4 19 7
17 4 19 8
17 4 19 9
17 4 19 10
17 4 19 11
17 4 19 12
17 4 19 13
17 4 19 14
17 4 19 15
17 4 19 16
17 5 19 7
17 5 19 8
17 5 19 9
17 5 19 10
17 5 19 11
17 5 19 12
17 5 19 13
17 5 19 14
17 5 19 15
17 5 19 16
17 7 23 19
17 4 25 21
18 7 23 19
