12 22
0111100001111111111000
0100111111111111111111
0111111111111111111111
1111111111111111111111
1110111111111111111111
1111111111101011111111
1111111111111111111111
1111111111111111111111
1111111111111111111111
1111111111111111111111
1111111111111111111111
0000000011111111111110
2089
1 2 3 5
1 2 4 5
1 2 6 5
1 2 7 5
1 10 7 13
1 10 7 15
1 10 7 16
1 10 7 17
1 10 7 18
1 10 7 19
1 11 7 13
1 11 7 15
1 11 7 16
1 11 7 17
1 11 7 18
1 11 7 19
1 13 7 15
1 13 7 16
1 13 7 17
1 13 7 18
1 13 7 19
1 2 8 5
1 10 8 13
1 10 8 15
1 10 8 16
1 10 8 17
1 10 8 18
1 10 8 19
1 11 8 13
1 11 8 15
1 11 8 16
1 11 8 17
1 11 8 18
1 11 8 19
1 13 8 15
1 13 8 16
1 13 8 17
1 13 8 18
1 13 8 19
1 2 9 5
1 10 9 13
1 10 9 15
1 10 9 16
1 10 9 17
1 10 9 18
1 10 9 19
1 11 9 13
1 11 9 15
1 11 9 16
1 11 9 17
1 11 9 18
1 11 9 19
1 13 9 15
1 13 9 16
1 13 9 17
1 13 9 18
1 13 9 19
1 2 10 5
1 10 10 13
1 10 10 15
1 10 10 16
1 10 10 17
1 10 10 18
1 10 10 19
1 11 10 13
1 11 10 15
1 11 10 16
1 11 10 17
1 11 10 18
1 11 10 19
1 13 10 15
1 13 10 16
1 13 10 17
1 13 10 18
1 13 10 19
1 2 11 5
1 10 11 13
1 10 11 15
1 10 11 16
1 10 11 17
1 10 11 18
1 10 11 19
1 11 11 13
1 11 11 15
1 11 11 16
1 11 11 17
1 11 11 18
1 11 11 19
1 13 11 15
1 13 11 16
1 13 11 17
1 13 11 18
1 13 11 19
1 10 12 13
1 10 12 15
1 10 12 16
1 10 12 17
1 10 12 18
1 10 12 19
1 11 12 13
1 11 12 15
1 11 12 16
1 11 12 17
1 11 12 18
1 11 12 19
1 13 12 15
1 13 12 16
1 13 12 17
1 13 12 18
1 13 12 19
2 5 7 13
2 5 7 15
2 5 7 16
2 5 7 17
2 5 7 18
2 5 7 19
2 5 7 20
2 5 7 21
2 5 7 22
2 6 7 13
2 6 7 15
2 6 7 16
2 6 7 17
2 6 7 18
2 6 7 19
2 6 7 20
2 6 7 21
2 6 7 22
2 7 7 13
2 7 7 15
2 7 7 16
2 7 7 17
2 7 7 18
2 7 7 19
2 7 7 20
2 7 7 21
2 7 7 22
2 8 7 13
2 8 7 15
2 8 7 16
2 8 7 17
2 8 7 18
2 8 7 19
2 8 7 20
2 8 7 21
2 8 7 22
2 9 7 13
2 9 7 15
2 9 7 16
2 9 7 17
2 9 7 18
2 9 7 19
2 9 7 20
2 9 7 21
2 9 7 22
2 10 7 13
2 10 7 15
2 10 7 16
2 10 7 17
2 10 7 18
2 10 7 19
2 10 7 20
2 10 7 21
2 10 7 22
2 11 7 13
2 11 7 15
2 11 7 16
2 11 7 17
2 11 7 18
2 11 7 19
2 11 7 20
2 11 7 21
2 11 7 22
2 13 7 15
2 13 7 16
2 13 7 17
2 13 7 18
2 13 7 19
2 13 7 20
2 13 7 21
2 13 7 22
2 5 8 13
2 5 8 15
2 5 8 16
2 5 8 17
2 5 8 18
2 5 8 19
2 5 8 20
2 5 8 21
2 5 8 22
2 6 8 13
2 6 8 15
2 6 8 16
2 6 8 17
2 6 8 18
2 6 8 19
2 6 8 20
2 6 8 21
2 6 8 22
2 7 8 13
2 7 8 15
2 7 8 16
2 7 8 17
2 7 8 18
2 7 8 19
2 7 8 20
2 7 8 21
2 7 8 22
2 8 8 13
2 8 8 15
2 8 8 16
2 8 8 17
2 8 8 18
2 8 8 19
2 8 8 20
2 8 8 21
2 8 8 22
2 9 8 13
2 9 8 15
2 9 8 16
2 9 8 17
2 9 8 18
2 9 8 19
2 9 8 20
2 9 8 21
2 9 8 22
2 10 8 13
2 10 8 15
2 10 8 16
2 10 8 17
2 10 8 18
2 10 8 19
2 10 8 20
2 10 8 21
2 10 8 22
2 11 8 13
2 11 8 15
2 11 8 16
2 11 8 17
2 11 8 18
2 11 8 19
2 11 8 20
2 11 8 21
2 11 8 22
2 13 8 15
2 13 8 16
2 13 8 17
2 13 8 18
2 13 8 19
2 13 8 20
2 13 8 21
2 13 8 22
2 5 9 13
2 5 9 15
2 5 9 16
2 5 9 17
2 5 9 18
2 5 9 19
2 5 9 20
2 5 9 21
2 5 9 22
2 6 9 13
2 6 9 15
2 6 9 16
2 6 9 17
2 6 9 18
2 6 9 19
2 6 9 20
2 6 9 21
2 6 9 22
2 7 9 13
2 7 9 15
2 7 9 16
2 7 9 17
2 7 9 18
2 7 9 19
2 7 9 20
2 7 9 21
2 7 9 22
2 8 9 13
2 8 9 15
2 8 9 16
2 8 9 17
2 8 9 18
2 8 9 19
2 8 9 20
2 8 9 21
2 8 9 22
2 9 9 13
2 9 9 15
2 9 9 16
2 9 9 17
2 9 9 18
2 9 9 19
2 9 9 20
2 9 9 21
2 9 9 22
2 10 9 13
2 10 9 15
2 10 9 16
2 10 9 17
2 10 9 18
2 10 9 19
2 10 9 20
2 10 9 21
2 10 9 22
2 11 9 13
2 11 9 15
2 11 9 16
2 11 9 17
2 11 9 18
2 11 9 19
2 11 9 20
2 11 9 21
2 11 9 22
2 13 9 15
2 13 9 16
2 13 9 17
2 13 9 18
2 13 9 19
2 13 9 20
2 13 9 21
2 13 9 22
2 5 10 13
2 5 10 15
2 5 10 16
2 5 10 17
2 5 10 18
2 5 10 19
2 5 10 20
2 5 10 21
2 5 10 22
2 6 10 13
2 6 10 15
2 6 10 16
2 6 10 17
2 6 10 18
2 6 10 19
2 6 10 20
2 6 10 21
2 6 10 22
2 7 10 13
2 7 10 15
2 7 10 16
2 7 10 17
2 7 10 18
2 7 10 19
2 7 10 20
2 7 10 21
2 7 10 22
2 8 10 13
2 8 10 15
2 8 10 16
2 8 10 17
2 8 10 18
2 8 10 19
2 8 10 20
2 8 10 21
2 8 10 22
2 9 10 13
2 9 10 15
2 9 10 16
2 9 10 17
2 9 10 18
2 9 10 19
2 9 10 20
2 9 10 21
2 9 10 22
2 10 10 13
2 10 10 15
2 10 10 16
2 10 10 17
2 10 10 18
2 10 10 19
2 10 10 20
2 10 10 21
2 10 10 22
2 11 10 13
2 11 10 15
2 11 10 16
2 11 10 17
2 11 10 18
2 11 10 19
2 11 10 20
2 11 10 21
2 11 10 22
2 13 10 15
2 13 10 16
2 13 10 17
2 13 10 18
2 13 10 19
2 13 10 20
2 13 10 21
2 13 10 22
2 5 11 13
2 5 11 15
2 5 11 16
2 5 11 17
2 5 11 18
2 5 11 19
2 5 11 20
2 5 11 21
2 5 11 22
2 6 11 13
2 6 11 15
2 6 11 16
2 6 11 17
2 6 11 18
2 6 11 19
2 6 11 20
2 6 11 21
2 6 11 22
2 7 11 13
2 7 11 15
2 7 11 16
2 7 11 17
2 7 11 18
2 7 11 19
2 7 11 20
2 7 11 21
2 7 11 22
2 8 11 13
2 8 11 15
2 8 11 16
2 8 11 17
2 8 11 18
2 8 11 19
2 8 11 20
2 8 11 21
2 8 11 22
2 9 11 13
2 9 11 15
2 9 11 16
2 9 11 17
2 9 11 18
2 9 11 19
2 9 11 20
2 9 11 21
2 9 11 22
2 10 11 13
2 10 11 15
2 10 11 16
2 10 11 17
2 10 11 18
2 10 11 19
2 10 11 20
2 10 11 21
2 10 11 22
2 11 11 13
2 11 11 15
2 11 11 16
2 11 11 17
2 11 11 18
2 11 11 19
2 11 11 20
2 11 11 21
2 11 11 22
2 13 11 15
2 13 11 16
2 13 11 17
2 13 11 18
2 13 11 19
2 13 11 20
2 13 11 21
2 13 11 22
2 9 12 13
2 9 12 15
2 9 12 16
2 9 12 17
2 9 12 18
2 9 12 19
2 9 12 20
2 9 12 21
2 10 12 13
2 10 12 15
2 10 12 16
2 10 12 17
2 10 12 18
2 10 12 19
2 10 12 20
2 10 12 21
2 11 12 13
2 11 12 15
2 11 12 16
2 11 12 17
2 11 12 18
2 11 12 19
2 11 12 20
2 11 12 21
2 13 12 15
2 13 12 16
2 13 12 17
2 13 12 18
2 13 12 19
2 13 12 20
2 13 12 21
3 2 6 5
3 2 6 6
3 2 6 7
3 2 6 8
3 2 6 9
3 2 6 10
3 2 6 11
3 3 6 5
3 3 6 6
3 3 6 7
3 3 6 8
3 3 6 9
3 3 6 10
3 3 6 11
3 2 7 5
3 2 7 6
3 2 7 7
3 2 7 8
3 2 7 9
3 2 7 10
3 2 7 11
3 2 7 13
3 2 7 15
3 2 7 16
3 2 7 17
3 2 7 18
3 2 7 19
3 2 7 20
3 2 7 21
3 2 7 22
3 3 7 5
3 3 7 6
3 3 7 7
3 3 7 8
3 3 7 9
3 3 7 10
3 3 7 11
3 3 7 13
3 3 7 15
3 3 7 16
3 3 7 17
3 3 7 18
3 3 7 19
3 3 7 20
3 3 7 21
3 3 7 22
3 5 7 13
3 5 7 15
3 5 7 16
3 5 7 17
3 5 7 18
3 5 7 19
3 5 7 20
3 5 7 21
3 5 7 22
3 6 7 13
3 6 7 15
3 6 7 16
3 6 7 17
3 6 7 18
3 6 7 19
3 6 7 20
3 6 7 21
3 6 7 22
3 7 7 13
3 7 7 15
3 7 7 16
3 7 7 17
3 7 7 18
3 7 7 19
3 7 7 20
3 7 7 21
3 7 7 22
3 8 7 13
3 8 7 15
3 8 7 16
3 8 7 17
3 8 7 18
3 8 7 19
3 8 7 20
3 8 7 21
3 8 7 22
3 9 7 13
3 9 7 15
3 9 7 16
3 9 7 17
3 9 7 18
3 9 7 19
3 9 7 20
3 9 7 21
3 9 7 22
3 10 7 13
3 10 7 15
3 10 7 16
3 10 7 17
3 10 7 18
3 10 7 19
3 10 7 20
3 10 7 21
3 10 7 22
3 11 7 13
3 11 7 15
3 11 7 16
3 11 7 17
3 11 7 18
3 11 7 19
3 11 7 20
3 11 7 21
3 11 7 22
3 13 7 15
3 13 7 16
3 13 7 17
3 13 7 18
3 13 7 19
3 13 7 20
3 13 7 21
3 13 7 22
3 2 8 5
3 2 8 6
3 2 8 7
3 2 8 8
3 2 8 9
3 2 8 10
3 2 8 11
3 2 8 13
3 2 8 15
3 2 8 16
3 2 8 17
3 2 8 18
3 2 8 19
3 2 8 20
3 2 8 21
3 2 8 22
3 3 8 5
3 3 8 6
3 3 8 7
3 3 8 8
3 3 8 9
3 3 8 10
3 3 8 11
3 3 8 13
3 3 8 15
3 3 8 16
3 3 8 17
3 3 8 18
3 3 8 19
3 3 8 20
3 3 8 21
3 3 8 22
3 5 8 13
3 5 8 15
3 5 8 16
3 5 8 17
3 5 8 18
3 5 8 19
3 5 8 20
3 5 8 21
3 5 8 22
3 6 8 13
3 6 8 15
3 6 8 16
3 6 8 17
3 6 8 18
3 6 8 19
3 6 8 20
3 6 8 21
3 6 8 22
3 7 8 13
3 7 8 15
3 7 8 16
3 7 8 17
3 7 8 18
3 7 8 19
3 7 8 20
3 7 8 21
3 7 8 22
3 8 8 13
3 8 8 15
3 8 8 16
3 8 8 17
3 8 8 18
3 8 8 19
3 8 8 20
3 8 8 21
3 8 8 22
3 9 8 13
3 9 8 15
3 9 8 16
3 9 8 17
3 9 8 18
3 9 8 19
3 9 8 20
3 9 8 21
3 9 8 22
3 10 8 13
3 10 8 15
3 10 8 16
3 10 8 17
3 10 8 18
3 10 8 19
3 10 8 20
3 10 8 21
3 10 8 22
3 11 8 13
3 11 8 15
3 11 8 16
3 11 8 17
3 11 8 18
3 11 8 19
3 11 8 20
3 11 8 21
3 11 8 22
3 13 8 15
3 13 8 16
3 13 8 17
3 13 8 18
3 13 8 19
3 13 8 20
3 13 8 21
3 13 8 22
3 2 9 5
3 2 9 6
3 2 9 7
3 2 9 8
3 2 9 9
3 2 9 10
3 2 9 11
3 2 9 13
3 2 9 15
3 2 9 16
3 2 9 17
3 2 9 18
3 2 9 19
3 2 9 20
3 2 9 21
3 2 9 22
3 3 9 5
3 3 9 6
3 3 9 7
3 3 9 8
3 3 9 9
3 3 9 10
3 3 9 11
3 3 9 13
3 3 9 15
3 3 9 16
3 3 9 17
3 3 9 18
3 3 9 19
3 3 9 20
3 3 9 21
3 3 9 22
3 5 9 13
3 5 9 15
3 5 9 16
3 5 9 17
3 5 9 18
3 5 9 19
3 5 9 20
3 5 9 21
3 5 9 22
3 6 9 13
3 6 9 15
3 6 9 16
3 6 9 17
3 6 9 18
3 6 9 19
3 6 9 20
3 6 9 21
3 6 9 22
3 7 9 13
3 7 9 15
3 7 9 16
3 7 9 17
3 7 9 18
3 7 9 19
3 7 9 20
3 7 9 21
3 7 9 22
3 8 9 13
3 8 9 15
3 8 9 16
3 8 9 17
3 8 9 18
3 8 9 19
3 8 9 20
3 8 9 21
3 8 9 22
3 9 9 13
3 9 9 15
3 9 9 16
3 9 9 17
3 9 9 18
3 9 9 19
3 9 9 20
3 9 9 21
3 9 9 22
3 10 9 13
3 10 9 15
3 10 9 16
3 10 9 17
3 10 9 18
3 10 9 19
3 10 9 20
3 10 9 21
3 10 9 22
3 11 9 13
3 11 9 15
3 11 9 16
3 11 9 17
3 11 9 18
3 11 9 19
3 11 9 20
3 11 9 21
3 11 9 22
3 13 9 15
3 13 9 16
3 13 9 17
3 13 9 18
3 13 9 19
3 13 9 20
3 13 9 21
3 13 9 22
3 2 10 5
3 2 10 6
3 2 10 7
3 2 10 8
3 2 10 9
3 2 10 10
3 2 10 11
3 2 10 13
3 2 10 15
3 2 10 16
3 2 10 17
3 2 10 18
3 2 10 19
3 2 10 20
3 2 10 21
3 2 10 22
3 3 10 5
3 3 10 6
3 3 10 7
3 3 10 8
3 3 10 9
3 3 10 10
3 3 10 11
3 3 10 13
3 3 10 15
3 3 10 16
3 3 10 17
3 3 10 18
3 3 10 19
3 3 10 20
3 3 10 21
3 3 10 22
3 5 10 13
3 5 10 15
3 5 10 16
3 5 10 17
3 5 10 18
3 5 10 19
3 5 10 20
3 5 10 21
3 5 10 22
3 6 10 13
3 6 10 15
3 6 10 16
3 6 10 17
3 6 10 18
3 6 10 19
3 6 10 20
3 6 10 21
3 6 10 22
3 7 10 13
3 7 10 15
3 7 10 16
3 7 10 17
3 7 10 18
3 7 10 19
3 7 10 20
3 7 10 21
3 7 10 22
3 8 10 13
3 8 10 15
3 8 10 16
3 8 10 17
3 8 10 18
3 8 10 19
3 8 10 20
3 8 10 21
3 8 10 22
3 9 10 13
3 9 10 15
3 9 10 16
3 9 10 17
3 9 10 18
3 9 10 19
3 9 10 20
3 9 10 21
3 9 10 22
3 10 10 13
3 10 10 15
3 10 10 16
3 10 10 17
3 10 10 18
3 10 10 19
3 10 10 20
3 10 10 21
3 10 10 22
3 11 10 13
3 11 10 15
3 11 10 16
3 11 10 17
3 11 10 18
3 11 10 19
3 11 10 20
3 11 10 21
3 11 10 22
3 13 10 15
3 13 10 16
3 13 10 17
3 13 10 18
3 13 10 19
3 13 10 20
3 13 10 21
3 13 10 22
3 2 11 5
3 2 11 6
3 2 11 7
3 2 11 8
3 2 11 9
3 2 11 10
3 2 11 11
3 2 11 13
3 2 11 15
3 2 11 16
3 2 11 17
3 2 11 18
3 2 11 19
3 2 11 20
3 2 11 21
3 2 11 22
3 3 11 5
3 3 11 6
3 3 11 7
3 3 11 8
3 3 11 9
3 3 11 10
3 3 11 11
3 3 11 13
3 3 11 15
3 3 11 16
3 3 11 17
3 3 11 18
3 3 11 19
3 3 11 20
3 3 11 21
3 3 11 22
3 5 11 13
3 5 11 15
3 5 11 16
3 5 11 17
3 5 11 18
3 5 11 19
3 5 11 20
3 5 11 21
3 5 11 22
3 6 11 13
3 6 11 15
3 6 11 16
3 6 11 17
3 6 11 18
3 6 11 19
3 6 11 20
3 6 11 21
3 6 11 22
3 7 11 13
3 7 11 15
3 7 11 16
3 7 11 17
3 7 11 18
3 7 11 19
3 7 11 20
3 7 11 21
3 7 11 22
3 8 11 13
3 8 11 15
3 8 11 16
3 8 11 17
3 8 11 18
3 8 11 19
3 8 11 20
3 8 11 21
3 8 11 22
3 9 11 13
3 9 11 15
3 9 11 16
3 9 11 17
3 9 11 18
3 9 11 19
3 9 11 20
3 9 11 21
3 9 11 22
3 10 11 13
3 10 11 15
3 10 11 16
3 10 11 17
3 10 11 18
3 10 11 19
3 10 11 20
3 10 11 21
3 10 11 22
3 11 11 13
3 11 11 15
3 11 11 16
3 11 11 17
3 11 11 18
3 11 11 19
3 11 11 20
3 11 11 21
3 11 11 22
3 13 11 15
3 13 11 16
3 13 11 17
3 13 11 18
3 13 11 19
3 13 11 20
3 13 11 21
3 13 11 22
3 9 12 13
3 9 12 15
3 9 12 16
3 9 12 17
3 9 12 18
3 9 12 19
3 9 12 20
3 9 12 21
3 10 12 13
3 10 12 15
3 10 12 16
3 10 12 17
3 10 12 18
3 10 12 19
3 10 12 20
3 10 12 21
3 11 12 13
3 11 12 15
3 11 12 16
3 11 12 17
3 11 12 18
3 11 12 19
3 11 12 20
3 11 12 21
3 13 12 15
3 13 12 16
3 13 12 17
3 13 12 18
3 13 12 19
3 13 12 20
3 13 12 21
4 1 6 5
4 1 6 6
4 1 6 7
4 1 6 8
4 1 6 9
4 1 6 10
4 1 6 11
4 2 6 5
4 2 6 6
4 2 6 7
4 2 6 8
4 2 6 9
4 2 6 10
4 2 6 11
4 3 6 5
4 3 6 6
4 3 6 7
4 3 6 8
4 3 6 9
4 3 6 10
4 3 6 11
4 1 7 5
4 1 7 6
4 1 7 7
4 1 7 8
4 1 7 9
4 1 7 10
4 1 7 11
4 1 7 13
4 1 7 15
4 1 7 16
4 1 7 17
4 1 7 18
4 1 7 19
4 1 7 20
4 1 7 21
4 1 7 22
4 2 7 5
4 2 7 6
4 2 7 7
4 2 7 8
4 2 7 9
4 2 7 10
4 2 7 11
4 2 7 13
4 2 7 15
4 2 7 16
4 2 7 17
4 2 7 18
4 2 7 19
4 2 7 20
4 2 7 21
4 2 7 22
4 3 7 5
4 3 7 6
4 3 7 7
4 3 7 8
4 3 7 9
4 3 7 10
4 3 7 11
4 3 7 13
4 3 7 15
4 3 7 16
4 3 7 17
4 3 7 18
4 3 7 19
4 3 7 20
4 3 7 21
4 3 7 22
4 5 7 13
4 5 7 15
4 5 7 16
4 5 7 17
4 5 7 18
4 5 7 19
4 5 7 20
4 5 7 21
4 5 7 22
4 6 7 13
4 6 7 15
4 6 7 16
4 6 7 17
4 6 7 18
4 6 7 19
4 6 7 20
4 6 7 21
4 6 7 22
4 7 7 13
4 7 7 15
4 7 7 16
4 7 7 17
4 7 7 18
4 7 7 19
4 7 7 20
4 7 7 21
4 7 7 22
4 8 7 13
4 8 7 15
4 8 7 16
4 8 7 17
4 8 7 18
4 8 7 19
4 8 7 20
4 8 7 21
4 8 7 22
4 9 7 13
4 9 7 15
4 9 7 16
4 9 7 17
4 9 7 18
4 9 7 19
4 9 7 20
4 9 7 21
4 9 7 22
4 10 7 13
4 10 7 15
4 10 7 16
4 10 7 17
4 10 7 18
4 10 7 19
4 10 7 20
4 10 7 21
4 10 7 22
4 11 7 13
4 11 7 15
4 11 7 16
4 11 7 17
4 11 7 18
4 11 7 19
4 11 7 20
4 11 7 21
4 11 7 22
4 13 7 15
4 13 7 16
4 13 7 17
4 13 7 18
4 13 7 19
4 13 7 20
4 13 7 21
4 13 7 22
4 1 8 5
4 1 8 6
4 1 8 7
4 1 8 8
4 1 8 9
4 1 8 10
4 1 8 11
4 1 8 13
4 1 8 15
4 1 8 16
4 1 8 17
4 1 8 18
4 1 8 19
4 1 8 20
4 1 8 21
4 1 8 22
4 2 8 5
4 2 8 6
4 2 8 7
4 2 8 8
4 2 8 9
4 2 8 10
4 2 8 11
4 2 8 13
4 2 8 15
4 2 8 16
4 2 8 17
4 2 8 18
4 2 8 19
4 2 8 20
4 2 8 21
4 2 8 22
4 3 8 5
4 3 8 6
4 3 8 7
4 3 8 8
4 3 8 9
4 3 8 10
4 3 8 11
4 3 8 13
4 3 8 15
4 3 8 16
4 3 8 17
4 3 8 18
4 3 8 19
4 3 8 20
4 3 8 21
4 3 8 22
4 5 8 13
4 5 8 15
4 5 8 16
4 5 8 17
4 5 8 18
4 5 8 19
4 5 8 20
4 5 8 21
4 5 8 22
4 6 8 13
4 6 8 15
4 6 8 16
4 6 8 17
4 6 8 18
4 6 8 19
4 6 8 20
4 6 8 21
4 6 8 22
4 7 8 13
4 7 8 15
4 7 8 16
4 7 8 17
4 7 8 18
4 7 8 19
4 7 8 20
4 7 8 21
4 7 8 22
4 8 8 13
4 8 8 15
4 8 8 16
4 8 8 17
4 8 8 18
4 8 8 19
4 8 8 20
4 8 8 21
4 8 8 22
4 9 8 13
4 9 8 15
4 9 8 16
4 9 8 17
4 9 8 18
4 9 8 19
4 9 8 20
4 9 8 21
4 9 8 22
4 10 8 13
4 10 8 15
4 10 8 16
4 10 8 17
4 10 8 18
4 10 8 19
4 10 8 20
4 10 8 21
4 10 8 22
4 11 8 13
4 11 8 15
4 11 8 16
4 11 8 17
4 11 8 18
4 11 8 19
4 11 8 20
4 11 8 21
4 11 8 22
4 13 8 15
4 13 8 16
4 13 8 17
4 13 8 18
4 13 8 19
4 13 8 20
4 13 8 21
4 13 8 22
4 1 9 5
4 1 9 6
4 1 9 7
4 1 9 8
4 1 9 9
4 1 9 10
4 1 9 11
4 1 9 13
4 1 9 15
4 1 9 16
4 1 9 17
4 1 9 18
4 1 9 19
4 1 9 20
4 1 9 21
4 1 9 22
4 2 9 5
4 2 9 6
4 2 9 7
4 2 9 8
4 2 9 9
4 2 9 10
4 2 9 11
4 2 9 13
4 2 9 15
4 2 9 16
4 2 9 17
4 2 9 18
4 2 9 19
4 2 9 20
4 2 9 21
4 2 9 22
4 3 9 5
4 3 9 6
4 3 9 7
4 3 9 8
4 3 9 9
4 3 9 10
4 3 9 11
4 3 9 13
4 3 9 15
4 3 9 16
4 3 9 17
4 3 9 18
4 3 9 19
4 3 9 20
4 3 9 21
4 3 9 22
4 5 9 13
4 5 9 15
4 5 9 16
4 5 9 17
4 5 9 18
4 5 9 19
4 5 9 20
4 5 9 21
4 5 9 22
4 6 9 13
4 6 9 15
4 6 9 16
4 6 9 17
4 6 9 18
4 6 9 19
4 6 9 20
4 6 9 21
4 6 9 22
4 7 9 13
4 7 9 15
4 7 9 16
4 7 9 17
4 7 9 18
4 7 9 19
4 7 9 20
4 7 9 21
4 7 9 22
4 8 9 13
4 8 9 15
4 8 9 16
4 8 9 17
4 8 9 18
4 8 9 19
4 8 9 20
4 8 9 21
4 8 9 22
4 9 9 13
4 9 9 15
4 9 9 16
4 9 9 17
4 9 9 18
4 9 9 19
4 9 9 20
4 9 9 21
4 9 9 22
4 10 9 13
4 10 9 15
4 10 9 16
4 10 9 17
4 10 9 18
4 10 9 19
4 10 9 20
4 10 9 21
4 10 9 22
4 11 9 13
4 11 9 15
4 11 9 16
4 11 9 17
4 11 9 18
4 11 9 19
4 11 9 20
4 11 9 21
4 11 9 22
4 13 9 15
4 13 9 16
4 13 9 17
4 13 9 18
4 13 9 19
4 13 9 20
4 13 9 21
4 13 9 22
4 1 10 5
4 1 10 6
4 1 10 7
4 1 10 8
4 1 10 9
4 1 10 10
4 1 10 11
4 1 10 13
4 1 10 15
4 1 10 16
4 1 10 17
4 1 10 18
4 1 10 19
4 1 10 20
4 1 10 21
4 1 10 22
4 2 10 5
4 2 10 6
4 2 10 7
4 2 10 8
4 2 10 9
4 2 10 10
4 2 10 11
4 2 10 13
4 2 10 15
4 2 10 16
4 2 10 17
4 2 10 18
4 2 10 19
4 2 10 20
4 2 10 21
4 2 10 22
4 3 10 5
4 3 10 6
4 3 10 7
4 3 10 8
4 3 10 9
4 3 10 10
4 3 10 11
4 3 10 13
4 3 10 15
4 3 10 16
4 3 10 17
4 3 10 18
4 3 10 19
4 3 10 20
4 3 10 21
4 3 10 22
4 5 10 13
4 5 10 15
4 5 10 16
4 5 10 17
4 5 10 18
4 5 10 19
4 5 10 20
4 5 10 21
4 5 10 22
4 6 10 13
4 6 10 15
4 6 10 16
4 6 10 17
4 6 10 18
4 6 10 19
4 6 10 20
4 6 10 21
4 6 10 22
4 7 10 13
4 7 10 15
4 7 10 16
4 7 10 17
4 7 10 18
4 7 10 19
4 7 10 20
4 7 10 21
4 7 10 22
4 8 10 13
4 8 10 15
4 8 10 16
4 8 10 17
4 8 10 18
4 8 10 19
4 8 10 20
4 8 10 21
4 8 10 22
4 9 10 13
4 9 10 15
4 9 10 16
4 9 10 17
4 9 10 18
4 9 10 19
4 9 10 20
4 9 10 21
4 9 10 22
4 10 10 13
4 10 10 15
4 10 10 16
4 10 10 17
4 10 10 18
4 10 10 19
4 10 10 20
4 10 10 21
4 10 10 22
4 11 10 13
4 11 10 15
4 11 10 16
4 11 10 17
4 11 10 18
4 11 10 19
4 11 10 20
4 11 10 21
4 11 10 22
4 13 10 15
4 13 10 16
4 13 10 17
4 13 10 18
4 13 10 19
4 13 10 20
4 13 10 21
4 13 10 22
4 1 11 5
4 1 11 6
4 1 11 7
4 1 11 8
4 1 11 9
4 1 11 10
4 1 11 11
4 1 11 13
4 1 11 15
4 1 11 16
4 1 11 17
4 1 11 18
4 1 11 19
4 1 11 20
4 1 11 21
4 1 11 22
4 2 11 5
4 2 11 6
4 2 11 7
4 2 11 8
4 2 11 9
4 2 11 10
4 2 11 11
4 2 11 13
4 2 11 15
4 2 11 16
4 2 11 17
4 2 11 18
4 2 11 19
4 2 11 20
4 2 11 21
4 2 11 22
4 3 11 5
4 3 11 6
4 3 11 7
4 3 11 8
4 3 11 9
4 3 11 10
4 3 11 11
4 3 11 13
4 3 11 15
4 3 11 16
4 3 11 17
4 3 11 18
4 3 11 19
4 3 11 20
4 3 11 21
4 3 11 22
4 5 11 13
4 5 11 15
4 5 11 16
4 5 11 17
4 5 11 18
4 5 11 19
4 5 11 20
4 5 11 21
4 5 11 22
4 6 11 13
4 6 11 15
4 6 11 16
4 6 11 17
4 6 11 18
4 6 11 19
4 6 11 20
4 6 11 21
4 6 11 22
4 7 11 13
4 7 11 15
4 7 11 16
4 7 11 17
4 7 11 18
4 7 11 19
4 7 11 20
4 7 11 21
4 7 11 22
4 8 11 13
4 8 11 15
4 8 11 16
4 8 11 17
4 8 11 18
4 8 11 19
4 8 11 20
4 8 11 21
4 8 11 22
4 9 11 13
4 9 11 15
4 9 11 16
4 9 11 17
4 9 11 18
4 9 11 19
4 9 11 20
4 9 11 21
4 9 11 22
4 10 11 13
4 10 11 15
4 10 11 16
4 10 11 17
4 10 11 18
4 10 11 19
4 10 11 20
4 10 11 21
4 10 11 22
4 11 11 13
4 11 11 15
4 11 11 16
4 11 11 17
4 11 11 18
4 11 11 19
4 11 11 20
4 11 11 21
4 11 11 22
4 13 11 15
4 13 11 16
4 13 11 17
4 13 11 18
4 13 11 19
4 13 11 20
4 13 11 21
4 13 11 22
4 9 12 13
4 9 12 15
4 9 12 16
4 9 12 17
4 9 12 18
4 9 12 19
4 9 12 20
4 9 12 21
4 10 12 13
4 10 12 15
4 10 12 16
4 10 12 17
4 10 12 18
4 10 12 19
4 10 12 20
4 10 12 21
4 11 12 13
4 11 12 15
4 11 12 16
4 11 12 17
4 11 12 18
4 11 12 19
4 11 12 20
4 11 12 21
4 13 12 15
4 13 12 16
4 13 12 17
4 13 12 18
4 13 12 19
4 13 12 20
4 13 12 21
5 5 7 13
5 5 7 15
5 5 7 16
5 5 7 17
5 5 7 18
5 5 7 19
5 5 7 20
5 5 7 21
5 5 7 22
5 6 7 13
5 6 7 15
5 6 7 16
5 6 7 17
5 6 7 18
5 6 7 19
5 6 7 20
5 6 7 21
5 6 7 22
5 7 7 13
5 7 7 15
5 7 7 16
5 7 7 17
5 7 7 18
5 7 7 19
5 7 7 20
5 7 7 21
5 7 7 22
5 8 7 13
5 8 7 15
5 8 7 16
5 8 7 17
5 8 7 18
5 8 7 19
5 8 7 20
5 8 7 21
5 8 7 22
5 9 7 13
5 9 7 15
5 9 7 16
5 9 7 17
5 9 7 18
5 9 7 19
5 9 7 20
5 9 7 21
5 9 7 22
5 10 7 13
5 10 7 15
5 10 7 16
5 10 7 17
5 10 7 18
5 10 7 19
5 10 7 20
5 10 7 21
5 10 7 22
5 11 7 13
5 11 7 15
5 11 7 16
5 11 7 17
5 11 7 18
5 11 7 19
5 11 7 20
5 11 7 21
5 11 7 22
5 13 7 15
5 13 7 16
5 13 7 17
5 13 7 18
5 13 7 19
5 13 7 20
5 13 7 21
5 13 7 22
5 5 8 13
5 5 8 15
5 5 8 16
5 5 8 17
5 5 8 18
5 5 8 19
5 5 8 20
5 5 8 21
5 5 8 22
5 6 8 13
5 6 8 15
5 6 8 16
5 6 8 17
5 6 8 18
5 6 8 19
5 6 8 20
5 6 8 21
5 6 8 22
5 7 8 13
5 7 8 15
5 7 8 16
5 7 8 17
5 7 8 18
5 7 8 19
5 7 8 20
5 7 8 21
5 7 8 22
5 8 8 13
5 8 8 15
5 8 8 16
5 8 8 17
5 8 8 18
5 8 8 19
5 8 8 20
5 8 8 21
5 8 8 22
5 9 8 13
5 9 8 15
5 9 8 16
5 9 8 17
5 9 8 18
5 9 8 19
5 9 8 20
5 9 8 21
5 9 8 22
5 10 8 13
5 10 8 15
5 10 8 16
5 10 8 17
5 10 8 18
5 10 8 19
5 10 8 20
5 10 8 21
5 10 8 22
5 11 8 13
5 11 8 15
5 11 8 16
5 11 8 17
5 11 8 18
5 11 8 19
5 11 8 20
5 11 8 21
5 11 8 22
5 13 8 15
5 13 8 16
5 13 8 17
5 13 8 18
5 13 8 19
5 13 8 20
5 13 8 21
5 13 8 22
5 5 9 13
5 5 9 15
5 5 9 16
5 5 9 17
5 5 9 18
5 5 9 19
5 5 9 20
5 5 9 21
5 5 9 22
5 6 9 13
5 6 9 15
5 6 9 16
5 6 9 17
5 6 9 18
5 6 9 19
5 6 9 20
5 6 9 21
5 6 9 22
5 7 9 13
5 7 9 15
5 7 9 16
5 7 9 17
5 7 9 18
5 7 9 19
5 7 9 20
5 7 9 21
5 7 9 22
5 8 9 13
5 8 9 15
5 8 9 16
5 8 9 17
5 8 9 18
5 8 9 19
5 8 9 20
5 8 9 21
5 8 9 22
5 9 9 13
5 9 9 15
5 9 9 16
5 9 9 17
5 9 9 18
5 9 9 19
5 9 9 20
5 9 9 21
5 9 9 22
5 10 9 13
5 10 9 15
5 10 9 16
5 10 9 17
5 10 9 18
5 10 9 19
5 10 9 20
5 10 9 21
5 10 9 22
5 11 9 13
5 11 9 15
5 11 9 16
5 11 9 17
5 11 9 18
5 11 9 19
5 11 9 20
5 11 9 21
5 11 9 22
5 13 9 15
5 13 9 16
5 13 9 17
5 13 9 18
5 13 9 19
5 13 9 20
5 13 9 21
5 13 9 22
5 5 10 13
5 5 10 15
5 5 10 16
5 5 10 17
5 5 10 18
5 5 10 19
5 5 10 20
5 5 10 21
5 5 10 22
5 6 10 13
5 6 10 15
5 6 10 16
5 6 10 17
5 6 10 18
5 6 10 19
5 6 10 20
5 6 10 21
5 6 10 22
5 7 10 13
5 7 10 15
5 7 10 16
5 7 10 17
5 7 10 18
5 7 10 19
5 7 10 20
5 7 10 21
5 7 10 22
5 8 10 13
5 8 10 15
5 8 10 16
5 8 10 17
5 8 10 18
5 8 10 19
5 8 10 20
5 8 10 21
5 8 10 22
5 9 10 13
5 9 10 15
5 9 10 16
5 9 10 17
5 9 10 18
5 9 10 19
5 9 10 20
5 9 10 21
5 9 10 22
5 10 10 13
5 10 10 15
5 10 10 16
5 10 10 17
5 10 10 18
5 10 10 19
5 10 10 20
5 10 10 21
5 10 10 22
5 11 10 13
5 11 10 15
5 11 10 16
5 11 10 17
5 11 10 18
5 11 10 19
5 11 10 20
5 11 10 21
5 11 10 22
5 13 10 15
5 13 10 16
5 13 10 17
5 13 10 18
5 13 10 19
5 13 10 20
5 13 10 21
5 13 10 22
5 5 11 13
5 5 11 15
5 5 11 16
5 5 11 17
5 5 11 18
5 5 11 19
5 5 11 20
5 5 11 21
5 5 11 22
5 6 11 13
5 6 11 15
5 6 11 16
5 6 11 17
5 6 11 18
5 6 11 19
5 6 11 20
5 6 11 21
5 6 11 22
5 7 11 13
5 7 11 15
5 7 11 16
5 7 11 17
5 7 11 18
5 7 11 19
5 7 11 20
5 7 11 21
5 7 11 22
5 8 11 13
5 8 11 15
5 8 11 16
5 8 11 17
5 8 11 18
5 8 11 19
5 8 11 20
5 8 11 21
5 8 11 22
5 9 11 13
5 9 11 15
5 9 11 16
5 9 11 17
5 9 11 18
5 9 11 19
5 9 11 20
5 9 11 21
5 9 11 22
5 10 11 13
5 10 11 15
5 10 11 16
5 10 11 17
5 10 11 18
5 10 11 19
5 10 11 20
5 10 11 21
5 10 11 22
5 11 11 13
5 11 11 15
5 11 11 16
5 11 11 17
5 11 11 18
5 11 11 19
5 11 11 20
5 11 11 21
5 11 11 22
5 13 11 15
5 13 11 16
5 13 11 17
5 13 11 18
5 13 11 19
5 13 11 20
5 13 11 21
5 13 11 22
5 9 12 13
5 9 12 15
5 9 12 16
5 9 12 17
5 9 12 18
5 9 12 19
5 9 12 20
5 9 12 21
5 10 12 13
5 10 12 15
5 10 12 16
5 10 12 17
5 10 12 18
5 10 12 19
5 10 12 20
5 10 12 21
5 11 12 13
5 11 12 15
5 11 12 16
5 11 12 17
5 11 12 18
5 11 12 19
5 11 12 20
5 11 12 21
5 13 12 15
5 13 12 16
5 13 12 17
5 13 12 18
5 13 12 19
5 13 12 20
5 13 12 21
