16 21
111111111111111111111
111111111111111111111
111111111111111111111
111110011111111111111
111111111111111111111
111111111111111111111
111111111111111111111
111111111111111111111
011111111111111111111
011111111111111111111
011111111111111111110
011111111111111111110
011111111111111111110
011111111111111111110
011011111111111111110
011111111111111111110
2284
1 1 5 8
1 1 5 9
1 1 5 10
1 1 5 11
1 1 5 12
1 1 5 13
1 1 5 14
1 1 5 15
1 1 5 16
1 1 5 17
1 1 5 18
1 1 5 19
1 1 5 20
1 1 5 21
1 2 5 8
1 2 5 9
1 2 5 10
1 2 5 11
1 2 5 12
1 2 5 13
1 2 5 14
1 2 5 15
1 2 5 16
1 2 5 17
1 2 5 18
1 2 5 19
1 2 5 20
1 2 5 21
1 3 5 8
1 3 5 9
1 3 5 10
1 3 5 11
1 3 5 12
1 3 5 13
1 3 5 14
1 3 5 15
1 3 5 16
1 3 5 17
1 3 5 18
1 3 5 19
1 3 5 20
1 3 5 21
1 4 5 8
1 4 5 9
1 4 5 10
1 4 5 11
1 4 5 12
1 4 5 13
1 4 5 14
1 4 5 15
1 4 5 16
1 4 5 17
1 4 5 18
1 4 5 19
1 4 5 20
1 4 5 21
1 5 5 8
1 5 5 9
1 5 5 10
1 5 5 11
1 5 5 12
1 5 5 13
1 5 5 14
1 5 5 15
1 5 5 16
1 5 5 17
1 5 5 18
1 5 5 19
1 5 5 20
1 5 5 21
1 1 6 8
1 1 6 9
1 1 6 10
1 1 6 11
1 1 6 12
1 1 6 13
1 1 6 14
1 1 6 15
1 1 6 16
1 1 6 17
1 1 6 18
1 1 6 19
1 1 6 20
1 1 6 21
1 2 6 8
1 2 6 9
1 2 6 10
1 2 6 11
1 2 6 12
1 2 6 13
1 2 6 14
1 2 6 15
1 2 6 16
1 2 6 17
1 2 6 18
1 2 6 19
1 2 6 20
1 2 6 21
1 3 6 8
1 3 6 9
1 3 6 10
1 3 6 11
1 3 6 12
1 3 6 13
1 3 6 14
1 3 6 15
1 3 6 16
1 3 6 17
1 3 6 18
1 3 6 19
1 3 6 20
1 3 6 21
1 4 6 8
1 4 6 9
1 4 6 10
1 4 6 11
1 4 6 12
1 4 6 13
1 4 6 14
1 4 6 15
1 4 6 16
1 4 6 17
1 4 6 18
1 4 6 19
1 4 6 20
1 4 6 21
1 5 6 8
1 5 6 9
1 5 6 10
1 5 6 11
1 5 6 12
1 5 6 13
1 5 6 14
1 5 6 15
1 5 6 16
1 5 6 17
1 5 6 18
1 5 6 19
1 5 6 20
1 5 6 21
1 1 7 8
1 1 7 9
1 1 7 10
1 1 7 11
1 1 7 12
1 1 7 13
1 1 7 14
1 1 7 15
1 1 7 16
1 1 7 17
1 1 7 18
1 1 7 19
1 1 7 20
1 1 7 21
1 2 7 8
1 2 7 9
1 2 7 10
1 2 7 11
1 2 7 12
1 2 7 13
1 2 7 14
1 2 7 15
1 2 7 16
1 2 7 17
1 2 7 18
1 2 7 19
1 2 7 20
1 2 7 21
1 3 7 8
1 3 7 9
1 3 7 10
1 3 7 11
1 3 7 12
1 3 7 13
1 3 7 14
1 3 7 15
1 3 7 16
1 3 7 17
1 3 7 18
1 3 7 19
1 3 7 20
1 3 7 21
1 4 7 8
1 4 7 9
1 4 7 10
1 4 7 11
1 4 7 12
1 4 7 13
1 4 7 14
1 4 7 15
1 4 7 16
1 4 7 17
1 4 7 18
1 4 7 19
1 4 7 20
1 4 7 21
1 5 7 8
1 5 7 9
1 5 7 10
1 5 7 11
1 5 7 12
1 5 7 13
1 5 7 14
1 5 7 15
1 5 7 16
1 5 7 17
1 5 7 18
1 5 7 19
1 5 7 20
1 5 7 21
1 1 8 8
1 1 8 9
1 1 8 10
1 1 8 11
1 1 8 12
1 1 8 13
1 1 8 14
1 1 8 15
1 1 8 16
1 1 8 17
1 1 8 18
1 1 8 19
1 1 8 20
1 1 8 21
1 2 8 8
1 2 8 9
1 2 8 10
1 2 8 11
1 2 8 12
1 2 8 13
1 2 8 14
1 2 8 15
1 2 8 16
1 2 8 17
1 2 8 18
1 2 8 19
1 2 8 20
1 2 8 21
1 3 8 8
1 3 8 9
1 3 8 10
1 3 8 11
1 3 8 12
1 3 8 13
1 3 8 14
1 3 8 15
1 3 8 16
1 3 8 17
1 3 8 18
1 3 8 19
1 3 8 20
1 3 8 21
1 4 8 8
1 4 8 9
1 4 8 10
1 4 8 11
1 4 8 12
1 4 8 13
1 4 8 14
1 4 8 15
1 4 8 16
1 4 8 17
1 4 8 18
1 4 8 19
1 4 8 20
1 4 8 21
1 5 8 8
1 5 8 9
1 5 8 10
1 5 8 11
1 5 8 12
1 5 8 13
1 5 8 14
1 5 8 15
1 5 8 16
1 5 8 17
1 5 8 18
1 5 8 19
1 5 8 20
1 5 8 21
1 2 9 8
1 2 9 9
1 2 9 10
1 2 9 11
1 2 9 12
1 2 9 13
1 2 9 14
1 2 9 15
1 2 9 16
1 2 9 17
1 2 9 18
1 2 9 19
1 2 9 20
1 2 9 21
1 3 9 8
1 3 9 9
1 3 9 10
1 3 9 11
1 3 9 12
1 3 9 13
1 3 9 14
1 3 9 15
1 3 9 16
1 3 9 17
1 3 9 18
1 3 9 19
1 3 9 20
1 3 9 21
1 4 9 8
1 4 9 9
1 4 9 10
1 4 9 11
1 4 9 12
1 4 9 13
1 4 9 14
1 4 9 15
1 4 9 16
1 4 9 17
1 4 9 18
1 4 9 19
1 4 9 20
1 4 9 21
1 5 9 8
1 5 9 9
1 5 9 10
1 5 9 11
1 5 9 12
1 5 9 13
1 5 9 14
1 5 9 15
1 5 9 16
1 5 9 17
1 5 9 18
1 5 9 19
1 5 9 20
1 5 9 21
1 2 10 8
1 2 10 9
1 2 10 10
1 2 10 11
1 2 10 12
1 2 10 13
1 2 10 14
1 2 10 15
1 2 10 16
1 2 10 17
1 2 10 18
1 2 10 19
1 2 10 20
1 2 10 21
1 3 10 8
1 3 10 9
1 3 10 10
1 3 10 11
1 3 10 12
1 3 10 13
1 3 10 14
1 3 10 15
1 3 10 16
1 3 10 17
1 3 10 18
1 3 10 19
1 3 10 20
1 3 10 21
1 4 10 8
1 4 10 9
1 4 10 10
1 4 10 11
1 4 10 12
1 4 10 13
1 4 10 14
1 4 10 15
1 4 10 16
1 4 10 17
1 4 10 18
1 4 10 19
1 4 10 20
1 4 10 21
1 5 10 8
1 5 10 9
1 5 10 10
1 5 10 11
1 5 10 12
1 5 10 13
1 5 10 14
1 5 10 15
1 5 10 16
1 5 10 17
1 5 10 18
1 5 10 19
1 5 10 20
1 5 10 21
1 2 11 8
1 2 11 9
1 2 11 10
1 2 11 11
1 2 11 12
1 2 11 13
1 2 11 14
1 2 11 15
1 2 11 16
1 2 11 17
1 2 11 18
1 2 11 19
1 2 11 20
1 3 11 8
1 3 11 9
1 3 11 10
1 3 11 11
1 3 11 12
1 3 11 13
1 3 11 14
1 3 11 15
1 3 11 16
1 3 11 17
1 3 11 18
1 3 11 19
1 3 11 20
1 4 11 8
1 4 11 9
1 4 11 10
1 4 11 11
1 4 11 12
1 4 11 13
1 4 11 14
1 4 11 15
1 4 11 16
1 4 11 17
1 4 11 18
1 4 11 19
1 4 11 20
1 5 11 8
1 5 11 9
1 5 11 10
1 5 11 11
1 5 11 12
1 5 11 13
1 5 11 14
1 5 11 15
1 5 11 16
1 5 11 17
1 5 11 18
1 5 11 19
1 5 11 20
1 2 12 8
1 2 12 9
1 2 12 10
1 2 12 11
1 2 12 12
1 2 12 13
1 2 12 14
1 2 12 15
1 2 12 16
1 2 12 17
1 2 12 18
1 2 12 19
1 2 12 20
1 3 12 8
1 3 12 9
1 3 12 10
1 3 12 11
1 3 12 12
1 3 12 13
1 3 12 14
1 3 12 15
1 3 12 16
1 3 12 17
1 3 12 18
1 3 12 19
1 3 12 20
1 4 12 8
1 4 12 9
1 4 12 10
1 4 12 11
1 4 12 12
1 4 12 13
1 4 12 14
1 4 12 15
1 4 12 16
1 4 12 17
1 4 12 18
1 4 12 19
1 4 12 20
1 5 12 8
1 5 12 9
1 5 12 10
1 5 12 11
1 5 12 12
1 5 12 13
1 5 12 14
1 5 12 15
1 5 12 16
1 5 12 17
1 5 12 18
1 5 12 19
1 5 12 20
1 2 13 8
1 2 13 9
1 2 13 10
1 2 13 11
1 2 13 12
1 2 13 13
1 2 13 14
1 2 13 15
1 2 13 16
1 2 13 17
1 2 13 18
1 2 13 19
1 2 13 20
1 3 13 8
1 3 13 9
1 3 13 10
1 3 13 11
1 3 13 12
1 3 13 13
1 3 13 14
1 3 13 15
1 3 13 16
1 3 13 17
1 3 13 18
1 3 13 19
1 3 13 20
1 4 13 8
1 4 13 9
1 4 13 10
1 4 13 11
1 4 13 12
1 4 13 13
1 4 13 14
1 4 13 15
1 4 13 16
1 4 13 17
1 4 13 18
1 4 13 19
1 4 13 20
1 5 13 8
1 5 13 9
1 5 13 10
1 5 13 11
1 5 13 12
1 5 13 13
1 5 13 14
1 5 13 15
1 5 13 16
1 5 13 17
1 5 13 18
1 5 13 19
1 5 13 20
1 2 14 8
1 2 14 9
1 2 14 10
1 2 14 11
1 2 14 12
1 2 14 13
1 2 14 14
1 2 14 15
1 2 14 16
1 2 14 17
1 2 14 18
1 2 14 19
1 2 14 20
1 3 14 8
1 3 14 9
1 3 14 10
1 3 14 11
1 3 14 12
1 3 14 13
1 3 14 14
1 3 14 15
1 3 14 16
1 3 14 17
1 3 14 18
1 3 14 19
1 3 14 20
1 4 14 8
1 4 14 9
1 4 14 10
1 4 14 11
1 4 14 12
1 4 14 13
1 4 14 14
1 4 14 15
1 4 14 16
1 4 14 17
1 4 14 18
1 4 14 19
1 4 14 20
1 5 14 8
1 5 14 9
1 5 14 10
1 5 14 11
1 5 14 12
1 5 14 13
1 5 14 14
1 5 14 15
1 5 14 16
1 5 14 17
1 5 14 18
1 5 14 19
1 5 14 20
1 5 15 8
1 5 15 9
1 5 15 10
1 5 15 11
1 5 15 12
1 5 15 13
1 5 15 14
1 5 15 15
1 5 15 16
1 5 15 17
1 5 15 18
1 5 15 19
1 5 15 20
1 2 16 5
1 2 16 8
1 2 16 9
1 2 16 10
1 2 16 11
1 2 16 12
1 2 16 13
1 2 16 14
1 2 16 15
1 2 16 16
1 2 16 17
1 2 16 18
1 2 16 19
1 2 16 20
1 3 16 5
1 3 16 8
1 3 16 9
1 3 16 10
1 3 16 11
1 3 16 12
1 3 16 13
1 3 16 14
1 3 16 15
1 3 16 16
1 3 16 17
1 3 16 18
1 3 16 19
1 3 16 20
1 5 16 8
1 5 16 9
1 5 16 10
1 5 16 11
1 5 16 12
1 5 16 13
1 5 16 14
1 5 16 15
1 5 16 16
1 5 16 17
1 5 16 18
1 5 16 19
1 5 16 20
2 1 5 8
2 1 5 9
2 1 5 10
2 1 5 11
2 1 5 12
2 1 5 13
2 1 5 14
2 1 5 15
2 1 5 16
2 1 5 17
2 1 5 18
2 1 5 19
2 1 5 20
2 1 5 21
2 2 5 8
2 2 5 9
2 2 5 10
2 2 5 11
2 2 5 12
2 2 5 13
2 2 5 14
2 2 5 15
2 2 5 16
2 2 5 17
2 2 5 18
2 2 5 19
2 2 5 20
2 2 5 21
2 3 5 8
2 3 5 9
2 3 5 10
2 3 5 11
2 3 5 12
2 3 5 13
2 3 5 14
2 3 5 15
2 3 5 16
2 3 5 17
2 3 5 18
2 3 5 19
2 3 5 20
2 3 5 21
2 4 5 8
2 4 5 9
2 4 5 10
2 4 5 11
2 4 5 12
2 4 5 13
2 4 5 14
2 4 5 15
2 4 5 16
2 4 5 17
2 4 5 18
2 4 5 19
2 4 5 20
2 4 5 21
2 5 5 8
2 5 5 9
2 5 5 10
2 5 5 11
2 5 5 12
2 5 5 13
2 5 5 14
2 5 5 15
2 5 5 16
2 5 5 17
2 5 5 18
2 5 5 19
2 5 5 20
2 5 5 21
2 1 6 8
2 1 6 9
2 1 6 10
2 1 6 11
2 1 6 12
2 1 6 13
2 1 6 14
2 1 6 15
2 1 6 16
2 1 6 17
2 1 6 18
2 1 6 19
2 1 6 20
2 1 6 21
2 2 6 8
2 2 6 9
2 2 6 10
2 2 6 11
2 2 6 12
2 2 6 13
2 2 6 14
2 2 6 15
2 2 6 16
2 2 6 17
2 2 6 18
2 2 6 19
2 2 6 20
2 2 6 21
2 3 6 8
2 3 6 9
2 3 6 10
2 3 6 11
2 3 6 12
2 3 6 13
2 3 6 14
2 3 6 15
2 3 6 16
2 3 6 17
2 3 6 18
2 3 6 19
2 3 6 20
2 3 6 21
2 4 6 8
2 4 6 9
2 4 6 10
2 4 6 11
2 4 6 12
2 4 6 13
2 4 6 14
2 4 6 15
2 4 6 16
2 4 6 17
2 4 6 18
2 4 6 19
2 4 6 20
2 4 6 21
2 5 6 8
2 5 6 9
2 5 6 10
2 5 6 11
2 5 6 12
2 5 6 13
2 5 6 14
2 5 6 15
2 5 6 16
2 5 6 17
2 5 6 18
2 5 6 19
2 5 6 20
2 5 6 21
2 1 7 8
2 1 7 9
2 1 7 10
2 1 7 11
2 1 7 12
2 1 7 13
2 1 7 14
2 1 7 15
2 1 7 16
2 1 7 17
2 1 7 18
2 1 7 19
2 1 7 20
2 1 7 21
2 2 7 8
2 2 7 9
2 2 7 10
2 2 7 11
2 2 7 12
2 2 7 13
2 2 7 14
2 2 7 15
2 2 7 16
2 2 7 17
2 2 7 18
2 2 7 19
2 2 7 20
2 2 7 21
2 3 7 8
2 3 7 9
2 3 7 10
2 3 7 11
2 3 7 12
2 3 7 13
2 3 7 14
2 3 7 15
2 3 7 16
2 3 7 17
2 3 7 18
2 3 7 19
2 3 7 20
2 3 7 21
2 4 7 8
2 4 7 9
2 4 7 10
2 4 7 11
2 4 7 12
2 4 7 13
2 4 7 14
2 4 7 15
2 4 7 16
2 4 7 17
2 4 7 18
2 4 7 19
2 4 7 20
2 4 7 21
2 5 7 8
2 5 7 9
2 5 7 10
2 5 7 11
2 5 7 12
2 5 7 13
2 5 7 14
2 5 7 15
2 5 7 16
2 5 7 17
2 5 7 18
2 5 7 19
2 5 7 20
2 5 7 21
2 1 8 8
2 1 8 9
2 1 8 10
2 1 8 11
2 1 8 12
2 1 8 13
2 1 8 14
2 1 8 15
2 1 8 16
2 1 8 17
2 1 8 18
2 1 8 19
2 1 8 20
2 1 8 21
2 2 8 8
2 2 8 9
2 2 8 10
2 2 8 11
2 2 8 12
2 2 8 13
2 2 8 14
2 2 8 15
2 2 8 16
2 2 8 17
2 2 8 18
2 2 8 19
2 2 8 20
2 2 8 21
2 3 8 8
2 3 8 9
2 3 8 10
2 3 8 11
2 3 8 12
2 3 8 13
2 3 8 14
2 3 8 15
2 3 8 16
2 3 8 17
2 3 8 18
2 3 8 19
2 3 8 20
2 3 8 21
2 4 8 8
2 4 8 9
2 4 8 10
2 4 8 11
2 4 8 12
2 4 8 13
2 4 8 14
2 4 8 15
2 4 8 16
2 4 8 17
2 4 8 18
2 4 8 19
2 4 8 20
2 4 8 21
2 5 8 8
2 5 8 9
2 5 8 10
2 5 8 11
2 5 8 12
2 5 8 13
2 5 8 14
2 5 8 15
2 5 8 16
2 5 8 17
2 5 8 18
2 5 8 19
2 5 8 20
2 5 8 21
2 2 9 8
2 2 9 9
2 2 9 10
2 2 9 11
2 2 9 12
2 2 9 13
2 2 9 14
2 2 9 15
2 2 9 16
2 2 9 17
2 2 9 18
2 2 9 19
2 2 9 20
2 2 9 21
2 3 9 8
2 3 9 9
2 3 9 10
2 3 9 11
2 3 9 12
2 3 9 13
2 3 9 14
2 3 9 15
2 3 9 16
2 3 9 17
2 3 9 18
2 3 9 19
2 3 9 20
2 3 9 21
2 4 9 8
2 4 9 9
2 4 9 10
2 4 9 11
2 4 9 12
2 4 9 13
2 4 9 14
2 4 9 15
2 4 9 16
2 4 9 17
2 4 9 18
2 4 9 19
2 4 9 20
2 4 9 21
2 5 9 8
2 5 9 9
2 5 9 10
2 5 9 11
2 5 9 12
2 5 9 13
2 5 9 14
2 5 9 15
2 5 9 16
2 5 9 17
2 5 9 18
2 5 9 19
2 5 9 20
2 5 9 21
2 2 10 8
2 2 10 9
2 2 10 10
2 2 10 11
2 2 10 12
2 2 10 13
2 2 10 14
2 2 10 15
2 2 10 16
2 2 10 17
2 2 10 18
2 2 10 19
2 2 10 20
2 2 10 21
2 3 10 8
2 3 10 9
2 3 10 10
2 3 10 11
2 3 10 12
2 3 10 13
2 3 10 14
2 3 10 15
2 3 10 16
2 3 10 17
2 3 10 18
2 3 10 19
2 3 10 20
2 3 10 21
2 4 10 8
2 4 10 9
2 4 10 10
2 4 10 11
2 4 10 12
2 4 10 13
2 4 10 14
2 4 10 15
2 4 10 16
2 4 10 17
2 4 10 18
2 4 10 19
2 4 10 20
2 4 10 21
2 5 10 8
2 5 10 9
2 5 10 10
2 5 10 11
2 5 10 12
2 5 10 13
2 5 10 14
2 5 10 15
2 5 10 16
2 5 10 17
2 5 10 18
2 5 10 19
2 5 10 20
2 5 10 21
2 2 11 8
2 2 11 9
2 2 11 10
2 2 11 11
2 2 11 12
2 2 11 13
2 2 11 14
2 2 11 15
2 2 11 16
2 2 11 17
2 2 11 18
2 2 11 19
2 2 11 20
2 3 11 8
2 3 11 9
2 3 11 10
2 3 11 11
2 3 11 12
2 3 11 13
2 3 11 14
2 3 11 15
2 3 11 16
2 3 11 17
2 3 11 18
2 3 11 19
2 3 11 20
2 4 11 8
2 4 11 9
2 4 11 10
2 4 11 11
2 4 11 12
2 4 11 13
2 4 11 14
2 4 11 15
2 4 11 16
2 4 11 17
2 4 11 18
2 4 11 19
2 4 11 20
2 5 11 8
2 5 11 9
2 5 11 10
2 5 11 11
2 5 11 12
2 5 11 13
2 5 11 14
2 5 11 15
2 5 11 16
2 5 11 17
2 5 11 18
2 5 11 19
2 5 11 20
2 2 12 8
2 2 12 9
2 2 12 10
2 2 12 11
2 2 12 12
2 2 12 13
2 2 12 14
2 2 12 15
2 2 12 16
2 2 12 17
2 2 12 18
2 2 12 19
2 2 12 20
2 3 12 8
2 3 12 9
2 3 12 10
2 3 12 11
2 3 12 12
2 3 12 13
2 3 12 14
2 3 12 15
2 3 12 16
2 3 12 17
2 3 12 18
2 3 12 19
2 3 12 20
2 4 12 8
2 4 12 9
2 4 12 10
2 4 12 11
2 4 12 12
2 4 12 13
2 4 12 14
2 4 12 15
2 4 12 16
2 4 12 17
2 4 12 18
2 4 12 19
2 4 12 20
2 5 12 8
2 5 12 9
2 5 12 10
2 5 12 11
2 5 12 12
2 5 12 13
2 5 12 14
2 5 12 15
2 5 12 16
2 5 12 17
2 5 12 18
2 5 12 19
2 5 12 20
2 2 13 8
2 2 13 9
2 2 13 10
2 2 13 11
2 2 13 12
2 2 13 13
2 2 13 14
2 2 13 15
2 2 13 16
2 2 13 17
2 2 13 18
2 2 13 19
2 2 13 20
2 3 13 8
2 3 13 9
2 3 13 10
2 3 13 11
2 3 13 12
2 3 13 13
2 3 13 14
2 3 13 15
2 3 13 16
2 3 13 17
2 3 13 18
2 3 13 19
2 3 13 20
2 4 13 8
2 4 13 9
2 4 13 10
2 4 13 11
2 4 13 12
2 4 13 13
2 4 13 14
2 4 13 15
2 4 13 16
2 4 13 17
2 4 13 18
2 4 13 19
2 4 13 20
2 5 13 8
2 5 13 9
2 5 13 10
2 5 13 11
2 5 13 12
2 5 13 13
2 5 13 14
2 5 13 15
2 5 13 16
2 5 13 17
2 5 13 18
2 5 13 19
2 5 13 20
2 2 14 8
2 2 14 9
2 2 14 10
2 2 14 11
2 2 14 12
2 2 14 13
2 2 14 14
2 2 14 15
2 2 14 16
2 2 14 17
2 2 14 18
2 2 14 19
2 2 14 20
2 3 14 8
2 3 14 9
2 3 14 10
2 3 14 11
2 3 14 12
2 3 14 13
2 3 14 14
2 3 14 15
2 3 14 16
2 3 14 17
2 3 14 18
2 3 14 19
2 3 14 20
2 4 14 8
2 4 14 9
2 4 14 10
2 4 14 11
2 4 14 12
2 4 14 13
2 4 14 14
2 4 14 15
2 4 14 16
2 4 14 17
2 4 14 18
2 4 14 19
2 4 14 20
2 5 14 8
2 5 14 9
2 5 14 10
2 5 14 11
2 5 14 12
2 5 14 13
2 5 14 14
2 5 14 15
2 5 14 16
2 5 14 17
2 5 14 18
2 5 14 19
2 5 14 20
2 5 15 8
2 5 15 9
2 5 15 10
2 5 15 11
2 5 15 12
2 5 15 13
2 5 15 14
2 5 15 15
2 5 15 16
2 5 15 17
2 5 15 18
2 5 15 19
2 5 15 20
2 2 16 5
2 2 16 8
2 2 16 9
2 2 16 10
2 2 16 11
2 2 16 12
2 2 16 13
2 2 16 14
2 2 16 15
2 2 16 16
2 2 16 17
2 2 16 18
2 2 16 19
2 2 16 20
2 3 16 5
2 3 16 8
2 3 16 9
2 3 16 10
2 3 16 11
2 3 16 12
2 3 16 13
2 3 16 14
2 3 16 15
2 3 16 16
2 3 16 17
2 3 16 18
2 3 16 19
2 3 16 20
2 5 16 8
2 5 16 9
2 5 16 10
2 5 16 11
2 5 16 12
2 5 16 13
2 5 16 14
2 5 16 15
2 5 16 16
2 5 16 17
2 5 16 18
2 5 16 19
2 5 16 20
3 1 5 8
3 1 5 9
3 1 5 10
3 1 5 11
3 1 5 12
3 1 5 13
3 1 5 14
3 1 5 15
3 1 5 16
3 1 5 17
3 1 5 18
3 1 5 19
3 1 5 20
3 1 5 21
3 2 5 8
3 2 5 9
3 2 5 10
3 2 5 11
3 2 5 12
3 2 5 13
3 2 5 14
3 2 5 15
3 2 5 16
3 2 5 17
3 2 5 18
3 2 5 19
3 2 5 20
3 2 5 21
3 3 5 8
3 3 5 9
3 3 5 10
3 3 5 11
3 3 5 12
3 3 5 13
3 3 5 14
3 3 5 15
3 3 5 16
3 3 5 17
3 3 5 18
3 3 5 19
3 3 5 20
3 3 5 21
3 4 5 8
3 4 5 9
3 4 5 10
3 4 5 11
3 4 5 12
3 4 5 13
3 4 5 14
3 4 5 15
3 4 5 16
3 4 5 17
3 4 5 18
3 4 5 19
3 4 5 20
3 4 5 21
3 5 5 8
3 5 5 9
3 5 5 10
3 5 5 11
3 5 5 12
3 5 5 13
3 5 5 14
3 5 5 15
3 5 5 16
3 5 5 17
3 5 5 18
3 5 5 19
3 5 5 20
3 5 5 21
3 1 6 8
3 1 6 9
3 1 6 10
3 1 6 11
3 1 6 12
3 1 6 13
3 1 6 14
3 1 6 15
3 1 6 16
3 1 6 17
3 1 6 18
3 1 6 19
3 1 6 20
3 1 6 21
3 2 6 8
3 2 6 9
3 2 6 10
3 2 6 11
3 2 6 12
3 2 6 13
3 2 6 14
3 2 6 15
3 2 6 16
3 2 6 17
3 2 6 18
3 2 6 19
3 2 6 20
3 2 6 21
3 3 6 8
3 3 6 9
3 3 6 10
3 3 6 11
3 3 6 12
3 3 6 13
3 3 6 14
3 3 6 15
3 3 6 16
3 3 6 17
3 3 6 18
3 3 6 19
3 3 6 20
3 3 6 21
3 4 6 8
3 4 6 9
3 4 6 10
3 4 6 11
3 4 6 12
3 4 6 13
3 4 6 14
3 4 6 15
3 4 6 16
3 4 6 17
3 4 6 18
3 4 6 19
3 4 6 20
3 4 6 21
3 5 6 8
3 5 6 9
3 5 6 10
3 5 6 11
3 5 6 12
3 5 6 13
3 5 6 14
3 5 6 15
3 5 6 16
3 5 6 17
3 5 6 18
3 5 6 19
3 5 6 20
3 5 6 21
3 1 7 8
3 1 7 9
3 1 7 10
3 1 7 11
3 1 7 12
3 1 7 13
3 1 7 14
3 1 7 15
3 1 7 16
3 1 7 17
3 1 7 18
3 1 7 19
3 1 7 20
3 1 7 21
3 2 7 8
3 2 7 9
3 2 7 10
3 2 7 11
3 2 7 12
3 2 7 13
3 2 7 14
3 2 7 15
3 2 7 16
3 2 7 17
3 2 7 18
3 2 7 19
3 2 7 20
3 2 7 21
3 3 7 8
3 3 7 9
3 3 7 10
3 3 7 11
3 3 7 12
3 3 7 13
3 3 7 14
3 3 7 15
3 3 7 16
3 3 7 17
3 3 7 18
3 3 7 19
3 3 7 20
3 3 7 21
3 4 7 8
3 4 7 9
3 4 7 10
3 4 7 11
3 4 7 12
3 4 7 13
3 4 7 14
3 4 7 15
3 4 7 16
3 4 7 17
3 4 7 18
3 4 7 19
3 4 7 20
3 4 7 21
3 5 7 8
3 5 7 9
3 5 7 10
3 5 7 11
3 5 7 12
3 5 7 13
3 5 7 14
3 5 7 15
3 5 7 16
3 5 7 17
3 5 7 18
3 5 7 19
3 5 7 20
3 5 7 21
3 1 8 8
3 1 8 9
3 1 8 10
3 1 8 11
3 1 8 12
3 1 8 13
3 1 8 14
3 1 8 15
3 1 8 16
3 1 8 17
3 1 8 18
3 1 8 19
3 1 8 20
3 1 8 21
3 2 8 8
3 2 8 9
3 2 8 10
3 2 8 11
3 2 8 12
3 2 8 13
3 2 8 14
3 2 8 15
3 2 8 16
3 2 8 17
3 2 8 18
3 2 8 19
3 2 8 20
3 2 8 21
3 3 8 8
3 3 8 9
3 3 8 10
3 3 8 11
3 3 8 12
3 3 8 13
3 3 8 14
3 3 8 15
3 3 8 16
3 3 8 17
3 3 8 18
3 3 8 19
3 3 8 20
3 3 8 21
3 4 8 8
3 4 8 9
3 4 8 10
3 4 8 11
3 4 8 12
3 4 8 13
3 4 8 14
3 4 8 15
3 4 8 16
3 4 8 17
3 4 8 18
3 4 8 19
3 4 8 20
3 4 8 21
3 5 8 8
3 5 8 9
3 5 8 10
3 5 8 11
3 5 8 12
3 5 8 13
3 5 8 14
3 5 8 15
3 5 8 16
3 5 8 17
3 5 8 18
3 5 8 19
3 5 8 20
3 5 8 21
3 2 9 8
3 2 9 9
3 2 9 10
3 2 9 11
3 2 9 12
3 2 9 13
3 2 9 14
3 2 9 15
3 2 9 16
3 2 9 17
3 2 9 18
3 2 9 19
3 2 9 20
3 2 9 21
3 3 9 8
3 3 9 9
3 3 9 10
3 3 9 11
3 3 9 12
3 3 9 13
3 3 9 14
3 3 9 15
3 3 9 16
3 3 9 17
3 3 9 18
3 3 9 19
3 3 9 20
3 3 9 21
3 4 9 8
3 4 9 9
3 4 9 10
3 4 9 11
3 4 9 12
3 4 9 13
3 4 9 14
3 4 9 15
3 4 9 16
3 4 9 17
3 4 9 18
3 4 9 19
3 4 9 20
3 4 9 21
3 5 9 8
3 5 9 9
3 5 9 10
3 5 9 11
3 5 9 12
3 5 9 13
3 5 9 14
3 5 9 15
3 5 9 16
3 5 9 17
3 5 9 18
3 5 9 19
3 5 9 20
3 5 9 21
3 2 10 8
3 2 10 9
3 2 10 10
3 2 10 11
3 2 10 12
3 2 10 13
3 2 10 14
3 2 10 15
3 2 10 16
3 2 10 17
3 2 10 18
3 2 10 19
3 2 10 20
3 2 10 21
3 3 10 8
3 3 10 9
3 3 10 10
3 3 10 11
3 3 10 12
3 3 10 13
3 3 10 14
3 3 10 15
3 3 10 16
3 3 10 17
3 3 10 18
3 3 10 19
3 3 10 20
3 3 10 21
3 4 10 8
3 4 10 9
3 4 10 10
3 4 10 11
3 4 10 12
3 4 10 13
3 4 10 14
3 4 10 15
3 4 10 16
3 4 10 17
3 4 10 18
3 4 10 19
3 4 10 20
3 4 10 21
3 5 10 8
3 5 10 9
3 5 10 10
3 5 10 11
3 5 10 12
3 5 10 13
3 5 10 14
3 5 10 15
3 5 10 16
3 5 10 17
3 5 10 18
3 5 10 19
3 5 10 20
3 5 10 21
3 2 11 8
3 2 11 9
3 2 11 10
3 2 11 11
3 2 11 12
3 2 11 13
3 2 11 14
3 2 11 15
3 2 11 16
3 2 11 17
3 2 11 18
3 2 11 19
3 2 11 20
3 3 11 8
3 3 11 9
3 3 11 10
3 3 11 11
3 3 11 12
3 3 11 13
3 3 11 14
3 3 11 15
3 3 11 16
3 3 11 17
3 3 11 18
3 3 11 19
3 3 11 20
3 4 11 8
3 4 11 9
3 4 11 10
3 4 11 11
3 4 11 12
3 4 11 13
3 4 11 14
3 4 11 15
3 4 11 16
3 4 11 17
3 4 11 18
3 4 11 19
3 4 11 20
3 5 11 8
3 5 11 9
3 5 11 10
3 5 11 11
3 5 11 12
3 5 11 13
3 5 11 14
3 5 11 15
3 5 11 16
3 5 11 17
3 5 11 18
3 5 11 19
3 5 11 20
3 2 12 8
3 2 12 9
3 2 12 10
3 2 12 11
3 2 12 12
3 2 12 13
3 2 12 14
3 2 12 15
3 2 12 16
3 2 12 17
3 2 12 18
3 2 12 19
3 2 12 20
3 3 12 8
3 3 12 9
3 3 12 10
3 3 12 11
3 3 12 12
3 3 12 13
3 3 12 14
3 3 12 15
3 3 12 16
3 3 12 17
3 3 12 18
3 3 12 19
3 3 12 20
3 4 12 8
3 4 12 9
3 4 12 10
3 4 12 11
3 4 12 12
3 4 12 13
3 4 12 14
3 4 12 15
3 4 12 16
3 4 12 17
3 4 12 18
3 4 12 19
3 4 12 20
3 5 12 8
3 5 12 9
3 5 12 10
3 5 12 11
3 5 12 12
3 5 12 13
3 5 12 14
3 5 12 15
3 5 12 16
3 5 12 17
3 5 12 18
3 5 12 19
3 5 12 20
3 2 13 8
3 2 13 9
3 2 13 10
3 2 13 11
3 2 13 12
3 2 13 13
3 2 13 14
3 2 13 15
3 2 13 16
3 2 13 17
3 2 13 18
3 2 13 19
3 2 13 20
3 3 13 8
3 3 13 9
3 3 13 10
3 3 13 11
3 3 13 12
3 3 13 13
3 3 13 14
3 3 13 15
3 3 13 16
3 3 13 17
3 3 13 18
3 3 13 19
3 3 13 20
3 4 13 8
3 4 13 9
3 4 13 10
3 4 13 11
3 4 13 12
3 4 13 13
3 4 13 14
3 4 13 15
3 4 13 16
3 4 13 17
3 4 13 18
3 4 13 19
3 4 13 20
3 5 13 8
3 5 13 9
3 5 13 10
3 5 13 11
3 5 13 12
3 5 13 13
3 5 13 14
3 5 13 15
3 5 13 16
3 5 13 17
3 5 13 18
3 5 13 19
3 5 13 20
3 2 14 8
3 2 14 9
3 2 14 10
3 2 14 11
3 2 14 12
3 2 14 13
3 2 14 14
3 2 14 15
3 2 14 16
3 2 14 17
3 2 14 18
3 2 14 19
3 2 14 20
3 3 14 8
3 3 14 9
3 3 14 10
3 3 14 11
3 3 14 12
3 3 14 13
3 3 14 14
3 3 14 15
3 3 14 16
3 3 14 17
3 3 14 18
3 3 14 19
3 3 14 20
3 4 14 8
3 4 14 9
3 4 14 10
3 4 14 11
3 4 14 12
3 4 14 13
3 4 14 14
3 4 14 15
3 4 14 16
3 4 14 17
3 4 14 18
3 4 14 19
3 4 14 20
3 5 14 8
3 5 14 9
3 5 14 10
3 5 14 11
3 5 14 12
3 5 14 13
3 5 14 14
3 5 14 15
3 5 14 16
3 5 14 17
3 5 14 18
3 5 14 19
3 5 14 20
3 5 15 8
3 5 15 9
3 5 15 10
3 5 15 11
3 5 15 12
3 5 15 13
3 5 15 14
3 5 15 15
3 5 15 16
3 5 15 17
3 5 15 18
3 5 15 19
3 5 15 20
3 2 16 5
3 2 16 8
3 2 16 9
3 2 16 10
3 2 16 11
3 2 16 12
3 2 16 13
3 2 16 14
3 2 16 15
3 2 16 16
3 2 16 17
3 2 16 18
3 2 16 19
3 2 16 20
3 3 16 5
3 3 16 8
3 3 16 9
3 3 16 10
3 3 16 11
3 3 16 12
3 3 16 13
3 3 16 14
3 3 16 15
3 3 16 16
3 3 16 17
3 3 16 18
3 3 16 19
3 3 16 20
3 5 16 8
3 5 16 9
3 5 16 10
3 5 16 11
3 5 16 12
3 5 16 13
3 5 16 14
3 5 16 15
3 5 16 16
3 5 16 17
3 5 16 18
3 5 16 19
3 5 16 20
4 2 16 5
4 3 16 5
5 2 16 5
5 2 16 6
5 2 16 7
5 2 16 8
5 2 16 9
5 2 16 10
5 2 16 11
5 2 16 12
5 2 16 13
5 2 16 14
5 2 16 15
5 2 16 16
5 2 16 17
5 2 16 18
5 2 16 19
5 2 16 20
5 3 16 5
5 3 16 6
5 3 16 7
5 3 16 8
5 3 16 9
5 3 16 10
5 3 16 11
5 3 16 12
5 3 16 13
5 3 16 14
5 3 16 15
5 3 16 16
5 3 16 17
5 3 16 18
5 3 16 19
5 3 16 20
6 2 16 5
6 2 16 6
6 2 16 7
6 2 16 8
6 2 16 9
6 2 16 10
6 2 16 11
6 2 16 12
6 2 16 13
6 2 16 14
6 2 16 15
6 2 16 16
6 2 16 17
6 2 16 18
6 2 16 19
6 2 16 20
6 3 16 5
6 3 16 6
6 3 16 7
6 3 16 8
6 3 16 9
6 3 16 10
6 3 16 11
6 3 16 12
6 3 16 13
6 3 16 14
6 3 16 15
6 3 16 16
6 3 16 17
6 3 16 18
6 3 16 19
6 3 16 20
7 2 16 5
7 2 16 6
7 2 16 7
7 2 16 8
7 2 16 9
7 2 16 10
7 2 16 11
7 2 16 12
7 2 16 13
7 2 16 14
7 2 16 15
7 2 16 16
7 2 16 17
7 2 16 18
7 2 16 19
7 2 16 20
7 3 16 5
7 3 16 6
7 3 16 7
7 3 16 8
7 3 16 9
7 3 16 10
7 3 16 11
7 3 16 12
7 3 16 13
7 3 16 14
7 3 16 15
7 3 16 16
7 3 16 17
7 3 16 18
7 3 16 19
7 3 16 20
8 2 16 5
8 2 16 6
8 2 16 7
8 2 16 8
8 2 16 9
8 2 16 10
8 2 16 11
8 2 16 12
8 2 16 13
8 2 16 14
8 2 16 15
8 2 16 16
8 2 16 17
8 2 16 18
8 2 16 19
8 2 16 20
8 3 16 5
8 3 16 6
8 3 16 7
8 3 16 8
8 3 16 9
8 3 16 10
8 3 16 11
8 3 16 12
8 3 16 13
8 3 16 14
8 3 16 15
8 3 16 16
8 3 16 17
8 3 16 18
8 3 16 19
8 3 16 20
9 2 16 5
9 2 16 6
9 2 16 7
9 2 16 8
9 2 16 9
9 2 16 10
9 2 16 11
9 2 16 12
9 2 16 13
9 2 16 14
9 2 16 15
9 2 16 16
9 2 16 17
9 2 16 18
9 2 16 19
9 2 16 20
9 3 16 5
9 3 16 6
9 3 16 7
9 3 16 8
9 3 16 9
9 3 16 10
9 3 16 11
9 3 16 12
9 3 16 13
9 3 16 14
9 3 16 15
9 3 16 16
9 3 16 17
9 3 16 18
9 3 16 19
9 3 16 20
10 2 16 5
10 2 16 6
10 2 16 7
10 2 16 8
10 2 16 9
10 2 16 10
10 2 16 11
10 2 16 12
10 2 16 13
10 2 16 14
10 2 16 15
10 2 16 16
10 2 16 17
10 2 16 18
10 2 16 19
10 2 16 20
10 3 16 5
10 3 16 6
10 3 16 7
10 3 16 8
10 3 16 9
10 3 16 10
10 3 16 11
10 3 16 12
10 3 16 13
10 3 16 14
10 3 16 15
10 3 16 16
10 3 16 17
10 3 16 18
10 3 16 19
10 3 16 20
11 2 16 5
11 2 16 6
11 2 16 7
11 2 16 8
11 2 16 9
11 2 16 10
11 2 16 11
11 2 16 12
11 2 16 13
11 2 16 14
11 2 16 15
11 2 16 16
11 2 16 17
11 2 16 18
11 2 16 19
11 2 16 20
11 3 16 5
11 3 16 6
11 3 16 7
11 3 16 8
11 3 16 9
11 3 16 10
11 3 16 11
11 3 16 12
11 3 16 13
11 3 16 14
11 3 16 15
11 3 16 16
11 3 16 17
11 3 16 18
11 3 16 19
11 3 16 20
12 2 16 5
12 2 16 6
12 2 16 7
12 2 16 8
12 2 16 9
12 2 16 10
12 2 16 11
12 2 16 12
12 2 16 13
12 2 16 14
12 2 16 15
12 2 16 16
12 2 16 17
12 2 16 18
12 2 16 19
12 2 16 20
12 3 16 5
12 3 16 6
12 3 16 7
12 3 16 8
12 3 16 9
12 3 16 10
12 3 16 11
12 3 16 12
12 3 16 13
12 3 16 14
12 3 16 15
12 3 16 16
12 3 16 17
12 3 16 18
12 3 16 19
12 3 16 20
13 2 16 5
13 2 16 6
13 2 16 7
13 2 16 8
13 2 16 9
13 2 16 10
13 2 16 11
13 2 16 12
13 2 16 13
13 2 16 14
13 2 16 15
13 2 16 16
13 2 16 17
13 2 16 18
13 2 16 19
13 2 16 20
13 3 16 5
13 3 16 6
13 3 16 7
13 3 16 8
13 3 16 9
13 3 16 10
13 3 16 11
13 3 16 12
13 3 16 13
13 3 16 14
13 3 16 15
13 3 16 16
13 3 16 17
13 3 16 18
13 3 16 19
13 3 16 20
14 2 16 5
14 2 16 6
14 2 16 7
14 2 16 8
14 2 16 9
14 2 16 10
14 2 16 11
14 2 16 12
14 2 16 13
14 2 16 14
14 2 16 15
14 2 16 16
14 2 16 17
14 2 16 18
14 2 16 19
14 2 16 20
14 3 16 5
14 3 16 6
14 3 16 7
14 3 16 8
14 3 16 9
14 3 16 10
14 3 16 11
14 3 16 12
14 3 16 13
14 3 16 14
14 3 16 15
14 3 16 16
14 3 16 17
14 3 16 18
14 3 16 19
14 3 16 20
