21 25
0000000000000000000000000
0000011111100000000000000
0000010000100000000000000
0000010000100111111111111
0000010000100100000000001
0000010000101111111000001
0000010000101100001000001
0000010000101111111111111
0000010000101111111000000
0000011111101000011000000
0000000000001000011000000
0000000000001111111000000
0000011110001000001000000
0000010010001000001000000
0000010010001000001000000
0000010010001111111000000
0000010010000000000000000
0000010010000000000000000
0000011110000000000000000
0000000000000000000000000
0000000000000000000000000
16
2 6 10 11
4 14 8 25
6 13 8 19
6 14 8 19
6 13 9 19
6 14 9 19
6 13 12 19
6 13 16 19
8 13 12 18
8 13 12 19
8 13 16 19
9 13 12 18
9 13 12 19
9 13 16 19
12 13 16 19
13 6 19 9
