23 10
1111111111
1000000101
1000000101
1011111101
1010000101
1111110101
1111111111
1011010100
1011011110
1011010110
1111111110
1111111110
1111011110
1111111110
1111110110
1111110110
1111111110
1011111110
1001011110
1001000000
1111000000
0000000000
0000000000
250
1 1 7 8
1 1 7 10
1 8 7 10
1 1 11 8
1 1 12 8
1 1 14 8
1 1 17 8
4 3 7 8
4 3 11 8
4 3 12 8
4 3 14 8
4 3 17 8
4 3 18 8
6 1 11 3
6 1 11 4
6 1 11 6
6 3 11 6
6 4 11 6
6 1 12 3
6 1 12 4
6 1 12 6
6 3 12 6
6 4 12 6
6 1 13 3
6 1 13 4
6 1 14 3
6 1 14 4
6 1 14 6
6 3 14 6
6 4 14 6
6 1 15 3
6 1 15 4
6 1 15 6
6 3 15 6
6 4 15 6
6 1 16 3
6 1 16 4
6 1 16 6
6 3 16 6
6 4 16 6
6 1 17 3
6 1 17 4
6 1 17 6
6 3 17 6
6 4 17 6
6 3 18 6
6 4 18 6
6 1 21 4
7 6 9 8
7 1 11 3
7 1 11 4
7 1 11 6
7 1 11 8
7 3 11 6
7 3 11 8
7 4 11 6
7 4 11 8
7 6 11 8
7 1 12 3
7 1 12 4
7 1 12 6
7 1 12 8
7 3 12 6
7 3 12 8
7 4 12 6
7 4 12 8
7 6 12 8
7 1 13 3
7 1 13 4
7 6 13 8
7 1 14 3
7 1 14 4
7 1 14 6
7 1 14 8
7 3 14 6
7 3 14 8
7 4 14 6
7 4 14 8
7 6 14 8
7 1 15 3
7 1 15 4
7 1 15 6
7 3 15 6
7 4 15 6
7 1 16 3
7 1 16 4
7 1 16 6
7 3 16 6
7 4 16 6
7 1 17 3
7 1 17 4
7 1 17 6
7 1 17 8
7 3 17 6
7 3 17 8
7 4 17 6
7 4 17 8
7 6 17 8
7 3 18 6
7 3 18 8
7 4 18 6
7 4 18 8
7 6 18 8
7 6 19 8
7 1 21 4
9 6 11 8
9 6 11 9
9 6 12 8
9 6 12 9
9 6 13 8
9 6 13 9
9 6 14 8
9 6 14 9
9 6 17 8
9 6 17 9
9 6 18 8
9 6 18 9
9 6 19 8
9 6 19 9
11 1 14 6
11 1 14 7
11 1 14 8
11 1 14 9
11 2 14 6
11 2 14 7
11 2 14 8
11 2 14 9
11 3 14 6
11 3 14 7
11 3 14 8
11 3 14 9
11 4 14 6
11 4 14 7
11 4 14 8
11 4 14 9
11 1 15 6
11 2 15 6
11 3 15 6
11 4 15 6
11 1 16 6
11 2 16 6
11 3 16 6
11 4 16 6
11 1 17 6
11 1 17 8
11 1 17 9
11 2 17 6
11 2 17 8
11 2 17 9
11 3 17 6
11 3 17 8
11 3 17 9
11 4 17 6
11 4 17 8
11 4 17 9
11 6 17 8
11 6 17 9
11 3 18 6
11 3 18 8
11 3 18 9
11 4 18 6
11 4 18 8
11 4 18 9
11 6 18 8
11 6 18 9
11 6 19 8
11 6 19 9
11 1 21 4
12 1 14 6
12 1 14 7
12 1 14 8
12 1 14 9
12 2 14 6
12 2 14 7
12 2 14 8
12 2 14 9
12 3 14 6
12 3 14 7
12 3 14 8
12 3 14 9
12 4 14 6
12 4 14 7
12 4 14 8
12 4 14 9
12 1 15 6
12 2 15 6
12 3 15 6
12 4 15 6
12 1 16 6
12 2 16 6
12 3 16 6
12 4 16 6
12 1 17 6
12 1 17 8
12 1 17 9
12 2 17 6
12 2 17 8
12 2 17 9
12 3 17 6
12 3 17 8
12 3 17 9
12 4 17 6
12 4 17 8
12 4 17 9
12 6 17 8
12 6 17 9
12 3 18 6
12 3 18 8
12 3 18 9
12 4 18 6
12 4 18 8
12 4 18 9
12 6 18 8
12 6 18 9
12 6 19 8
12 6 19 9
12 1 21 4
13 6 17 8
13 6 17 9
13 6 18 8
13 6 18 9
13 6 19 8
13 6 19 9
13 1 21 4
14 1 17 8
14 1 17 9
14 2 17 8
14 2 17 9
14 3 17 8
14 3 17 9
14 4 17 8
14 4 17 9
14 5 17 8
14 5 17 9
14 6 17 8
14 6 17 9
14 3 18 8
14 3 18 9
14 4 18 8
14 4 18 9
14 5 18 8
14 5 18 9
14 6 18 8
14 6 18 9
14 6 19 8
14 6 19 9
14 1 21 4
15 1 21 4
16 1 21 4
17 1 21 4
