21 11
00000000000
00111111000
00100111000
00111111000
00110111000
00111111111
00011110001
00011111111
00011110001
00011110001
00011110001
00010100001
00010100001
00011111111
00011100101
00000100101
00111110101
00100110101
00100110101
00100111111
00111110000
51
2 3 4 6
2 3 4 7
2 3 4 8
2 3 6 6
2 3 6 7
2 3 6 8
4 3 6 6
4 3 6 7
4 3 6 8
4 4 6 6
4 4 6 7
4 4 6 8
4 4 7 6
4 4 7 7
4 4 8 6
4 4 8 7
4 4 9 6
4 4 9 7
4 4 10 6
4 4 10 7
4 4 11 6
4 4 11 7
4 4 14 6
4 4 15 6
6 4 8 11
6 5 8 11
6 6 8 11
6 7 8 11
6 4 14 6
6 4 14 11
6 6 14 11
6 4 15 6
6 6 20 11
7 4 14 6
7 4 15 6
8 4 14 6
8 4 14 11
8 6 14 11
8 4 15 6
8 6 20 11
9 4 14 6
9 4 15 6
10 4 14 6
10 4 15 6
11 4 14 6
11 4 15 6
14 6 20 9
14 6 20 11
14 9 20 11
17 3 21 6
17 3 21 7
