25 25
0000000000000000000000000
0000000000000000000000000
0000000000000000000000000
0000000000000000000000000
0000000000000000000000000
0000000000000000000000000
0000000000000000000000000
0000000000000000000000000
1111111111000000000000000
1000000001000000000000000
1000000001000000000000000
1000000001000000000000000
1000000001000000000000000
1000000001000000000000000
1000000001000000000000000
1000000001111111111111100
1000000001000000000000100
1000000001111111111111100
1000000001000000000000000
1000000001000000000000000
1000000001000000000000000
1111111111000000000000000
0000000000000000000000000
0000000000000000000000000
0000000000000000000000000
2
9 1 22 10
16 10 18 23
