10 12
011111111000
011111111000
011111011000
011111011000
010111111111
010111011111
010111111111
010111111111
010111111111
011111111111
136
1 4 5 8
1 4 5 9
1 5 5 8
1 5 5 9
1 6 5 8
1 6 5 9
1 4 7 8
1 4 7 9
1 5 7 8
1 5 7 9
1 6 7 8
1 6 7 9
1 4 8 8
1 4 8 9
1 5 8 8
1 5 8 9
1 6 8 8
1 6 8 9
1 4 9 8
1 4 9 9
1 5 9 8
1 5 9 9
1 6 9 8
1 6 9 9
1 2 10 4
1 2 10 5
1 2 10 6
1 2 10 8
1 2 10 9
1 4 10 8
1 4 10 9
1 5 10 8
1 5 10 9
1 6 10 8
1 6 10 9
2 4 5 8
2 4 5 9
2 5 5 8
2 5 5 9
2 6 5 8
2 6 5 9
2 4 7 8
2 4 7 9
2 5 7 8
2 5 7 9
2 6 7 8
2 6 7 9
2 4 8 8
2 4 8 9
2 5 8 8
2 5 8 9
2 6 8 8
2 6 8 9
2 4 9 8
2 4 9 9
2 5 9 8
2 5 9 9
2 6 9 8
2 6 9 9
2 2 10 4
2 2 10 5
2 2 10 6
2 2 10 8
2 2 10 9
2 4 10 8
2 4 10 9
2 5 10 8
2 5 10 9
2 6 10 8
2 6 10 9
3 2 10 4
3 2 10 5
3 2 10 6
4 2 10 4
4 2 10 5
4 2 10 6
5 4 7 8
5 4 7 9
5 4 7 10
5 4 7 11
5 4 7 12
5 5 7 8
5 5 7 9
5 5 7 10
5 5 7 11
5 5 7 12
5 6 7 8
5 6 7 9
5 6 7 10
5 6 7 11
5 6 7 12
5 4 8 8
5 4 8 9
5 4 8 10
5 4 8 11
5 4 8 12
5 5 8 8
5 5 8 9
5 5 8 10
5 5 8 11
5 5 8 12
5 6 8 8
5 6 8 9
5 6 8 10
5 6 8 11
5 6 8 12
5 4 9 8
5 4 9 9
5 4 9 10
5 4 9 11
5 4 9 12
5 5 9 8
5 5 9 9
5 5 9 10
5 5 9 11
5 5 9 12
5 6 9 8
5 6 9 9
5 6 9 10
5 6 9 11
5 6 9 12
5 4 10 8
5 4 10 9
5 4 10 10
5 4 10 11
5 4 10 12
5 5 10 8
5 5 10 9
5 5 10 10
5 5 10 11
5 5 10 12
5 6 10 8
5 6 10 9
5 6 10 10
5 6 10 11
5 6 10 12
