13 20
01111111111111111111
01000011111000001001
01111111011110001001
01111111111111101001
01000011011010101001
01111111111111111111
01000011111110101000
01000011101000101000
01111111111111101000
01111111101000001000
00000011111111111000
00000011111000001000
00000000111111111000
166
1 2 3 7
1 2 3 8
1 2 4 7
1 2 4 8
1 2 4 10
1 2 4 11
1 7 4 10
1 7 4 11
1 8 4 10
1 8 4 11
1 2 6 7
1 2 6 8
1 2 6 10
1 2 6 11
1 2 6 17
1 2 6 20
1 7 6 10
1 7 6 11
1 7 6 17
1 7 6 20
1 8 6 10
1 8 6 11
1 8 6 17
1 8 6 20
1 10 6 17
1 10 6 20
1 11 6 17
1 11 6 20
1 17 6 20
1 7 7 10
1 7 7 11
1 8 7 10
1 8 7 11
1 2 9 7
1 2 9 8
1 2 9 11
1 7 9 11
1 8 9 11
1 2 10 7
1 2 10 8
1 7 11 11
1 7 11 17
1 8 11 11
1 8 11 17
1 11 11 17
1 7 12 11
1 8 12 11
1 11 13 17
2 7 4 10
2 7 4 11
2 8 4 10
2 8 4 11
2 7 6 10
2 7 6 11
2 8 6 10
2 8 6 11
2 7 7 10
2 7 7 11
2 8 7 10
2 8 7 11
2 7 9 11
2 8 9 11
2 7 11 11
2 8 11 11
2 7 12 11
2 8 12 11
3 2 6 7
3 2 6 8
3 10 6 13
3 11 6 13
3 10 7 13
3 11 7 13
3 2 9 7
3 2 9 8
3 2 10 7
3 2 10 8
4 2 6 7
4 2 6 8
4 2 6 10
4 2 6 11
4 2 6 13
4 2 6 15
4 7 6 10
4 7 6 11
4 7 6 13
4 7 6 15
4 8 6 10
4 8 6 11
4 8 6 13
4 8 6 15
4 10 6 13
4 10 6 15
4 11 6 13
4 11 6 15
4 13 6 15
4 7 7 10
4 7 7 11
4 7 7 13
4 8 7 10
4 8 7 11
4 8 7 13
4 10 7 13
4 11 7 13
4 2 9 7
4 2 9 8
4 2 9 11
4 2 9 15
4 7 9 11
4 7 9 15
4 8 9 11
4 8 9 15
4 11 9 15
4 2 10 7
4 2 10 8
4 7 11 11
4 8 11 11
4 7 12 11
4 8 12 11
6 2 9 7
6 2 9 8
6 2 9 9
6 2 9 11
6 2 9 15
6 7 9 11
6 7 9 15
6 8 9 11
6 8 9 15
6 9 9 11
6 9 9 15
6 11 9 15
6 2 10 7
6 2 10 8
6 2 10 9
6 7 11 11
6 7 11 17
6 8 11 11
6 8 11 17
6 9 11 11
6 9 11 17
6 11 11 17
6 7 12 11
6 8 12 11
6 9 12 11
6 9 13 11
6 9 13 17
6 11 13 17
7 7 9 11
7 8 9 11
7 9 9 11
7 7 11 11
7 8 11 11
7 9 11 11
7 7 12 11
7 8 12 11
7 9 12 11
7 9 13 11
9 7 11 11
9 8 11 11
9 9 11 11
9 7 12 11
9 8 12 11
9 9 12 11
9 9 13 11
11 9 13 17
11 10 13 17
11 11 13 17
