21 21
000000000000000000000
000000000000000000000
011111100000011111111
010000100000010000001
010000100000010000001
010000100000010000001
010000100000010000001
010000100001110000001
010000100001010000001
010000100001011111001
010000100001011111111
010000100001011001000
010000100001011001000
010000100001011001000
010000100001111111000
010000100000000000000
011111100000000000000
000000000000000000000
000000000000000000000
000000000000000000000
000000000000000000000
7
3 14 11 21
3 2 17 7
8 12 15 14
10 14 15 18
10 15 15 18
11 14 15 18
11 15 15 18
