25 22
0000000000011111000000
0000000011111111111111
0000000010010001000001
0111111111111111111001
0100001111110001001001
0100001010010001001001
0100001010010001001001
0100001010010001001001
0100001010010001001001
0100001010010001001001
0101111111111111001001
0101001010010011001001
0101001010010011001001
0101001010010011001001
0101001011111111111111
0101001000010011001000
0101001000010011001000
0101001000010011001000
0101111111111111001000
0101000000010001001000
0101111111110001001000
0100000000010001001000
0100000000010001001000
0111111111111111111000
0000000000011111000000
75
1 12 4 16
1 12 11 16
1 12 15 16
1 12 19 16
1 12 24 16
1 12 25 16
2 9 4 12
2 9 4 16
2 12 4 16
2 9 5 12
2 9 11 12
2 9 11 16
2 12 11 16
2 9 15 12
2 9 15 16
2 9 15 22
2 12 15 16
2 12 15 22
2 16 15 22
2 12 19 16
2 12 24 16
2 12 25 16
4 7 11 9
4 7 11 12
4 7 11 16
4 9 11 12
4 9 11 16
4 12 11 16
4 9 15 12
4 9 15 16
4 9 15 19
4 12 15 16
4 12 15 19
4 16 15 19
4 7 19 12
4 7 19 16
4 12 19 16
4 2 24 12
4 2 24 16
4 2 24 19
4 12 24 16
4 12 24 19
4 16 24 19
4 12 25 16
5 7 11 9
5 7 11 12
5 9 11 12
5 9 15 12
5 7 19 12
11 9 15 12
11 9 15 15
11 9 15 16
11 12 15 15
11 12 15 16
11 4 19 7
11 4 19 12
11 4 19 15
11 4 19 16
11 7 19 12
11 7 19 15
11 7 19 16
11 12 19 15
11 12 19 16
11 4 21 12
11 12 24 16
11 12 25 16
15 12 19 15
15 12 19 16
15 12 24 16
15 12 24 19
15 16 24 19
15 12 25 16
19 4 21 12
19 12 24 16
19 12 25 16
