24 18
000000000000000000
001111000000000000
001001000000000000
001001000000000000
001001000000000000
001001000000000000
001001011110000000
001111110010000000
001001010010000000
001001010011111110
001001010011000010
001111111111111111
001101010011000011
001101010011000011
001101010011000011
001101010011000011
111111111111111111
101101010011000011
101101011111000011
111111111111111111
001101010001111111
001111010001100001
001111111111111111
000000000000000000
177
2 3 8 6
2 3 12 6
2 3 17 6
2 3 20 6
2 3 22 6
2 3 23 6
7 8 12 11
7 8 17 11
7 8 19 11
7 8 20 11
8 3 12 6
8 3 12 8
8 6 12 8
8 3 17 6
8 3 17 8
8 6 17 8
8 3 20 6
8 3 20 8
8 6 20 8
8 3 22 6
8 3 23 6
8 3 23 8
8 6 23 8
10 11 12 17
10 12 12 17
10 11 17 17
10 12 17 17
10 11 20 17
10 12 20 17
10 12 21 17
12 3 17 6
12 3 17 8
12 3 17 11
12 3 17 12
12 3 17 17
12 3 17 18
12 4 17 6
12 4 17 8
12 4 17 11
12 4 17 12
12 4 17 17
12 4 17 18
12 6 17 8
12 6 17 11
12 6 17 12
12 6 17 17
12 6 17 18
12 8 17 11
12 8 17 12
12 8 17 17
12 8 17 18
12 11 17 17
12 11 17 18
12 12 17 17
12 12 17 18
12 8 19 11
12 8 19 12
12 3 20 6
12 3 20 8
12 3 20 11
12 3 20 12
12 3 20 17
12 3 20 18
12 4 20 6
12 4 20 8
12 4 20 11
12 4 20 12
12 4 20 17
12 4 20 18
12 6 20 8
12 6 20 11
12 6 20 12
12 6 20 17
12 6 20 18
12 8 20 11
12 8 20 12
12 8 20 17
12 8 20 18
12 11 20 17
12 11 20 18
12 12 20 17
12 12 20 18
12 12 21 17
12 12 21 18
12 3 22 6
12 4 22 6
12 3 23 6
12 3 23 8
12 3 23 12
12 3 23 18
12 4 23 6
12 4 23 8
12 4 23 12
12 4 23 18
12 6 23 8
12 6 23 12
12 6 23 18
12 8 23 12
12 8 23 18
12 12 23 18
17 8 19 11
17 8 19 12
17 1 20 3
17 1 20 4
17 1 20 6
17 1 20 8
17 1 20 11
17 1 20 12
17 1 20 17
17 1 20 18
17 3 20 6
17 3 20 8
17 3 20 11
17 3 20 12
17 3 20 17
17 3 20 18
17 4 20 6
17 4 20 8
17 4 20 11
17 4 20 12
17 4 20 17
17 4 20 18
17 6 20 8
17 6 20 11
17 6 20 12
17 6 20 17
17 6 20 18
17 8 20 11
17 8 20 12
17 8 20 17
17 8 20 18
17 11 20 17
17 11 20 18
17 12 20 17
17 12 20 18
17 12 21 17
17 12 21 18
17 3 22 6
17 4 22 6
17 3 23 6
17 3 23 8
17 3 23 12
17 3 23 18
17 4 23 6
17 4 23 8
17 4 23 12
17 4 23 18
17 6 23 8
17 6 23 12
17 6 23 18
17 8 23 12
17 8 23 18
17 12 23 18
19 8 23 12
20 3 22 6
20 4 22 6
20 3 23 6
20 3 23 8
20 3 23 12
20 3 23 13
20 3 23 18
20 4 23 6
20 4 23 8
20 4 23 12
20 4 23 13
20 4 23 18
20 6 23 8
20 6 23 12
20 6 23 13
20 6 23 18
20 8 23 12
20 8 23 13
20 8 23 18
20 12 23 18
20 13 23 18
21 12 23 18
21 13 23 18
