22 12
001111111111
001011111111
001011111111
001011111111
001111111111
111111111111
111111111111
111111111111
111111111111
111111111111
111111111111
111111111111
111111111111
111111111111
111111111111
111111111111
111111111111
111111111111
111111111111
110110001001
111110001001
111110001111
251
1 3 5 5
1 3 5 6
1 3 5 7
1 3 5 8
1 3 5 9
1 3 5 10
1 3 5 11
1 3 5 12
1 3 6 5
1 3 6 6
1 3 6 7
1 3 6 8
1 3 6 9
1 3 6 10
1 3 6 11
1 3 6 12
1 3 7 5
1 3 7 6
1 3 7 7
1 3 7 8
1 3 7 9
1 3 7 10
1 3 7 11
1 3 7 12
1 3 8 5
1 3 8 6
1 3 8 7
1 3 8 8
1 3 8 9
1 3 8 10
1 3 8 11
1 3 8 12
1 3 9 5
1 3 9 6
1 3 9 7
1 3 9 8
1 3 9 9
1 3 9 10
1 3 9 11
1 3 9 12
1 3 10 5
1 3 10 6
1 3 10 7
1 3 10 8
1 3 10 9
1 3 10 10
1 3 10 11
1 3 10 12
1 3 11 5
1 3 11 6
1 3 11 7
1 3 11 8
1 3 11 9
1 3 11 10
1 3 11 11
1 3 11 12
1 3 12 5
1 3 12 6
1 3 12 7
1 3 12 8
1 3 12 9
1 3 12 10
1 3 12 11
1 3 12 12
1 3 13 5
1 3 13 6
1 3 13 7
1 3 13 8
1 3 13 9
1 3 13 10
1 3 13 11
1 3 13 12
1 3 14 5
1 3 14 6
1 3 14 7
1 3 14 8
1 3 14 9
1 3 14 10
1 3 14 11
1 3 14 12
1 3 15 5
1 3 15 6
1 3 15 7
1 3 15 8
1 3 15 9
1 3 15 10
1 3 15 11
1 3 15 12
1 3 16 5
1 3 16 6
1 3 16 7
1 3 16 8
1 3 16 9
1 3 16 10
1 3 16 11
1 3 16 12
1 3 17 5
1 3 17 6
1 3 17 7
1 3 17 8
1 3 17 9
1 3 17 10
1 3 17 11
1 3 17 12
1 3 18 5
1 3 18 6
1 3 18 7
1 3 18 8
1 3 18 9
1 3 18 10
1 3 18 11
1 3 18 12
1 3 19 5
1 3 19 6
1 3 19 7
1 3 19 8
1 3 19 9
1 3 19 10
1 3 19 11
1 3 19 12
1 9 22 12
2 9 22 12
3 9 22 12
4 9 22 12
5 9 22 12
6 1 21 4
6 1 21 5
6 2 21 4
6 2 21 5
6 1 22 4
6 1 22 5
6 2 22 4
6 2 22 5
6 9 22 12
7 1 21 4
7 1 21 5
7 2 21 4
7 2 21 5
7 1 22 4
7 1 22 5
7 2 22 4
7 2 22 5
7 9 22 12
8 1 21 4
8 1 21 5
8 2 21 4
8 2 21 5
8 1 22 4
8 1 22 5
8 2 22 4
8 2 22 5
8 9 22 12
9 1 21 4
9 1 21 5
9 2 21 4
9 2 21 5
9 1 22 4
9 1 22 5
9 2 22 4
9 2 22 5
9 9 22 12
10 1 21 4
10 1 21 5
10 2 21 4
10 2 21 5
10 1 22 4
10 1 22 5
10 2 22 4
10 2 22 5
10 9 22 12
11 1 21 4
11 1 21 5
11 2 21 4
11 2 21 5
11 1 22 4
11 1 22 5
11 2 22 4
11 2 22 5
11 9 22 12
12 1 21 4
12 1 21 5
12 2 21 4
12 2 21 5
12 1 22 4
12 1 22 5
12 2 22 4
12 2 22 5
12 9 22 12
13 1 21 4
13 1 21 5
13 2 21 4
13 2 21 5
13 1 22 4
13 1 22 5
13 2 22 4
13 2 22 5
13 9 22 12
14 1 21 4
14 1 21 5
14 2 21 4
14 2 21 5
14 1 22 4
14 1 22 5
14 2 22 4
14 2 22 5
14 9 22 12
15 1 21 4
15 1 21 5
15 2 21 4
15 2 21 5
15 1 22 4
15 1 22 5
15 2 22 4
15 2 22 5
15 9 22 12
16 1 21 4
16 1 21 5
16 2 21 4
16 2 21 5
16 1 22 4
16 1 22 5
16 2 22 4
16 2 22 5
16 9 22 12
17 1 21 4
17 1 21 5
17 2 21 4
17 2 21 5
17 1 22 4
17 1 22 5
17 2 22 4
17 2 22 5
17 9 22 12
18 1 21 4
18 1 21 5
18 2 21 4
18 2 21 5
18 1 22 4
18 1 22 5
18 2 22 4
18 2 22 5
18 9 22 12
19 1 21 4
19 1 21 5
19 2 21 4
19 2 21 5
19 1 22 4
19 1 22 5
19 2 22 4
19 2 22 5
19 9 22 12
