11 11
11111111110
11111010010
11111110010
11111111111
11001000011
11111111111
11111100011
11111111111
11111111111
11001000010
11111111110
130
1 1 3 7
1 2 3 7
1 3 3 7
1 4 3 7
1 5 3 7
1 1 4 7
1 1 4 10
1 2 4 7
1 2 4 10
1 3 4 7
1 3 4 10
1 4 4 7
1 4 4 10
1 5 4 7
1 5 4 10
1 7 4 10
1 1 6 5
1 1 6 10
1 2 6 5
1 2 6 10
1 5 6 10
1 1 7 5
1 2 7 5
1 1 8 5
1 1 8 10
1 2 8 5
1 2 8 10
1 5 8 10
1 1 9 5
1 1 9 10
1 2 9 5
1 2 9 10
1 5 9 10
1 1 11 5
1 1 11 10
1 2 11 5
1 2 11 10
1 5 11 10
2 1 6 5
2 2 6 5
2 1 7 5
2 2 7 5
2 1 8 5
2 2 8 5
2 1 9 5
2 2 9 5
2 1 11 5
2 2 11 5
3 1 6 5
3 2 6 5
3 1 7 5
3 2 7 5
3 1 8 5
3 2 8 5
3 1 9 5
3 2 9 5
3 1 11 5
3 2 11 5
4 1 6 5
4 1 6 10
4 1 6 11
4 2 6 5
4 2 6 10
4 2 6 11
4 5 6 10
4 5 6 11
4 1 7 5
4 2 7 5
4 1 8 5
4 1 8 10
4 1 8 11
4 2 8 5
4 2 8 10
4 2 8 11
4 5 8 10
4 5 8 11
4 1 9 5
4 1 9 10
4 1 9 11
4 2 9 5
4 2 9 10
4 2 9 11
4 5 9 10
4 5 9 11
4 1 11 5
4 1 11 10
4 2 11 5
4 2 11 10
4 5 11 10
6 1 8 10
6 1 8 11
6 2 8 10
6 2 8 11
6 3 8 10
6 3 8 11
6 4 8 10
6 4 8 11
6 5 8 10
6 5 8 11
6 6 8 10
6 6 8 11
6 1 9 10
6 1 9 11
6 2 9 10
6 2 9 11
6 3 9 10
6 3 9 11
6 4 9 10
6 4 9 11
6 5 9 10
6 5 9 11
6 6 9 10
6 6 9 11
6 1 11 5
6 1 11 10
6 2 11 5
6 2 11 10
6 5 11 10
7 1 11 5
7 2 11 5
8 1 11 5
8 1 11 10
8 2 11 5
8 2 11 10
8 5 11 10
9 1 11 5
9 1 11 10
9 2 11 5
9 2 11 10
9 5 11 10
