17 13
0000000000000
0000000000000
0000000000000
0000000000000
0000000111110
0000000100010
0000000100010
0001111111111
0001111111011
1111100101011
1011100101011
1011100101011
1011100101011
1111100101011
0001111111111
0001111111010
0000000111110
41
5 8 8 12
5 8 15 12
5 8 17 12
8 4 15 8
8 4 15 10
8 4 15 12
8 4 15 13
8 5 15 8
8 5 15 10
8 5 15 12
8 5 15 13
8 8 15 10
8 8 15 12
8 8 15 13
8 10 15 12
8 10 15 13
8 4 16 8
8 4 16 10
8 5 16 8
8 5 16 10
8 8 16 10
8 8 17 10
8 8 17 12
8 10 17 12
9 4 15 8
9 4 15 10
9 5 15 8
9 5 15 10
9 8 15 10
9 4 16 8
9 4 16 10
9 5 16 8
9 5 16 10
9 8 16 10
9 8 17 10
10 1 14 3
10 1 14 4
10 1 14 5
15 8 17 12
15 9 17 12
15 10 17 12
