20 11
00000000000
00011111111
01111111101
01010110101
01010110101
01010110101
01010110101
01111111111
00010010101
00011110101
00011110101
00011110101
00011110101
00011111101
00011110001
00010111111
00010100001
00010100001
00010100001
00011111111
53
2 4 8 6
2 4 8 7
2 4 8 9
2 4 8 11
2 6 8 9
2 6 8 11
2 7 8 9
2 7 8 11
2 9 8 11
2 4 10 7
2 4 11 7
2 4 12 7
2 4 13 7
2 4 14 7
2 4 14 9
2 7 14 9
2 4 15 7
2 7 16 11
2 4 20 11
3 2 8 4
3 2 8 6
3 2 8 7
3 2 8 9
3 4 8 6
3 4 8 7
3 4 8 9
3 6 8 9
3 7 8 9
3 4 10 7
3 4 11 7
3 4 12 7
3 4 13 7
3 4 14 7
3 4 14 9
3 7 14 9
3 4 15 7
8 4 10 7
8 4 11 7
8 4 12 7
8 4 13 7
8 4 14 7
8 4 14 9
8 7 14 9
8 4 15 7
8 7 16 11
8 4 20 11
10 4 20 6
11 4 20 6
12 4 20 6
13 4 20 6
14 4 20 6
15 4 20 6
16 6 20 11
