22 25
0000000000000000000111000
0000000000000000000101000
0001111111111111111101000
0001000000110000000101000
0011110001111111111101000
0011010001110000001101000
0011010001110000001101000
0011110001110000001101000
0001111111110000001101000
0000000001011111111101000
0000000001010000001101000
0000000001010111111111000
0000000001010100001111000
0000000001010100001111000
0000000001010100001111000
0000000001010100001111000
0000000001010111111111000
0000000001010000001101000
0000000001010000001101000
0000000001111111111101000
0000000001110000000111000
0000000000000000000000000
44
1 20 12 22
1 20 13 22
1 20 14 22
1 20 15 22
1 20 16 22
1 20 17 22
1 20 21 22
3 11 5 20
3 12 5 20
3 4 9 11
3 4 9 12
3 12 10 20
3 12 20 20
5 3 8 6
5 4 8 6
5 4 9 6
5 12 10 19
5 12 10 20
5 10 20 12
5 10 20 19
5 10 20 20
5 12 20 19
5 12 20 20
5 10 21 12
6 10 20 12
6 10 21 12
7 10 20 12
7 10 21 12
8 10 20 12
8 10 21 12
9 10 20 12
9 10 21 12
10 12 20 19
10 12 20 20
12 14 17 19
12 14 17 20
12 14 17 21
12 14 17 22
12 20 21 22
13 20 21 22
14 20 21 22
15 20 21 22
16 20 21 22
17 20 21 22
