22 10
0111111110
0100111110
0100100110
0100111110
0100101110
0100111111
0100101111
0100101111
1111111111
1101111111
1101111111
1111111111
1100111111
1111111111
1110111111
1111111111
1111111111
1111111111
0000111101
0000000101
0000000111
0000000000
322
1 5 4 8
1 5 4 9
1 5 6 8
1 5 6 9
1 2 9 5
1 2 9 8
1 2 9 9
1 5 9 8
1 5 9 9
1 5 10 8
1 5 10 9
1 5 11 8
1 5 11 9
1 2 12 5
1 2 12 8
1 2 12 9
1 5 12 8
1 5 12 9
1 5 13 8
1 5 13 9
1 2 14 5
1 2 14 8
1 2 14 9
1 5 14 8
1 5 14 9
1 5 15 8
1 5 15 9
1 2 16 5
1 2 16 8
1 2 16 9
1 5 16 8
1 5 16 9
1 2 17 5
1 2 17 8
1 2 17 9
1 5 17 8
1 5 17 9
1 2 18 5
1 2 18 8
1 2 18 9
1 5 18 8
1 5 18 9
1 5 19 8
2 5 4 8
2 5 4 9
2 5 6 8
2 5 6 9
2 5 9 8
2 5 9 9
2 5 10 8
2 5 10 9
2 5 11 8
2 5 11 9
2 5 12 8
2 5 12 9
2 5 13 8
2 5 13 9
2 5 14 8
2 5 14 9
2 5 15 8
2 5 15 9
2 5 16 8
2 5 16 9
2 5 17 8
2 5 17 9
2 5 18 8
2 5 18 9
2 5 19 8
4 5 6 7
4 5 6 8
4 5 6 9
4 5 9 7
4 5 9 8
4 5 9 9
4 5 10 7
4 5 10 8
4 5 10 9
4 5 11 7
4 5 11 8
4 5 11 9
4 5 12 7
4 5 12 8
4 5 12 9
4 5 13 7
4 5 13 8
4 5 13 9
4 5 14 7
4 5 14 8
4 5 14 9
4 5 15 7
4 5 15 8
4 5 15 9
4 5 16 7
4 5 16 8
4 5 16 9
4 5 17 7
4 5 17 8
4 5 17 9
4 5 18 7
4 5 18 8
4 5 18 9
4 5 19 7
4 5 19 8
6 5 9 7
6 5 9 8
6 5 9 9
6 5 9 10
6 5 10 7
6 5 10 8
6 5 10 9
6 5 10 10
6 5 11 7
6 5 11 8
6 5 11 9
6 5 11 10
6 5 12 7
6 5 12 8
6 5 12 9
6 5 12 10
6 5 13 7
6 5 13 8
6 5 13 9
6 5 13 10
6 5 14 7
6 5 14 8
6 5 14 9
6 5 14 10
6 5 15 7
6 5 15 8
6 5 15 9
6 5 15 10
6 5 16 7
6 5 16 8
6 5 16 9
6 5 16 10
6 5 17 7
6 5 17 8
6 5 17 9
6 5 17 10
6 5 18 7
6 5 18 8
6 5 18 9
6 5 18 10
6 5 19 7
6 5 19 8
6 8 21 10
7 8 21 10
8 8 21 10
9 1 12 4
9 1 12 5
9 1 12 6
9 1 12 7
9 1 12 8
9 1 12 9
9 1 12 10
9 2 12 4
9 2 12 5
9 2 12 6
9 2 12 7
9 2 12 8
9 2 12 9
9 2 12 10
9 1 14 5
9 1 14 6
9 1 14 7
9 1 14 8
9 1 14 9
9 1 14 10
9 2 14 5
9 2 14 6
9 2 14 7
9 2 14 8
9 2 14 9
9 2 14 10
9 1 16 5
9 1 16 6
9 1 16 7
9 1 16 8
9 1 16 9
9 1 16 10
9 2 16 5
9 2 16 6
9 2 16 7
9 2 16 8
9 2 16 9
9 2 16 10
9 1 17 5
9 1 17 6
9 1 17 7
9 1 17 8
9 1 17 9
9 1 17 10
9 2 17 5
9 2 17 6
9 2 17 7
9 2 17 8
9 2 17 9
9 2 17 10
9 1 18 5
9 1 18 6
9 1 18 7
9 1 18 8
9 1 18 9
9 1 18 10
9 2 18 5
9 2 18 6
9 2 18 7
9 2 18 8
9 2 18 9
9 2 18 10
9 8 21 10
10 8 21 10
11 8 21 10
12 1 14 5
12 1 14 6
12 1 14 7
12 1 14 8
12 1 14 9
12 1 14 10
12 2 14 5
12 2 14 6
12 2 14 7
12 2 14 8
12 2 14 9
12 2 14 10
12 1 16 5
12 1 16 6
12 1 16 7
12 1 16 8
12 1 16 9
12 1 16 10
12 2 16 5
12 2 16 6
12 2 16 7
12 2 16 8
12 2 16 9
12 2 16 10
12 1 17 5
12 1 17 6
12 1 17 7
12 1 17 8
12 1 17 9
12 1 17 10
12 2 17 5
12 2 17 6
12 2 17 7
12 2 17 8
12 2 17 9
12 2 17 10
12 1 18 5
12 1 18 6
12 1 18 7
12 1 18 8
12 1 18 9
12 1 18 10
12 2 18 5
12 2 18 6
12 2 18 7
12 2 18 8
12 2 18 9
12 2 18 10
12 8 21 10
13 8 21 10
14 1 16 5
14 1 16 6
14 1 16 7
14 1 16 8
14 1 16 9
14 1 16 10
14 2 16 5
14 2 16 6
14 2 16 7
14 2 16 8
14 2 16 9
14 2 16 10
14 3 16 5
14 3 16 6
14 3 16 7
14 3 16 8
14 3 16 9
14 3 16 10
14 1 17 5
14 1 17 6
14 1 17 7
14 1 17 8
14 1 17 9
14 1 17 10
14 2 17 5
14 2 17 6
14 2 17 7
14 2 17 8
14 2 17 9
14 2 17 10
14 3 17 5
14 3 17 6
14 3 17 7
14 3 17 8
14 3 17 9
14 3 17 10
14 1 18 5
14 1 18 6
14 1 18 7
14 1 18 8
14 1 18 9
14 1 18 10
14 2 18 5
14 2 18 6
14 2 18 7
14 2 18 8
14 2 18 9
14 2 18 10
14 3 18 5
14 3 18 6
14 3 18 7
14 3 18 8
14 3 18 9
14 3 18 10
14 8 21 10
15 8 21 10
16 8 21 10
17 8 21 10
18 8 21 10
