15 10
0001111111
0001111101
0111111111
0101101111
0111111111
0111111111
0111111111
0101101111
0101101111
0101111111
0101001110
0111111110
0111111010
0011111110
0000000000
209
1 4 3 10
1 5 3 10
1 6 3 10
1 7 3 10
1 8 3 10
1 7 4 10
1 8 4 10
1 4 5 7
1 4 5 8
1 4 5 10
1 5 5 7
1 5 5 8
1 5 5 10
1 7 5 10
1 8 5 10
1 4 6 7
1 4 6 8
1 4 6 10
1 5 6 7
1 5 6 8
1 5 6 10
1 7 6 10
1 8 6 10
1 4 7 7
1 4 7 8
1 4 7 10
1 5 7 7
1 5 7 8
1 5 7 10
1 7 7 10
1 8 7 10
1 7 8 10
1 8 8 10
1 7 9 10
1 8 9 10
1 4 10 7
1 4 10 8
1 4 10 10
1 5 10 7
1 5 10 8
1 5 10 10
1 7 10 10
1 8 10 10
1 4 12 7
1 4 12 8
1 4 13 7
1 4 14 7
2 4 5 7
2 4 5 8
2 5 5 7
2 5 5 8
2 4 6 7
2 4 6 8
2 5 6 7
2 5 6 8
2 4 7 7
2 4 7 8
2 5 7 7
2 5 7 8
2 4 10 7
2 4 10 8
2 5 10 7
2 5 10 8
2 4 12 7
2 4 12 8
2 4 13 7
2 4 14 7
3 2 5 4
3 2 5 5
3 2 5 7
3 2 5 8
3 2 5 9
3 2 5 10
3 4 5 7
3 4 5 8
3 4 5 9
3 4 5 10
3 5 5 7
3 5 5 8
3 5 5 9
3 5 5 10
3 2 6 4
3 2 6 5
3 2 6 7
3 2 6 8
3 2 6 9
3 2 6 10
3 4 6 7
3 4 6 8
3 4 6 9
3 4 6 10
3 5 6 7
3 5 6 8
3 5 6 9
3 5 6 10
3 2 7 4
3 2 7 5
3 2 7 7
3 2 7 8
3 2 7 9
3 2 7 10
3 4 7 7
3 4 7 8
3 4 7 9
3 4 7 10
3 5 7 7
3 5 7 8
3 5 7 9
3 5 7 10
3 4 10 7
3 4 10 8
3 4 10 9
3 4 10 10
3 5 10 7
3 5 10 8
3 5 10 9
3 5 10 10
3 2 12 4
3 2 12 7
3 2 12 8
3 2 12 9
3 4 12 7
3 4 12 8
3 4 12 9
3 2 13 4
3 2 13 7
3 4 13 7
3 4 14 7
3 4 14 9
3 7 14 9
4 7 14 9
5 4 10 7
5 4 10 8
5 4 10 9
5 4 10 10
5 5 10 7
5 5 10 8
5 5 10 9
5 5 10 10
5 2 12 4
5 2 12 7
5 2 12 8
5 2 12 9
5 4 12 7
5 4 12 8
5 4 12 9
5 2 13 4
5 2 13 7
5 4 13 7
5 4 14 7
5 4 14 9
5 7 14 9
6 4 10 7
6 4 10 8
6 4 10 9
6 4 10 10
6 5 10 7
6 5 10 8
6 5 10 9
6 5 10 10
6 2 12 4
6 2 12 7
6 2 12 8
6 2 12 9
6 4 12 7
6 4 12 8
6 4 12 9
6 2 13 4
6 2 13 7
6 4 13 7
6 4 14 7
6 4 14 9
6 7 14 9
7 4 10 7
7 4 10 8
7 4 10 9
7 4 10 10
7 5 10 7
7 5 10 8
7 5 10 9
7 5 10 10
7 2 12 4
7 2 12 7
7 2 12 8
7 2 12 9
7 4 12 7
7 4 12 8
7 4 12 9
7 2 13 4
7 2 13 7
7 4 13 7
7 4 14 7
7 4 14 9
7 7 14 9
8 7 14 9
9 7 14 9
10 4 12 7
10 4 12 8
10 4 12 9
10 4 13 7
10 4 14 7
10 4 14 9
10 7 14 9
11 7 14 9
12 3 14 9
12 4 14 9
12 5 14 9
12 6 14 9
12 7 14 9
