13 13
0000000000000
1111111111000
1000011111111
1000010001001
1111111111111
0001010000011
1111111111111
1011111111111
1010010010100
1010011110100
1011111111100
1000011110000
1111111110000
38
2 1 5 6
2 1 5 10
2 6 5 10
3 6 5 10
3 6 5 13
3 10 5 13
3 6 7 13
3 6 8 13
5 4 7 6
5 4 7 12
5 4 7 13
5 6 7 12
5 6 7 13
5 4 8 6
5 4 8 12
5 4 8 13
5 6 8 12
5 6 8 13
7 6 10 9
7 3 11 6
7 3 11 9
7 3 11 11
7 6 11 9
7 6 11 11
7 9 11 11
7 6 12 9
7 1 13 6
7 1 13 9
7 6 13 9
8 6 10 9
8 3 11 6
8 3 11 9
8 3 11 11
8 6 11 9
8 6 11 11
8 9 11 11
8 6 12 9
8 6 13 9
