21 25
0000000000000000000000000
0000000000000000000000000
0000001111111110000000000
0000001000000010000000000
0000011111111110000000000
0000011000000110000000000
0000011000000110000000000
0000011000000110000000000
0000011000000110000000000
0000011000000110000000000
0000011000000110000000000
0011111111111111000000000
0010011000000111000000000
0010011000000111000000000
0010011000000111000000000
0010011111111111000000000
0010001000000011000000000
0011111111111111000000000
0000001000000010000000000
0000001000000010000000000
0000001111111110000000000
31
3 7 5 15
3 7 12 15
3 7 16 15
3 7 18 15
3 7 21 15
5 6 12 14
5 6 12 15
5 7 12 14
5 7 12 15
5 6 16 14
5 6 16 15
5 7 16 14
5 7 16 15
5 7 18 15
5 7 21 15
12 6 16 14
12 6 16 15
12 6 16 16
12 7 16 14
12 7 16 15
12 7 16 16
12 3 18 7
12 3 18 15
12 3 18 16
12 7 18 15
12 7 18 16
12 7 21 15
16 7 18 15
16 7 18 16
16 7 21 15
18 7 21 15
