23 17
00000000000011110
00011110000010010
00010010000010010
00010010000010010
00010010000010010
00010010000010010
00010010000010010
00010010000010010
00010011111111110
00010011001010110
00010011001010110
00010011001110110
00010011111111110
00010010000010010
00010010000010010
00010010000011110
00010010000000000
00011110000000000
00000000000000000
00000000000000000
00000000000000000
00000000000000000
00000000000000000
20
1 13 9 16
1 13 13 16
1 13 16 16
2 4 18 7
9 11 12 13
9 7 13 11
9 7 13 13
9 7 13 15
9 7 13 16
9 8 13 11
9 8 13 13
9 8 13 15
9 8 13 16
9 11 13 13
9 11 13 15
9 11 13 16
9 13 13 15
9 13 13 16
9 13 16 16
13 13 16 16
