18 12
000000111110
000001111010
000001101010
000011111111
000011111011
000011001011
000011111111
000011001011
000011001011
000011001111
000111111101
111111111111
100111001111
111111111111
000111001101
000111111111
000010000001
000011111111
141
1 7 4 9
1 7 4 11
1 9 4 11
1 7 5 9
1 9 7 11
1 9 10 11
2 6 4 9
2 7 4 9
2 6 5 9
2 7 5 9
2 6 7 9
2 6 11 9
2 6 12 9
2 6 14 9
2 6 16 9
4 5 7 9
4 5 7 11
4 5 7 12
4 6 7 9
4 6 7 11
4 6 7 12
4 9 7 11
4 9 7 12
4 9 10 11
4 9 10 12
4 5 11 9
4 6 11 9
4 5 12 9
4 5 12 12
4 6 12 9
4 6 12 12
4 9 12 12
4 9 13 12
4 5 14 9
4 5 14 12
4 6 14 9
4 6 14 12
4 9 14 12
4 5 16 9
4 5 16 12
4 6 16 9
4 6 16 12
4 9 16 12
4 5 18 12
5 5 7 9
5 6 7 9
5 5 11 9
5 6 11 9
5 5 12 9
5 6 12 9
5 5 14 9
5 6 14 9
5 5 16 9
5 6 16 9
7 9 10 11
7 9 10 12
7 5 11 9
7 6 11 9
7 5 12 9
7 5 12 12
7 6 12 9
7 6 12 12
7 9 12 12
7 9 13 12
7 5 14 9
7 5 14 12
7 6 14 9
7 6 14 12
7 9 14 12
7 5 16 9
7 5 16 12
7 6 16 9
7 6 16 12
7 9 16 12
7 5 18 12
10 9 12 12
10 10 12 12
10 9 13 12
10 10 13 12
10 9 14 12
10 10 14 12
10 9 16 12
10 10 16 12
11 4 14 9
11 4 14 10
11 5 14 9
11 5 14 10
11 6 14 9
11 6 14 10
11 4 16 9
11 4 16 10
11 5 16 9
11 5 16 10
11 6 16 9
11 6 16 10
12 1 14 4
12 1 14 5
12 1 14 6
12 1 14 9
12 1 14 10
12 1 14 11
12 1 14 12
12 4 14 9
12 4 14 10
12 4 14 11
12 4 14 12
12 5 14 9
12 5 14 10
12 5 14 11
12 5 14 12
12 6 14 9
12 6 14 10
12 6 14 11
12 6 14 12
12 4 16 9
12 4 16 10
12 4 16 12
12 5 16 9
12 5 16 10
12 5 16 12
12 6 16 9
12 6 16 10
12 6 16 12
12 9 16 12
12 10 16 12
12 5 18 12
13 9 16 12
13 10 16 12
14 4 16 9
14 4 16 10
14 4 16 12
14 5 16 9
14 5 16 10
14 5 16 12
14 6 16 9
14 6 16 10
14 6 16 12
14 9 16 12
14 10 16 12
14 5 18 12
16 5 18 12
