16 24
000000111111111111111000
000000100000010000001000
000111111111111111101000
000100100000010001101000
000111111111111111101000
000000100000011111111000
000000100000010001000000
000000111111110001000000
001111111111111111000000
001000000000010101000000
001111111111111111111110
001000000000011111000010
001000000000000100000010
001000000000000100000010
001111111111111100000010
001111111111111111111110
46
1 7 3 14
1 7 5 14
1 14 6 21
1 7 8 14
1 7 9 14
3 4 5 7
3 4 5 14
3 4 5 18
3 4 5 19
3 7 5 14
3 7 5 18
3 7 5 19
3 14 5 18
3 14 5 19
3 14 6 18
3 14 6 19
3 7 8 14
3 7 9 14
3 7 9 18
3 14 9 18
3 14 11 18
3 14 12 18
5 7 8 14
5 7 9 14
5 7 9 18
5 14 9 18
5 14 11 18
5 14 12 18
6 14 9 18
6 14 11 18
6 14 12 18
9 3 11 14
9 3 11 16
9 3 11 18
9 14 11 16
9 14 11 18
9 16 11 18
9 14 12 16
9 14 12 18
9 16 12 18
9 3 15 16
9 3 16 16
11 3 15 16
11 3 16 16
11 3 16 23
11 16 16 23
