12 23
00000111111111111100000
00000111111111111111110
00000100000000000100010
00000100000000000100010
11111111111111111111010
10000110100010000111010
10001111111111111111110
10001110100010111111100
10001111111111111111100
10001011111111111111100
10001000000000011001100
11111111111111111111100
145
1 6 5 18
1 6 7 18
1 6 9 18
2 6 5 18
2 6 7 18
2 6 7 22
2 18 7 22
2 6 9 18
5 6 7 9
5 6 7 13
5 6 7 18
5 6 7 19
5 6 7 20
5 7 7 9
5 7 7 13
5 7 7 18
5 7 7 19
5 7 7 20
5 9 7 13
5 9 7 18
5 9 7 19
5 9 7 20
5 13 7 18
5 13 7 19
5 13 7 20
5 6 9 9
5 6 9 13
5 6 9 18
5 6 9 19
5 6 9 20
5 7 9 9
5 7 9 13
5 7 9 18
5 7 9 19
5 7 9 20
5 9 9 13
5 9 9 18
5 9 9 19
5 9 9 20
5 13 9 18
5 13 9 19
5 13 9 20
5 7 10 9
5 7 10 13
5 7 10 18
5 7 10 19
5 7 10 20
5 9 10 13
5 9 10 18
5 9 10 19
5 9 10 20
5 13 10 18
5 13 10 19
5 13 10 20
5 1 12 20
7 5 9 9
7 5 9 13
7 5 9 15
7 5 9 16
7 5 9 17
7 5 9 18
7 5 9 19
7 5 9 20
7 5 9 21
7 6 9 9
7 6 9 13
7 6 9 15
7 6 9 16
7 6 9 17
7 6 9 18
7 6 9 19
7 6 9 20
7 6 9 21
7 7 9 9
7 7 9 13
7 7 9 15
7 7 9 16
7 7 9 17
7 7 9 18
7 7 9 19
7 7 9 20
7 7 9 21
7 9 9 13
7 9 9 15
7 9 9 16
7 9 9 17
7 9 9 18
7 9 9 19
7 9 9 20
7 9 9 21
7 13 9 15
7 13 9 16
7 13 9 17
7 13 9 18
7 13 9 19
7 13 9 20
7 13 9 21
7 7 10 9
7 7 10 13
7 7 10 15
7 7 10 16
7 7 10 17
7 7 10 18
7 7 10 19
7 7 10 20
7 7 10 21
7 9 10 13
7 9 10 15
7 9 10 16
7 9 10 17
7 9 10 18
7 9 10 19
7 9 10 20
7 9 10 21
7 13 10 15
7 13 10 16
7 13 10 17
7 13 10 18
7 13 10 19
7 13 10 20
7 13 10 21
7 5 12 16
7 5 12 17
7 5 12 20
7 5 12 21
7 16 12 20
7 16 12 21
7 17 12 20
7 17 12 21
8 16 12 20
8 16 12 21
8 17 12 20
8 17 12 21
9 5 12 16
9 5 12 17
9 5 12 20
9 5 12 21
9 16 12 20
9 16 12 21
9 17 12 20
9 17 12 21
10 16 12 20
10 16 12 21
10 17 12 20
10 17 12 21
