17 13
0000000000000
0111111111000
0100001101000
0100001101000
0100001101000
0100001101000
0111111111110
0111001101010
0111111111010
0111001100010
1111101111010
1111101101010
1111111111110
1000101001000
1000101111000
1111100000000
0000000000000
47
2 2 7 7
2 2 7 8
2 2 7 10
2 7 7 10
2 8 7 10
2 2 9 7
2 2 9 8
2 2 9 10
2 7 9 10
2 8 9 10
2 2 13 7
2 2 13 8
7 2 9 7
7 2 9 8
7 2 9 10
7 3 9 7
7 3 9 8
7 3 9 10
7 4 9 7
7 4 9 8
7 4 9 10
7 7 9 10
7 8 9 10
7 2 13 7
7 2 13 8
7 2 13 12
7 3 13 7
7 3 13 8
7 3 13 12
7 4 13 7
7 4 13 8
7 4 13 12
7 7 13 12
7 8 13 12
9 2 13 7
9 2 13 8
9 3 13 7
9 3 13 8
9 4 13 7
9 4 13 8
11 7 13 10
11 8 13 10
11 7 15 10
11 1 16 5
12 1 16 5
13 7 15 10
13 1 16 5
