25 18
000000000000000000
000000000000000000
000111100000000000
000100100000000000
000100100000000000
000111111111111111
000100110000000001
011111110000001111
011111111110001011
010100110010001011
010111111111111111
010111111111111111
010111110010001011
010111111111111111
010111110010000001
010100010010000001
010100010010000001
010100010010000001
010100010010000001
011111111110000001
010100010000000001
010100010000000001
010111111111111111
011111110000000000
000000000000000000
169
3 4 6 7
3 4 8 7
3 4 9 7
3 4 11 7
3 4 12 7
3 4 13 7
3 4 14 7
3 4 15 7
6 4 8 7
6 4 8 8
6 4 9 7
6 4 9 8
6 4 11 7
6 4 11 8
6 4 11 18
6 7 11 18
6 8 11 18
6 4 12 7
6 4 12 8
6 4 12 18
6 7 12 18
6 8 12 18
6 4 13 7
6 4 13 8
6 4 14 7
6 4 14 8
6 4 14 18
6 7 14 18
6 8 14 18
6 4 15 7
6 4 15 8
6 4 20 8
6 4 23 8
6 4 23 18
6 8 23 18
6 4 24 8
8 4 11 7
8 4 11 8
8 15 11 17
8 15 11 18
8 4 12 7
8 4 12 8
8 15 12 17
8 15 12 18
8 4 13 7
8 4 13 8
8 4 14 7
8 4 14 8
8 15 14 17
8 15 14 18
8 4 15 7
8 4 15 8
8 2 20 4
8 2 20 8
8 4 20 8
8 4 23 8
8 2 24 4
8 2 24 8
8 4 24 8
9 4 11 7
9 4 11 8
9 4 11 11
9 7 11 11
9 8 11 11
9 4 12 7
9 4 12 8
9 4 12 11
9 7 12 11
9 8 12 11
9 4 13 7
9 4 13 8
9 4 14 7
9 4 14 8
9 4 14 11
9 7 14 11
9 8 14 11
9 4 15 7
9 4 15 8
9 2 20 4
9 2 20 8
9 2 20 11
9 4 20 8
9 4 20 11
9 8 20 11
9 4 23 8
9 2 24 4
9 2 24 8
9 4 24 8
11 4 14 11
11 4 14 15
11 4 14 17
11 4 14 18
11 5 14 11
11 5 14 15
11 5 14 17
11 5 14 18
11 6 14 11
11 6 14 15
11 6 14 17
11 6 14 18
11 7 14 11
11 7 14 15
11 7 14 17
11 7 14 18
11 8 14 11
11 8 14 15
11 8 14 17
11 8 14 18
11 11 14 15
11 11 14 17
11 11 14 18
11 15 14 17
11 15 14 18
11 4 20 8
11 4 20 11
11 8 20 11
11 4 23 8
11 4 23 18
11 8 23 18
11 4 24 8
12 4 14 11
12 4 14 15
12 4 14 17
12 4 14 18
12 5 14 11
12 5 14 15
12 5 14 17
12 5 14 18
12 6 14 11
12 6 14 15
12 6 14 17
12 6 14 18
12 7 14 11
12 7 14 15
12 7 14 17
12 7 14 18
12 8 14 11
12 8 14 15
12 8 14 17
12 8 14 18
12 11 14 15
12 11 14 17
12 11 14 18
12 15 14 17
12 15 14 18
12 4 20 8
12 4 20 11
12 8 20 11
12 4 23 8
12 4 23 18
12 8 23 18
12 4 24 8
13 4 20 8
13 4 23 8
13 4 24 8
14 4 20 8
14 4 20 11
14 8 20 11
14 4 23 8
14 4 23 18
14 8 23 18
14 4 24 8
15 4 20 8
15 4 23 8
15 4 24 8
20 4 23 8
20 2 24 4
20 2 24 8
20 4 24 8
