12 22
0000000000000000000000
0000000000000000000000
1111111111111111111110
1000010000000010100010
1000011111111111100010
1111111000001011100010
1000111000001011100010
1000111111111111100010
1111111111111111111110
1000110000000000100000
1000110000000000100000
1111111111111111100000
57
3 6 5 15
3 6 5 17
3 15 5 17
3 1 6 6
3 15 6 17
3 15 7 17
3 6 8 15
3 6 8 17
3 15 8 17
3 1 9 6
3 1 9 15
3 1 9 17
3 1 9 21
3 6 9 15
3 6 9 17
3 6 9 21
3 15 9 17
3 15 9 21
3 17 9 21
3 1 12 6
3 1 12 17
3 6 12 17
5 6 8 13
5 6 8 15
5 6 8 16
5 6 8 17
5 7 8 13
5 7 8 15
5 7 8 16
5 7 8 17
5 13 8 15
5 13 8 16
5 13 8 17
5 6 9 13
5 6 9 15
5 6 9 16
5 6 9 17
5 7 9 13
5 7 9 15
5 7 9 16
5 7 9 17
5 13 9 15
5 13 9 16
5 13 9 17
5 6 12 17
6 1 9 5
6 1 9 6
6 1 9 7
6 1 12 5
6 1 12 6
8 5 12 17
8 6 12 17
9 1 12 5
9 1 12 6
9 1 12 17
9 5 12 17
9 6 12 17
