22 23
00000000000000011111111
00000000000000010000001
00000000000000010000001
00000000000000010000001
00000000000000010000001
00000000111111111111111
00000000100000010000011
00000000100011111111111
00000000100010010000011
00000000100010010000011
00000000100010010000011
00000000100011111111111
00000000100000010000011
00000000100000010000011
11111111110000011111111
10000100110000000000010
10000100111111111111110
10000100010000000000000
10000100010000000000000
10000100010000000000000
10000100010000000000000
11111111110000000000000
23
1 16 6 23
1 16 8 23
1 16 12 23
1 16 15 23
6 16 8 22
6 16 8 23
6 16 12 22
6 16 12 23
6 16 15 22
6 16 15 23
6 9 17 22
8 13 12 16
8 13 12 22
8 13 12 23
8 16 12 22
8 16 12 23
8 16 15 22
8 16 15 23
12 16 15 22
12 16 15 23
15 1 22 6
15 1 22 10
15 6 22 10
