10 14
00000111110000
00000100010000
11111111111111
11010100111101
11111111110101
11010100110101
11010111110101
11111111111101
11111111111111
11111111100000
115
1 6 3 10
1 6 5 10
1 6 7 10
1 6 8 10
1 6 9 10
3 1 5 4
3 1 5 6
3 1 5 9
3 1 5 10
3 2 5 4
3 2 5 6
3 2 5 9
3 2 5 10
3 4 5 6
3 4 5 9
3 4 5 10
3 6 5 9
3 6 5 10
3 6 7 9
3 6 7 10
3 1 8 4
3 1 8 6
3 1 8 9
3 1 8 10
3 1 8 12
3 2 8 4
3 2 8 6
3 2 8 9
3 2 8 10
3 2 8 12
3 4 8 6
3 4 8 9
3 4 8 10
3 4 8 12
3 6 8 9
3 6 8 10
3 6 8 12
3 9 8 12
3 10 8 12
3 1 9 4
3 1 9 6
3 1 9 9
3 1 9 10
3 1 9 12
3 1 9 14
3 2 9 4
3 2 9 6
3 2 9 9
3 2 9 10
3 2 9 12
3 2 9 14
3 4 9 6
3 4 9 9
3 4 9 10
3 4 9 12
3 4 9 14
3 6 9 9
3 6 9 10
3 6 9 12
3 6 9 14
3 9 9 12
3 9 9 14
3 10 9 12
3 10 9 14
3 12 9 14
3 1 10 4
3 1 10 6
3 1 10 9
3 2 10 4
3 2 10 6
3 2 10 9
3 4 10 6
3 4 10 9
3 6 10 9
4 9 8 12
4 10 8 12
4 9 9 12
4 10 9 12
5 6 7 9
5 6 7 10
5 1 8 4
5 1 8 6
5 1 8 9
5 1 8 10
5 2 8 4
5 2 8 6
5 2 8 9
5 2 8 10
5 4 8 6
5 4 8 9
5 4 8 10
5 6 8 9
5 6 8 10
5 1 9 4
5 1 9 6
5 1 9 9
5 1 9 10
5 2 9 4
5 2 9 6
5 2 9 9
5 2 9 10
5 4 9 6
5 4 9 9
5 4 9 10
5 6 9 9
5 6 9 10
5 1 10 4
5 1 10 6
5 1 10 9
5 2 10 4
5 2 10 6
5 2 10 9
5 4 10 6
5 4 10 9
5 6 10 9
