19 12
000000000000
000000000000
000000000000
111111111110
100000000010
111111111110
111111001010
100001001110
111111111100
111111000100
101010011111
101010010101
101010010101
101010011111
101010011111
101010010110
101010010110
101110010110
111111111110
30
4 1 6 11
6 9 8 11
6 1 9 6
6 1 9 9
6 6 9 9
6 1 10 6
7 1 9 6
7 1 10 6
9 3 18 5
9 1 19 3
9 1 19 5
9 1 19 10
9 3 19 5
9 3 19 10
9 5 19 10
10 3 18 5
10 1 19 3
10 1 19 5
10 3 19 5
11 8 14 10
11 8 14 12
11 10 14 12
11 8 15 10
11 8 15 12
11 10 15 12
11 8 19 10
14 8 19 10
14 8 19 11
15 8 19 10
15 8 19 11
