14 14
00000001111110
00000001000010
00111111111111
00111111111111
00111011110011
00111010010011
00111011110011
00111111111111
00101000000001
00101000000001
00111111111111
00111000000000
00000000000000
00000000000000
58
1 8 3 13
1 8 4 13
3 7 7 10
3 3 8 7
3 3 8 10
3 3 8 13
3 3 8 14
3 4 8 7
3 4 8 10
3 4 8 13
3 4 8 14
3 5 8 7
3 5 8 10
3 5 8 13
3 5 8 14
3 7 8 10
3 7 8 13
3 7 8 14
3 10 8 13
3 10 8 14
3 3 11 5
3 3 11 14
3 5 11 14
3 3 12 5
4 7 7 10
4 3 8 7
4 3 8 10
4 3 8 13
4 3 8 14
4 4 8 7
4 4 8 10
4 4 8 13
4 4 8 14
4 5 8 7
4 5 8 10
4 5 8 13
4 5 8 14
4 7 8 10
4 7 8 13
4 7 8 14
4 10 8 13
4 10 8 14
4 3 11 5
4 3 11 14
4 5 11 14
4 3 12 5
5 7 7 10
5 7 8 10
5 3 11 5
5 3 12 5
6 3 11 5
6 3 12 5
7 3 11 5
7 3 12 5
8 3 11 5
8 3 11 14
8 5 11 14
8 3 12 5
