19 19
0000111111111111111
0111111111101111111
0101111111101000001
0101100111111111111
0101100111111111111
0111111111101111111
0111100111101111011
0111111111111111011
0111111111111111111
0101111111111111111
0101111111111100011
0101100111111111111
0111111111111111111
0111111111111111111
0111111111111111111
0111100101100100011
0111100111100100011
0010100000100100011
0011111111111111111
1269
1 8 4 13
1 8 4 19
1 9 4 13
1 9 4 19
1 10 4 13
1 10 4 19
1 11 4 13
1 11 4 19
1 13 4 19
1 8 5 13
1 8 5 19
1 9 5 13
1 9 5 19
1 10 5 13
1 10 5 19
1 11 5 13
1 11 5 19
1 13 5 19
1 5 6 8
1 5 6 9
1 5 6 10
1 5 6 11
1 13 6 19
1 5 8 8
1 5 8 9
1 5 8 10
1 5 8 11
1 5 8 13
1 8 8 13
1 9 8 13
1 10 8 13
1 11 8 13
1 5 9 8
1 5 9 9
1 5 9 10
1 5 9 11
1 5 9 13
1 5 9 19
1 8 9 13
1 8 9 19
1 9 9 13
1 9 9 19
1 10 9 13
1 10 9 19
1 11 9 13
1 11 9 19
1 13 9 19
1 5 10 8
1 5 10 9
1 5 10 10
1 5 10 11
1 5 10 13
1 5 10 19
1 8 10 13
1 8 10 19
1 9 10 13
1 9 10 19
1 10 10 13
1 10 10 19
1 11 10 13
1 11 10 19
1 13 10 19
1 5 11 8
1 5 11 9
1 5 11 10
1 5 11 11
1 5 11 13
1 8 11 13
1 9 11 13
1 10 11 13
1 11 11 13
1 8 12 13
1 8 12 19
1 9 12 13
1 9 12 19
1 10 12 13
1 10 12 19
1 11 12 13
1 11 12 19
1 13 12 19
1 5 13 8
1 5 13 9
1 5 13 10
1 5 13 11
1 5 13 13
1 5 13 19
1 8 13 13
1 8 13 19
1 9 13 13
1 9 13 19
1 10 13 13
1 10 13 19
1 11 13 13
1 11 13 19
1 13 13 19
1 5 14 8
1 5 14 9
1 5 14 10
1 5 14 11
1 5 14 13
1 5 14 19
1 8 14 13
1 8 14 19
1 9 14 13
1 9 14 19
1 10 14 13
1 10 14 19
1 11 14 13
1 11 14 19
1 13 14 19
1 5 15 8
1 5 15 9
1 5 15 10
1 5 15 11
1 5 15 13
1 5 15 19
1 8 15 13
1 8 15 19
1 9 15 13
1 9 15 19
1 10 15 13
1 10 15 19
1 11 15 13
1 11 15 19
1 13 15 19
1 8 17 10
1 8 17 11
1 5 19 11
1 5 19 19
1 11 19 19
2 13 4 19
2 13 5 19
2 2 6 4
2 2 6 5
2 2 6 8
2 2 6 9
2 2 6 10
2 2 6 11
2 4 6 8
2 4 6 9
2 4 6 10
2 4 6 11
2 5 6 8
2 5 6 9
2 5 6 10
2 5 6 11
2 13 6 19
2 2 7 4
2 2 7 5
2 2 8 4
2 2 8 5
2 2 8 8
2 2 8 9
2 2 8 10
2 2 8 11
2 4 8 8
2 4 8 9
2 4 8 10
2 4 8 11
2 5 8 8
2 5 8 9
2 5 8 10
2 5 8 11
2 2 9 4
2 2 9 5
2 2 9 8
2 2 9 9
2 2 9 10
2 2 9 11
2 4 9 8
2 4 9 9
2 4 9 10
2 4 9 11
2 5 9 8
2 5 9 9
2 5 9 10
2 5 9 11
2 13 9 19
2 4 10 8
2 4 10 9
2 4 10 10
2 4 10 11
2 5 10 8
2 5 10 9
2 5 10 10
2 5 10 11
2 13 10 19
2 4 11 8
2 4 11 9
2 4 11 10
2 4 11 11
2 5 11 8
2 5 11 9
2 5 11 10
2 5 11 11
2 13 12 19
2 2 13 4
2 2 13 5
2 2 13 8
2 2 13 9
2 2 13 10
2 2 13 11
2 4 13 8
2 4 13 9
2 4 13 10
2 4 13 11
2 5 13 8
2 5 13 9
2 5 13 10
2 5 13 11
2 13 13 19
2 2 14 4
2 2 14 5
2 2 14 8
2 2 14 9
2 2 14 10
2 2 14 11
2 4 14 8
2 4 14 9
2 4 14 10
2 4 14 11
2 5 14 8
2 5 14 9
2 5 14 10
2 5 14 11
2 13 14 19
2 2 15 4
2 2 15 5
2 2 15 8
2 2 15 9
2 2 15 10
2 2 15 11
2 4 15 8
2 4 15 9
2 4 15 10
2 4 15 11
2 5 15 8
2 5 15 9
2 5 15 10
2 5 15 11
2 13 15 19
2 2 16 4
2 2 16 5
2 2 17 4
2 2 17 5
2 8 17 10
2 8 17 11
2 5 19 11
3 4 6 8
3 4 6 9
3 4 6 10
3 4 6 11
3 5 6 8
3 5 6 9
3 5 6 10
3 5 6 11
3 4 8 8
3 4 8 9
3 4 8 10
3 4 8 11
3 5 8 8
3 5 8 9
3 5 8 10
3 5 8 11
3 4 9 8
3 4 9 9
3 4 9 10
3 4 9 11
3 5 9 8
3 5 9 9
3 5 9 10
3 5 9 11
3 4 10 8
3 4 10 9
3 4 10 10
3 4 10 11
3 5 10 8
3 5 10 9
3 5 10 10
3 5 10 11
3 4 11 8
3 4 11 9
3 4 11 10
3 4 11 11
3 5 11 8
3 5 11 9
3 5 11 10
3 5 11 11
3 4 13 8
3 4 13 9
3 4 13 10
3 4 13 11
3 5 13 8
3 5 13 9
3 5 13 10
3 5 13 11
3 4 14 8
3 4 14 9
3 4 14 10
3 4 14 11
3 5 14 8
3 5 14 9
3 5 14 10
3 5 14 11
3 4 15 8
3 4 15 9
3 4 15 10
3 4 15 11
3 5 15 8
3 5 15 9
3 5 15 10
3 5 15 11
3 8 17 10
3 8 17 11
3 5 19 11
4 8 8 13
4 8 8 14
4 8 8 15
4 8 8 16
4 9 8 13
4 9 8 14
4 9 8 15
4 9 8 16
4 10 8 13
4 10 8 14
4 10 8 15
4 10 8 16
4 11 8 13
4 11 8 14
4 11 8 15
4 11 8 16
4 8 9 13
4 8 9 14
4 8 9 15
4 8 9 16
4 8 9 18
4 8 9 19
4 9 9 13
4 9 9 14
4 9 9 15
4 9 9 16
4 9 9 18
4 9 9 19
4 10 9 13
4 10 9 14
4 10 9 15
4 10 9 16
4 10 9 18
4 10 9 19
4 11 9 13
4 11 9 14
4 11 9 15
4 11 9 16
4 11 9 18
4 11 9 19
4 13 9 18
4 13 9 19
4 14 9 18
4 14 9 19
4 15 9 18
4 15 9 19
4 16 9 18
4 16 9 19
4 8 10 13
4 8 10 14
4 8 10 15
4 8 10 16
4 8 10 18
4 8 10 19
4 9 10 13
4 9 10 14
4 9 10 15
4 9 10 16
4 9 10 18
4 9 10 19
4 10 10 13
4 10 10 14
4 10 10 15
4 10 10 16
4 10 10 18
4 10 10 19
4 11 10 13
4 11 10 14
4 11 10 15
4 11 10 16
4 11 10 18
4 11 10 19
4 13 10 18
4 13 10 19
4 14 10 18
4 14 10 19
4 15 10 18
4 15 10 19
4 16 10 18
4 16 10 19
4 8 11 13
4 8 11 14
4 9 11 13
4 9 11 14
4 10 11 13
4 10 11 14
4 11 11 13
4 11 11 14
4 8 12 13
4 8 12 14
4 8 12 18
4 8 12 19
4 9 12 13
4 9 12 14
4 9 12 18
4 9 12 19
4 10 12 13
4 10 12 14
4 10 12 18
4 10 12 19
4 11 12 13
4 11 12 14
4 11 12 18
4 11 12 19
4 13 12 18
4 13 12 19
4 14 12 18
4 14 12 19
4 8 13 13
4 8 13 14
4 8 13 18
4 8 13 19
4 9 13 13
4 9 13 14
4 9 13 18
4 9 13 19
4 10 13 13
4 10 13 14
4 10 13 18
4 10 13 19
4 11 13 13
4 11 13 14
4 11 13 18
4 11 13 19
4 13 13 18
4 13 13 19
4 14 13 18
4 14 13 19
4 8 14 13
4 8 14 14
4 8 14 18
4 8 14 19
4 9 14 13
4 9 14 14
4 9 14 18
4 9 14 19
4 10 14 13
4 10 14 14
4 10 14 18
4 10 14 19
4 11 14 13
4 11 14 14
4 11 14 18
4 11 14 19
4 13 14 18
4 13 14 19
4 14 14 18
4 14 14 19
4 8 15 13
4 8 15 14
4 8 15 18
4 8 15 19
4 9 15 13
4 9 15 14
4 9 15 18
4 9 15 19
4 10 15 13
4 10 15 14
4 10 15 18
4 10 15 19
4 11 15 13
4 11 15 14
4 11 15 18
4 11 15 19
4 13 15 18
4 13 15 19
4 14 15 18
4 14 15 19
4 8 17 10
4 8 17 11
4 11 19 14
4 11 19 18
4 11 19 19
4 14 19 18
4 14 19 19
5 8 8 13
5 8 8 14
5 8 8 15
5 8 8 16
5 9 8 13
5 9 8 14
5 9 8 15
5 9 8 16
5 10 8 13
5 10 8 14
5 10 8 15
5 10 8 16
5 11 8 13
5 11 8 14
5 11 8 15
5 11 8 16
5 8 9 13
5 8 9 14
5 8 9 15
5 8 9 16
5 8 9 18
5 8 9 19
5 9 9 13
5 9 9 14
5 9 9 15
5 9 9 16
5 9 9 18
5 9 9 19
5 10 9 13
5 10 9 14
5 10 9 15
5 10 9 16
5 10 9 18
5 10 9 19
5 11 9 13
5 11 9 14
5 11 9 15
5 11 9 16
5 11 9 18
5 11 9 19
5 13 9 18
5 13 9 19
5 14 9 18
5 14 9 19
5 15 9 18
5 15 9 19
5 16 9 18
5 16 9 19
5 8 10 13
5 8 10 14
5 8 10 15
5 8 10 16
5 8 10 18
5 8 10 19
5 9 10 13
5 9 10 14
5 9 10 15
5 9 10 16
5 9 10 18
5 9 10 19
5 10 10 13
5 10 10 14
5 10 10 15
5 10 10 16
5 10 10 18
5 10 10 19
5 11 10 13
5 11 10 14
5 11 10 15
5 11 10 16
5 11 10 18
5 11 10 19
5 13 10 18
5 13 10 19
5 14 10 18
5 14 10 19
5 15 10 18
5 15 10 19
5 16 10 18
5 16 10 19
5 8 11 13
5 8 11 14
5 9 11 13
5 9 11 14
5 10 11 13
5 10 11 14
5 11 11 13
5 11 11 14
5 8 12 13
5 8 12 14
5 8 12 18
5 8 12 19
5 9 12 13
5 9 12 14
5 9 12 18
5 9 12 19
5 10 12 13
5 10 12 14
5 10 12 18
5 10 12 19
5 11 12 13
5 11 12 14
5 11 12 18
5 11 12 19
5 13 12 18
5 13 12 19
5 14 12 18
5 14 12 19
5 8 13 13
5 8 13 14
5 8 13 18
5 8 13 19
5 9 13 13
5 9 13 14
5 9 13 18
5 9 13 19
5 10 13 13
5 10 13 14
5 10 13 18
5 10 13 19
5 11 13 13
5 11 13 14
5 11 13 18
5 11 13 19
5 13 13 18
5 13 13 19
5 14 13 18
5 14 13 19
5 8 14 13
5 8 14 14
5 8 14 18
5 8 14 19
5 9 14 13
5 9 14 14
5 9 14 18
5 9 14 19
5 10 14 13
5 10 14 14
5 10 14 18
5 10 14 19
5 11 14 13
5 11 14 14
5 11 14 18
5 11 14 19
5 13 14 18
5 13 14 19
5 14 14 18
5 14 14 19
5 8 15 13
5 8 15 14
5 8 15 18
5 8 15 19
5 9 15 13
5 9 15 14
5 9 15 18
5 9 15 19
5 10 15 13
5 10 15 14
5 10 15 18
5 10 15 19
5 11 15 13
5 11 15 14
5 11 15 18
5 11 15 19
5 13 15 18
5 13 15 19
5 14 15 18
5 14 15 19
5 8 17 10
5 8 17 11
5 11 19 14
5 11 19 18
5 11 19 19
5 14 19 18
5 14 19 19
6 2 8 8
6 2 8 9
6 2 8 10
6 2 8 11
6 3 8 8
6 3 8 9
6 3 8 10
6 3 8 11
6 4 8 8
6 4 8 9
6 4 8 10
6 4 8 11
6 5 8 8
6 5 8 9
6 5 8 10
6 5 8 11
6 2 9 8
6 2 9 9
6 2 9 10
6 2 9 11
6 3 9 8
6 3 9 9
6 3 9 10
6 3 9 11
6 4 9 8
6 4 9 9
6 4 9 10
6 4 9 11
6 5 9 8
6 5 9 9
6 5 9 10
6 5 9 11
6 13 9 18
6 13 9 19
6 14 9 18
6 14 9 19
6 15 9 18
6 15 9 19
6 16 9 18
6 16 9 19
6 4 10 8
6 4 10 9
6 4 10 10
6 4 10 11
6 5 10 8
6 5 10 9
6 5 10 10
6 5 10 11
6 13 10 18
6 13 10 19
6 14 10 18
6 14 10 19
6 15 10 18
6 15 10 19
6 16 10 18
6 16 10 19
6 4 11 8
6 4 11 9
6 4 11 10
6 4 11 11
6 5 11 8
6 5 11 9
6 5 11 10
6 5 11 11
6 13 12 18
6 13 12 19
6 14 12 18
6 14 12 19
6 2 13 4
6 2 13 5
6 2 13 8
6 2 13 9
6 2 13 10
6 2 13 11
6 4 13 8
6 4 13 9
6 4 13 10
6 4 13 11
6 5 13 8
6 5 13 9
6 5 13 10
6 5 13 11
6 13 13 18
6 13 13 19
6 14 13 18
6 14 13 19
6 2 14 4
6 2 14 5
6 2 14 8
6 2 14 9
6 2 14 10
6 2 14 11
6 4 14 8
6 4 14 9
6 4 14 10
6 4 14 11
6 5 14 8
6 5 14 9
6 5 14 10
6 5 14 11
6 13 14 18
6 13 14 19
6 14 14 18
6 14 14 19
6 2 15 4
6 2 15 5
6 2 15 8
6 2 15 9
6 2 15 10
6 2 15 11
6 4 15 8
6 4 15 9
6 4 15 10
6 4 15 11
6 5 15 8
6 5 15 9
6 5 15 10
6 5 15 11
6 13 15 18
6 13 15 19
6 14 15 18
6 14 15 19
6 2 16 4
6 2 16 5
6 2 17 4
6 2 17 5
6 8 17 10
6 8 17 11
6 5 19 11
6 14 19 18
6 14 19 19
7 2 13 4
7 2 13 5
7 2 14 4
7 2 14 5
7 2 15 4
7 2 15 5
7 2 16 4
7 2 16 5
7 2 17 4
7 2 17 5
7 8 17 10
7 8 17 11
8 2 13 4
8 2 13 5
8 2 13 8
8 2 13 9
8 2 13 10
8 2 13 11
8 2 13 12
8 2 13 13
8 2 13 14
8 4 13 8
8 4 13 9
8 4 13 10
8 4 13 11
8 4 13 12
8 4 13 13
8 4 13 14
8 5 13 8
8 5 13 9
8 5 13 10
8 5 13 11
8 5 13 12
8 5 13 13
8 5 13 14
8 2 14 4
8 2 14 5
8 2 14 8
8 2 14 9
8 2 14 10
8 2 14 11
8 2 14 12
8 2 14 13
8 2 14 14
8 4 14 8
8 4 14 9
8 4 14 10
8 4 14 11
8 4 14 12
8 4 14 13
8 4 14 14
8 5 14 8
8 5 14 9
8 5 14 10
8 5 14 11
8 5 14 12
8 5 14 13
8 5 14 14
8 2 15 4
8 2 15 5
8 2 15 8
8 2 15 9
8 2 15 10
8 2 15 11
8 2 15 12
8 2 15 13
8 2 15 14
8 4 15 8
8 4 15 9
8 4 15 10
8 4 15 11
8 4 15 12
8 4 15 13
8 4 15 14
8 5 15 8
8 5 15 9
8 5 15 10
8 5 15 11
8 5 15 12
8 5 15 13
8 5 15 14
8 2 16 4
8 2 16 5
8 2 17 4
8 2 17 5
8 8 17 10
8 8 17 11
8 5 19 11
8 5 19 14
8 11 19 14
9 8 12 18
9 8 12 19
9 9 12 18
9 9 12 19
9 10 12 18
9 10 12 19
9 11 12 18
9 11 12 19
9 12 12 18
9 12 12 19
9 13 12 18
9 13 12 19
9 14 12 18
9 14 12 19
9 2 13 4
9 2 13 5
9 2 13 8
9 2 13 9
9 2 13 10
9 2 13 11
9 2 13 12
9 2 13 13
9 2 13 14
9 2 13 18
9 2 13 19
9 4 13 8
9 4 13 9
9 4 13 10
9 4 13 11
9 4 13 12
9 4 13 13
9 4 13 14
9 4 13 18
9 4 13 19
9 5 13 8
9 5 13 9
9 5 13 10
9 5 13 11
9 5 13 12
9 5 13 13
9 5 13 14
9 5 13 18
9 5 13 19
9 8 13 18
9 8 13 19
9 9 13 18
9 9 13 19
9 10 13 18
9 10 13 19
9 11 13 18
9 11 13 19
9 12 13 18
9 12 13 19
9 13 13 18
9 13 13 19
9 14 13 18
9 14 13 19
9 2 14 4
9 2 14 5
9 2 14 8
9 2 14 9
9 2 14 10
9 2 14 11
9 2 14 12
9 2 14 13
9 2 14 14
9 2 14 18
9 2 14 19
9 4 14 8
9 4 14 9
9 4 14 10
9 4 14 11
9 4 14 12
9 4 14 13
9 4 14 14
9 4 14 18
9 4 14 19
9 5 14 8
9 5 14 9
9 5 14 10
9 5 14 11
9 5 14 12
9 5 14 13
9 5 14 14
9 5 14 18
9 5 14 19
9 8 14 18
9 8 14 19
9 9 14 18
9 9 14 19
9 10 14 18
9 10 14 19
9 11 14 18
9 11 14 19
9 12 14 18
9 12 14 19
9 13 14 18
9 13 14 19
9 14 14 18
9 14 14 19
9 2 15 4
9 2 15 5
9 2 15 8
9 2 15 9
9 2 15 10
9 2 15 11
9 2 15 12
9 2 15 13
9 2 15 14
9 2 15 18
9 2 15 19
9 4 15 8
9 4 15 9
9 4 15 10
9 4 15 11
9 4 15 12
9 4 15 13
9 4 15 14
9 4 15 18
9 4 15 19
9 5 15 8
9 5 15 9
9 5 15 10
9 5 15 11
9 5 15 12
9 5 15 13
9 5 15 14
9 5 15 18
9 5 15 19
9 8 15 18
9 8 15 19
9 9 15 18
9 9 15 19
9 10 15 18
9 10 15 19
9 11 15 18
9 11 15 19
9 12 15 18
9 12 15 19
9 13 15 18
9 13 15 19
9 14 15 18
9 14 15 19
9 2 16 4
9 2 16 5
9 2 17 4
9 2 17 5
9 8 17 10
9 8 17 11
9 5 19 11
9 5 19 14
9 5 19 18
9 5 19 19
9 11 19 14
9 11 19 18
9 11 19 19
9 14 19 18
9 14 19 19
10 8 12 18
10 8 12 19
10 9 12 18
10 9 12 19
10 10 12 18
10 10 12 19
10 11 12 18
10 11 12 19
10 12 12 18
10 12 12 19
10 13 12 18
10 13 12 19
10 14 12 18
10 14 12 19
10 4 13 8
10 4 13 9
10 4 13 10
10 4 13 11
10 4 13 12
10 4 13 13
10 4 13 14
10 4 13 18
10 4 13 19
10 5 13 8
10 5 13 9
10 5 13 10
10 5 13 11
10 5 13 12
10 5 13 13
10 5 13 14
10 5 13 18
10 5 13 19
10 8 13 18
10 8 13 19
10 9 13 18
10 9 13 19
10 10 13 18
10 10 13 19
10 11 13 18
10 11 13 19
10 12 13 18
10 12 13 19
10 13 13 18
10 13 13 19
10 14 13 18
10 14 13 19
10 4 14 8
10 4 14 9
10 4 14 10
10 4 14 11
10 4 14 12
10 4 14 13
10 4 14 14
10 4 14 18
10 4 14 19
10 5 14 8
10 5 14 9
10 5 14 10
10 5 14 11
10 5 14 12
10 5 14 13
10 5 14 14
10 5 14 18
10 5 14 19
10 8 14 18
10 8 14 19
10 9 14 18
10 9 14 19
10 10 14 18
10 10 14 19
10 11 14 18
10 11 14 19
10 12 14 18
10 12 14 19
10 13 14 18
10 13 14 19
10 14 14 18
10 14 14 19
10 4 15 8
10 4 15 9
10 4 15 10
10 4 15 11
10 4 15 12
10 4 15 13
10 4 15 14
10 4 15 18
10 4 15 19
10 5 15 8
10 5 15 9
10 5 15 10
10 5 15 11
10 5 15 12
10 5 15 13
10 5 15 14
10 5 15 18
10 5 15 19
10 8 15 18
10 8 15 19
10 9 15 18
10 9 15 19
10 10 15 18
10 10 15 19
10 11 15 18
10 11 15 19
10 12 15 18
10 12 15 19
10 13 15 18
10 13 15 19
10 14 15 18
10 14 15 19
10 8 17 10
10 8 17 11
10 5 19 11
10 5 19 14
10 5 19 18
10 5 19 19
10 11 19 14
10 11 19 18
10 11 19 19
10 14 19 18
10 14 19 19
11 4 13 8
11 4 13 9
11 4 13 10
11 4 13 11
11 4 13 12
11 4 13 13
11 4 13 14
11 5 13 8
11 5 13 9
11 5 13 10
11 5 13 11
11 5 13 12
11 5 13 13
11 5 13 14
11 4 14 8
11 4 14 9
11 4 14 10
11 4 14 11
11 4 14 12
11 4 14 13
11 4 14 14
11 5 14 8
11 5 14 9
11 5 14 10
11 5 14 11
11 5 14 12
11 5 14 13
11 5 14 14
11 4 15 8
11 4 15 9
11 4 15 10
11 4 15 11
11 4 15 12
11 4 15 13
11 4 15 14
11 5 15 8
11 5 15 9
11 5 15 10
11 5 15 11
11 5 15 12
11 5 15 13
11 5 15 14
11 8 17 10
11 8 17 11
11 5 19 11
11 5 19 14
11 11 19 14
12 8 17 10
12 8 17 11
12 11 19 14
12 11 19 18
12 11 19 19
12 14 19 18
12 14 19 19
13 8 17 10
13 8 17 11
13 3 19 5
13 3 19 11
13 3 19 14
13 3 19 18
13 3 19 19
13 5 19 11
13 5 19 14
13 5 19 18
13 5 19 19
13 11 19 14
13 11 19 18
13 11 19 19
13 14 19 18
13 14 19 19
14 8 17 10
14 8 17 11
14 3 19 5
14 3 19 11
14 3 19 14
14 3 19 18
14 3 19 19
14 5 19 11
14 5 19 14
14 5 19 18
14 5 19 19
14 11 19 14
14 11 19 18
14 11 19 19
14 14 19 18
14 14 19 19
15 8 17 10
15 8 17 11
15 3 19 5
15 3 19 11
15 3 19 14
15 3 19 18
15 3 19 19
15 5 19 11
15 5 19 14
15 5 19 18
15 5 19 19
15 11 19 14
15 11 19 18
15 11 19 19
15 14 19 18
15 14 19 19
16 3 19 5
17 3 19 5
