14 23
00000000000000000000000
00000000000000000000000
00000000000111100000000
00000000011111111111100
00000000010100100000100
00000000011111111111110
00000000011100100000110
00000000011100100000110
00000000011100100000110
00000000011100100000110
00000000011111111111110
00000000011111111111100
00000000000000000000000
00000000000000000000000
43
3 12 6 15
3 12 11 15
3 12 12 15
4 10 6 12
4 10 6 15
4 10 6 21
4 12 6 15
4 12 6 21
4 15 6 21
4 10 7 12
4 10 8 12
4 10 9 12
4 10 10 12
4 10 11 12
4 10 11 15
4 10 11 21
4 12 11 15
4 12 11 21
4 15 11 21
4 10 12 12
4 10 12 15
4 10 12 21
4 12 12 15
4 12 12 21
4 15 12 21
6 10 11 15
6 10 11 21
6 10 11 22
6 11 11 15
6 11 11 21
6 11 11 22
6 12 11 15
6 12 11 21
6 12 11 22
6 15 11 21
6 15 11 22
6 10 12 15
6 10 12 21
6 11 12 15
6 11 12 21
6 12 12 15
6 12 12 21
6 15 12 21
