11 17
01111111111111100
01111111111111100
01100000001100100
01100000001111100
01111111111111111
01111111111111101
01111111111010101
11111111111111111
11111111111111101
11111111111111111
00011111111111111
305
1 11 4 15
1 12 4 15
1 2 5 11
1 2 5 12
1 2 5 15
1 3 5 11
1 3 5 12
1 3 5 15
1 11 5 15
1 12 5 15
1 2 6 11
1 2 6 12
1 2 6 15
1 3 6 11
1 3 6 12
1 3 6 15
1 11 6 15
1 12 6 15
1 2 7 11
1 3 7 11
1 2 8 11
1 2 8 15
1 3 8 11
1 3 8 15
1 11 8 15
1 2 9 11
1 2 9 15
1 3 9 11
1 3 9 15
1 11 9 15
1 2 10 11
1 2 10 15
1 3 10 11
1 3 10 15
1 11 10 15
1 11 11 15
2 11 4 15
2 12 4 15
2 2 5 11
2 2 5 12
2 2 5 15
2 3 5 11
2 3 5 12
2 3 5 15
2 11 5 15
2 12 5 15
2 2 6 11
2 2 6 12
2 2 6 15
2 3 6 11
2 3 6 12
2 3 6 15
2 11 6 15
2 12 6 15
2 2 7 11
2 3 7 11
2 2 8 11
2 2 8 15
2 3 8 11
2 3 8 15
2 11 8 15
2 2 9 11
2 2 9 15
2 3 9 11
2 3 9 15
2 11 9 15
2 2 10 11
2 2 10 15
2 3 10 11
2 3 10 15
2 11 10 15
2 11 11 15
4 11 8 13
4 11 8 15
4 13 8 15
4 11 9 13
4 11 9 15
4 13 9 15
4 11 10 13
4 11 10 15
4 13 10 15
4 11 11 13
4 11 11 15
4 13 11 15
5 2 8 13
5 2 8 15
5 2 8 17
5 3 8 13
5 3 8 15
5 3 8 17
5 4 8 13
5 4 8 15
5 4 8 17
5 5 8 13
5 5 8 15
5 5 8 17
5 6 8 13
5 6 8 15
5 6 8 17
5 7 8 13
5 7 8 15
5 7 8 17
5 8 8 13
5 8 8 15
5 8 8 17
5 9 8 13
5 9 8 15
5 9 8 17
5 10 8 13
5 10 8 15
5 10 8 17
5 11 8 13
5 11 8 15
5 11 8 17
5 13 8 15
5 13 8 17
5 15 8 17
5 2 9 13
5 2 9 15
5 3 9 13
5 3 9 15
5 4 9 13
5 4 9 15
5 5 9 13
5 5 9 15
5 6 9 13
5 6 9 15
5 7 9 13
5 7 9 15
5 8 9 13
5 8 9 15
5 9 9 13
5 9 9 15
5 10 9 13
5 10 9 15
5 11 9 13
5 11 9 15
5 13 9 15
5 2 10 13
5 2 10 15
5 2 10 17
5 3 10 13
5 3 10 15
5 3 10 17
5 4 10 13
5 4 10 15
5 4 10 17
5 5 10 13
5 5 10 15
5 5 10 17
5 6 10 13
5 6 10 15
5 6 10 17
5 7 10 13
5 7 10 15
5 7 10 17
5 8 10 13
5 8 10 15
5 8 10 17
5 9 10 13
5 9 10 15
5 9 10 17
5 10 10 13
5 10 10 15
5 10 10 17
5 11 10 13
5 11 10 15
5 11 10 17
5 13 10 15
5 13 10 17
5 15 10 17
5 4 11 13
5 4 11 15
5 4 11 17
5 5 11 13
5 5 11 15
5 5 11 17
5 6 11 13
5 6 11 15
5 6 11 17
5 7 11 13
5 7 11 15
5 7 11 17
5 8 11 13
5 8 11 15
5 8 11 17
5 9 11 13
5 9 11 15
5 9 11 17
5 10 11 13
5 10 11 15
5 10 11 17
5 11 11 13
5 11 11 15
5 11 11 17
5 13 11 15
5 13 11 17
5 15 11 17
6 2 8 13
6 2 8 15
6 3 8 13
6 3 8 15
6 4 8 13
6 4 8 15
6 5 8 13
6 5 8 15
6 6 8 13
6 6 8 15
6 7 8 13
6 7 8 15
6 8 8 13
6 8 8 15
6 9 8 13
6 9 8 15
6 10 8 13
6 10 8 15
6 11 8 13
6 11 8 15
6 13 8 15
6 2 9 13
6 2 9 15
6 3 9 13
6 3 9 15
6 4 9 13
6 4 9 15
6 5 9 13
6 5 9 15
6 6 9 13
6 6 9 15
6 7 9 13
6 7 9 15
6 8 9 13
6 8 9 15
6 9 9 13
6 9 9 15
6 10 9 13
6 10 9 15
6 11 9 13
6 11 9 15
6 13 9 15
6 2 10 13
6 2 10 15
6 3 10 13
6 3 10 15
6 4 10 13
6 4 10 15
6 5 10 13
6 5 10 15
6 6 10 13
6 6 10 15
6 7 10 13
6 7 10 15
6 8 10 13
6 8 10 15
6 9 10 13
6 9 10 15
6 10 10 13
6 10 10 15
6 11 10 13
6 11 10 15
6 13 10 15
6 4 11 13
6 4 11 15
6 5 11 13
6 5 11 15
6 6 11 13
6 6 11 15
6 7 11 13
6 7 11 15
6 8 11 13
6 8 11 15
6 9 11 13
6 9 11 15
6 10 11 13
6 10 11 15
6 11 11 13
6 11 11 15
6 13 11 15
8 1 10 17
8 2 10 17
8 3 10 17
8 4 10 17
8 5 10 17
8 6 10 17
8 7 10 17
8 8 10 17
8 9 10 17
8 10 10 17
8 11 10 17
8 12 10 17
8 13 10 17
8 14 10 17
8 15 10 17
8 4 11 17
8 5 11 17
8 6 11 17
8 7 11 17
8 8 11 17
8 9 11 17
8 10 11 17
8 11 11 17
8 12 11 17
8 13 11 17
8 14 11 17
8 15 11 17
