17 10
1111111110
1001011110
1111111110
1111011110
1111111110
1111111111
1111111111
1111011111
1111111111
1111111111
1111111111
1111111111
1111111111
1111111111
1111111111
1111111111
0111110000
747
1 1 3 4
1 1 3 6
1 1 3 7
1 1 3 8
1 1 3 9
1 4 3 6
1 4 3 7
1 4 3 8
1 4 3 9
1 1 4 4
1 1 5 4
1 1 5 6
1 1 5 7
1 1 5 8
1 1 5 9
1 4 5 6
1 4 5 7
1 4 5 8
1 4 5 9
1 1 6 4
1 1 6 6
1 1 6 7
1 1 6 8
1 1 6 9
1 4 6 6
1 4 6 7
1 4 6 8
1 4 6 9
1 1 7 4
1 1 7 6
1 1 7 7
1 1 7 8
1 1 7 9
1 4 7 6
1 4 7 7
1 4 7 8
1 4 7 9
1 1 8 4
1 1 9 4
1 1 9 6
1 1 9 7
1 1 9 8
1 1 9 9
1 4 9 6
1 4 9 7
1 4 9 8
1 4 9 9
1 1 10 4
1 1 10 6
1 1 10 7
1 1 10 8
1 1 10 9
1 4 10 6
1 4 10 7
1 4 10 8
1 4 10 9
1 1 11 4
1 1 11 6
1 1 11 7
1 1 11 8
1 1 11 9
1 4 11 6
1 4 11 7
1 4 11 8
1 4 11 9
1 1 12 4
1 1 12 6
1 1 12 7
1 1 12 8
1 1 12 9
1 4 12 6
1 4 12 7
1 4 12 8
1 4 12 9
1 1 13 4
1 1 13 6
1 1 13 7
1 1 13 8
1 1 13 9
1 4 13 6
1 4 13 7
1 4 13 8
1 4 13 9
1 1 14 4
1 1 14 6
1 1 14 7
1 1 14 8
1 1 14 9
1 4 14 6
1 4 14 7
1 4 14 8
1 4 14 9
1 1 15 4
1 1 15 6
1 1 15 7
1 1 15 8
1 1 15 9
1 4 15 6
1 4 15 7
1 4 15 8
1 4 15 9
1 1 16 4
1 1 16 6
1 1 16 7
1 1 16 8
1 1 16 9
1 4 16 6
1 4 16 7
1 4 16 8
1 4 16 9
1 4 17 6
3 1 5 6
3 1 5 7
3 1 5 8
3 1 5 9
3 2 5 6
3 2 5 7
3 2 5 8
3 2 5 9
3 3 5 6
3 3 5 7
3 3 5 8
3 3 5 9
3 4 5 6
3 4 5 7
3 4 5 8
3 4 5 9
3 1 6 6
3 1 6 7
3 1 6 8
3 1 6 9
3 2 6 6
3 2 6 7
3 2 6 8
3 2 6 9
3 3 6 6
3 3 6 7
3 3 6 8
3 3 6 9
3 4 6 6
3 4 6 7
3 4 6 8
3 4 6 9
3 1 7 6
3 1 7 7
3 1 7 8
3 1 7 9
3 2 7 6
3 2 7 7
3 2 7 8
3 2 7 9
3 3 7 6
3 3 7 7
3 3 7 8
3 3 7 9
3 4 7 6
3 4 7 7
3 4 7 8
3 4 7 9
3 1 9 6
3 1 9 7
3 1 9 8
3 1 9 9
3 2 9 6
3 2 9 7
3 2 9 8
3 2 9 9
3 3 9 6
3 3 9 7
3 3 9 8
3 3 9 9
3 4 9 6
3 4 9 7
3 4 9 8
3 4 9 9
3 1 10 6
3 1 10 7
3 1 10 8
3 1 10 9
3 2 10 6
3 2 10 7
3 2 10 8
3 2 10 9
3 3 10 6
3 3 10 7
3 3 10 8
3 3 10 9
3 4 10 6
3 4 10 7
3 4 10 8
3 4 10 9
3 1 11 6
3 1 11 7
3 1 11 8
3 1 11 9
3 2 11 6
3 2 11 7
3 2 11 8
3 2 11 9
3 3 11 6
3 3 11 7
3 3 11 8
3 3 11 9
3 4 11 6
3 4 11 7
3 4 11 8
3 4 11 9
3 1 12 6
3 1 12 7
3 1 12 8
3 1 12 9
3 2 12 6
3 2 12 7
3 2 12 8
3 2 12 9
3 3 12 6
3 3 12 7
3 3 12 8
3 3 12 9
3 4 12 6
3 4 12 7
3 4 12 8
3 4 12 9
3 1 13 6
3 1 13 7
3 1 13 8
3 1 13 9
3 2 13 6
3 2 13 7
3 2 13 8
3 2 13 9
3 3 13 6
3 3 13 7
3 3 13 8
3 3 13 9
3 4 13 6
3 4 13 7
3 4 13 8
3 4 13 9
3 1 14 6
3 1 14 7
3 1 14 8
3 1 14 9
3 2 14 6
3 2 14 7
3 2 14 8
3 2 14 9
3 3 14 6
3 3 14 7
3 3 14 8
3 3 14 9
3 4 14 6
3 4 14 7
3 4 14 8
3 4 14 9
3 1 15 6
3 1 15 7
3 1 15 8
3 1 15 9
3 2 15 6
3 2 15 7
3 2 15 8
3 2 15 9
3 3 15 6
3 3 15 7
3 3 15 8
3 3 15 9
3 4 15 6
3 4 15 7
3 4 15 8
3 4 15 9
3 1 16 6
3 1 16 7
3 1 16 8
3 1 16 9
3 2 16 6
3 2 16 7
3 2 16 8
3 2 16 9
3 3 16 6
3 3 16 7
3 3 16 8
3 3 16 9
3 4 16 6
3 4 16 7
3 4 16 8
3 4 16 9
3 2 17 6
3 3 17 6
3 4 17 6
5 1 9 6
5 1 9 7
5 1 9 8
5 1 9 9
5 2 9 6
5 2 9 7
5 2 9 8
5 2 9 9
5 3 9 6
5 3 9 7
5 3 9 8
5 3 9 9
5 4 9 6
5 4 9 7
5 4 9 8
5 4 9 9
5 1 10 6
5 1 10 7
5 1 10 8
5 1 10 9
5 2 10 6
5 2 10 7
5 2 10 8
5 2 10 9
5 3 10 6
5 3 10 7
5 3 10 8
5 3 10 9
5 4 10 6
5 4 10 7
5 4 10 8
5 4 10 9
5 1 11 6
5 1 11 7
5 1 11 8
5 1 11 9
5 2 11 6
5 2 11 7
5 2 11 8
5 2 11 9
5 3 11 6
5 3 11 7
5 3 11 8
5 3 11 9
5 4 11 6
5 4 11 7
5 4 11 8
5 4 11 9
5 1 12 6
5 1 12 7
5 1 12 8
5 1 12 9
5 2 12 6
5 2 12 7
5 2 12 8
5 2 12 9
5 3 12 6
5 3 12 7
5 3 12 8
5 3 12 9
5 4 12 6
5 4 12 7
5 4 12 8
5 4 12 9
5 1 13 6
5 1 13 7
5 1 13 8
5 1 13 9
5 2 13 6
5 2 13 7
5 2 13 8
5 2 13 9
5 3 13 6
5 3 13 7
5 3 13 8
5 3 13 9
5 4 13 6
5 4 13 7
5 4 13 8
5 4 13 9
5 1 14 6
5 1 14 7
5 1 14 8
5 1 14 9
5 2 14 6
5 2 14 7
5 2 14 8
5 2 14 9
5 3 14 6
5 3 14 7
5 3 14 8
5 3 14 9
5 4 14 6
5 4 14 7
5 4 14 8
5 4 14 9
5 1 15 6
5 1 15 7
5 1 15 8
5 1 15 9
5 2 15 6
5 2 15 7
5 2 15 8
5 2 15 9
5 3 15 6
5 3 15 7
5 3 15 8
5 3 15 9
5 4 15 6
5 4 15 7
5 4 15 8
5 4 15 9
5 1 16 6
5 1 16 7
5 1 16 8
5 1 16 9
5 2 16 6
5 2 16 7
5 2 16 8
5 2 16 9
5 3 16 6
5 3 16 7
5 3 16 8
5 3 16 9
5 4 16 6
5 4 16 7
5 4 16 8
5 4 16 9
5 2 17 6
5 3 17 6
5 4 17 6
6 1 9 6
6 1 9 7
6 1 9 8
6 1 9 9
6 1 9 10
6 2 9 6
6 2 9 7
6 2 9 8
6 2 9 9
6 2 9 10
6 3 9 6
6 3 9 7
6 3 9 8
6 3 9 9
6 3 9 10
6 4 9 6
6 4 9 7
6 4 9 8
6 4 9 9
6 4 9 10
6 1 10 6
6 1 10 7
6 1 10 8
6 1 10 9
6 1 10 10
6 2 10 6
6 2 10 7
6 2 10 8
6 2 10 9
6 2 10 10
6 3 10 6
6 3 10 7
6 3 10 8
6 3 10 9
6 3 10 10
6 4 10 6
6 4 10 7
6 4 10 8
6 4 10 9
6 4 10 10
6 1 11 6
6 1 11 7
6 1 11 8
6 1 11 9
6 1 11 10
6 2 11 6
6 2 11 7
6 2 11 8
6 2 11 9
6 2 11 10
6 3 11 6
6 3 11 7
6 3 11 8
6 3 11 9
6 3 11 10
6 4 11 6
6 4 11 7
6 4 11 8
6 4 11 9
6 4 11 10
6 1 12 6
6 1 12 7
6 1 12 8
6 1 12 9
6 1 12 10
6 2 12 6
6 2 12 7
6 2 12 8
6 2 12 9
6 2 12 10
6 3 12 6
6 3 12 7
6 3 12 8
6 3 12 9
6 3 12 10
6 4 12 6
6 4 12 7
6 4 12 8
6 4 12 9
6 4 12 10
6 1 13 6
6 1 13 7
6 1 13 8
6 1 13 9
6 1 13 10
6 2 13 6
6 2 13 7
6 2 13 8
6 2 13 9
6 2 13 10
6 3 13 6
6 3 13 7
6 3 13 8
6 3 13 9
6 3 13 10
6 4 13 6
6 4 13 7
6 4 13 8
6 4 13 9
6 4 13 10
6 1 14 6
6 1 14 7
6 1 14 8
6 1 14 9
6 1 14 10
6 2 14 6
6 2 14 7
6 2 14 8
6 2 14 9
6 2 14 10
6 3 14 6
6 3 14 7
6 3 14 8
6 3 14 9
6 3 14 10
6 4 14 6
6 4 14 7
6 4 14 8
6 4 14 9
6 4 14 10
6 1 15 6
6 1 15 7
6 1 15 8
6 1 15 9
6 1 15 10
6 2 15 6
6 2 15 7
6 2 15 8
6 2 15 9
6 2 15 10
6 3 15 6
6 3 15 7
6 3 15 8
6 3 15 9
6 3 15 10
6 4 15 6
6 4 15 7
6 4 15 8
6 4 15 9
6 4 15 10
6 1 16 6
6 1 16 7
6 1 16 8
6 1 16 9
6 1 16 10
6 2 16 6
6 2 16 7
6 2 16 8
6 2 16 9
6 2 16 10
6 3 16 6
6 3 16 7
6 3 16 8
6 3 16 9
6 3 16 10
6 4 16 6
6 4 16 7
6 4 16 8
6 4 16 9
6 4 16 10
6 2 17 6
6 3 17 6
6 4 17 6
7 1 9 6
7 1 9 7
7 1 9 8
7 1 9 9
7 1 9 10
7 2 9 6
7 2 9 7
7 2 9 8
7 2 9 9
7 2 9 10
7 3 9 6
7 3 9 7
7 3 9 8
7 3 9 9
7 3 9 10
7 4 9 6
7 4 9 7
7 4 9 8
7 4 9 9
7 4 9 10
7 1 10 6
7 1 10 7
7 1 10 8
7 1 10 9
7 1 10 10
7 2 10 6
7 2 10 7
7 2 10 8
7 2 10 9
7 2 10 10
7 3 10 6
7 3 10 7
7 3 10 8
7 3 10 9
7 3 10 10
7 4 10 6
7 4 10 7
7 4 10 8
7 4 10 9
7 4 10 10
7 1 11 6
7 1 11 7
7 1 11 8
7 1 11 9
7 1 11 10
7 2 11 6
7 2 11 7
7 2 11 8
7 2 11 9
7 2 11 10
7 3 11 6
7 3 11 7
7 3 11 8
7 3 11 9
7 3 11 10
7 4 11 6
7 4 11 7
7 4 11 8
7 4 11 9
7 4 11 10
7 1 12 6
7 1 12 7
7 1 12 8
7 1 12 9
7 1 12 10
7 2 12 6
7 2 12 7
7 2 12 8
7 2 12 9
7 2 12 10
7 3 12 6
7 3 12 7
7 3 12 8
7 3 12 9
7 3 12 10
7 4 12 6
7 4 12 7
7 4 12 8
7 4 12 9
7 4 12 10
7 1 13 6
7 1 13 7
7 1 13 8
7 1 13 9
7 1 13 10
7 2 13 6
7 2 13 7
7 2 13 8
7 2 13 9
7 2 13 10
7 3 13 6
7 3 13 7
7 3 13 8
7 3 13 9
7 3 13 10
7 4 13 6
7 4 13 7
7 4 13 8
7 4 13 9
7 4 13 10
7 1 14 6
7 1 14 7
7 1 14 8
7 1 14 9
7 1 14 10
7 2 14 6
7 2 14 7
7 2 14 8
7 2 14 9
7 2 14 10
7 3 14 6
7 3 14 7
7 3 14 8
7 3 14 9
7 3 14 10
7 4 14 6
7 4 14 7
7 4 14 8
7 4 14 9
7 4 14 10
7 1 15 6
7 1 15 7
7 1 15 8
7 1 15 9
7 1 15 10
7 2 15 6
7 2 15 7
7 2 15 8
7 2 15 9
7 2 15 10
7 3 15 6
7 3 15 7
7 3 15 8
7 3 15 9
7 3 15 10
7 4 15 6
7 4 15 7
7 4 15 8
7 4 15 9
7 4 15 10
7 1 16 6
7 1 16 7
7 1 16 8
7 1 16 9
7 1 16 10
7 2 16 6
7 2 16 7
7 2 16 8
7 2 16 9
7 2 16 10
7 3 16 6
7 3 16 7
7 3 16 8
7 3 16 9
7 3 16 10
7 4 16 6
7 4 16 7
7 4 16 8
7 4 16 9
7 4 16 10
7 2 17 6
7 3 17 6
7 4 17 6
