12 11
00111110000
01111010000
01111110000
01101110000
01101110000
11111110000
11101110000
11111111000
11111111000
00101011000
00111111000
00000000000
80
1 3 3 7
1 4 3 7
1 5 3 7
1 5 4 7
1 5 5 7
1 3 6 5
1 3 6 7
1 5 6 7
1 5 7 7
1 3 8 5
1 3 8 7
1 5 8 7
1 3 9 5
1 3 9 7
1 5 9 7
1 3 11 5
1 3 11 7
1 5 11 7
2 2 6 5
2 3 6 5
2 2 8 5
2 3 8 5
2 2 9 5
2 3 9 5
2 3 11 5
3 2 6 5
3 2 6 6
3 2 6 7
3 3 6 5
3 3 6 6
3 3 6 7
3 2 8 5
3 2 8 6
3 2 8 7
3 3 8 5
3 3 8 6
3 3 8 7
3 2 9 5
3 2 9 6
3 2 9 7
3 3 9 5
3 3 9 6
3 3 9 7
3 3 11 5
3 3 11 7
3 5 11 7
4 5 11 7
5 5 11 7
6 1 8 5
6 1 8 6
6 1 8 7
6 2 8 5
6 2 8 6
6 2 8 7
6 3 8 5
6 3 8 6
6 3 8 7
6 1 9 5
6 1 9 6
6 1 9 7
6 2 9 5
6 2 9 6
6 2 9 7
6 3 9 5
6 3 9 6
6 3 9 7
6 3 11 5
6 3 11 7
6 5 11 7
7 5 11 7
8 3 11 5
8 3 11 7
8 3 11 8
8 5 11 7
8 5 11 8
9 3 11 5
9 3 11 7
9 3 11 8
9 5 11 7
9 5 11 8
