12 22
0011111111111111100000
0010101011000100100000
1111111111000100100000
1011111111111111111110
1111111111111111100010
1011111111111111111111
1111111111111111110001
1110011111111111110001
1110011111111111111111
1110011010100111101000
1111111111111111111000
0000000000000000000000
383
1 3 3 5
1 3 3 7
1 3 3 9
1 3 3 10
1 5 3 7
1 5 3 9
1 5 3 10
1 7 3 9
1 7 3 10
1 3 4 5
1 3 4 7
1 3 4 9
1 3 4 10
1 3 4 14
1 3 4 17
1 5 4 7
1 5 4 9
1 5 4 10
1 5 4 14
1 5 4 17
1 7 4 9
1 7 4 10
1 7 4 14
1 7 4 17
1 9 4 14
1 9 4 17
1 10 4 14
1 10 4 17
1 14 4 17
1 3 5 5
1 3 5 7
1 3 5 9
1 3 5 10
1 3 5 14
1 3 5 17
1 5 5 7
1 5 5 9
1 5 5 10
1 5 5 14
1 5 5 17
1 7 5 9
1 7 5 10
1 7 5 14
1 7 5 17
1 9 5 14
1 9 5 17
1 10 5 14
1 10 5 17
1 14 5 17
1 3 6 5
1 3 6 7
1 3 6 9
1 3 6 10
1 3 6 14
1 3 6 17
1 5 6 7
1 5 6 9
1 5 6 10
1 5 6 14
1 5 6 17
1 7 6 9
1 7 6 10
1 7 6 14
1 7 6 17
1 9 6 14
1 9 6 17
1 10 6 14
1 10 6 17
1 14 6 17
1 3 7 5
1 3 7 7
1 3 7 9
1 3 7 10
1 3 7 14
1 3 7 17
1 5 7 7
1 5 7 9
1 5 7 10
1 5 7 14
1 5 7 17
1 7 7 9
1 7 7 10
1 7 7 14
1 7 7 17
1 9 7 14
1 9 7 17
1 10 7 14
1 10 7 17
1 14 7 17
1 7 8 9
1 7 8 10
1 7 8 14
1 7 8 17
1 9 8 14
1 9 8 17
1 10 8 14
1 10 8 17
1 14 8 17
1 7 9 9
1 7 9 10
1 7 9 14
1 7 9 17
1 9 9 14
1 9 9 17
1 10 9 14
1 10 9 17
1 14 9 17
1 14 10 17
1 3 11 7
1 3 11 9
1 3 11 14
1 3 11 17
1 7 11 9
1 7 11 14
1 7 11 17
1 9 11 14
1 9 11 17
1 14 11 17
3 1 5 3
3 1 5 4
3 1 5 5
3 1 5 6
3 1 5 7
3 1 5 8
3 1 5 9
3 1 5 10
3 1 7 3
3 1 7 4
3 1 7 5
3 1 7 6
3 1 7 7
3 1 7 8
3 1 7 9
3 1 7 10
3 1 8 3
3 1 9 3
3 1 10 3
3 1 11 3
3 1 11 6
3 1 11 7
3 1 11 9
3 3 11 6
3 3 11 7
3 3 11 9
3 6 11 9
3 7 11 9
4 3 6 21
4 4 6 21
4 5 6 21
4 6 6 21
4 7 6 21
4 8 6 21
4 9 6 21
4 10 6 21
4 11 6 21
4 12 6 21
4 13 6 21
4 14 6 21
4 15 6 21
4 16 6 21
4 17 6 21
4 3 11 6
4 3 11 7
4 3 11 9
4 3 11 11
4 3 11 14
4 3 11 15
4 3 11 16
4 3 11 17
4 6 11 9
4 6 11 11
4 6 11 14
4 6 11 15
4 6 11 16
4 6 11 17
4 7 11 9
4 7 11 11
4 7 11 14
4 7 11 15
4 7 11 16
4 7 11 17
4 9 11 11
4 9 11 14
4 9 11 15
4 9 11 16
4 9 11 17
4 11 11 14
4 11 11 15
4 11 11 16
4 11 11 17
5 1 7 3
5 1 7 4
5 1 7 5
5 1 7 6
5 1 7 7
5 1 7 8
5 1 7 9
5 1 7 10
5 1 7 11
5 1 7 12
5 1 7 13
5 1 7 14
5 1 7 15
5 1 7 16
5 1 7 17
5 1 8 3
5 1 9 3
5 1 10 3
5 1 11 3
5 1 11 6
5 1 11 7
5 1 11 9
5 1 11 11
5 1 11 14
5 1 11 15
5 1 11 16
5 1 11 17
5 3 11 6
5 3 11 7
5 3 11 9
5 3 11 11
5 3 11 14
5 3 11 15
5 3 11 16
5 3 11 17
5 6 11 9
5 6 11 11
5 6 11 14
5 6 11 15
5 6 11 16
5 6 11 17
5 7 11 9
5 7 11 11
5 7 11 14
5 7 11 15
5 7 11 16
5 7 11 17
5 9 11 11
5 9 11 14
5 9 11 15
5 9 11 16
5 9 11 17
5 11 11 14
5 11 11 15
5 11 11 16
5 11 11 17
6 6 9 22
6 7 9 22
6 8 9 22
6 9 9 22
6 10 9 22
6 11 9 22
6 12 9 22
6 13 9 22
6 14 9 22
6 15 9 22
6 16 9 22
6 17 9 22
6 18 9 22
6 3 11 6
6 3 11 7
6 3 11 9
6 3 11 11
6 3 11 14
6 3 11 15
6 3 11 16
6 3 11 17
6 6 11 9
6 6 11 11
6 6 11 14
6 6 11 15
6 6 11 16
6 6 11 17
6 7 11 9
6 7 11 11
6 7 11 14
6 7 11 15
6 7 11 16
6 7 11 17
6 9 11 11
6 9 11 14
6 9 11 15
6 9 11 16
6 9 11 17
6 11 11 14
6 11 11 15
6 11 11 16
6 11 11 17
7 1 11 6
7 1 11 7
7 1 11 9
7 1 11 11
7 1 11 14
7 1 11 15
7 1 11 16
7 1 11 17
7 2 11 6
7 2 11 7
7 2 11 9
7 2 11 11
7 2 11 14
7 2 11 15
7 2 11 16
7 2 11 17
7 3 11 6
7 3 11 7
7 3 11 9
7 3 11 11
7 3 11 14
7 3 11 15
7 3 11 16
7 3 11 17
7 6 11 9
7 6 11 11
7 6 11 14
7 6 11 15
7 6 11 16
7 6 11 17
7 7 11 9
7 7 11 11
7 7 11 14
7 7 11 15
7 7 11 16
7 7 11 17
7 9 11 11
7 9 11 14
7 9 11 15
7 9 11 16
7 9 11 17
7 11 11 14
7 11 11 15
7 11 11 16
7 11 11 17
8 6 11 9
8 6 11 11
8 6 11 14
8 6 11 15
8 6 11 16
8 6 11 17
8 7 11 9
8 7 11 11
8 7 11 14
8 7 11 15
8 7 11 16
8 7 11 17
8 9 11 11
8 9 11 14
8 9 11 15
8 9 11 16
8 9 11 17
8 11 11 14
8 11 11 15
8 11 11 16
8 11 11 17
9 6 11 9
9 6 11 11
9 6 11 14
9 6 11 15
9 6 11 16
9 6 11 17
9 6 11 19
9 7 11 9
9 7 11 11
9 7 11 14
9 7 11 15
9 7 11 16
9 7 11 17
9 7 11 19
9 9 11 11
9 9 11 14
9 9 11 15
9 9 11 16
9 9 11 17
9 9 11 19
9 11 11 14
9 11 11 15
9 11 11 16
9 11 11 17
9 11 11 19
9 14 11 19
9 15 11 19
9 16 11 19
9 17 11 19
