18 10
0000000000
0000000000
0000000000
0111111111
0111111111
0111011011
0111011011
0111011011
0111111111
0111111111
0111011111
0111111111
0111111011
0111111111
0111101001
0111111001
0101111111
0111111111
345
4 2 9 6
4 2 9 7
4 2 9 9
4 2 9 10
4 3 9 6
4 3 9 7
4 3 9 9
4 3 9 10
4 4 9 6
4 4 9 7
4 4 9 9
4 4 9 10
4 6 9 9
4 6 9 10
4 7 9 9
4 7 9 10
4 2 10 6
4 2 10 7
4 2 10 9
4 2 10 10
4 3 10 6
4 3 10 7
4 3 10 9
4 3 10 10
4 4 10 6
4 4 10 7
4 4 10 9
4 4 10 10
4 6 10 9
4 6 10 10
4 7 10 9
4 7 10 10
4 6 11 9
4 6 11 10
4 7 11 9
4 7 11 10
4 2 12 6
4 2 12 7
4 2 12 9
4 2 12 10
4 3 12 6
4 3 12 7
4 3 12 9
4 3 12 10
4 4 12 6
4 4 12 7
4 4 12 9
4 4 12 10
4 6 12 9
4 6 12 10
4 7 12 9
4 7 12 10
4 2 13 6
4 2 13 7
4 3 13 6
4 3 13 7
4 4 13 6
4 4 13 7
4 2 14 6
4 2 14 7
4 2 14 9
4 2 14 10
4 3 14 6
4 3 14 7
4 3 14 9
4 3 14 10
4 4 14 6
4 4 14 7
4 4 14 9
4 4 14 10
4 6 14 9
4 6 14 10
4 7 14 9
4 7 14 10
4 2 16 7
4 3 16 7
4 4 16 7
4 4 17 7
4 4 17 10
4 7 17 10
4 2 18 4
4 2 18 7
4 2 18 10
4 4 18 7
4 4 18 10
4 7 18 10
5 2 9 6
5 2 9 7
5 2 9 9
5 2 9 10
5 3 9 6
5 3 9 7
5 3 9 9
5 3 9 10
5 4 9 6
5 4 9 7
5 4 9 9
5 4 9 10
5 6 9 9
5 6 9 10
5 7 9 9
5 7 9 10
5 2 10 6
5 2 10 7
5 2 10 9
5 2 10 10
5 3 10 6
5 3 10 7
5 3 10 9
5 3 10 10
5 4 10 6
5 4 10 7
5 4 10 9
5 4 10 10
5 6 10 9
5 6 10 10
5 7 10 9
5 7 10 10
5 6 11 9
5 6 11 10
5 7 11 9
5 7 11 10
5 2 12 6
5 2 12 7
5 2 12 9
5 2 12 10
5 3 12 6
5 3 12 7
5 3 12 9
5 3 12 10
5 4 12 6
5 4 12 7
5 4 12 9
5 4 12 10
5 6 12 9
5 6 12 10
5 7 12 9
5 7 12 10
5 2 13 6
5 2 13 7
5 3 13 6
5 3 13 7
5 4 13 6
5 4 13 7
5 2 14 6
5 2 14 7
5 2 14 9
5 2 14 10
5 3 14 6
5 3 14 7
5 3 14 9
5 3 14 10
5 4 14 6
5 4 14 7
5 4 14 9
5 4 14 10
5 6 14 9
5 6 14 10
5 7 14 9
5 7 14 10
5 2 16 7
5 3 16 7
5 4 16 7
5 4 17 7
5 4 17 10
5 7 17 10
5 2 18 4
5 2 18 7
5 2 18 10
5 4 18 7
5 4 18 10
5 7 18 10
6 2 18 4
7 2 18 4
8 2 18 4
9 2 12 6
9 2 12 7
9 2 12 8
9 2 12 9
9 2 12 10
9 3 12 6
9 3 12 7
9 3 12 8
9 3 12 9
9 3 12 10
9 4 12 6
9 4 12 7
9 4 12 8
9 4 12 9
9 4 12 10
9 2 13 6
9 2 13 7
9 3 13 6
9 3 13 7
9 4 13 6
9 4 13 7
9 2 14 6
9 2 14 7
9 2 14 9
9 2 14 10
9 3 14 6
9 3 14 7
9 3 14 9
9 3 14 10
9 4 14 6
9 4 14 7
9 4 14 9
9 4 14 10
9 6 14 9
9 6 14 10
9 7 14 9
9 7 14 10
9 2 16 7
9 3 16 7
9 4 16 7
9 4 17 7
9 4 17 10
9 7 17 10
9 2 18 4
9 2 18 7
9 2 18 10
9 4 18 7
9 4 18 10
9 7 18 10
10 2 12 6
10 2 12 7
10 2 12 8
10 2 12 9
10 2 12 10
10 3 12 6
10 3 12 7
10 3 12 8
10 3 12 9
10 3 12 10
10 4 12 6
10 4 12 7
10 4 12 8
10 4 12 9
10 4 12 10
10 2 13 6
10 2 13 7
10 3 13 6
10 3 13 7
10 4 13 6
10 4 13 7
10 2 14 6
10 2 14 7
10 2 14 9
10 2 14 10
10 3 14 6
10 3 14 7
10 3 14 9
10 3 14 10
10 4 14 6
10 4 14 7
10 4 14 9
10 4 14 10
10 6 14 9
10 6 14 10
10 7 14 9
10 7 14 10
10 2 16 7
10 3 16 7
10 4 16 7
10 4 17 7
10 4 17 10
10 7 17 10
10 2 18 4
10 2 18 7
10 2 18 10
10 4 18 7
10 4 18 10
10 7 18 10
11 6 14 9
11 6 14 10
11 7 14 9
11 7 14 10
11 7 17 10
11 2 18 4
11 7 18 10
12 2 14 9
12 2 14 10
12 3 14 9
12 3 14 10
12 4 14 9
12 4 14 10
12 5 14 9
12 5 14 10
12 6 14 9
12 6 14 10
12 7 14 9
12 7 14 10
12 2 16 7
12 3 16 7
12 4 16 7
12 5 16 7
12 4 17 7
12 4 17 10
12 5 17 7
12 5 17 10
12 7 17 10
12 2 18 4
12 2 18 5
12 2 18 7
12 2 18 10
12 4 18 7
12 4 18 10
12 5 18 7
12 5 18 10
12 7 18 10
13 2 16 7
13 3 16 7
13 4 16 7
13 5 16 7
13 4 17 7
13 5 17 7
13 2 18 4
13 2 18 5
13 2 18 7
13 4 18 7
13 5 18 7
14 2 16 7
14 3 16 7
14 4 16 7
14 5 16 7
14 4 17 7
14 4 17 10
14 5 17 7
14 5 17 10
14 7 17 10
14 2 18 4
14 2 18 5
14 2 18 7
14 2 18 10
14 4 18 7
14 4 18 10
14 5 18 7
14 5 18 10
14 7 18 10
15 2 18 4
15 2 18 5
16 2 18 4
16 2 18 5
16 2 18 6
16 2 18 7
