21 18
000111111110000000
011111111111111100
010100100110000100
010100111110000100
010100111111100100
010100101110100100
010100111110100100
010100111111111110
010111111110100110
010000110100100110
010000110100100110
111111111111111110
100000111100100100
100000100000100100
111111111111111111
111111111111111111
111001100000100101
111111111111111111
011111111111111111
000000111111100000
000000000000000000
221
1 7 4 10
1 7 4 11
1 7 5 10
1 7 5 11
1 7 7 10
1 7 7 11
1 7 8 10
1 7 8 11
1 4 9 7
1 4 9 10
1 4 9 11
1 7 9 10
1 7 9 11
1 7 12 10
1 7 13 10
2 7 4 10
2 7 4 11
2 7 5 10
2 7 5 11
2 7 7 10
2 7 7 11
2 7 8 10
2 7 8 11
2 7 8 16
2 10 8 16
2 11 8 16
2 4 9 7
2 4 9 10
2 4 9 11
2 7 9 10
2 7 9 11
2 2 12 7
2 2 12 10
2 2 12 16
2 7 12 10
2 7 12 16
2 10 12 16
2 7 13 10
2 7 15 16
2 7 16 16
2 7 18 16
2 7 19 16
4 7 7 9
4 7 7 10
4 7 7 11
4 7 8 9
4 7 8 10
4 7 8 11
4 7 9 9
4 7 9 10
4 7 9 11
4 7 12 10
4 7 13 10
5 7 7 9
5 7 7 10
5 7 7 11
5 7 8 9
5 7 8 10
5 7 8 11
5 7 8 13
5 9 8 13
5 10 8 13
5 11 8 13
5 7 9 9
5 7 9 10
5 7 9 11
5 7 12 10
5 7 12 13
5 10 12 13
5 7 13 10
5 7 15 13
5 7 16 13
5 7 18 13
5 7 19 13
5 7 20 13
7 7 12 10
7 8 12 10
7 7 13 10
7 8 13 10
8 7 12 10
8 7 12 13
8 7 12 16
8 7 12 17
8 8 12 10
8 8 12 13
8 8 12 16
8 8 12 17
8 10 12 13
8 10 12 16
8 10 12 17
8 13 12 16
8 13 12 17
8 7 13 10
8 8 13 10
8 7 15 13
8 7 15 16
8 13 15 16
8 7 16 13
8 7 16 16
8 13 16 16
8 7 18 13
8 7 18 16
8 13 18 16
8 7 19 13
8 7 19 16
8 13 19 16
8 7 20 13
9 7 12 10
9 8 12 10
9 7 13 10
9 8 13 10
12 1 15 7
12 1 15 13
12 1 15 16
12 7 15 13
12 7 15 16
12 13 15 16
12 1 16 7
12 1 16 13
12 1 16 16
12 7 16 13
12 7 16 16
12 13 16 16
12 1 18 7
12 1 18 13
12 1 18 16
12 7 18 13
12 7 18 16
12 13 18 16
12 7 19 13
12 7 19 16
12 13 19 16
12 7 20 13
15 1 18 6
15 1 18 7
15 1 18 13
15 1 18 16
15 1 18 18
15 2 18 6
15 2 18 7
15 2 18 13
15 2 18 16
15 2 18 18
15 3 18 6
15 3 18 7
15 3 18 13
15 3 18 16
15 3 18 18
15 6 18 13
15 6 18 16
15 6 18 18
15 7 18 13
15 7 18 16
15 7 18 18
15 13 18 16
15 13 18 18
15 16 18 18
15 2 19 6
15 2 19 7
15 2 19 13
15 2 19 16
15 2 19 18
15 3 19 6
15 3 19 7
15 3 19 13
15 3 19 16
15 3 19 18
15 6 19 13
15 6 19 16
15 6 19 18
15 7 19 13
15 7 19 16
15 7 19 18
15 13 19 16
15 13 19 18
15 16 19 18
15 7 20 13
16 1 18 6
16 1 18 7
16 1 18 13
16 1 18 16
16 1 18 18
16 2 18 6
16 2 18 7
16 2 18 13
16 2 18 16
16 2 18 18
16 3 18 6
16 3 18 7
16 3 18 13
16 3 18 16
16 3 18 18
16 6 18 13
16 6 18 16
16 6 18 18
16 7 18 13
16 7 18 16
16 7 18 18
16 13 18 16
16 13 18 18
16 16 18 18
16 2 19 6
16 2 19 7
16 2 19 13
16 2 19 16
16 2 19 18
16 3 19 6
16 3 19 7
16 3 19 13
16 3 19 16
16 3 19 18
16 6 19 13
16 6 19 16
16 6 19 18
16 7 19 13
16 7 19 16
16 7 19 18
16 13 19 16
16 13 19 18
16 16 19 18
16 7 20 13
