16 11
00000001111
00011111001
00011111111
00011111111
01111111111
01011111011
01011111111
01010111011
01011111111
01111111111
00111111111
00110011011
00111111111
00010011111
00011111001
00011111111
358
1 8 3 11
1 8 4 11
1 8 5 11
1 8 7 11
1 8 9 11
1 8 10 11
1 8 11 11
1 8 13 11
1 8 14 11
1 8 16 11
2 4 9 6
2 4 9 7
2 4 9 8
2 4 10 6
2 4 10 7
2 4 10 8
2 4 11 6
2 4 11 7
2 4 11 8
2 4 13 7
2 4 13 8
2 4 15 7
2 4 15 8
2 4 16 7
2 4 16 8
3 4 7 10
3 4 7 11
3 5 7 10
3 5 7 11
3 6 7 10
3 6 7 11
3 7 7 10
3 7 7 11
3 8 7 10
3 8 7 11
3 4 9 6
3 4 9 7
3 4 9 8
3 4 9 10
3 4 9 11
3 6 9 10
3 6 9 11
3 7 9 10
3 7 9 11
3 8 9 10
3 8 9 11
3 4 10 6
3 4 10 7
3 4 10 8
3 4 10 10
3 4 10 11
3 6 10 10
3 6 10 11
3 7 10 10
3 7 10 11
3 8 10 10
3 8 10 11
3 4 11 6
3 4 11 7
3 4 11 8
3 4 11 10
3 4 11 11
3 6 11 10
3 6 11 11
3 7 11 10
3 7 11 11
3 8 11 10
3 8 11 11
3 4 13 7
3 4 13 8
3 4 13 10
3 4 13 11
3 7 13 10
3 7 13 11
3 8 13 10
3 8 13 11
3 7 14 10
3 7 14 11
3 8 14 10
3 8 14 11
3 4 15 7
3 4 15 8
3 4 16 7
3 4 16 8
3 4 16 11
3 7 16 11
3 8 16 11
4 4 7 10
4 4 7 11
4 5 7 10
4 5 7 11
4 6 7 10
4 6 7 11
4 7 7 10
4 7 7 11
4 8 7 10
4 8 7 11
4 4 9 6
4 4 9 7
4 4 9 8
4 4 9 10
4 4 9 11
4 6 9 10
4 6 9 11
4 7 9 10
4 7 9 11
4 8 9 10
4 8 9 11
4 4 10 6
4 4 10 7
4 4 10 8
4 4 10 10
4 4 10 11
4 6 10 10
4 6 10 11
4 7 10 10
4 7 10 11
4 8 10 10
4 8 10 11
4 4 11 6
4 4 11 7
4 4 11 8
4 4 11 10
4 4 11 11
4 6 11 10
4 6 11 11
4 7 11 10
4 7 11 11
4 8 11 10
4 8 11 11
4 4 13 7
4 4 13 8
4 4 13 10
4 4 13 11
4 7 13 10
4 7 13 11
4 8 13 10
4 8 13 11
4 7 14 10
4 7 14 11
4 8 14 10
4 8 14 11
4 4 15 7
4 4 15 8
4 4 16 7
4 4 16 8
4 4 16 11
4 7 16 11
4 8 16 11
5 4 7 10
5 4 7 11
5 5 7 10
5 5 7 11
5 6 7 10
5 6 7 11
5 7 7 10
5 7 7 11
5 8 7 10
5 8 7 11
5 4 9 6
5 4 9 7
5 4 9 8
5 4 9 10
5 4 9 11
5 6 9 10
5 6 9 11
5 7 9 10
5 7 9 11
5 8 9 10
5 8 9 11
5 2 10 4
5 2 10 6
5 2 10 7
5 2 10 8
5 2 10 10
5 2 10 11
5 4 10 6
5 4 10 7
5 4 10 8
5 4 10 10
5 4 10 11
5 6 10 10
5 6 10 11
5 7 10 10
5 7 10 11
5 8 10 10
5 8 10 11
5 4 11 6
5 4 11 7
5 4 11 8
5 4 11 10
5 4 11 11
5 6 11 10
5 6 11 11
5 7 11 10
5 7 11 11
5 8 11 10
5 8 11 11
5 4 13 7
5 4 13 8
5 4 13 10
5 4 13 11
5 7 13 10
5 7 13 11
5 8 13 10
5 8 13 11
5 7 14 10
5 7 14 11
5 8 14 10
5 8 14 11
5 4 15 7
5 4 15 8
5 4 16 7
5 4 16 8
5 4 16 11
5 7 16 11
5 8 16 11
6 4 9 6
6 4 9 7
6 4 9 8
6 4 10 6
6 4 10 7
6 4 10 8
6 4 11 6
6 4 11 7
6 4 11 8
6 4 13 7
6 4 13 8
6 4 15 7
6 4 15 8
6 4 16 7
6 4 16 8
7 4 9 6
7 4 9 7
7 4 9 8
7 4 9 10
7 4 9 11
7 6 9 10
7 6 9 11
7 7 9 10
7 7 9 11
7 8 9 10
7 8 9 11
7 4 10 6
7 4 10 7
7 4 10 8
7 4 10 10
7 4 10 11
7 6 10 10
7 6 10 11
7 7 10 10
7 7 10 11
7 8 10 10
7 8 10 11
7 4 11 6
7 4 11 7
7 4 11 8
7 4 11 10
7 4 11 11
7 6 11 10
7 6 11 11
7 7 11 10
7 7 11 11
7 8 11 10
7 8 11 11
7 4 13 7
7 4 13 8
7 4 13 10
7 4 13 11
7 7 13 10
7 7 13 11
7 8 13 10
7 8 13 11
7 7 14 10
7 7 14 11
7 8 14 10
7 8 14 11
7 4 15 7
7 4 15 8
7 4 16 7
7 4 16 8
7 4 16 11
7 7 16 11
7 8 16 11
9 4 13 7
9 4 13 8
9 4 13 10
9 4 13 11
9 7 13 10
9 7 13 11
9 8 13 10
9 8 13 11
9 7 14 10
9 7 14 11
9 8 14 10
9 8 14 11
9 4 15 7
9 4 15 8
9 4 16 7
9 4 16 8
9 4 16 11
9 7 16 11
9 8 16 11
10 3 13 7
10 3 13 8
10 3 13 10
10 3 13 11
10 4 13 7
10 4 13 8
10 4 13 10
10 4 13 11
10 7 13 10
10 7 13 11
10 8 13 10
10 8 13 11
10 7 14 10
10 7 14 11
10 8 14 10
10 8 14 11
10 4 15 7
10 4 15 8
10 4 16 7
10 4 16 8
10 4 16 11
10 7 16 11
10 8 16 11
11 3 13 7
11 3 13 8
11 3 13 10
11 3 13 11
11 4 13 7
11 4 13 8
11 4 13 10
11 4 13 11
11 7 13 10
11 7 13 11
11 8 13 10
11 8 13 11
11 7 14 10
11 7 14 11
11 8 14 10
11 8 14 11
11 4 15 7
11 4 15 8
11 4 16 7
11 4 16 8
11 4 16 11
11 7 16 11
11 8 16 11
13 4 15 7
13 4 15 8
13 4 16 7
13 4 16 8
13 4 16 11
13 7 16 11
13 8 16 11
14 7 16 11
14 8 16 11
