18 10
1111111110
1000001111
1110001011
1011111111
1111001011
1001001011
1011111111
1011011011
1011111011
1111111111
0011001111
0011001111
1111111111
1011001111
1011001111
1011111111
1111111111
0011111100
181
1 7 4 9
1 7 7 9
1 1 10 7
1 1 10 9
1 7 10 9
1 7 11 9
1 7 12 9
1 7 13 9
1 7 14 9
1 7 15 9
1 7 16 9
1 7 17 9
2 7 4 9
2 7 4 10
2 7 7 9
2 7 7 10
2 7 10 9
2 7 10 10
2 7 11 9
2 7 11 10
2 7 12 9
2 7 12 10
2 7 13 9
2 7 13 10
2 7 14 9
2 7 14 10
2 7 15 9
2 7 15 10
2 7 16 9
2 7 16 10
2 7 17 9
2 7 17 10
3 1 5 3
4 4 7 7
4 4 7 9
4 4 7 10
4 7 7 9
4 7 7 10
4 4 9 7
4 4 10 7
4 4 10 9
4 4 10 10
4 7 10 9
4 7 10 10
4 7 11 9
4 7 11 10
4 7 12 9
4 7 12 10
4 4 13 7
4 4 13 9
4 4 13 10
4 7 13 9
4 7 13 10
4 7 14 9
4 7 14 10
4 7 15 9
4 7 15 10
4 4 16 7
4 4 16 9
4 4 16 10
4 7 16 9
4 7 16 10
4 4 17 7
4 4 17 9
4 4 17 10
4 7 17 9
4 7 17 10
4 4 18 7
5 1 10 4
7 3 9 6
7 3 9 7
7 4 9 6
7 4 9 7
7 3 10 6
7 3 10 7
7 3 10 9
7 3 10 10
7 4 10 6
7 4 10 7
7 4 10 9
7 4 10 10
7 6 10 9
7 6 10 10
7 7 10 9
7 7 10 10
7 7 11 9
7 7 11 10
7 7 12 9
7 7 12 10
7 3 13 7
7 3 13 9
7 3 13 10
7 4 13 7
7 4 13 9
7 4 13 10
7 7 13 9
7 7 13 10
7 7 14 9
7 7 14 10
7 7 15 9
7 7 15 10
7 3 16 7
7 3 16 9
7 3 16 10
7 4 16 7
7 4 16 9
7 4 16 10
7 7 16 9
7 7 16 10
7 3 17 7
7 3 17 9
7 3 17 10
7 4 17 7
7 4 17 9
7 4 17 10
7 7 17 9
7 7 17 10
7 3 18 7
7 4 18 7
9 3 13 7
9 4 13 7
9 3 16 7
9 4 16 7
9 3 17 7
9 4 17 7
9 3 18 7
9 4 18 7
10 3 13 7
10 3 13 8
10 3 13 9
10 3 13 10
10 4 13 7
10 4 13 8
10 4 13 9
10 4 13 10
10 3 16 7
10 3 16 8
10 3 16 9
10 3 16 10
10 4 16 7
10 4 16 8
10 4 16 9
10 4 16 10
10 3 17 7
10 3 17 8
10 3 17 9
10 3 17 10
10 4 17 7
10 4 17 8
10 4 17 9
10 4 17 10
10 3 18 7
10 3 18 8
10 4 18 7
10 4 18 8
13 3 16 7
13 3 16 8
13 3 16 9
13 3 16 10
13 4 16 7
13 4 16 8
13 4 16 9
13 4 16 10
13 1 17 3
13 1 17 4
13 1 17 7
13 1 17 8
13 1 17 9
13 1 17 10
13 3 17 7
13 3 17 8
13 3 17 9
13 3 17 10
13 4 17 7
13 4 17 8
13 4 17 9
13 4 17 10
13 3 18 7
13 3 18 8
13 4 18 7
13 4 18 8
