11 20
00000000000000000000
00111111110000000000
11111111111111111111
10100010110011001001
11111111111111111111
11111111111111111111
11111111111111111100
10110101010001101100
10111111111111111100
10100101010000100000
11111111111111100000
274
2 3 5 7
2 3 5 9
2 3 5 10
2 7 5 9
2 7 5 10
2 3 6 7
2 3 6 9
2 3 6 10
2 7 6 9
2 7 6 10
2 3 7 7
2 3 7 9
2 3 7 10
2 7 7 9
2 7 7 10
2 3 9 10
2 3 11 10
3 1 5 3
3 1 5 7
3 1 5 9
3 1 5 10
3 1 5 13
3 1 5 14
3 1 5 17
3 1 5 20
3 3 5 7
3 3 5 9
3 3 5 10
3 3 5 13
3 3 5 14
3 3 5 17
3 3 5 20
3 7 5 9
3 7 5 10
3 7 5 13
3 7 5 14
3 7 5 17
3 7 5 20
3 9 5 13
3 9 5 14
3 9 5 17
3 9 5 20
3 10 5 13
3 10 5 14
3 10 5 17
3 10 5 20
3 13 5 17
3 13 5 20
3 14 5 17
3 14 5 20
3 17 5 20
3 1 6 3
3 1 6 7
3 1 6 9
3 1 6 10
3 1 6 13
3 1 6 14
3 1 6 17
3 1 6 20
3 3 6 7
3 3 6 9
3 3 6 10
3 3 6 13
3 3 6 14
3 3 6 17
3 3 6 20
3 7 6 9
3 7 6 10
3 7 6 13
3 7 6 14
3 7 6 17
3 7 6 20
3 9 6 13
3 9 6 14
3 9 6 17
3 9 6 20
3 10 6 13
3 10 6 14
3 10 6 17
3 10 6 20
3 13 6 17
3 13 6 20
3 14 6 17
3 14 6 20
3 17 6 20
3 1 7 3
3 1 7 7
3 1 7 9
3 1 7 10
3 1 7 13
3 1 7 14
3 1 7 17
3 3 7 7
3 3 7 9
3 3 7 10
3 3 7 13
3 3 7 14
3 3 7 17
3 7 7 9
3 7 7 10
3 7 7 13
3 7 7 14
3 7 7 17
3 9 7 13
3 9 7 14
3 9 7 17
3 10 7 13
3 10 7 14
3 10 7 17
3 13 7 17
3 14 7 17
3 3 9 10
3 3 9 14
3 3 9 17
3 10 9 14
3 10 9 17
3 14 9 17
3 1 11 3
3 1 11 10
3 3 11 10
5 3 9 6
5 3 9 8
5 3 9 10
5 3 9 14
5 3 9 15
5 3 9 17
5 3 9 18
5 4 9 6
5 4 9 8
5 4 9 10
5 4 9 14
5 4 9 15
5 4 9 17
5 4 9 18
5 6 9 8
5 6 9 10
5 6 9 14
5 6 9 15
5 6 9 17
5 6 9 18
5 8 9 10
5 8 9 14
5 8 9 15
5 8 9 17
5 8 9 18
5 10 9 14
5 10 9 15
5 10 9 17
5 10 9 18
5 14 9 17
5 14 9 18
5 15 9 17
5 15 9 18
5 1 11 3
5 1 11 6
5 1 11 8
5 1 11 10
5 1 11 15
5 3 11 6
5 3 11 8
5 3 11 10
5 3 11 15
5 6 11 8
5 6 11 10
5 6 11 15
5 8 11 10
5 8 11 15
5 10 11 15
6 3 9 6
6 3 9 8
6 3 9 10
6 3 9 14
6 3 9 15
6 3 9 17
6 3 9 18
6 4 9 6
6 4 9 8
6 4 9 10
6 4 9 14
6 4 9 15
6 4 9 17
6 4 9 18
6 6 9 8
6 6 9 10
6 6 9 14
6 6 9 15
6 6 9 17
6 6 9 18
6 8 9 10
6 8 9 14
6 8 9 15
6 8 9 17
6 8 9 18
6 10 9 14
6 10 9 15
6 10 9 17
6 10 9 18
6 14 9 17
6 14 9 18
6 15 9 17
6 15 9 18
6 1 11 3
6 1 11 6
6 1 11 8
6 1 11 10
6 1 11 15
6 3 11 6
6 3 11 8
6 3 11 10
6 3 11 15
6 6 11 8
6 6 11 10
6 6 11 15
6 8 11 10
6 8 11 15
6 10 11 15
7 3 9 6
7 3 9 8
7 3 9 10
7 3 9 14
7 3 9 15
7 3 9 17
7 3 9 18
7 4 9 6
7 4 9 8
7 4 9 10
7 4 9 14
7 4 9 15
7 4 9 17
7 4 9 18
7 6 9 8
7 6 9 10
7 6 9 14
7 6 9 15
7 6 9 17
7 6 9 18
7 8 9 10
7 8 9 14
7 8 9 15
7 8 9 17
7 8 9 18
7 10 9 14
7 10 9 15
7 10 9 17
7 10 9 18
7 14 9 17
7 14 9 18
7 15 9 17
7 15 9 18
7 1 11 3
7 1 11 6
7 1 11 8
7 1 11 10
7 1 11 15
7 3 11 6
7 3 11 8
7 3 11 10
7 3 11 15
7 6 11 8
7 6 11 10
7 6 11 15
7 8 11 10
7 8 11 15
7 10 11 15
9 3 11 6
9 3 11 8
9 3 11 10
9 3 11 15
9 6 11 8
9 6 11 10
9 6 11 15
9 8 11 10
9 8 11 15
9 10 11 15
