15 12
111111111111
111000000001
111000000001
111000000001
111000111111
111111110011
111111111111
111000110111
111111111111
111111111111
111111010011
111111111111
101111111110
111111010000
000001110000
185
1 1 7 12
1 2 7 12
1 3 7 12
1 1 9 12
1 2 9 12
1 3 9 12
1 1 10 12
1 2 10 12
1 3 10 12
1 1 12 12
1 2 12 12
1 3 12 12
1 1 14 3
2 1 14 3
3 1 14 3
4 1 14 3
5 7 7 11
5 7 7 12
5 8 7 11
5 8 7 12
5 7 9 11
5 7 9 12
5 8 9 11
5 8 9 12
5 7 10 11
5 7 10 12
5 8 10 11
5 8 10 12
5 8 12 11
5 8 12 12
5 8 13 11
5 1 14 3
6 1 9 7
6 1 9 8
6 2 9 7
6 2 9 8
6 3 9 7
6 3 9 8
6 1 10 7
6 1 10 8
6 2 10 7
6 2 10 8
6 3 10 7
6 3 10 8
6 1 12 8
6 2 12 8
6 3 12 8
6 3 13 8
6 1 14 3
7 1 9 7
7 1 9 8
7 1 9 10
7 1 9 11
7 1 9 12
7 2 9 7
7 2 9 8
7 2 9 10
7 2 9 11
7 2 9 12
7 3 9 7
7 3 9 8
7 3 9 10
7 3 9 11
7 3 9 12
7 7 9 10
7 7 9 11
7 7 9 12
7 8 9 10
7 8 9 11
7 8 9 12
7 1 10 7
7 1 10 8
7 1 10 10
7 1 10 11
7 1 10 12
7 2 10 7
7 2 10 8
7 2 10 10
7 2 10 11
7 2 10 12
7 3 10 7
7 3 10 8
7 3 10 10
7 3 10 11
7 3 10 12
7 7 10 10
7 7 10 11
7 7 10 12
7 8 10 10
7 8 10 11
7 8 10 12
7 1 12 8
7 1 12 11
7 1 12 12
7 2 12 8
7 2 12 11
7 2 12 12
7 3 12 8
7 3 12 11
7 3 12 12
7 8 12 11
7 8 12 12
7 3 13 8
7 3 13 11
7 8 13 11
7 1 14 3
8 1 14 3
9 1 12 8
9 1 12 11
9 1 12 12
9 2 12 8
9 2 12 11
9 2 12 12
9 3 12 8
9 3 12 11
9 3 12 12
9 4 12 8
9 4 12 11
9 4 12 12
9 5 12 8
9 5 12 11
9 5 12 12
9 6 12 8
9 6 12 11
9 6 12 12
9 8 12 11
9 8 12 12
9 3 13 8
9 3 13 11
9 4 13 8
9 4 13 11
9 5 13 8
9 5 13 11
9 6 13 8
9 6 13 11
9 8 13 11
9 1 14 3
9 1 14 4
9 1 14 5
9 1 14 6
9 6 15 8
10 1 12 8
10 1 12 11
10 1 12 12
10 2 12 8
10 2 12 11
10 2 12 12
10 3 12 8
10 3 12 11
10 3 12 12
10 4 12 8
10 4 12 11
10 4 12 12
10 5 12 8
10 5 12 11
10 5 12 12
10 6 12 8
10 6 12 11
10 6 12 12
10 8 12 11
10 8 12 12
10 3 13 8
10 3 13 11
10 4 13 8
10 4 13 11
10 5 13 8
10 5 13 11
10 6 13 8
10 6 13 11
10 8 13 11
10 1 14 3
10 1 14 4
10 1 14 5
10 1 14 6
10 6 15 8
11 1 14 3
11 1 14 4
11 1 14 5
11 1 14 6
12 1 14 3
12 1 14 4
12 1 14 5
12 1 14 6
12 6 15 8
13 6 15 8
