16 15
111111111110000
101111111111100
111111111111100
111111111111100
101000011111111
101000011001101
101000011001101
101111111111101
111111111111111
100000001001010
111111111111110
100000001001000
100000001001000
111111111111000
000000001111000
000000000000000
134
1 1 3 3
1 1 3 4
1 1 3 5
1 1 3 6
1 1 3 7
1 1 3 8
1 1 3 9
1 1 3 10
1 1 3 11
1 1 4 3
1 1 4 4
1 1 4 5
1 1 4 6
1 1 4 7
1 1 4 8
1 1 4 9
1 1 4 10
1 1 4 11
1 3 8 8
1 3 8 9
1 1 9 3
1 1 9 8
1 1 9 9
1 3 9 8
1 3 9 9
1 1 11 9
1 1 14 9
2 3 8 8
2 3 8 9
2 3 8 12
2 3 8 13
2 8 8 12
2 8 8 13
2 9 8 12
2 9 8 13
2 3 9 8
2 3 9 9
2 3 9 12
2 3 9 13
2 8 9 12
2 8 9 13
2 9 9 12
2 9 9 13
2 9 11 12
2 9 14 12
2 9 15 12
3 3 8 8
3 3 8 9
3 3 8 12
3 3 8 13
3 8 8 12
3 8 8 13
3 9 8 12
3 9 8 13
3 1 9 3
3 1 9 8
3 1 9 9
3 1 9 12
3 1 9 13
3 3 9 8
3 3 9 9
3 3 9 12
3 3 9 13
3 8 9 12
3 8 9 13
3 9 9 12
3 9 9 13
3 1 11 9
3 1 11 12
3 9 11 12
3 1 14 9
3 1 14 12
3 9 14 12
3 9 15 12
4 3 8 8
4 3 8 9
4 3 8 12
4 3 8 13
4 8 8 12
4 8 8 13
4 9 8 12
4 9 8 13
4 1 9 3
4 1 9 8
4 1 9 9
4 1 9 12
4 1 9 13
4 3 9 8
4 3 9 9
4 3 9 12
4 3 9 13
4 8 9 12
4 8 9 13
4 9 9 12
4 9 9 13
4 1 11 9
4 1 11 12
4 9 11 12
4 1 14 9
4 1 14 12
4 9 14 12
4 9 15 12
5 8 8 12
5 8 8 13
5 9 8 12
5 9 8 13
5 8 9 12
5 8 9 13
5 8 9 15
5 9 9 12
5 9 9 13
5 9 9 15
5 12 9 15
5 13 9 15
5 9 11 12
5 9 14 12
5 9 15 12
8 9 11 12
8 9 14 12
8 9 15 12
9 1 11 9
9 1 11 12
9 1 11 14
9 9 11 12
9 9 11 14
9 12 11 14
9 1 14 9
9 1 14 12
9 9 14 12
9 9 15 12
11 1 14 9
11 1 14 12
11 9 14 12
11 9 15 12
