25 21
000000000000000000000
000000000000000000000
000000000000000000000
000000000000000000000
000000000000000000000
000000000000000000000
000000000000000000000
000000000000000000000
000000000000000000000
000000000000000000000
000000000000000000000
000000000000000000000
000000000000000000000
000011111111111000000
000010000000001000000
000010000000001000000
000010000000001000000
000010000000001000000
000010000000001000000
000010000000001000000
000010000000001000000
000010000000001000000
000010000000001000000
000010000000001000000
000011111111111000000
1
14 5 25 15
