17 20
00000000000000001110
00000000000000001010
00000000000000001010
00000000000000001010
00000000000000001010
00000000000000111110
00000000000000101110
00000000000000101110
00000000000000101110
00000000000000111110
00111000000000001010
11111111111111111110
10101000001111001110
10101000001001000100
10101000001111000100
11111111111111111100
00000000000000000000
39
1 17 6 19
1 17 7 19
1 17 8 19
1 17 9 19
1 17 10 19
1 17 12 19
1 17 13 19
6 15 10 17
6 15 10 18
6 15 10 19
6 17 12 19
6 17 13 19
7 17 12 19
7 17 13 19
8 17 12 19
8 17 13 19
9 17 12 19
9 17 13 19
10 17 12 19
10 17 13 19
11 3 16 5
12 11 15 14
12 1 16 3
12 1 16 5
12 1 16 11
12 1 16 14
12 1 16 18
12 3 16 5
12 3 16 11
12 3 16 14
12 3 16 18
12 5 16 11
12 5 16 14
12 5 16 18
12 11 16 14
12 11 16 18
12 14 16 18
13 11 15 14
13 11 16 14
