22 19
0000000000000000000
0000000000000000000
1111110000000000000
1000010000000000000
1000010000000000000
1000111011110000000
1000111010010000000
1111111010010000000
1100111010010000000
1100111010010000000
1111111010011110000
1000111111110010000
1000111110110010000
1000111110110010000
1000111110110010000
1000111110110010000
1000111111110010000
1111111100110010000
0000101100110010000
0000101111110010000
0000101000010010000
0000111000011110000
49
3 1 8 6
3 1 11 6
3 1 18 6
6 9 12 12
6 9 17 12
6 5 22 7
7 5 22 7
8 1 11 5
8 1 11 6
8 1 11 7
8 2 11 5
8 2 11 6
8 2 11 7
8 1 18 5
8 1 18 6
8 1 18 7
8 5 22 7
9 5 22 7
10 5 22 7
11 1 18 5
11 1 18 6
11 1 18 7
11 5 22 7
11 12 22 15
12 5 17 11
12 5 17 12
12 6 17 11
12 6 17 12
12 7 17 11
12 7 17 12
12 8 17 11
12 8 17 12
12 9 17 11
12 9 17 12
12 7 20 11
12 7 20 12
12 8 20 11
12 8 20 12
12 5 22 7
13 5 22 7
14 5 22 7
15 5 22 7
16 5 22 7
17 7 20 11
17 7 20 12
17 8 20 11
17 8 20 12
17 5 22 7
18 5 22 7
