18 16
0000000000001110
0000000000001010
0000000000001010
0000001111111110
0011111111110000
0010001000110000
0010011111110000
0011111111111110
0011111111110110
1111111100110110
1011111111111110
1111111100110100
0001111111111100
1111111111110000
1001111100110000
1001111111110000
1001100000100000
1111111111100000
249
1 13 4 15
4 7 7 11
4 7 7 12
4 7 8 11
4 7 8 12
4 7 9 11
4 7 9 12
4 7 11 11
4 7 11 12
4 7 13 11
4 7 13 12
4 7 14 11
4 7 14 12
4 7 16 11
4 7 16 12
5 7 7 11
5 7 7 12
5 3 8 7
5 3 8 11
5 3 8 12
5 7 8 11
5 7 8 12
5 3 9 7
5 3 9 11
5 3 9 12
5 7 9 11
5 7 9 12
5 3 10 7
5 3 11 7
5 3 11 11
5 3 11 12
5 7 11 11
5 7 11 12
5 3 12 7
5 7 13 11
5 7 13 12
5 7 14 11
5 7 14 12
5 7 16 11
5 7 16 12
7 6 11 11
7 6 11 12
7 7 11 11
7 7 11 12
7 8 11 11
7 8 11 12
7 6 13 11
7 6 13 12
7 7 13 11
7 7 13 12
7 8 13 11
7 8 13 12
7 6 14 11
7 6 14 12
7 7 14 11
7 7 14 12
7 8 14 11
7 8 14 12
7 6 16 11
7 6 16 12
7 7 16 11
7 7 16 12
7 8 16 11
7 8 16 12
8 3 11 11
8 3 11 12
8 3 11 14
8 3 11 15
8 4 11 11
8 4 11 12
8 4 11 14
8 4 11 15
8 5 11 11
8 5 11 12
8 5 11 14
8 5 11 15
8 6 11 11
8 6 11 12
8 6 11 14
8 6 11 15
8 7 11 11
8 7 11 12
8 7 11 14
8 7 11 15
8 8 11 11
8 8 11 12
8 8 11 14
8 8 11 15
8 11 11 14
8 11 11 15
8 12 11 14
8 12 11 15
8 4 13 11
8 4 13 12
8 4 13 14
8 5 13 11
8 5 13 12
8 5 13 14
8 6 13 11
8 6 13 12
8 6 13 14
8 7 13 11
8 7 13 12
8 7 13 14
8 8 13 11
8 8 13 12
8 8 13 14
8 11 13 14
8 12 13 14
8 4 14 11
8 4 14 12
8 5 14 11
8 5 14 12
8 6 14 11
8 6 14 12
8 7 14 11
8 7 14 12
8 8 14 11
8 8 14 12
8 4 16 11
8 4 16 12
8 5 16 11
8 5 16 12
8 6 16 11
8 6 16 12
8 7 16 11
8 7 16 12
8 8 16 11
8 8 16 12
8 4 18 11
8 5 18 11
9 3 11 11
9 3 11 12
9 4 11 11
9 4 11 12
9 5 11 11
9 5 11 12
9 6 11 11
9 6 11 12
9 7 11 11
9 7 11 12
9 8 11 11
9 8 11 12
9 4 13 11
9 4 13 12
9 5 13 11
9 5 13 12
9 6 13 11
9 6 13 12
9 7 13 11
9 7 13 12
9 8 13 11
9 8 13 12
9 4 14 11
9 4 14 12
9 5 14 11
9 5 14 12
9 6 14 11
9 6 14 12
9 7 14 11
9 7 14 12
9 8 14 11
9 8 14 12
9 4 16 11
9 4 16 12
9 5 16 11
9 5 16 12
9 6 16 11
9 6 16 12
9 7 16 11
9 7 16 12
9 8 16 11
9 8 16 12
9 4 18 11
9 5 18 11
10 1 12 3
10 1 12 4
10 1 12 5
10 1 12 6
10 1 12 7
10 1 12 8
11 4 13 11
11 4 13 12
11 4 13 14
11 5 13 11
11 5 13 12
11 5 13 14
11 6 13 11
11 6 13 12
11 6 13 14
11 7 13 11
11 7 13 12
11 7 13 14
11 8 13 11
11 8 13 12
11 8 13 14
11 11 13 14
11 12 13 14
11 4 14 11
11 4 14 12
11 5 14 11
11 5 14 12
11 6 14 11
11 6 14 12
11 7 14 11
11 7 14 12
11 8 14 11
11 8 14 12
11 4 16 11
11 4 16 12
11 5 16 11
11 5 16 12
11 6 16 11
11 6 16 12
11 7 16 11
11 7 16 12
11 8 16 11
11 8 16 12
11 4 18 11
11 5 18 11
13 4 16 11
13 4 16 12
13 5 16 11
13 5 16 12
13 6 16 11
13 6 16 12
13 7 16 11
13 7 16 12
13 8 16 11
13 8 16 12
13 4 18 11
13 5 18 11
14 4 16 11
14 4 16 12
14 5 16 11
14 5 16 12
14 6 16 11
14 6 16 12
14 7 16 11
14 7 16 12
14 8 16 11
14 8 16 12
14 1 18 4
14 1 18 5
14 1 18 11
14 4 18 11
14 5 18 11
16 4 18 11
16 5 18 11
