17 22
0000000000000000000000
0000000000000000000000
0000000000000000000000
0000000000000011111000
0000000000000010001000
0111100000000010001000
0100100000000010001000
0100100000000010001000
0100100000000011111000
0100100000000010001000
0100100000000010001000
0100100000000010001000
0100100000000010001000
0111100000000010001000
0000111111111111111100
0000100000000011111100
0000111111111111111100
14
4 15 9 19
4 15 15 19
4 15 16 19
4 15 17 19
6 2 14 5
9 15 15 19
9 15 16 19
9 15 17 19
15 5 17 15
15 5 17 16
15 5 17 17
15 5 17 18
15 5 17 19
15 5 17 20
