23 13
0111111000000
0100001000000
0111111011110
0000000010010
0000000010010
1111111111110
1000000010010
1000000010010
1111110010010
1000010010010
1011111111111
1010111010011
1111111111111
1111111010111
1111111111111
1110001010011
1111111111111
1111111111111
1111111111111
0000000000000
0000000000000
0000000000000
0000000000000
233
1 2 3 7
3 9 6 12
3 9 11 12
3 9 13 12
3 9 15 12
3 9 17 12
3 9 18 12
3 9 19 12
6 9 11 12
6 1 13 9
6 1 13 12
6 9 13 12
6 1 15 9
6 1 15 12
6 9 15 12
6 1 17 9
6 1 17 12
6 9 17 12
6 1 18 9
6 1 18 12
6 9 18 12
6 1 19 9
6 1 19 12
6 9 19 12
9 1 13 6
9 1 14 6
9 1 15 6
11 3 13 5
11 3 13 6
11 3 13 7
11 3 13 9
11 3 13 12
11 3 13 13
11 5 13 9
11 5 13 12
11 5 13 13
11 6 13 9
11 6 13 12
11 6 13 13
11 7 13 9
11 7 13 12
11 7 13 13
11 9 13 12
11 9 13 13
11 3 14 5
11 3 14 6
11 3 14 7
11 3 15 5
11 3 15 6
11 3 15 7
11 3 15 9
11 3 15 12
11 3 15 13
11 5 15 9
11 5 15 12
11 5 15 13
11 6 15 9
11 6 15 12
11 6 15 13
11 7 15 9
11 7 15 12
11 7 15 13
11 9 15 12
11 9 15 13
11 3 17 7
11 3 17 9
11 3 17 12
11 3 17 13
11 7 17 9
11 7 17 12
11 7 17 13
11 9 17 12
11 9 17 13
11 3 18 7
11 3 18 9
11 3 18 12
11 3 18 13
11 7 18 9
11 7 18 12
11 7 18 13
11 9 18 12
11 9 18 13
11 3 19 7
11 3 19 9
11 3 19 12
11 3 19 13
11 7 19 9
11 7 19 12
11 7 19 13
11 9 19 12
11 9 19 13
13 1 15 9
13 1 15 11
13 1 15 12
13 1 15 13
13 2 15 9
13 2 15 11
13 2 15 12
13 2 15 13
13 3 15 9
13 3 15 11
13 3 15 12
13 3 15 13
13 4 15 9
13 4 15 11
13 4 15 12
13 4 15 13
13 5 15 9
13 5 15 11
13 5 15 12
13 5 15 13
13 6 15 9
13 6 15 11
13 6 15 12
13 6 15 13
13 7 15 9
13 7 15 11
13 7 15 12
13 7 15 13
13 9 15 11
13 9 15 12
13 9 15 13
13 1 17 7
13 1 17 9
13 1 17 12
13 1 17 13
13 2 17 7
13 2 17 9
13 2 17 12
13 2 17 13
13 3 17 7
13 3 17 9
13 3 17 12
13 3 17 13
13 7 17 9
13 7 17 12
13 7 17 13
13 9 17 12
13 9 17 13
13 1 18 7
13 1 18 9
13 1 18 12
13 1 18 13
13 2 18 7
13 2 18 9
13 2 18 12
13 2 18 13
13 3 18 7
13 3 18 9
13 3 18 12
13 3 18 13
13 7 18 9
13 7 18 12
13 7 18 13
13 9 18 12
13 9 18 13
13 1 19 7
13 1 19 9
13 1 19 12
13 1 19 13
13 2 19 7
13 2 19 9
13 2 19 12
13 2 19 13
13 3 19 7
13 3 19 9
13 3 19 12
13 3 19 13
13 7 19 9
13 7 19 12
13 7 19 13
13 9 19 12
13 9 19 13
14 1 17 7
14 2 17 7
14 3 17 7
14 1 18 7
14 2 18 7
14 3 18 7
14 1 19 7
14 2 19 7
14 3 19 7
15 1 17 7
15 1 17 9
15 1 17 12
15 1 17 13
15 2 17 7
15 2 17 9
15 2 17 12
15 2 17 13
15 3 17 7
15 3 17 9
15 3 17 12
15 3 17 13
15 7 17 9
15 7 17 12
15 7 17 13
15 9 17 12
15 9 17 13
15 1 18 7
15 1 18 9
15 1 18 12
15 1 18 13
15 2 18 7
15 2 18 9
15 2 18 12
15 2 18 13
15 3 18 7
15 3 18 9
15 3 18 12
15 3 18 13
15 7 18 9
15 7 18 12
15 7 18 13
15 9 18 12
15 9 18 13
15 1 19 7
15 1 19 9
15 1 19 12
15 1 19 13
15 2 19 7
15 2 19 9
15 2 19 12
15 2 19 13
15 3 19 7
15 3 19 9
15 3 19 12
15 3 19 13
15 7 19 9
15 7 19 12
15 7 19 13
15 9 19 12
15 9 19 13
