13 15
000000000111111
000000000100001
000000000100001
000000000100001
001110111110001
001010100110001
001010100110001
001010111110001
001010000100001
001111111111111
001110000111111
001111111111111
001110000000000
27
1 10 10 15
1 10 11 15
1 10 12 15
5 7 8 10
5 7 8 11
5 3 10 5
5 3 11 5
5 3 12 5
5 3 13 5
10 3 12 10
10 3 12 11
10 3 12 12
10 3 12 13
10 3 12 14
10 3 12 15
10 4 12 10
10 4 12 11
10 4 12 12
10 4 12 13
10 4 12 14
10 4 12 15
10 5 12 10
10 5 12 11
10 5 12 12
10 5 12 13
10 5 12 14
10 5 12 15
