24 15
000000000000000
111111111111000
101000000111110
101111111111010
100000010011010
100000010011010
100000010011010
100000010011010
100000011111110
100000011011110
100000011111110
111111111111110
011111111111110
010000001111110
010000001111110
011111111111110
000000001010110
000000001010110
000000001011110
000000001000100
000000001111100
000000000000000
000000000000000
000000000000000
101
2 3 4 10
2 3 4 11
2 3 4 12
2 1 12 11
2 1 12 12
3 11 9 14
3 12 9 14
3 11 10 14
3 12 10 14
3 11 11 14
3 12 11 14
3 11 12 14
3 12 12 14
3 11 13 14
3 12 13 14
3 11 14 14
3 12 14 14
3 11 15 14
3 12 15 14
3 11 16 14
3 12 16 14
3 11 19 14
4 8 9 11
4 8 9 12
4 8 11 11
4 8 11 12
4 8 12 11
4 8 12 12
4 8 13 11
4 8 13 12
9 8 11 11
9 8 11 12
9 8 11 13
9 8 11 14
9 9 11 11
9 9 11 12
9 9 11 13
9 9 11 14
9 8 12 11
9 8 12 12
9 8 12 13
9 8 12 14
9 9 12 11
9 9 12 12
9 9 12 13
9 9 12 14
9 8 13 11
9 8 13 12
9 8 13 13
9 8 13 14
9 9 13 11
9 9 13 12
9 9 13 13
9 9 13 14
9 9 14 11
9 9 14 12
9 9 14 13
9 9 14 14
9 9 15 11
9 9 15 12
9 9 15 13
9 9 15 14
9 9 16 11
9 9 16 12
9 9 16 13
9 9 16 14
9 11 19 13
9 11 19 14
9 9 21 13
10 11 19 13
10 11 19 14
11 11 19 13
11 11 19 14
11 9 21 13
12 2 16 9
12 2 16 10
12 2 16 11
12 2 16 12
12 2 16 13
12 2 16 14
12 11 19 13
12 11 19 14
12 9 21 13
13 2 16 9
13 2 16 10
13 2 16 11
13 2 16 12
13 2 16 13
13 2 16 14
13 11 19 13
13 11 19 14
13 9 21 13
14 11 19 13
14 11 19 14
14 9 21 13
15 11 19 13
15 11 19 14
15 9 21 13
16 11 19 13
16 11 19 14
16 9 21 13
