23 15
000000000000000
000000000000000
011111111100000
011111111111100
011010111100100
011010111100100
011011111111100
011011101100100
011111111100100
010011100100100
011111111111110
010011100100110
011111111111110
000011100100100
000011111111100
001111100111100
001011100110100
011111100110100
011011100111100
011111111100100
010001100000100
010001100000100
011111111111100
241
3 5 7 7
3 5 7 8
3 5 7 9
3 5 7 10
3 5 8 7
3 2 9 5
3 2 9 7
3 2 9 9
3 2 9 10
3 3 9 5
3 3 9 7
3 3 9 9
3 3 9 10
3 5 9 7
3 5 9 9
3 5 9 10
3 7 9 9
3 7 9 10
3 5 10 7
3 2 11 5
3 2 11 7
3 2 11 10
3 5 11 7
3 5 11 10
3 7 11 10
3 5 12 7
3 2 13 5
3 2 13 7
3 2 13 10
3 5 13 7
3 5 13 10
3 7 13 10
3 5 14 7
3 5 15 7
3 5 15 10
3 7 15 10
3 5 16 7
3 5 17 7
3 5 18 7
3 5 19 7
3 5 20 7
3 5 20 10
3 7 20 10
4 5 7 7
4 5 7 8
4 5 7 9
4 5 7 10
4 5 7 13
4 7 7 13
4 8 7 13
4 9 7 13
4 10 7 13
4 5 8 7
4 2 9 5
4 2 9 7
4 2 9 9
4 2 9 10
4 3 9 5
4 3 9 7
4 3 9 9
4 3 9 10
4 5 9 7
4 5 9 9
4 5 9 10
4 7 9 9
4 7 9 10
4 5 10 7
4 2 11 5
4 2 11 7
4 2 11 10
4 2 11 13
4 5 11 7
4 5 11 10
4 5 11 13
4 7 11 10
4 7 11 13
4 10 11 13
4 5 12 7
4 2 13 5
4 2 13 7
4 2 13 10
4 2 13 13
4 5 13 7
4 5 13 10
4 5 13 13
4 7 13 10
4 7 13 13
4 10 13 13
4 5 14 7
4 5 15 7
4 5 15 10
4 5 15 13
4 7 15 10
4 7 15 13
4 10 15 13
4 5 16 7
4 10 16 13
4 5 17 7
4 5 18 7
4 5 19 7
4 10 19 13
4 5 20 7
4 5 20 10
4 7 20 10
4 7 23 13
5 7 9 9
5 7 9 10
5 7 11 10
5 7 13 10
5 7 15 10
5 7 20 10
6 7 9 9
6 7 9 10
6 7 11 10
6 7 13 10
6 7 15 10
6 7 20 10
7 5 9 9
7 5 9 10
7 6 9 9
7 6 9 10
7 7 9 9
7 7 9 10
7 5 11 10
7 5 11 13
7 6 11 10
7 6 11 13
7 7 11 10
7 7 11 13
7 10 11 13
7 5 13 10
7 5 13 13
7 6 13 10
7 6 13 13
7 7 13 10
7 7 13 13
7 10 13 13
7 5 15 10
7 5 15 13
7 6 15 10
7 6 15 13
7 7 15 10
7 7 15 13
7 10 15 13
7 10 16 13
7 10 19 13
7 5 20 10
7 6 20 10
7 7 20 10
7 6 23 13
7 7 23 13
9 2 11 5
9 2 11 6
9 2 11 7
9 2 11 10
9 5 11 10
9 6 11 10
9 7 11 10
9 2 13 5
9 2 13 6
9 2 13 7
9 2 13 10
9 5 13 10
9 6 13 10
9 7 13 10
9 5 15 10
9 6 15 10
9 7 15 10
9 5 20 10
9 6 20 10
9 7 20 10
11 2 13 5
11 2 13 6
11 2 13 7
11 2 13 10
11 2 13 13
11 2 13 14
11 5 13 10
11 5 13 13
11 5 13 14
11 6 13 10
11 6 13 13
11 6 13 14
11 7 13 10
11 7 13 13
11 7 13 14
11 10 13 13
11 10 13 14
11 5 15 10
11 5 15 13
11 6 15 10
11 6 15 13
11 7 15 10
11 7 15 13
11 10 15 13
11 10 16 13
11 10 19 13
11 5 20 10
11 6 20 10
11 7 20 10
11 6 23 13
11 7 23 13
13 5 15 10
13 5 15 13
13 6 15 10
13 6 15 13
13 7 15 10
13 7 15 13
13 10 15 13
13 10 16 13
13 10 19 13
13 5 20 10
13 6 20 10
13 7 20 10
13 6 23 13
13 7 23 13
15 10 19 13
15 11 19 13
15 5 20 10
15 6 20 10
15 7 20 10
15 6 23 13
15 7 23 13
16 3 18 5
16 3 18 6
16 3 18 7
16 10 19 13
16 11 19 13
16 3 20 5
16 3 20 6
16 3 20 7
18 2 20 5
18 2 20 6
18 2 20 7
18 3 20 5
18 3 20 6
18 3 20 7
18 2 23 6
18 2 23 7
20 2 23 6
20 2 23 7
