21 10
0000000000
0011111000
0010001000
0010001000
1111111111
1010001111
1010001011
1111111111
1010001101
1011111111
1010001100
1010001100
1111111100
1111111111
1111111111
1101111001
1101101001
1111111001
0111111001
0001001001
0001111111
111
2 3 5 7
2 3 8 7
2 3 10 7
2 3 13 7
2 3 14 7
2 3 15 7
5 1 8 3
5 1 8 7
5 1 8 9
5 1 8 10
5 3 8 7
5 3 8 9
5 3 8 10
5 7 8 9
5 7 8 10
5 3 10 7
5 3 10 10
5 7 10 10
5 1 13 3
5 1 13 7
5 3 13 7
5 1 14 3
5 1 14 7
5 3 14 7
5 1 15 3
5 1 15 7
5 3 15 7
5 1 18 7
6 7 8 9
6 7 8 10
6 7 10 10
8 3 10 7
8 3 10 8
8 3 10 10
8 7 10 10
8 8 10 10
8 1 13 3
8 1 13 7
8 1 13 8
8 3 13 7
8 3 13 8
8 1 14 3
8 1 14 7
8 1 14 8
8 3 14 7
8 3 14 8
8 1 15 3
8 1 15 7
8 1 15 8
8 3 15 7
8 3 15 8
8 1 18 7
10 3 13 7
10 3 13 8
10 3 14 7
10 3 14 8
10 3 15 7
10 3 15 8
13 1 18 4
13 1 18 5
13 1 18 7
13 2 18 4
13 2 18 5
13 2 18 7
13 4 18 7
13 5 18 7
13 2 19 4
13 2 19 5
13 2 19 7
13 4 19 7
13 5 19 7
13 4 21 7
14 1 18 4
14 1 18 5
14 1 18 7
14 2 18 4
14 2 18 5
14 2 18 7
14 4 18 7
14 5 18 7
14 2 19 4
14 2 19 5
14 2 19 7
14 4 19 7
14 5 19 7
14 4 21 7
14 4 21 10
14 7 21 10
15 1 18 4
15 1 18 5
15 1 18 7
15 2 18 4
15 2 18 5
15 2 18 7
15 4 18 7
15 5 18 7
15 2 19 4
15 2 19 5
15 2 19 7
15 4 19 7
15 5 19 7
15 4 21 7
15 4 21 10
15 7 21 10
16 4 18 7
16 5 18 7
16 4 19 7
16 5 19 7
16 4 21 7
18 4 21 7
19 4 21 7
