24 15
000000000000000
000000000000000
000001111000000
001111111111111
001001101000001
001001111111111
001111111111111
000001111111010
000001101011010
000001111011010
000001101011010
000001101011010
000001111111110
000001101010000
000011111010000
000011111010000
000011111010000
000011111010000
000010110010000
000011110010000
000000100010000
000000111110000
000000000000000
000000000000000
140
3 6 6 9
3 7 6 9
3 6 7 9
3 7 7 9
3 6 8 9
3 7 8 9
3 6 10 9
3 7 10 9
3 6 13 9
3 7 13 9
3 6 15 9
3 7 15 9
3 6 16 9
3 7 16 9
3 6 17 9
3 7 17 9
3 6 18 9
3 7 18 9
4 6 6 9
4 6 6 15
4 7 6 9
4 7 6 15
4 9 6 15
4 3 7 6
4 3 7 7
4 3 7 9
4 3 7 15
4 6 7 9
4 6 7 15
4 7 7 9
4 7 7 15
4 9 7 15
4 6 8 9
4 7 8 9
4 6 10 9
4 7 10 9
4 6 13 9
4 7 13 9
4 6 15 9
4 7 15 9
4 6 16 9
4 7 16 9
4 6 17 9
4 7 17 9
4 6 18 9
4 7 18 9
6 6 10 9
6 7 10 9
6 6 13 9
6 6 13 11
6 6 13 12
6 6 13 14
6 7 13 9
6 7 13 11
6 7 13 12
6 7 13 14
6 9 13 11
6 9 13 12
6 9 13 14
6 11 13 14
6 12 13 14
6 6 15 9
6 7 15 9
6 6 16 9
6 7 16 9
6 6 17 9
6 7 17 9
6 6 18 9
6 7 18 9
6 7 22 11
7 6 10 9
7 7 10 9
7 6 13 9
7 6 13 11
7 6 13 12
7 6 13 14
7 7 13 9
7 7 13 11
7 7 13 12
7 7 13 14
7 9 13 11
7 9 13 12
7 9 13 14
7 11 13 14
7 12 13 14
7 6 15 9
7 7 15 9
7 6 16 9
7 7 16 9
7 6 17 9
7 7 17 9
7 6 18 9
7 7 18 9
7 7 22 11
8 6 10 9
8 7 10 9
8 6 13 9
8 6 13 11
8 6 13 12
8 7 13 9
8 7 13 11
8 7 13 12
8 9 13 11
8 9 13 12
8 6 15 9
8 7 15 9
8 6 16 9
8 7 16 9
8 6 17 9
8 7 17 9
8 6 18 9
8 7 18 9
8 7 22 11
10 6 13 9
10 7 13 9
10 6 15 9
10 7 15 9
10 6 16 9
10 7 16 9
10 6 17 9
10 7 17 9
10 6 18 9
10 7 18 9
13 6 15 9
13 7 15 9
13 6 16 9
13 7 16 9
13 6 17 9
13 7 17 9
13 6 18 9
13 7 18 9
13 7 22 11
15 5 20 7
15 5 20 8
16 5 20 7
16 5 20 8
17 5 20 7
17 5 20 8
18 5 20 7
18 5 20 8
