14 23
00000000000000000000000
00000000000000000000000
00000111111111100000000
00000101111111100000000
00000101110000100000000
00000101111111100000000
00000101011111111111100
00000101011000100000100
01111111111000100000100
01000101111111111111100
01111111110000100000000
00000101010000100000000
00000111111111100000000
00000001110000000000000
75
3 8 6 15
3 9 6 15
3 10 6 15
3 10 7 15
3 6 9 8
3 6 9 10
3 8 9 10
3 8 10 10
3 8 10 15
3 10 10 15
3 6 11 8
3 6 11 10
3 8 11 10
3 6 13 8
3 6 13 10
3 6 13 15
3 8 13 10
3 8 13 15
3 10 13 15
3 8 14 10
4 8 6 15
4 9 6 15
4 10 6 15
4 10 7 15
4 8 9 10
4 8 10 10
4 8 10 15
4 10 10 15
4 8 11 10
4 8 13 10
4 8 13 15
4 10 13 15
4 8 14 10
5 8 9 10
5 8 10 10
5 8 11 10
5 8 13 10
5 8 14 10
6 8 9 10
6 8 9 11
6 8 10 10
6 8 10 11
6 8 10 15
6 10 10 15
6 11 10 15
6 8 11 10
6 8 13 10
6 8 13 15
6 10 13 15
6 8 14 10
7 10 10 15
7 10 10 21
7 11 10 15
7 11 10 21
7 15 10 21
7 10 13 15
9 2 11 6
9 2 11 8
9 2 11 9
9 2 11 10
9 6 11 8
9 6 11 9
9 6 11 10
9 6 13 8
9 6 13 10
9 8 13 10
9 8 14 10
10 8 13 10
10 8 13 15
10 10 13 15
10 8 14 10
11 6 13 8
11 6 13 10
11 8 13 10
11 8 14 10
