12 10
0001111111
0011111111
1111011111
1011111111
1111111111
1001111111
1001111111
1001111111
1111011111
1001011111
1001111111
1111111111
142
1 4 4 6
1 4 4 7
1 4 4 8
1 4 4 9
1 4 4 10
1 4 5 6
1 4 5 7
1 4 5 8
1 4 5 9
1 4 5 10
1 4 6 6
1 4 6 7
1 4 6 8
1 4 6 9
1 4 6 10
1 4 7 6
1 4 7 7
1 4 7 8
1 4 7 9
1 4 7 10
1 4 8 6
1 4 8 7
1 4 8 8
1 4 8 9
1 4 8 10
1 4 11 6
1 4 11 7
1 4 11 8
1 4 11 9
1 4 11 10
1 4 12 6
1 4 12 7
1 4 12 8
1 4 12 9
1 4 12 10
2 3 4 6
2 3 4 7
2 3 4 8
2 3 4 9
2 3 4 10
2 4 4 6
2 4 4 7
2 4 4 8
2 4 4 9
2 4 4 10
2 3 5 6
2 3 5 7
2 3 5 8
2 3 5 9
2 3 5 10
2 4 5 6
2 4 5 7
2 4 5 8
2 4 5 9
2 4 5 10
2 4 6 6
2 4 6 7
2 4 6 8
2 4 6 9
2 4 6 10
2 4 7 6
2 4 7 7
2 4 7 8
2 4 7 9
2 4 7 10
2 4 8 6
2 4 8 7
2 4 8 8
2 4 8 9
2 4 8 10
2 4 11 6
2 4 11 7
2 4 11 8
2 4 11 9
2 4 11 10
2 4 12 6
2 4 12 7
2 4 12 8
2 4 12 9
2 4 12 10
3 1 5 3
3 1 5 4
3 1 9 4
3 1 12 4
4 4 11 6
4 4 11 7
4 4 11 8
4 4 11 9
4 4 11 10
4 4 12 6
4 4 12 7
4 4 12 8
4 4 12 9
4 4 12 10
5 1 9 4
5 4 11 6
5 4 11 7
5 4 11 8
5 4 11 9
5 4 11 10
5 1 12 4
5 1 12 6
5 1 12 7
5 1 12 8
5 1 12 9
5 1 12 10
5 4 12 6
5 4 12 7
5 4 12 8
5 4 12 9
5 4 12 10
6 4 11 6
6 4 11 7
6 4 11 8
6 4 11 9
6 4 11 10
6 4 12 6
6 4 12 7
6 4 12 8
6 4 12 9
6 4 12 10
7 4 11 6
7 4 11 7
7 4 11 8
7 4 11 9
7 4 11 10
7 4 12 6
7 4 12 7
7 4 12 8
7 4 12 9
7 4 12 10
8 4 11 6
8 4 11 7
8 4 11 8
8 4 11 9
8 4 11 10
8 4 12 6
8 4 12 7
8 4 12 8
8 4 12 9
8 4 12 10
9 1 12 4
