11 11
01111111110
01111111010
01111111110
01111111110
01111100110
01011100110
01111111110
01111111110
01011111110
01011111110
01111111110
163
1 2 3 10
1 3 3 10
1 4 3 10
1 5 3 10
1 6 3 10
1 7 3 10
1 8 3 10
1 2 4 10
1 3 4 10
1 4 4 10
1 5 4 10
1 6 4 10
1 7 4 10
1 8 4 10
1 2 7 4
1 2 7 5
1 2 7 6
1 2 7 10
1 4 7 10
1 5 7 10
1 6 7 10
1 2 8 4
1 2 8 5
1 2 8 6
1 2 8 10
1 4 8 10
1 5 8 10
1 6 8 10
1 4 9 10
1 5 9 10
1 6 9 10
1 4 10 10
1 5 10 10
1 6 10 10
1 2 11 4
1 2 11 5
1 2 11 6
1 2 11 10
1 4 11 10
1 5 11 10
1 6 11 10
2 2 7 4
2 2 7 5
2 2 7 6
2 2 8 4
2 2 8 5
2 2 8 6
2 2 11 4
2 2 11 5
2 2 11 6
3 2 7 4
3 2 7 5
3 2 7 6
3 2 7 9
3 2 7 10
3 4 7 9
3 4 7 10
3 5 7 9
3 5 7 10
3 6 7 9
3 6 7 10
3 2 8 4
3 2 8 5
3 2 8 6
3 2 8 9
3 2 8 10
3 4 8 9
3 4 8 10
3 5 8 9
3 5 8 10
3 6 8 9
3 6 8 10
3 4 9 9
3 4 9 10
3 5 9 9
3 5 9 10
3 6 9 9
3 6 9 10
3 4 10 9
3 4 10 10
3 5 10 9
3 5 10 10
3 6 10 9
3 6 10 10
3 2 11 4
3 2 11 5
3 2 11 6
3 2 11 9
3 2 11 10
3 4 11 9
3 4 11 10
3 5 11 9
3 5 11 10
3 6 11 9
3 6 11 10
4 2 7 4
4 2 7 5
4 2 7 6
4 2 7 9
4 2 7 10
4 4 7 9
4 4 7 10
4 5 7 9
4 5 7 10
4 6 7 9
4 6 7 10
4 2 8 4
4 2 8 5
4 2 8 6
4 2 8 9
4 2 8 10
4 4 8 9
4 4 8 10
4 5 8 9
4 5 8 10
4 6 8 9
4 6 8 10
4 4 9 9
4 4 9 10
4 5 9 9
4 5 9 10
4 6 9 9
4 6 9 10
4 4 10 9
4 4 10 10
4 5 10 9
4 5 10 10
4 6 10 9
4 6 10 10
4 2 11 4
4 2 11 5
4 2 11 6
4 2 11 9
4 2 11 10
4 4 11 9
4 4 11 10
4 5 11 9
4 5 11 10
4 6 11 9
4 6 11 10
5 2 7 4
5 2 7 5
5 2 7 6
5 2 8 4
5 2 8 5
5 2 8 6
5 2 11 4
5 2 11 5
5 2 11 6
7 2 11 4
7 2 11 5
7 2 11 6
7 2 11 7
7 2 11 8
7 2 11 9
7 2 11 10
8 2 11 4
8 2 11 5
8 2 11 6
8 2 11 7
8 2 11 8
8 2 11 9
8 2 11 10
