17 25
0111111111111111111111111
0100111111111011000001001
0100100111111111111111111
0111111111111111111111111
0111111111111111000001001
0110100101011111111111111
0110101111111111111111111
0110101111111111111111111
0111111111111111111111111
0111111111111111111101001
0111101111111010101101001
0111111111011010101101001
0101111111111010101101001
0111111111111111111111111
0001011111111111111111111
0001010101111110000111000
0001111111111110000000000
1780
1 8 3 15
1 8 3 16
1 8 3 22
1 8 3 25
1 9 3 15
1 9 3 16
1 9 3 22
1 9 3 25
1 10 3 15
1 10 3 16
1 10 3 22
1 10 3 25
1 11 3 15
1 11 3 16
1 11 3 22
1 11 3 25
1 12 3 15
1 12 3 16
1 12 3 22
1 12 3 25
1 13 3 15
1 13 3 16
1 13 3 22
1 13 3 25
1 15 3 22
1 15 3 25
1 16 3 22
1 16 3 25
1 22 3 25
1 2 4 5
1 2 4 8
1 2 4 9
1 2 4 10
1 2 4 11
1 2 4 12
1 2 4 13
1 2 4 15
1 2 4 16
1 2 4 22
1 2 4 25
1 5 4 8
1 5 4 9
1 5 4 10
1 5 4 11
1 5 4 12
1 5 4 13
1 5 4 15
1 5 4 16
1 5 4 22
1 5 4 25
1 8 4 15
1 8 4 16
1 8 4 22
1 8 4 25
1 9 4 15
1 9 4 16
1 9 4 22
1 9 4 25
1 10 4 15
1 10 4 16
1 10 4 22
1 10 4 25
1 11 4 15
1 11 4 16
1 11 4 22
1 11 4 25
1 12 4 15
1 12 4 16
1 12 4 22
1 12 4 25
1 13 4 15
1 13 4 16
1 13 4 22
1 13 4 25
1 15 4 22
1 15 4 25
1 16 4 22
1 16 4 25
1 22 4 25
1 2 5 5
1 2 5 8
1 2 5 9
1 2 5 10
1 2 5 11
1 2 5 12
1 2 5 13
1 2 5 15
1 2 5 16
1 5 5 8
1 5 5 9
1 5 5 10
1 5 5 11
1 5 5 12
1 5 5 13
1 5 5 15
1 5 5 16
1 8 5 15
1 8 5 16
1 9 5 15
1 9 5 16
1 10 5 15
1 10 5 16
1 11 5 15
1 11 5 16
1 12 5 15
1 12 5 16
1 13 5 15
1 13 5 16
1 12 6 15
1 12 6 16
1 12 6 22
1 12 6 25
1 13 6 15
1 13 6 16
1 13 6 22
1 13 6 25
1 15 6 22
1 15 6 25
1 16 6 22
1 16 6 25
1 22 6 25
1 8 7 10
1 8 7 12
1 8 7 13
1 8 7 15
1 8 7 16
1 8 7 22
1 8 7 25
1 10 7 12
1 10 7 13
1 10 7 15
1 10 7 16
1 10 7 22
1 10 7 25
1 12 7 15
1 12 7 16
1 12 7 22
1 12 7 25
1 13 7 15
1 13 7 16
1 13 7 22
1 13 7 25
1 15 7 22
1 15 7 25
1 16 7 22
1 16 7 25
1 22 7 25
1 8 8 10
1 8 8 12
1 8 8 13
1 8 8 15
1 8 8 16
1 8 8 22
1 8 8 25
1 10 8 12
1 10 8 13
1 10 8 15
1 10 8 16
1 10 8 22
1 10 8 25
1 12 8 15
1 12 8 16
1 12 8 22
1 12 8 25
1 13 8 15
1 13 8 16
1 13 8 22
1 13 8 25
1 15 8 22
1 15 8 25
1 16 8 22
1 16 8 25
1 22 8 25
1 2 9 5
1 2 9 8
1 2 9 10
1 2 9 12
1 2 9 13
1 2 9 15
1 2 9 16
1 2 9 22
1 2 9 25
1 5 9 8
1 5 9 10
1 5 9 12
1 5 9 13
1 5 9 15
1 5 9 16
1 5 9 22
1 5 9 25
1 8 9 10
1 8 9 12
1 8 9 13
1 8 9 15
1 8 9 16
1 8 9 22
1 8 9 25
1 10 9 12
1 10 9 13
1 10 9 15
1 10 9 16
1 10 9 22
1 10 9 25
1 12 9 15
1 12 9 16
1 12 9 22
1 12 9 25
1 13 9 15
1 13 9 16
1 13 9 22
1 13 9 25
1 15 9 22
1 15 9 25
1 16 9 22
1 16 9 25
1 22 9 25
1 2 10 5
1 2 10 8
1 2 10 10
1 2 10 12
1 2 10 13
1 2 10 15
1 2 10 16
1 5 10 8
1 5 10 10
1 5 10 12
1 5 10 13
1 5 10 15
1 5 10 16
1 8 10 10
1 8 10 12
1 8 10 13
1 8 10 15
1 8 10 16
1 10 10 12
1 10 10 13
1 10 10 15
1 10 10 16
1 12 10 15
1 12 10 16
1 13 10 15
1 13 10 16
1 2 11 5
1 8 11 10
1 8 11 12
1 8 11 13
1 10 11 12
1 10 11 13
1 2 12 5
1 2 12 8
1 2 12 10
1 5 12 8
1 5 12 10
1 8 12 10
1 5 13 8
1 5 13 10
1 5 13 12
1 5 13 13
1 8 13 10
1 8 13 12
1 8 13 13
1 10 13 12
1 10 13 13
1 2 14 5
1 2 14 8
1 2 14 10
1 2 14 12
1 2 14 13
1 2 14 15
1 2 14 22
1 2 14 25
1 5 14 8
1 5 14 10
1 5 14 12
1 5 14 13
1 5 14 15
1 5 14 22
1 5 14 25
1 8 14 10
1 8 14 12
1 8 14 13
1 8 14 15
1 8 14 22
1 8 14 25
1 10 14 12
1 10 14 13
1 10 14 15
1 10 14 22
1 10 14 25
1 12 14 15
1 12 14 22
1 12 14 25
1 13 14 15
1 13 14 22
1 13 14 25
1 15 14 22
1 15 14 25
1 22 14 25
1 8 15 10
1 8 15 12
1 8 15 13
1 8 15 15
1 8 15 22
1 8 15 25
1 10 15 12
1 10 15 13
1 10 15 15
1 10 15 22
1 10 15 25
1 12 15 15
1 12 15 22
1 12 15 25
1 13 15 15
1 13 15 22
1 13 15 25
1 15 15 22
1 15 15 25
1 22 15 25
1 10 16 12
1 10 16 13
1 10 16 15
1 12 16 15
1 13 16 15
1 8 17 10
1 8 17 12
1 8 17 13
1 8 17 15
1 10 17 12
1 10 17 13
1 10 17 15
1 12 17 15
1 13 17 15
2 5 4 8
2 5 4 9
2 5 4 10
2 5 4 11
2 5 4 12
2 5 4 13
2 5 5 8
2 5 5 9
2 5 5 10
2 5 5 11
2 5 5 12
2 5 5 13
2 8 7 10
2 8 7 12
2 8 7 13
2 10 7 12
2 10 7 13
2 8 8 10
2 8 8 12
2 8 8 13
2 10 8 12
2 10 8 13
2 5 9 8
2 5 9 10
2 5 9 12
2 5 9 13
2 8 9 10
2 8 9 12
2 8 9 13
2 10 9 12
2 10 9 13
2 5 10 8
2 5 10 10
2 5 10 12
2 5 10 13
2 8 10 10
2 8 10 12
2 8 10 13
2 10 10 12
2 10 10 13
2 8 11 10
2 8 11 12
2 8 11 13
2 10 11 12
2 10 11 13
2 5 12 8
2 5 12 10
2 8 12 10
2 5 13 8
2 5 13 10
2 5 13 12
2 5 13 13
2 8 13 10
2 8 13 12
2 8 13 13
2 10 13 12
2 10 13 13
2 5 14 8
2 5 14 10
2 5 14 12
2 5 14 13
2 8 14 10
2 8 14 12
2 8 14 13
2 10 14 12
2 10 14 13
2 8 15 10
2 8 15 12
2 8 15 13
2 10 15 12
2 10 15 13
2 10 16 12
2 10 16 13
2 8 17 10
2 8 17 12
2 8 17 13
2 10 17 12
2 10 17 13
3 12 6 22
3 12 6 25
3 13 6 22
3 13 6 25
3 14 6 22
3 14 6 25
3 15 6 22
3 15 6 25
3 16 6 22
3 16 6 25
3 22 6 25
3 8 7 10
3 8 7 12
3 8 7 13
3 8 7 14
3 8 7 15
3 8 7 16
3 8 7 22
3 8 7 25
3 10 7 12
3 10 7 13
3 10 7 14
3 10 7 15
3 10 7 16
3 10 7 22
3 10 7 25
3 12 7 22
3 12 7 25
3 13 7 22
3 13 7 25
3 14 7 22
3 14 7 25
3 15 7 22
3 15 7 25
3 16 7 22
3 16 7 25
3 22 7 25
3 8 8 10
3 8 8 12
3 8 8 13
3 8 8 14
3 8 8 15
3 8 8 16
3 8 8 22
3 8 8 25
3 10 8 12
3 10 8 13
3 10 8 14
3 10 8 15
3 10 8 16
3 10 8 22
3 10 8 25
3 12 8 22
3 12 8 25
3 13 8 22
3 13 8 25
3 14 8 22
3 14 8 25
3 15 8 22
3 15 8 25
3 16 8 22
3 16 8 25
3 22 8 25
3 8 9 10
3 8 9 12
3 8 9 13
3 8 9 14
3 8 9 15
3 8 9 16
3 8 9 22
3 8 9 25
3 10 9 12
3 10 9 13
3 10 9 14
3 10 9 15
3 10 9 16
3 10 9 22
3 10 9 25
3 12 9 22
3 12 9 25
3 13 9 22
3 13 9 25
3 14 9 22
3 14 9 25
3 15 9 22
3 15 9 25
3 16 9 22
3 16 9 25
3 22 9 25
3 8 10 10
3 8 10 12
3 8 10 13
3 8 10 14
3 8 10 15
3 8 10 16
3 10 10 12
3 10 10 13
3 10 10 14
3 10 10 15
3 10 10 16
3 8 11 10
3 8 11 12
3 8 11 13
3 10 11 12
3 10 11 13
3 8 12 10
3 8 13 10
3 8 13 12
3 8 13 13
3 10 13 12
3 10 13 13
3 8 14 10
3 8 14 12
3 8 14 13
3 8 14 15
3 8 14 22
3 8 14 25
3 10 14 12
3 10 14 13
3 10 14 15
3 10 14 22
3 10 14 25
3 12 14 15
3 12 14 22
3 12 14 25
3 13 14 15
3 13 14 22
3 13 14 25
3 15 14 22
3 15 14 25
3 22 14 25
3 8 15 10
3 8 15 12
3 8 15 13
3 8 15 15
3 8 15 22
3 8 15 25
3 10 15 12
3 10 15 13
3 10 15 15
3 10 15 22
3 10 15 25
3 12 15 15
3 12 15 22
3 12 15 25
3 13 15 15
3 13 15 22
3 13 15 25
3 15 15 22
3 15 15 25
3 22 15 25
3 10 16 12
3 10 16 13
3 10 16 15
3 12 16 15
3 13 16 15
3 8 17 10
3 8 17 12
3 8 17 13
3 8 17 15
3 10 17 12
3 10 17 13
3 10 17 15
3 12 17 15
3 13 17 15
4 12 6 22
4 12 6 25
4 13 6 22
4 13 6 25
4 14 6 22
4 14 6 25
4 15 6 22
4 15 6 25
4 16 6 22
4 16 6 25
4 22 6 25
4 8 7 10
4 8 7 12
4 8 7 13
4 8 7 14
4 8 7 15
4 8 7 16
4 8 7 22
4 8 7 25
4 10 7 12
4 10 7 13
4 10 7 14
4 10 7 15
4 10 7 16
4 10 7 22
4 10 7 25
4 12 7 22
4 12 7 25
4 13 7 22
4 13 7 25
4 14 7 22
4 14 7 25
4 15 7 22
4 15 7 25
4 16 7 22
4 16 7 25
4 22 7 25
4 8 8 10
4 8 8 12
4 8 8 13
4 8 8 14
4 8 8 15
4 8 8 16
4 8 8 22
4 8 8 25
4 10 8 12
4 10 8 13
4 10 8 14
4 10 8 15
4 10 8 16
4 10 8 22
4 10 8 25
4 12 8 22
4 12 8 25
4 13 8 22
4 13 8 25
4 14 8 22
4 14 8 25
4 15 8 22
4 15 8 25
4 16 8 22
4 16 8 25
4 22 8 25
4 2 9 5
4 2 9 8
4 2 9 10
4 2 9 12
4 2 9 13
4 2 9 14
4 2 9 15
4 2 9 16
4 2 9 22
4 2 9 25
4 3 9 5
4 3 9 8
4 3 9 10
4 3 9 12
4 3 9 13
4 3 9 14
4 3 9 15
4 3 9 16
4 3 9 22
4 3 9 25
4 5 9 8
4 5 9 10
4 5 9 12
4 5 9 13
4 5 9 14
4 5 9 15
4 5 9 16
4 5 9 22
4 5 9 25
4 8 9 10
4 8 9 12
4 8 9 13
4 8 9 14
4 8 9 15
4 8 9 16
4 8 9 22
4 8 9 25
4 10 9 12
4 10 9 13
4 10 9 14
4 10 9 15
4 10 9 16
4 10 9 22
4 10 9 25
4 12 9 22
4 12 9 25
4 13 9 22
4 13 9 25
4 14 9 22
4 14 9 25
4 15 9 22
4 15 9 25
4 16 9 22
4 16 9 25
4 22 9 25
4 2 10 5
4 2 10 8
4 2 10 10
4 2 10 12
4 2 10 13
4 2 10 14
4 2 10 15
4 2 10 16
4 3 10 5
4 3 10 8
4 3 10 10
4 3 10 12
4 3 10 13
4 3 10 14
4 3 10 15
4 3 10 16
4 5 10 8
4 5 10 10
4 5 10 12
4 5 10 13
4 5 10 14
4 5 10 15
4 5 10 16
4 8 10 10
4 8 10 12
4 8 10 13
4 8 10 14
4 8 10 15
4 8 10 16
4 10 10 12
4 10 10 13
4 10 10 14
4 10 10 15
4 10 10 16
4 2 11 5
4 3 11 5
4 8 11 10
4 8 11 12
4 8 11 13
4 10 11 12
4 10 11 13
4 2 12 5
4 2 12 8
4 2 12 10
4 3 12 5
4 3 12 8
4 3 12 10
4 5 12 8
4 5 12 10
4 8 12 10
4 5 13 8
4 5 13 10
4 5 13 12
4 5 13 13
4 8 13 10
4 8 13 12
4 8 13 13
4 10 13 12
4 10 13 13
4 2 14 5
4 2 14 8
4 2 14 10
4 2 14 12
4 2 14 13
4 2 14 15
4 2 14 22
4 2 14 25
4 5 14 8
4 5 14 10
4 5 14 12
4 5 14 13
4 5 14 15
4 5 14 22
4 5 14 25
4 8 14 10
4 8 14 12
4 8 14 13
4 8 14 15
4 8 14 22
4 8 14 25
4 10 14 12
4 10 14 13
4 10 14 15
4 10 14 22
4 10 14 25
4 12 14 15
4 12 14 22
4 12 14 25
4 13 14 15
4 13 14 22
4 13 14 25
4 15 14 22
4 15 14 25
4 22 14 25
4 8 15 10
4 8 15 12
4 8 15 13
4 8 15 15
4 8 15 22
4 8 15 25
4 10 15 12
4 10 15 13
4 10 15 15
4 10 15 22
4 10 15 25
4 12 15 15
4 12 15 22
4 12 15 25
4 13 15 15
4 13 15 22
4 13 15 25
4 15 15 22
4 15 15 25
4 22 15 25
4 10 16 12
4 10 16 13
4 10 16 15
4 12 16 15
4 13 16 15
4 8 17 10
4 8 17 12
4 8 17 13
4 8 17 15
4 10 17 12
4 10 17 13
4 10 17 15
4 12 17 15
4 13 17 15
5 8 7 10
5 8 7 12
5 8 7 13
5 8 7 14
5 8 7 15
5 8 7 16
5 10 7 12
5 10 7 13
5 10 7 14
5 10 7 15
5 10 7 16
5 8 8 10
5 8 8 12
5 8 8 13
5 8 8 14
5 8 8 15
5 8 8 16
5 10 8 12
5 10 8 13
5 10 8 14
5 10 8 15
5 10 8 16
5 2 9 5
5 2 9 8
5 2 9 10
5 2 9 12
5 2 9 13
5 2 9 14
5 2 9 15
5 2 9 16
5 3 9 5
5 3 9 8
5 3 9 10
5 3 9 12
5 3 9 13
5 3 9 14
5 3 9 15
5 3 9 16
5 5 9 8
5 5 9 10
5 5 9 12
5 5 9 13
5 5 9 14
5 5 9 15
5 5 9 16
5 8 9 10
5 8 9 12
5 8 9 13
5 8 9 14
5 8 9 15
5 8 9 16
5 10 9 12
5 10 9 13
5 10 9 14
5 10 9 15
5 10 9 16
5 2 10 5
5 2 10 8
5 2 10 10
5 2 10 12
5 2 10 13
5 2 10 14
5 2 10 15
5 2 10 16
5 3 10 5
5 3 10 8
5 3 10 10
5 3 10 12
5 3 10 13
5 3 10 14
5 3 10 15
5 3 10 16
5 5 10 8
5 5 10 10
5 5 10 12
5 5 10 13
5 5 10 14
5 5 10 15
5 5 10 16
5 8 10 10
5 8 10 12
5 8 10 13
5 8 10 14
5 8 10 15
5 8 10 16
5 10 10 12
5 10 10 13
5 10 10 14
5 10 10 15
5 10 10 16
5 2 11 5
5 3 11 5
5 8 11 10
5 8 11 12
5 8 11 13
5 10 11 12
5 10 11 13
5 2 12 5
5 2 12 8
5 2 12 10
5 3 12 5
5 3 12 8
5 3 12 10
5 5 12 8
5 5 12 10
5 8 12 10
5 5 13 8
5 5 13 10
5 5 13 12
5 5 13 13
5 8 13 10
5 8 13 12
5 8 13 13
5 10 13 12
5 10 13 13
5 2 14 5
5 2 14 8
5 2 14 10
5 2 14 12
5 2 14 13
5 2 14 15
5 5 14 8
5 5 14 10
5 5 14 12
5 5 14 13
5 5 14 15
5 8 14 10
5 8 14 12
5 8 14 13
5 8 14 15
5 10 14 12
5 10 14 13
5 10 14 15
5 12 14 15
5 13 14 15
5 8 15 10
5 8 15 12
5 8 15 13
5 8 15 15
5 10 15 12
5 10 15 13
5 10 15 15
5 12 15 15
5 13 15 15
5 10 16 12
5 10 16 13
5 10 16 15
5 12 16 15
5 13 16 15
5 8 17 10
5 8 17 12
5 8 17 13
5 8 17 15
5 10 17 12
5 10 17 13
5 10 17 15
5 12 17 15
5 13 17 15
6 12 14 15
6 12 14 17
6 12 14 19
6 12 14 20
6 12 14 22
6 12 14 25
6 13 14 15
6 13 14 17
6 13 14 19
6 13 14 20
6 13 14 22
6 13 14 25
6 15 14 17
6 15 14 19
6 15 14 20
6 15 14 22
6 15 14 25
6 17 14 19
6 17 14 20
6 17 14 22
6 17 14 25
6 19 14 22
6 19 14 25
6 20 14 22
6 20 14 25
6 22 14 25
6 12 15 15
6 12 15 17
6 12 15 19
6 12 15 20
6 12 15 22
6 12 15 25
6 13 15 15
6 13 15 17
6 13 15 19
6 13 15 20
6 13 15 22
6 13 15 25
6 15 15 17
6 15 15 19
6 15 15 20
6 15 15 22
6 15 15 25
6 17 15 19
6 17 15 20
6 17 15 22
6 17 15 25
6 19 15 22
6 19 15 25
6 20 15 22
6 20 15 25
6 22 15 25
6 12 16 15
6 13 16 15
6 20 16 22
6 12 17 15
6 13 17 15
7 7 13 12
7 7 13 13
7 8 13 12
7 8 13 13
7 9 13 12
7 9 13 13
7 10 13 12
7 10 13 13
7 7 14 12
7 7 14 13
7 7 14 15
7 7 14 17
7 7 14 19
7 7 14 20
7 7 14 22
7 7 14 25
7 8 14 12
7 8 14 13
7 8 14 15
7 8 14 17
7 8 14 19
7 8 14 20
7 8 14 22
7 8 14 25
7 9 14 12
7 9 14 13
7 9 14 15
7 9 14 17
7 9 14 19
7 9 14 20
7 9 14 22
7 9 14 25
7 10 14 12
7 10 14 13
7 10 14 15
7 10 14 17
7 10 14 19
7 10 14 20
7 10 14 22
7 10 14 25
7 12 14 15
7 12 14 17
7 12 14 19
7 12 14 20
7 12 14 22
7 12 14 25
7 13 14 15
7 13 14 17
7 13 14 19
7 13 14 20
7 13 14 22
7 13 14 25
7 15 14 17
7 15 14 19
7 15 14 20
7 15 14 22
7 15 14 25
7 17 14 19
7 17 14 20
7 17 14 22
7 17 14 25
7 19 14 22
7 19 14 25
7 20 14 22
7 20 14 25
7 22 14 25
7 7 15 12
7 7 15 13
7 7 15 15
7 7 15 17
7 7 15 19
7 7 15 20
7 7 15 22
7 7 15 25
7 8 15 12
7 8 15 13
7 8 15 15
7 8 15 17
7 8 15 19
7 8 15 20
7 8 15 22
7 8 15 25
7 9 15 12
7 9 15 13
7 9 15 15
7 9 15 17
7 9 15 19
7 9 15 20
7 9 15 22
7 9 15 25
7 10 15 12
7 10 15 13
7 10 15 15
7 10 15 17
7 10 15 19
7 10 15 20
7 10 15 22
7 10 15 25
7 12 15 15
7 12 15 17
7 12 15 19
7 12 15 20
7 12 15 22
7 12 15 25
7 13 15 15
7 13 15 17
7 13 15 19
7 13 15 20
7 13 15 22
7 13 15 25
7 15 15 17
7 15 15 19
7 15 15 20
7 15 15 22
7 15 15 25
7 17 15 19
7 17 15 20
7 17 15 22
7 17 15 25
7 19 15 22
7 19 15 25
7 20 15 22
7 20 15 25
7 22 15 25
7 10 16 12
7 10 16 13
7 10 16 15
7 12 16 15
7 13 16 15
7 20 16 22
7 8 17 10
7 8 17 12
7 8 17 13
7 8 17 15
7 10 17 12
7 10 17 13
7 10 17 15
7 12 17 15
7 13 17 15
8 7 13 12
8 7 13 13
8 8 13 12
8 8 13 13
8 9 13 12
8 9 13 13
8 10 13 12
8 10 13 13
8 7 14 12
8 7 14 13
8 7 14 15
8 7 14 17
8 7 14 19
8 7 14 20
8 7 14 22
8 7 14 25
8 8 14 12
8 8 14 13
8 8 14 15
8 8 14 17
8 8 14 19
8 8 14 20
8 8 14 22
8 8 14 25
8 9 14 12
8 9 14 13
8 9 14 15
8 9 14 17
8 9 14 19
8 9 14 20
8 9 14 22
8 9 14 25
8 10 14 12
8 10 14 13
8 10 14 15
8 10 14 17
8 10 14 19
8 10 14 20
8 10 14 22
8 10 14 25
8 12 14 15
8 12 14 17
8 12 14 19
8 12 14 20
8 12 14 22
8 12 14 25
8 13 14 15
8 13 14 17
8 13 14 19
8 13 14 20
8 13 14 22
8 13 14 25
8 15 14 17
8 15 14 19
8 15 14 20
8 15 14 22
8 15 14 25
8 17 14 19
8 17 14 20
8 17 14 22
8 17 14 25
8 19 14 22
8 19 14 25
8 20 14 22
8 20 14 25
8 22 14 25
8 7 15 12
8 7 15 13
8 7 15 15
8 7 15 17
8 7 15 19
8 7 15 20
8 7 15 22
8 7 15 25
8 8 15 12
8 8 15 13
8 8 15 15
8 8 15 17
8 8 15 19
8 8 15 20
8 8 15 22
8 8 15 25
8 9 15 12
8 9 15 13
8 9 15 15
8 9 15 17
8 9 15 19
8 9 15 20
8 9 15 22
8 9 15 25
8 10 15 12
8 10 15 13
8 10 15 15
8 10 15 17
8 10 15 19
8 10 15 20
8 10 15 22
8 10 15 25
8 12 15 15
8 12 15 17
8 12 15 19
8 12 15 20
8 12 15 22
8 12 15 25
8 13 15 15
8 13 15 17
8 13 15 19
8 13 15 20
8 13 15 22
8 13 15 25
8 15 15 17
8 15 15 19
8 15 15 20
8 15 15 22
8 15 15 25
8 17 15 19
8 17 15 20
8 17 15 22
8 17 15 25
8 19 15 22
8 19 15 25
8 20 15 22
8 20 15 25
8 22 15 25
8 10 16 12
8 10 16 13
8 10 16 15
8 12 16 15
8 13 16 15
8 20 16 22
8 8 17 10
8 8 17 12
8 8 17 13
8 8 17 15
8 10 17 12
8 10 17 13
8 10 17 15
8 12 17 15
8 13 17 15
9 2 12 7
9 2 12 8
9 2 12 9
9 2 12 10
9 3 12 7
9 3 12 8
9 3 12 9
9 3 12 10
9 4 12 7
9 4 12 8
9 4 12 9
9 4 12 10
9 5 12 7
9 5 12 8
9 5 12 9
9 5 12 10
9 4 13 7
9 4 13 8
9 4 13 9
9 4 13 10
9 4 13 12
9 4 13 13
9 5 13 7
9 5 13 8
9 5 13 9
9 5 13 10
9 5 13 12
9 5 13 13
9 7 13 12
9 7 13 13
9 8 13 12
9 8 13 13
9 9 13 12
9 9 13 13
9 10 13 12
9 10 13 13
9 2 14 4
9 2 14 5
9 2 14 7
9 2 14 8
9 2 14 9
9 2 14 10
9 2 14 12
9 2 14 13
9 2 14 15
9 2 14 17
9 2 14 19
9 2 14 20
9 2 14 22
9 2 14 25
9 4 14 7
9 4 14 8
9 4 14 9
9 4 14 10
9 4 14 12
9 4 14 13
9 4 14 15
9 4 14 17
9 4 14 19
9 4 14 20
9 4 14 22
9 4 14 25
9 5 14 7
9 5 14 8
9 5 14 9
9 5 14 10
9 5 14 12
9 5 14 13
9 5 14 15
9 5 14 17
9 5 14 19
9 5 14 20
9 5 14 22
9 5 14 25
9 7 14 12
9 7 14 13
9 7 14 15
9 7 14 17
9 7 14 19
9 7 14 20
9 7 14 22
9 7 14 25
9 8 14 12
9 8 14 13
9 8 14 15
9 8 14 17
9 8 14 19
9 8 14 20
9 8 14 22
9 8 14 25
9 9 14 12
9 9 14 13
9 9 14 15
9 9 14 17
9 9 14 19
9 9 14 20
9 9 14 22
9 9 14 25
9 10 14 12
9 10 14 13
9 10 14 15
9 10 14 17
9 10 14 19
9 10 14 20
9 10 14 22
9 10 14 25
9 12 14 15
9 12 14 17
9 12 14 19
9 12 14 20
9 12 14 22
9 12 14 25
9 13 14 15
9 13 14 17
9 13 14 19
9 13 14 20
9 13 14 22
9 13 14 25
9 15 14 17
9 15 14 19
9 15 14 20
9 15 14 22
9 15 14 25
9 17 14 19
9 17 14 20
9 17 14 22
9 17 14 25
9 19 14 22
9 19 14 25
9 20 14 22
9 20 14 25
9 22 14 25
9 7 15 12
9 7 15 13
9 7 15 15
9 7 15 17
9 7 15 19
9 7 15 20
9 7 15 22
9 7 15 25
9 8 15 12
9 8 15 13
9 8 15 15
9 8 15 17
9 8 15 19
9 8 15 20
9 8 15 22
9 8 15 25
9 9 15 12
9 9 15 13
9 9 15 15
9 9 15 17
9 9 15 19
9 9 15 20
9 9 15 22
9 9 15 25
9 10 15 12
9 10 15 13
9 10 15 15
9 10 15 17
9 10 15 19
9 10 15 20
9 10 15 22
9 10 15 25
9 12 15 15
9 12 15 17
9 12 15 19
9 12 15 20
9 12 15 22
9 12 15 25
9 13 15 15
9 13 15 17
9 13 15 19
9 13 15 20
9 13 15 22
9 13 15 25
9 15 15 17
9 15 15 19
9 15 15 20
9 15 15 22
9 15 15 25
9 17 15 19
9 17 15 20
9 17 15 22
9 17 15 25
9 19 15 22
9 19 15 25
9 20 15 22
9 20 15 25
9 22 15 25
9 10 16 12
9 10 16 13
9 10 16 15
9 12 16 15
9 13 16 15
9 20 16 22
9 4 17 8
9 4 17 10
9 4 17 12
9 4 17 13
9 4 17 15
9 8 17 10
9 8 17 12
9 8 17 13
9 8 17 15
9 10 17 12
9 10 17 13
9 10 17 15
9 12 17 15
9 13 17 15
10 2 12 7
10 2 12 8
10 2 12 9
10 2 12 10
10 3 12 7
10 3 12 8
10 3 12 9
10 3 12 10
10 4 12 7
10 4 12 8
10 4 12 9
10 4 12 10
10 5 12 7
10 5 12 8
10 5 12 9
10 5 12 10
10 4 13 7
10 4 13 8
10 4 13 9
10 4 13 10
10 4 13 12
10 4 13 13
10 5 13 7
10 5 13 8
10 5 13 9
10 5 13 10
10 5 13 12
10 5 13 13
10 7 13 12
10 7 13 13
10 8 13 12
10 8 13 13
10 9 13 12
10 9 13 13
10 10 13 12
10 10 13 13
10 2 14 4
10 2 14 5
10 2 14 7
10 2 14 8
10 2 14 9
10 2 14 10
10 2 14 12
10 2 14 13
10 2 14 15
10 2 14 17
10 2 14 19
10 2 14 20
10 4 14 7
10 4 14 8
10 4 14 9
10 4 14 10
10 4 14 12
10 4 14 13
10 4 14 15
10 4 14 17
10 4 14 19
10 4 14 20
10 5 14 7
10 5 14 8
10 5 14 9
10 5 14 10
10 5 14 12
10 5 14 13
10 5 14 15
10 5 14 17
10 5 14 19
10 5 14 20
10 7 14 12
10 7 14 13
10 7 14 15
10 7 14 17
10 7 14 19
10 7 14 20
10 8 14 12
10 8 14 13
10 8 14 15
10 8 14 17
10 8 14 19
10 8 14 20
10 9 14 12
10 9 14 13
10 9 14 15
10 9 14 17
10 9 14 19
10 9 14 20
10 10 14 12
10 10 14 13
10 10 14 15
10 10 14 17
10 10 14 19
10 10 14 20
10 12 14 15
10 12 14 17
10 12 14 19
10 12 14 20
10 13 14 15
10 13 14 17
10 13 14 19
10 13 14 20
10 15 14 17
10 15 14 19
10 15 14 20
10 17 14 19
10 17 14 20
10 7 15 12
10 7 15 13
10 7 15 15
10 7 15 17
10 7 15 19
10 7 15 20
10 8 15 12
10 8 15 13
10 8 15 15
10 8 15 17
10 8 15 19
10 8 15 20
10 9 15 12
10 9 15 13
10 9 15 15
10 9 15 17
10 9 15 19
10 9 15 20
10 10 15 12
10 10 15 13
10 10 15 15
10 10 15 17
10 10 15 19
10 10 15 20
10 12 15 15
10 12 15 17
10 12 15 19
10 12 15 20
10 13 15 15
10 13 15 17
10 13 15 19
10 13 15 20
10 15 15 17
10 15 15 19
10 15 15 20
10 17 15 19
10 17 15 20
10 10 16 12
10 10 16 13
10 10 16 15
10 12 16 15
10 13 16 15
10 4 17 8
10 4 17 10
10 4 17 12
10 4 17 13
10 4 17 15
10 8 17 10
10 8 17 12
10 8 17 13
10 8 17 15
10 10 17 12
10 10 17 13
10 10 17 15
10 12 17 15
10 13 17 15
11 7 13 12
11 7 13 13
11 8 13 12
11 8 13 13
11 9 13 12
11 9 13 13
11 10 13 12
11 10 13 13
11 2 14 4
11 2 14 5
11 7 14 12
11 7 14 13
11 8 14 12
11 8 14 13
11 9 14 12
11 9 14 13
11 10 14 12
11 10 14 13
11 7 15 12
11 7 15 13
11 8 15 12
11 8 15 13
11 9 15 12
11 9 15 13
11 10 15 12
11 10 15 13
11 10 16 12
11 10 16 13
11 8 17 10
11 8 17 12
11 8 17 13
11 10 17 12
11 10 17 13
12 2 14 4
12 2 14 5
12 2 14 6
12 2 14 7
12 2 14 8
12 2 14 9
12 2 14 10
12 4 17 6
12 4 17 8
12 4 17 10
12 6 17 8
12 6 17 10
12 8 17 10
13 4 17 6
13 4 17 8
13 4 17 10
13 4 17 11
13 4 17 12
13 4 17 13
13 6 17 8
13 6 17 10
13 6 17 11
13 6 17 12
13 6 17 13
13 8 17 10
13 8 17 11
13 8 17 12
13 8 17 13
14 4 17 6
14 4 17 8
14 4 17 10
14 4 17 11
14 4 17 12
14 4 17 13
14 4 17 14
14 4 17 15
14 6 17 8
14 6 17 10
14 6 17 11
14 6 17 12
14 6 17 13
14 6 17 14
14 6 17 15
14 8 17 10
14 8 17 11
14 8 17 12
14 8 17 13
14 8 17 14
14 8 17 15
15 6 17 8
15 6 17 10
15 6 17 11
15 6 17 12
15 6 17 13
15 6 17 14
15 6 17 15
15 8 17 10
15 8 17 11
15 8 17 12
15 8 17 13
15 8 17 14
15 8 17 15
