21 23
00000000000000000000000
00011111111111111111111
00010000100100000000001
00010000100111111100001
00010000100100000100001
00010000111111111100001
00011111111100111111101
00000000100100100101111
00000000101111111111111
00000000101100100101111
00000000101111111111111
00000000111111111111111
00000000100100100101111
00000000100100100101101
00000000100100100101101
00000000100111111101111
00000000100000100000100
00000000100000100000100
00000000100000100000100
00000000111111100000100
00000000000000111111100
115
2 9 6 12
2 4 7 9
2 4 7 12
2 9 7 12
2 12 9 23
2 12 11 23
2 9 12 12
2 9 12 23
2 12 12 23
4 12 6 18
4 12 9 18
4 12 11 18
4 12 12 18
4 12 16 18
6 12 9 15
6 12 9 18
6 15 9 18
6 12 11 15
6 12 11 18
6 15 11 18
6 9 12 12
6 9 12 15
6 9 12 18
6 12 12 15
6 12 12 18
6 15 12 18
6 12 16 15
6 12 16 18
6 15 16 18
6 9 20 15
7 15 9 18
7 15 9 20
7 15 9 21
7 18 9 20
7 18 9 21
7 15 11 18
7 15 11 20
7 15 11 21
7 18 11 20
7 18 11 21
7 9 12 12
7 15 12 18
7 15 12 20
7 15 12 21
7 18 12 20
7 18 12 21
7 15 16 18
7 15 21 21
8 20 16 23
8 21 16 23
9 11 11 15
9 11 11 18
9 11 11 20
9 11 11 21
9 11 11 22
9 11 11 23
9 12 11 15
9 12 11 18
9 12 11 20
9 12 11 21
9 12 11 22
9 12 11 23
9 15 11 18
9 15 11 20
9 15 11 21
9 15 11 22
9 15 11 23
9 18 11 20
9 18 11 21
9 18 11 22
9 18 11 23
9 11 12 15
9 11 12 18
9 11 12 20
9 11 12 21
9 11 12 22
9 11 12 23
9 12 12 15
9 12 12 18
9 12 12 20
9 12 12 21
9 12 12 22
9 12 12 23
9 15 12 18
9 15 12 20
9 15 12 21
9 15 12 22
9 15 12 23
9 18 12 20
9 18 12 21
9 18 12 22
9 18 12 23
9 12 16 15
9 12 16 18
9 15 16 18
9 20 16 23
9 21 16 23
9 15 21 21
10 20 16 23
10 21 16 23
11 12 16 15
11 12 16 18
11 15 16 18
11 20 16 23
11 21 16 23
11 15 21 21
12 12 16 15
12 12 16 18
12 15 16 18
12 20 16 23
12 21 16 23
12 9 20 15
12 15 21 21
13 20 16 23
13 21 16 23
