14 22
0011111111111111111111
0010100011111011101111
0010100111111111101001
0010100111001010101001
0011111111111111111111
0011010011001010101001
0011010011111010101001
0011010001000010101001
0011010001000010101111
0011010001111111100000
0011010001100011100000
0011010001111111100000
0011111111000000000000
0001110000000000000000
114
1 9 3 15
1 9 3 16
1 9 3 17
1 10 3 15
1 10 3 16
1 10 3 17
1 11 3 15
1 11 3 16
1 11 3 17
1 12 3 15
1 12 3 16
1 12 3 17
1 13 3 15
1 13 3 16
1 13 3 17
1 3 5 5
1 3 5 9
1 3 5 10
1 3 5 13
1 3 5 15
1 3 5 17
1 3 5 19
1 3 5 22
1 5 5 9
1 5 5 10
1 5 5 13
1 5 5 15
1 5 5 17
1 5 5 19
1 5 5 22
1 9 5 13
1 9 5 15
1 9 5 17
1 9 5 19
1 9 5 22
1 10 5 13
1 10 5 15
1 10 5 17
1 10 5 19
1 10 5 22
1 13 5 15
1 13 5 17
1 13 5 19
1 13 5 22
1 15 5 17
1 15 5 19
1 15 5 22
1 17 5 19
1 17 5 22
1 19 5 22
1 9 7 13
1 10 7 13
1 19 9 22
1 10 10 15
1 10 10 17
1 15 10 17
1 15 11 17
1 10 12 15
1 10 12 17
1 15 12 17
1 3 13 10
2 9 5 13
2 10 5 13
2 15 5 17
2 19 5 22
2 9 7 13
2 10 7 13
2 19 9 22
2 15 10 17
2 15 11 17
2 15 12 17
3 8 5 13
3 8 5 15
3 8 5 17
3 9 5 13
3 9 5 15
3 9 5 17
3 10 5 13
3 10 5 15
3 10 5 17
3 13 5 15
3 13 5 17
3 15 5 17
3 9 7 13
3 10 7 13
3 10 10 15
3 10 10 17
3 15 10 17
3 15 11 17
3 10 12 15
3 10 12 17
3 15 12 17
5 9 7 13
5 10 7 13
5 19 9 22
5 10 10 15
5 10 10 17
5 15 10 17
5 15 11 17
5 10 12 15
5 10 12 17
5 15 12 17
5 3 13 6
5 3 13 10
5 4 13 6
5 4 13 10
5 6 13 10
5 4 14 6
10 10 12 15
10 10 12 16
10 10 12 17
10 11 12 15
10 11 12 16
10 11 12 17
