19 25
1111111111111111111111110
1010001111110000000000010
1011111101110000000000010
1010001101110000000000010
1010001111110000000000010
1010001101110000000000010
1111111111111100000000010
1110001111110100000000010
1111111111111111111111110
1110001111111100000000000
1110000111111111111111100
1111111111111110010000100
0111111111111111110000100
0111111111111111110000100
0101100100011011110000100
0111111111111111010000100
0000000111111110010000100
0000000100011010010000100
0000000111111111111111100
513
1 3 3 7
1 3 3 8
1 7 5 10
1 7 5 11
1 7 5 12
1 8 5 10
1 8 5 11
1 8 5 12
1 1 7 3
1 1 7 7
1 1 7 8
1 1 7 10
1 1 7 11
1 1 7 12
1 3 7 7
1 3 7 8
1 3 7 10
1 3 7 11
1 3 7 12
1 7 7 10
1 7 7 11
1 7 7 12
1 8 7 10
1 8 7 11
1 8 7 12
1 1 8 3
1 7 8 10
1 7 8 11
1 7 8 12
1 8 8 10
1 8 8 11
1 8 8 12
1 1 9 3
1 1 9 7
1 1 9 8
1 1 9 10
1 1 9 11
1 1 9 12
1 1 9 24
1 3 9 7
1 3 9 8
1 3 9 10
1 3 9 11
1 3 9 12
1 3 9 24
1 7 9 10
1 7 9 11
1 7 9 12
1 7 9 24
1 8 9 10
1 8 9 11
1 8 9 12
1 8 9 24
1 10 9 24
1 11 9 24
1 12 9 24
1 1 10 3
1 7 10 10
1 7 10 11
1 7 10 12
1 8 10 10
1 8 10 11
1 8 10 12
1 1 11 3
1 8 11 10
1 8 11 11
1 8 11 12
1 1 12 3
1 1 12 8
1 1 12 10
1 1 12 11
1 1 12 12
1 3 12 8
1 3 12 10
1 3 12 11
1 3 12 12
1 8 12 10
1 8 12 11
1 8 12 12
1 3 13 8
1 3 13 10
1 3 13 11
1 3 13 12
1 8 13 10
1 8 13 11
1 8 13 12
1 3 14 8
1 3 14 10
1 3 14 11
1 3 14 12
1 8 14 10
1 8 14 11
1 8 14 12
1 8 16 12
1 8 17 12
1 8 19 12
2 7 5 10
2 7 5 11
2 7 5 12
2 8 5 10
2 8 5 11
2 8 5 12
2 7 7 10
2 7 7 11
2 7 7 12
2 8 7 10
2 8 7 11
2 8 7 12
2 7 8 10
2 7 8 11
2 7 8 12
2 8 8 10
2 8 8 11
2 8 8 12
2 7 9 10
2 7 9 11
2 7 9 12
2 8 9 10
2 8 9 11
2 8 9 12
2 7 10 10
2 7 10 11
2 7 10 12
2 8 10 10
2 8 10 11
2 8 10 12
2 8 11 10
2 8 11 11
2 8 11 12
2 8 12 10
2 8 12 11
2 8 12 12
2 8 13 10
2 8 13 11
2 8 13 12
2 8 14 10
2 8 14 11
2 8 14 12
2 8 16 12
2 8 17 12
2 8 19 12
3 3 7 7
3 3 7 8
3 3 9 7
3 3 9 8
3 3 12 8
3 3 13 8
3 3 14 8
5 7 7 10
5 7 7 11
5 7 7 12
5 8 7 10
5 8 7 11
5 8 7 12
5 7 8 10
5 7 8 11
5 7 8 12
5 8 8 10
5 8 8 11
5 8 8 12
5 7 9 10
5 7 9 11
5 7 9 12
5 8 9 10
5 8 9 11
5 8 9 12
5 7 10 10
5 7 10 11
5 7 10 12
5 8 10 10
5 8 10 11
5 8 10 12
5 8 11 10
5 8 11 11
5 8 11 12
5 8 12 10
5 8 12 11
5 8 12 12
5 8 13 10
5 8 13 11
5 8 13 12
5 8 14 10
5 8 14 11
5 8 14 12
5 8 16 12
5 8 17 12
5 8 19 12
7 1 9 7
7 1 9 8
7 1 9 9
7 1 9 10
7 1 9 11
7 1 9 12
7 1 9 14
7 2 9 7
7 2 9 8
7 2 9 9
7 2 9 10
7 2 9 11
7 2 9 12
7 2 9 14
7 3 9 7
7 3 9 8
7 3 9 9
7 3 9 10
7 3 9 11
7 3 9 12
7 3 9 14
7 7 9 14
7 8 9 14
7 9 9 14
7 10 9 14
7 11 9 14
7 12 9 14
7 7 10 14
7 8 10 14
7 9 10 14
7 10 10 14
7 11 10 14
7 12 10 14
7 8 11 14
7 9 11 14
7 10 11 14
7 11 11 14
7 12 11 14
7 1 12 8
7 1 12 9
7 1 12 10
7 1 12 11
7 1 12 12
7 1 12 14
7 2 12 8
7 2 12 9
7 2 12 10
7 2 12 11
7 2 12 12
7 2 12 14
7 3 12 8
7 3 12 9
7 3 12 10
7 3 12 11
7 3 12 12
7 3 12 14
7 8 12 14
7 9 12 14
7 10 12 14
7 11 12 14
7 12 12 14
7 2 13 8
7 2 13 9
7 2 13 10
7 2 13 11
7 2 13 12
7 2 13 14
7 3 13 8
7 3 13 9
7 3 13 10
7 3 13 11
7 3 13 12
7 3 13 14
7 8 13 14
7 9 13 14
7 10 13 14
7 11 13 14
7 12 13 14
7 2 14 8
7 2 14 9
7 2 14 10
7 2 14 11
7 2 14 12
7 2 14 14
7 3 14 8
7 3 14 9
7 3 14 10
7 3 14 11
7 3 14 12
7 3 14 14
7 8 14 14
7 9 14 14
7 10 14 14
7 11 14 14
7 12 14 14
7 2 16 8
7 2 16 12
7 8 16 12
7 8 17 12
7 8 19 12
8 8 16 12
8 8 17 12
8 8 19 12
9 1 12 8
9 1 12 9
9 1 12 10
9 1 12 11
9 1 12 12
9 1 12 13
9 1 12 14
9 2 12 8
9 2 12 9
9 2 12 10
9 2 12 11
9 2 12 12
9 2 12 13
9 2 12 14
9 3 12 8
9 3 12 9
9 3 12 10
9 3 12 11
9 3 12 12
9 3 12 13
9 3 12 14
9 2 13 8
9 2 13 9
9 2 13 10
9 2 13 11
9 2 13 12
9 2 13 13
9 2 13 14
9 3 13 8
9 3 13 9
9 3 13 10
9 3 13 11
9 3 13 12
9 3 13 13
9 3 13 14
9 2 14 8
9 2 14 9
9 2 14 10
9 2 14 11
9 2 14 12
9 2 14 13
9 2 14 14
9 3 14 8
9 3 14 9
9 3 14 10
9 3 14 11
9 3 14 12
9 3 14 13
9 3 14 14
9 2 16 8
9 2 16 12
9 2 16 13
9 8 16 12
9 8 16 13
9 8 17 12
9 8 17 13
9 8 19 12
9 8 19 13
10 8 16 12
10 8 16 13
10 8 17 12
10 8 17 13
10 8 19 12
10 8 19 13
11 8 13 18
11 9 13 18
11 10 13 18
11 11 13 18
11 12 13 18
11 13 13 18
11 14 13 18
11 15 13 18
11 8 14 18
11 9 14 18
11 10 14 18
11 11 14 18
11 12 14 18
11 13 14 18
11 14 14 18
11 15 14 18
11 15 15 18
11 8 16 12
11 8 16 13
11 8 16 15
11 12 16 15
11 13 16 15
11 8 17 12
11 8 17 13
11 8 17 15
11 12 17 15
11 13 17 15
11 8 19 12
11 8 19 13
11 8 19 15
11 8 19 18
11 8 19 23
11 12 19 15
11 12 19 18
11 12 19 23
11 13 19 15
11 13 19 18
11 13 19 23
11 15 19 18
11 15 19 23
11 18 19 23
12 2 16 4
12 2 16 5
12 2 16 8
12 2 16 12
12 2 16 13
12 2 16 15
12 4 16 8
12 4 16 12
12 4 16 13
12 4 16 15
12 5 16 8
12 5 16 12
12 5 16 13
12 5 16 15
12 8 16 12
12 8 16 13
12 8 16 15
12 12 16 15
12 13 16 15
12 8 17 12
12 8 17 13
12 8 17 15
12 12 17 15
12 13 17 15
12 8 19 12
12 8 19 13
12 8 19 15
12 12 19 15
12 13 19 15
13 2 16 4
13 2 16 5
13 2 16 8
13 2 16 12
13 2 16 13
13 2 16 15
13 2 16 16
13 4 16 8
13 4 16 12
13 4 16 13
13 4 16 15
13 4 16 16
13 5 16 8
13 5 16 12
13 5 16 13
13 5 16 15
13 5 16 16
13 8 16 12
13 8 16 13
13 8 16 15
13 8 16 16
13 12 16 15
13 12 16 16
13 13 16 15
13 13 16 16
13 8 17 12
13 8 17 13
13 8 17 15
13 12 17 15
13 13 17 15
13 8 19 12
13 8 19 13
13 8 19 15
13 8 19 18
13 12 19 15
13 12 19 18
13 13 19 15
13 13 19 18
13 15 19 18
14 2 16 4
14 2 16 5
14 2 16 8
14 2 16 12
14 2 16 13
14 2 16 15
14 2 16 16
14 4 16 8
14 4 16 12
14 4 16 13
14 4 16 15
14 4 16 16
14 5 16 8
14 5 16 12
14 5 16 13
14 5 16 15
14 5 16 16
14 8 16 12
14 8 16 13
14 8 16 15
14 8 16 16
14 12 16 15
14 12 16 16
14 13 16 15
14 13 16 16
14 8 17 12
14 8 17 13
14 8 17 15
14 12 17 15
14 13 17 15
14 8 19 12
14 8 19 13
14 8 19 15
14 8 19 18
14 12 19 15
14 12 19 18
14 13 19 15
14 13 19 18
14 15 19 18
15 15 19 18
16 8 19 12
16 8 19 13
16 8 19 15
16 12 19 15
16 13 19 15
17 8 19 12
17 8 19 13
17 8 19 15
17 12 19 15
17 13 19 15
