18 24
000000011111111111111100
000000011111100000000100
000000010000100000000100
000000010000100000000100
000000010000100000000100
000000011111100000000100
000000011111111111111110
000011111001111111111010
000010001001000010001010
000010111111111111001010
000010101001010111111110
000010101001010101001000
000010101001010101001000
000010101001011101001000
000010101001000001001000
000010111111111111001000
000010001001000000001000
000011111001111111111000
27
1 8 6 13
1 8 7 13
1 8 7 22
1 13 7 22
2 8 6 13
2 8 7 13
6 9 10 12
6 9 16 12
7 9 10 12
7 9 10 17
7 12 10 17
7 17 11 21
7 17 11 23
7 21 11 23
7 9 16 12
7 12 18 21
8 12 10 17
8 17 11 21
8 5 18 9
8 12 18 21
10 14 14 16
10 7 16 9
10 7 16 12
10 7 16 18
10 9 16 12
10 9 16 18
10 12 16 18
