21 21
000000000000000000000
000000000000000000000
000000000000000000000
000000000000000000000
111111111111000000000
111111110001000000000
110000010001000000000
110000010001000000000
111111110001000000000
100000000001000000000
111111111111000000000
000000000000000000000
000000000000000000000
000000000000000000000
000000000000000000000
000000000000000000000
000000000000000000000
000000000000000000000
000000000000000000000
000000000000000000000
000000000000000000000
5
5 1 9 8
5 2 9 8
5 1 11 12
6 1 9 8
6 2 9 8
