21 21
000000000000000000000
000000000111110000000
000000000100010000000
000000000100010000000
001111111111111000000
001111111001001000000
001110001001001000000
001110001001001000000
001110001001001000000
001110001001001000000
001110001001001000000
001110001001001000000
001111111001001000000
001110000001001000000
001110000001001000000
001110000001001000000
001111111111001000000
000011111111111100000
000011000000001100000
000011111111111100000
000001111111111100000
20
2 10 5 14
5 3 13 9
5 4 13 9
5 5 13 9
5 3 17 12
5 4 17 12
5 5 17 12
5 5 18 12
5 5 18 15
5 12 18 15
5 5 20 15
6 3 13 9
6 4 13 9
6 5 13 9
18 5 20 15
18 5 20 16
18 6 20 15
18 6 20 16
18 6 21 15
18 6 21 16
