25 15
000000111111111
000000100000001
000000100000001
000000100000001
011111111111111
010100100100101
010100100100101
010101111100101
010111111100101
010111111100101
010111111100101
011111111111111
000111111111111
000111011100000
000111011100000
000111011100000
001111111111110
001111011100010
001111111100010
001001001000010
001001001000010
001001001000010
001001001000010
001111111111110
000000000000000
164
1 7 5 15
1 7 12 15
1 7 13 15
5 7 8 10
5 4 9 7
5 4 9 10
5 7 9 10
5 4 10 7
5 4 10 10
5 7 10 10
5 4 11 7
5 4 11 10
5 7 11 10
5 2 12 4
5 2 12 7
5 2 12 10
5 2 12 13
5 2 12 15
5 4 12 7
5 4 12 10
5 4 12 13
5 4 12 15
5 7 12 10
5 7 12 13
5 7 12 15
5 10 12 13
5 10 12 15
5 13 12 15
5 4 13 7
5 4 13 10
5 4 13 13
5 4 13 15
5 7 13 10
5 7 13 13
5 7 13 15
5 10 13 13
5 10 13 15
5 13 13 15
5 4 17 10
5 4 19 10
8 6 17 8
8 6 17 9
8 6 17 10
8 6 19 8
8 6 19 9
8 6 19 10
8 6 24 9
9 4 17 8
9 4 17 9
9 4 17 10
9 5 17 8
9 5 17 9
9 5 17 10
9 6 17 8
9 6 17 9
9 6 17 10
9 4 19 8
9 4 19 9
9 4 19 10
9 5 19 8
9 5 19 9
9 5 19 10
9 6 19 8
9 6 19 9
9 6 19 10
9 6 24 9
10 4 17 8
10 4 17 9
10 4 17 10
10 5 17 8
10 5 17 9
10 5 17 10
10 6 17 8
10 6 17 9
10 6 17 10
10 4 19 8
10 4 19 9
10 4 19 10
10 5 19 8
10 5 19 9
10 5 19 10
10 6 19 8
10 6 19 9
10 6 19 10
10 6 24 9
11 4 17 8
11 4 17 9
11 4 17 10
11 5 17 8
11 5 17 9
11 5 17 10
11 6 17 8
11 6 17 9
11 6 17 10
11 4 19 8
11 4 19 9
11 4 19 10
11 5 19 8
11 5 19 9
11 5 19 10
11 6 19 8
11 6 19 9
11 6 19 10
11 6 24 9
12 4 17 8
12 4 17 9
12 4 17 10
12 5 17 8
12 5 17 9
12 5 17 10
12 6 17 8
12 6 17 9
12 6 17 10
12 4 19 8
12 4 19 9
12 4 19 10
12 5 19 8
12 5 19 9
12 5 19 10
12 6 19 8
12 6 19 9
12 6 19 10
12 6 24 9
13 4 17 8
13 4 17 9
13 4 17 10
13 5 17 8
13 5 17 9
13 5 17 10
13 6 17 8
13 6 17 9
13 6 17 10
13 4 19 8
13 4 19 9
13 4 19 10
13 5 19 8
13 5 19 9
13 5 19 10
13 6 19 8
13 6 19 9
13 6 19 10
13 6 24 9
17 3 19 8
17 3 19 9
17 3 19 10
17 4 19 8
17 4 19 9
17 4 19 10
17 5 19 8
17 5 19 9
17 5 19 10
17 6 19 8
17 6 19 9
17 6 19 10
17 3 24 6
17 3 24 9
17 3 24 14
17 6 24 9
17 6 24 14
17 9 24 14
18 3 24 6
19 3 24 6
19 3 24 9
19 6 24 9
