12 21
000000011111111111000
111111110000010011000
100000010000011111000
100000010011110001000
100001111111110001000
111111111111111111000
110111011010010000000
111111111111111100000
100111011010010100000
100111111111111100000
100000010011110000000
111111111110000000000
116
1 14 3 17
1 14 3 18
1 8 5 14
1 8 6 14
1 8 6 18
1 14 6 18
1 8 8 14
1 8 10 14
2 1 6 8
2 1 8 8
2 1 12 8
3 14 6 18
4 11 8 14
4 11 10 14
4 11 11 14
5 6 8 8
5 6 8 9
5 6 8 11
5 6 8 14
5 8 8 11
5 8 8 14
5 9 8 11
5 9 8 14
5 11 8 14
5 6 10 8
5 6 10 9
5 6 10 11
5 6 10 14
5 8 10 11
5 8 10 14
5 9 10 11
5 9 10 14
5 11 10 14
5 11 11 14
5 8 12 11
6 1 8 4
6 1 8 5
6 1 8 6
6 1 8 8
6 1 8 9
6 1 8 11
6 1 8 14
6 2 8 4
6 2 8 5
6 2 8 6
6 2 8 8
6 2 8 9
6 2 8 11
6 2 8 14
6 4 8 8
6 4 8 9
6 4 8 11
6 4 8 14
6 5 8 8
6 5 8 9
6 5 8 11
6 5 8 14
6 6 8 8
6 6 8 9
6 6 8 11
6 6 8 14
6 8 8 11
6 8 8 14
6 9 8 11
6 9 8 14
6 11 8 14
6 4 10 8
6 4 10 9
6 4 10 11
6 4 10 14
6 5 10 8
6 5 10 9
6 5 10 11
6 5 10 14
6 6 10 8
6 6 10 9
6 6 10 11
6 6 10 14
6 8 10 11
6 8 10 14
6 9 10 11
6 9 10 14
6 11 10 14
6 11 11 14
6 1 12 8
6 1 12 11
6 8 12 11
8 4 10 8
8 4 10 9
8 4 10 11
8 4 10 14
8 4 10 16
8 5 10 8
8 5 10 9
8 5 10 11
8 5 10 14
8 5 10 16
8 6 10 8
8 6 10 9
8 6 10 11
8 6 10 14
8 6 10 16
8 8 10 11
8 8 10 14
8 8 10 16
8 9 10 11
8 9 10 14
8 9 10 16
8 11 10 14
8 11 10 16
8 14 10 16
8 11 11 14
8 1 12 8
8 1 12 11
8 8 12 11
10 8 12 11
