10 18
000000111111111000
000001111111111110
011111111111111010
010001111111111010
010001101001111010
011111111111111010
000001101111110010
000001101100110010
000001111111111110
000000111111110000
152
1 7 6 9
1 7 6 12
1 7 6 13
1 7 6 14
1 7 6 15
1 9 6 12
1 9 6 13
1 9 6 14
1 9 6 15
1 9 7 12
1 9 7 13
1 9 7 14
1 7 9 9
1 7 9 13
1 7 9 14
1 9 9 13
1 9 9 14
1 7 10 9
1 7 10 13
1 7 10 14
1 9 10 13
1 9 10 14
2 6 6 9
2 6 6 12
2 6 6 13
2 6 6 14
2 6 6 15
2 7 6 9
2 7 6 12
2 7 6 13
2 7 6 14
2 7 6 15
2 9 6 12
2 9 6 13
2 9 6 14
2 9 6 15
2 9 7 12
2 9 7 13
2 9 7 14
2 6 9 9
2 6 9 13
2 6 9 14
2 6 9 17
2 7 9 9
2 7 9 13
2 7 9 14
2 7 9 17
2 9 9 13
2 9 9 14
2 9 9 17
2 13 9 17
2 14 9 17
2 7 10 9
2 7 10 13
2 7 10 14
2 9 10 13
2 9 10 14
3 2 6 6
3 2 6 7
3 2 6 9
3 2 6 12
3 2 6 13
3 2 6 14
3 2 6 15
3 6 6 9
3 6 6 12
3 6 6 13
3 6 6 14
3 6 6 15
3 7 6 9
3 7 6 12
3 7 6 13
3 7 6 14
3 7 6 15
3 9 6 12
3 9 6 13
3 9 6 14
3 9 6 15
3 9 7 12
3 9 7 13
3 9 7 14
3 6 9 9
3 6 9 13
3 6 9 14
3 7 9 9
3 7 9 13
3 7 9 14
3 9 9 13
3 9 9 14
3 7 10 9
3 7 10 13
3 7 10 14
3 9 10 13
3 9 10 14
4 6 6 9
4 6 6 12
4 6 6 13
4 6 6 14
4 6 6 15
4 7 6 9
4 7 6 12
4 7 6 13
4 7 6 14
4 7 6 15
4 9 6 12
4 9 6 13
4 9 6 14
4 9 6 15
4 9 7 12
4 9 7 13
4 9 7 14
4 6 9 9
4 6 9 13
4 6 9 14
4 7 9 9
4 7 9 13
4 7 9 14
4 9 9 13
4 9 9 14
4 7 10 9
4 7 10 13
4 7 10 14
4 9 10 13
4 9 10 14
6 6 9 9
6 6 9 10
6 6 9 13
6 6 9 14
6 7 9 9
6 7 9 10
6 7 9 13
6 7 9 14
6 9 9 13
6 9 9 14
6 10 9 13
6 10 9 14
6 7 10 9
6 7 10 10
6 7 10 13
6 7 10 14
6 9 10 13
6 9 10 14
6 10 10 13
6 10 10 14
7 9 9 13
7 9 9 14
7 10 9 13
7 10 9 14
7 9 10 13
7 9 10 14
7 10 10 13
7 10 10 14
