17 17
00000000000000000
00000000000000000
00111111111111100
00100010000000100
00100010000000100
00100010000000100
00100010000000100
00100111111100100
00111111111111110
00000110001100110
00000110001100110
00000111111111110
00000111111100010
00000000001000010
00000000001111110
00000000000000000
00000000000000000
30
3 3 9 7
3 3 9 15
3 7 9 15
3 7 12 15
8 6 12 11
8 6 12 12
8 7 12 11
8 7 12 12
8 6 13 11
8 6 13 12
8 7 13 11
8 7 13 12
9 6 12 11
9 6 12 12
9 6 12 15
9 6 12 16
9 7 12 11
9 7 12 12
9 7 12 15
9 7 12 16
9 11 12 15
9 11 12 16
9 12 12 15
9 12 12 16
9 6 13 11
9 6 13 12
9 7 13 11
9 7 13 12
9 11 15 16
12 11 15 16
