19 24
111111111111111100000000
101010000001111110000000
101111111101001111111000
111111011111001111001000
111111111111101111001000
101111111111111111111100
101110010101101111101100
101110011111101111111100
111111111111101111001100
111111111111101111111100
111111111111101111111100
111111111111111111011100
110101000101101111111100
111111111111111111111111
101100111111111110011101
101111111111111111111111
111101011001001110011101
000001111111111111111111
000000000001111111110000
1067
1 3 3 5
1 1 4 3
1 1 4 5
1 3 4 5
1 1 5 3
1 1 5 5
1 1 5 12
1 3 5 5
1 3 5 12
1 5 5 12
1 3 6 5
1 3 6 12
1 3 6 15
1 3 6 16
1 5 6 12
1 5 6 15
1 5 6 16
1 12 6 15
1 12 6 16
1 3 7 5
1 3 8 5
1 1 9 3
1 1 9 5
1 1 9 12
1 3 9 5
1 3 9 12
1 5 9 12
1 1 10 3
1 1 10 5
1 1 10 12
1 3 10 5
1 3 10 12
1 5 10 12
1 1 11 3
1 1 11 5
1 1 11 12
1 3 11 5
1 3 11 12
1 5 11 12
1 1 12 3
1 1 12 5
1 1 12 12
1 1 12 15
1 1 12 16
1 3 12 5
1 3 12 12
1 3 12 15
1 3 12 16
1 5 12 12
1 5 12 15
1 5 12 16
1 12 12 15
1 12 12 16
1 1 14 12
1 1 14 15
1 1 14 16
1 12 14 15
1 12 14 16
1 12 15 15
1 12 15 16
1 12 16 15
1 12 16 16
1 12 18 15
1 12 18 16
1 12 19 15
1 12 19 16
2 12 6 15
2 12 6 16
2 12 6 17
2 12 12 15
2 12 12 16
2 12 12 17
2 12 14 15
2 12 14 16
2 12 14 17
2 12 15 15
2 12 15 16
2 12 15 17
2 12 16 15
2 12 16 16
2 12 16 17
2 12 18 15
2 12 18 16
2 12 18 17
2 12 19 15
2 12 19 16
2 12 19 17
3 3 5 8
3 3 5 9
3 3 5 10
3 4 5 8
3 4 5 9
3 4 5 10
3 5 5 8
3 5 5 9
3 5 5 10
3 6 5 8
3 6 5 9
3 6 5 10
3 3 6 8
3 3 6 9
3 3 6 10
3 4 6 8
3 4 6 9
3 4 6 10
3 5 6 8
3 5 6 9
3 5 6 10
3 6 6 8
3 6 6 9
3 6 6 10
3 15 6 21
3 16 6 21
3 17 6 21
3 18 6 21
3 8 8 10
3 15 8 21
3 16 8 21
3 17 8 21
3 18 8 21
3 3 9 8
3 3 9 10
3 4 9 8
3 4 9 10
3 5 9 8
3 5 9 10
3 8 9 10
3 3 10 8
3 3 10 10
3 4 10 8
3 4 10 10
3 5 10 8
3 5 10 10
3 8 10 10
3 15 10 21
3 16 10 21
3 17 10 21
3 18 10 21
3 3 11 8
3 3 11 10
3 4 11 8
3 4 11 10
3 5 11 8
3 5 11 10
3 8 11 10
3 15 11 21
3 16 11 21
3 17 11 21
3 18 11 21
3 3 12 8
3 3 12 10
3 4 12 8
3 4 12 10
3 5 12 8
3 5 12 10
3 8 12 10
3 15 13 21
3 16 13 21
3 17 13 21
3 18 13 21
3 4 14 10
3 15 14 21
3 16 14 21
3 17 14 21
3 18 14 21
3 4 16 10
3 15 16 21
3 16 16 21
3 17 16 21
3 15 18 21
3 16 18 21
3 17 18 21
4 8 8 10
4 8 8 12
4 10 8 12
4 1 9 3
4 1 9 4
4 1 9 5
4 8 9 10
4 8 9 12
4 10 9 12
4 1 10 3
4 1 10 4
4 1 10 5
4 8 10 10
4 8 10 12
4 10 10 12
4 1 11 3
4 1 11 4
4 1 11 5
4 8 11 10
4 8 11 12
4 10 11 12
4 1 12 3
4 1 12 4
4 1 12 5
4 8 12 10
4 8 12 12
4 10 12 12
4 1 14 4
4 10 14 12
4 10 15 12
4 10 16 12
4 1 17 4
5 8 8 10
5 8 8 12
5 8 8 13
5 10 8 12
5 10 8 13
5 1 9 3
5 1 9 4
5 1 9 5
5 1 9 8
5 1 9 10
5 1 9 12
5 1 9 13
5 3 9 8
5 3 9 10
5 3 9 12
5 3 9 13
5 4 9 8
5 4 9 10
5 4 9 12
5 4 9 13
5 5 9 8
5 5 9 10
5 5 9 12
5 5 9 13
5 8 9 10
5 8 9 12
5 8 9 13
5 10 9 12
5 10 9 13
5 1 10 3
5 1 10 4
5 1 10 5
5 1 10 8
5 1 10 10
5 1 10 12
5 1 10 13
5 3 10 8
5 3 10 10
5 3 10 12
5 3 10 13
5 4 10 8
5 4 10 10
5 4 10 12
5 4 10 13
5 5 10 8
5 5 10 10
5 5 10 12
5 5 10 13
5 8 10 10
5 8 10 12
5 8 10 13
5 10 10 12
5 10 10 13
5 1 11 3
5 1 11 4
5 1 11 5
5 1 11 8
5 1 11 10
5 1 11 12
5 1 11 13
5 3 11 8
5 3 11 10
5 3 11 12
5 3 11 13
5 4 11 8
5 4 11 10
5 4 11 12
5 4 11 13
5 5 11 8
5 5 11 10
5 5 11 12
5 5 11 13
5 8 11 10
5 8 11 12
5 8 11 13
5 10 11 12
5 10 11 13
5 1 12 3
5 1 12 4
5 1 12 5
5 1 12 8
5 1 12 10
5 1 12 12
5 1 12 13
5 3 12 8
5 3 12 10
5 3 12 12
5 3 12 13
5 4 12 8
5 4 12 10
5 4 12 12
5 4 12 13
5 5 12 8
5 5 12 10
5 5 12 12
5 5 12 13
5 8 12 10
5 8 12 12
5 8 12 13
5 10 12 12
5 10 12 13
5 1 14 4
5 1 14 10
5 1 14 12
5 1 14 13
5 4 14 10
5 4 14 12
5 4 14 13
5 10 14 12
5 10 14 13
5 10 15 12
5 10 15 13
5 4 16 10
5 4 16 12
5 4 16 13
5 10 16 12
5 10 16 13
5 1 17 4
6 8 8 10
6 8 8 12
6 8 8 13
6 10 8 12
6 10 8 13
6 15 8 21
6 15 8 22
6 16 8 21
6 16 8 22
6 17 8 21
6 17 8 22
6 18 8 21
6 18 8 22
6 19 8 21
6 19 8 22
6 3 9 8
6 3 9 10
6 3 9 12
6 3 9 13
6 4 9 8
6 4 9 10
6 4 9 12
6 4 9 13
6 5 9 8
6 5 9 10
6 5 9 12
6 5 9 13
6 8 9 10
6 8 9 12
6 8 9 13
6 10 9 12
6 10 9 13
6 3 10 8
6 3 10 10
6 3 10 12
6 3 10 13
6 4 10 8
6 4 10 10
6 4 10 12
6 4 10 13
6 5 10 8
6 5 10 10
6 5 10 12
6 5 10 13
6 8 10 10
6 8 10 12
6 8 10 13
6 10 10 12
6 10 10 13
6 15 10 21
6 15 10 22
6 16 10 21
6 16 10 22
6 17 10 21
6 17 10 22
6 18 10 21
6 18 10 22
6 3 11 8
6 3 11 10
6 3 11 12
6 3 11 13
6 4 11 8
6 4 11 10
6 4 11 12
6 4 11 13
6 5 11 8
6 5 11 10
6 5 11 12
6 5 11 13
6 8 11 10
6 8 11 12
6 8 11 13
6 10 11 12
6 10 11 13
6 15 11 21
6 15 11 22
6 16 11 21
6 16 11 22
6 17 11 21
6 17 11 22
6 18 11 21
6 18 11 22
6 3 12 8
6 3 12 10
6 3 12 12
6 3 12 13
6 3 12 15
6 3 12 16
6 3 12 17
6 3 12 18
6 4 12 8
6 4 12 10
6 4 12 12
6 4 12 13
6 4 12 15
6 4 12 16
6 4 12 17
6 4 12 18
6 5 12 8
6 5 12 10
6 5 12 12
6 5 12 13
6 5 12 15
6 5 12 16
6 5 12 17
6 5 12 18
6 8 12 10
6 8 12 12
6 8 12 13
6 8 12 15
6 8 12 16
6 8 12 17
6 8 12 18
6 10 12 12
6 10 12 13
6 10 12 15
6 10 12 16
6 10 12 17
6 10 12 18
6 12 12 15
6 12 12 16
6 12 12 17
6 12 12 18
6 13 12 15
6 13 12 16
6 13 12 17
6 13 12 18
6 15 13 21
6 15 13 22
6 16 13 21
6 16 13 22
6 17 13 21
6 17 13 22
6 18 13 21
6 18 13 22
6 4 14 10
6 4 14 12
6 4 14 13
6 4 14 15
6 4 14 16
6 4 14 17
6 4 14 18
6 4 14 21
6 4 14 22
6 10 14 12
6 10 14 13
6 10 14 15
6 10 14 16
6 10 14 17
6 10 14 18
6 10 14 21
6 10 14 22
6 12 14 15
6 12 14 16
6 12 14 17
6 12 14 18
6 12 14 21
6 12 14 22
6 13 14 15
6 13 14 16
6 13 14 17
6 13 14 18
6 13 14 21
6 13 14 22
6 15 14 21
6 15 14 22
6 16 14 21
6 16 14 22
6 17 14 21
6 17 14 22
6 18 14 21
6 18 14 22
6 10 15 12
6 10 15 13
6 10 15 15
6 10 15 16
6 10 15 17
6 12 15 15
6 12 15 16
6 12 15 17
6 13 15 15
6 13 15 16
6 13 15 17
6 4 16 10
6 4 16 12
6 4 16 13
6 4 16 15
6 4 16 16
6 4 16 17
6 4 16 21
6 4 16 22
6 10 16 12
6 10 16 13
6 10 16 15
6 10 16 16
6 10 16 17
6 10 16 21
6 10 16 22
6 12 16 15
6 12 16 16
6 12 16 17
6 12 16 21
6 12 16 22
6 13 16 15
6 13 16 16
6 13 16 17
6 13 16 21
6 13 16 22
6 15 16 21
6 15 16 22
6 16 16 21
6 16 16 22
6 17 16 21
6 17 16 22
6 12 18 15
6 12 18 16
6 12 18 17
6 12 18 21
6 12 18 22
6 15 18 21
6 15 18 22
6 16 18 21
6 16 18 22
6 17 18 21
6 17 18 22
6 12 19 15
6 12 19 16
6 12 19 17
8 15 10 21
8 15 10 22
8 16 10 21
8 16 10 22
8 17 10 21
8 17 10 22
8 18 10 21
8 18 10 22
8 15 11 21
8 15 11 22
8 16 11 21
8 16 11 22
8 17 11 21
8 17 11 22
8 18 11 21
8 18 11 22
8 15 13 21
8 15 13 22
8 16 13 21
8 16 13 22
8 17 13 21
8 17 13 22
8 18 13 21
8 18 13 22
8 10 14 12
8 10 14 13
8 15 14 21
8 15 14 22
8 16 14 21
8 16 14 22
8 17 14 21
8 17 14 22
8 18 14 21
8 18 14 22
8 10 15 12
8 10 15 13
8 10 16 12
8 10 16 13
8 15 16 21
8 15 16 22
8 16 16 21
8 16 16 22
8 17 16 21
8 17 16 22
8 15 18 21
8 15 18 22
8 16 18 21
8 16 18 22
8 17 18 21
8 17 18 22
9 1 14 4
9 1 14 6
9 1 14 10
9 1 14 12
9 1 14 13
9 2 14 4
9 2 14 6
9 2 14 10
9 2 14 12
9 2 14 13
9 4 14 6
9 4 14 10
9 4 14 12
9 4 14 13
9 6 14 10
9 6 14 12
9 6 14 13
9 10 14 12
9 10 14 13
9 10 15 12
9 10 15 13
9 4 16 10
9 4 16 12
9 4 16 13
9 10 16 12
9 10 16 13
9 1 17 4
10 15 13 20
10 15 13 21
10 15 13 22
10 16 13 20
10 16 13 21
10 16 13 22
10 17 13 20
10 17 13 21
10 17 13 22
10 18 13 20
10 18 13 21
10 18 13 22
10 1 14 4
10 1 14 6
10 1 14 10
10 1 14 12
10 1 14 13
10 2 14 4
10 2 14 6
10 2 14 10
10 2 14 12
10 2 14 13
10 4 14 6
10 4 14 10
10 4 14 12
10 4 14 13
10 6 14 10
10 6 14 12
10 6 14 13
10 10 14 12
10 10 14 13
10 15 14 20
10 15 14 21
10 15 14 22
10 16 14 20
10 16 14 21
10 16 14 22
10 17 14 20
10 17 14 21
10 17 14 22
10 18 14 20
10 18 14 21
10 18 14 22
10 10 15 12
10 10 15 13
10 4 16 10
10 4 16 12
10 4 16 13
10 10 16 12
10 10 16 13
10 15 16 20
10 15 16 21
10 15 16 22
10 16 16 20
10 16 16 21
10 16 16 22
10 17 16 20
10 17 16 21
10 17 16 22
10 1 17 4
10 15 18 20
10 15 18 21
10 15 18 22
10 16 18 20
10 16 18 21
10 16 18 22
10 17 18 20
10 17 18 21
10 17 18 22
10 15 19 20
10 16 19 20
10 17 19 20
11 15 13 20
11 15 13 21
11 15 13 22
11 16 13 20
11 16 13 21
11 16 13 22
11 17 13 20
11 17 13 21
11 17 13 22
11 18 13 20
11 18 13 21
11 18 13 22
11 1 14 4
11 1 14 6
11 1 14 10
11 1 14 12
11 1 14 13
11 2 14 4
11 2 14 6
11 2 14 10
11 2 14 12
11 2 14 13
11 4 14 6
11 4 14 10
11 4 14 12
11 4 14 13
11 6 14 10
11 6 14 12
11 6 14 13
11 10 14 12
11 10 14 13
11 15 14 20
11 15 14 21
11 15 14 22
11 16 14 20
11 16 14 21
11 16 14 22
11 17 14 20
11 17 14 21
11 17 14 22
11 18 14 20
11 18 14 21
11 18 14 22
11 10 15 12
11 10 15 13
11 4 16 10
11 4 16 12
11 4 16 13
11 10 16 12
11 10 16 13
11 15 16 20
11 15 16 21
11 15 16 22
11 16 16 20
11 16 16 21
11 16 16 22
11 17 16 20
11 17 16 21
11 17 16 22
11 1 17 4
11 15 18 20
11 15 18 21
11 15 18 22
11 16 18 20
11 16 18 21
11 16 18 22
11 17 18 20
11 17 18 21
11 17 18 22
11 15 19 20
11 16 19 20
11 17 19 20
12 1 14 4
12 1 14 6
12 1 14 10
12 1 14 12
12 1 14 13
12 1 14 15
12 1 14 16
12 1 14 17
12 1 14 18
12 2 14 4
12 2 14 6
12 2 14 10
12 2 14 12
12 2 14 13
12 2 14 15
12 2 14 16
12 2 14 17
12 2 14 18
12 4 14 6
12 4 14 10
12 4 14 12
12 4 14 13
12 4 14 15
12 4 14 16
12 4 14 17
12 4 14 18
12 6 14 10
12 6 14 12
12 6 14 13
12 6 14 15
12 6 14 16
12 6 14 17
12 6 14 18
12 10 14 12
12 10 14 13
12 10 14 15
12 10 14 16
12 10 14 17
12 10 14 18
12 12 14 15
12 12 14 16
12 12 14 17
12 12 14 18
12 13 14 15
12 13 14 16
12 13 14 17
12 13 14 18
12 10 15 12
12 10 15 13
12 10 15 15
12 10 15 16
12 10 15 17
12 12 15 15
12 12 15 16
12 12 15 17
12 13 15 15
12 13 15 16
12 13 15 17
12 4 16 10
12 4 16 12
12 4 16 13
12 4 16 15
12 4 16 16
12 4 16 17
12 10 16 12
12 10 16 13
12 10 16 15
12 10 16 16
12 10 16 17
12 12 16 15
12 12 16 16
12 12 16 17
12 13 16 15
12 13 16 16
12 13 16 17
12 1 17 4
12 12 18 15
12 12 18 16
12 12 18 17
12 12 19 15
12 12 19 16
12 12 19 17
13 15 16 20
13 15 16 21
13 15 16 22
13 16 16 20
13 16 16 21
13 16 16 22
13 17 16 20
13 17 16 21
13 17 16 22
13 15 18 20
13 15 18 21
13 15 18 22
13 16 18 20
13 16 18 21
13 16 18 22
13 17 18 20
13 17 18 21
13 17 18 22
13 15 19 20
13 16 19 20
13 17 19 20
14 3 16 7
14 3 16 8
14 3 16 9
14 3 16 10
14 3 16 11
14 3 16 12
14 3 16 13
14 3 16 14
14 3 16 15
14 3 16 16
14 3 16 17
14 3 16 20
14 3 16 21
14 3 16 22
14 3 16 24
14 4 16 7
14 4 16 8
14 4 16 9
14 4 16 10
14 4 16 11
14 4 16 12
14 4 16 13
14 4 16 14
14 4 16 15
14 4 16 16
14 4 16 17
14 4 16 20
14 4 16 21
14 4 16 22
14 4 16 24
14 7 16 20
14 7 16 21
14 7 16 22
14 7 16 24
14 8 16 20
14 8 16 21
14 8 16 22
14 8 16 24
14 9 16 20
14 9 16 21
14 9 16 22
14 9 16 24
14 10 16 20
14 10 16 21
14 10 16 22
14 10 16 24
14 11 16 20
14 11 16 21
14 11 16 22
14 11 16 24
14 12 16 20
14 12 16 21
14 12 16 22
14 12 16 24
14 13 16 20
14 13 16 21
14 13 16 22
14 13 16 24
14 14 16 20
14 14 16 21
14 14 16 22
14 14 16 24
14 15 16 20
14 15 16 21
14 15 16 22
14 15 16 24
14 16 16 20
14 16 16 21
14 16 16 22
14 16 16 24
14 17 16 20
14 17 16 21
14 17 16 22
14 17 16 24
14 20 16 24
14 21 16 24
14 22 16 24
14 1 17 3
14 1 17 4
14 8 18 12
14 8 18 15
14 8 18 16
14 8 18 17
14 8 18 20
14 8 18 21
14 8 18 22
14 8 18 24
14 9 18 12
14 9 18 15
14 9 18 16
14 9 18 17
14 9 18 20
14 9 18 21
14 9 18 22
14 9 18 24
14 12 18 15
14 12 18 16
14 12 18 17
14 12 18 20
14 12 18 21
14 12 18 22
14 12 18 24
14 15 18 20
14 15 18 21
14 15 18 22
14 15 18 24
14 16 18 20
14 16 18 21
14 16 18 22
14 16 18 24
14 17 18 20
14 17 18 21
14 17 18 22
14 17 18 24
14 20 18 24
14 21 18 24
14 22 18 24
14 12 19 15
14 12 19 16
14 12 19 17
14 12 19 20
14 15 19 20
14 16 19 20
14 17 19 20
15 8 18 12
15 8 18 15
15 8 18 16
15 8 18 17
15 9 18 12
15 9 18 15
15 9 18 16
15 9 18 17
15 12 18 15
15 12 18 16
15 12 18 17
15 12 19 15
15 12 19 16
15 12 19 17
16 6 18 8
16 6 18 9
16 6 18 12
16 6 18 15
16 6 18 16
16 6 18 17
16 6 18 20
16 6 18 21
16 6 18 22
16 6 18 24
16 8 18 12
16 8 18 15
16 8 18 16
16 8 18 17
16 8 18 20
16 8 18 21
16 8 18 22
16 8 18 24
16 9 18 12
16 9 18 15
16 9 18 16
16 9 18 17
16 9 18 20
16 9 18 21
16 9 18 22
16 9 18 24
16 12 18 15
16 12 18 16
16 12 18 17
16 12 18 20
16 12 18 21
16 12 18 22
16 12 18 24
16 15 18 20
16 15 18 21
16 15 18 22
16 15 18 24
16 16 18 20
16 16 18 21
16 16 18 22
16 16 18 24
16 17 18 20
16 17 18 21
16 17 18 22
16 17 18 24
16 20 18 24
16 21 18 24
16 22 18 24
16 12 19 15
16 12 19 16
16 12 19 17
16 12 19 20
16 15 19 20
16 16 19 20
16 17 19 20
