15 11
01111111000
11111111111
11101111001
11111111111
11111111111
11111111111
11111111111
11111111111
11111111111
11111111111
11111111111
11111111111
11011111100
11111111100
11111111100
483
1 2 4 5
1 2 4 6
1 2 4 7
1 2 4 8
1 3 4 5
1 3 4 6
1 3 4 7
1 3 4 8
1 2 5 5
1 2 5 6
1 2 5 7
1 2 5 8
1 3 5 5
1 3 5 6
1 3 5 7
1 3 5 8
1 2 6 5
1 2 6 6
1 2 6 7
1 2 6 8
1 3 6 5
1 3 6 6
1 3 6 7
1 3 6 8
1 2 7 5
1 2 7 6
1 2 7 7
1 2 7 8
1 3 7 5
1 3 7 6
1 3 7 7
1 3 7 8
1 2 8 5
1 2 8 6
1 2 8 7
1 2 8 8
1 3 8 5
1 3 8 6
1 3 8 7
1 3 8 8
1 2 9 5
1 2 9 6
1 2 9 7
1 2 9 8
1 3 9 5
1 3 9 6
1 3 9 7
1 3 9 8
1 2 10 5
1 2 10 6
1 2 10 7
1 2 10 8
1 3 10 5
1 3 10 6
1 3 10 7
1 3 10 8
1 2 11 5
1 2 11 6
1 2 11 7
1 2 11 8
1 3 11 5
1 3 11 6
1 3 11 7
1 3 11 8
1 2 12 5
1 2 12 6
1 2 12 7
1 2 12 8
1 3 12 5
1 3 12 6
1 3 12 7
1 3 12 8
1 2 14 5
1 2 14 6
1 2 14 7
1 2 14 8
1 2 15 5
1 2 15 6
1 2 15 7
1 2 15 8
2 1 4 5
2 1 4 6
2 1 4 7
2 1 4 8
2 1 4 11
2 2 4 5
2 2 4 6
2 2 4 7
2 2 4 8
2 2 4 11
2 3 4 5
2 3 4 6
2 3 4 7
2 3 4 8
2 3 4 11
2 5 4 11
2 6 4 11
2 7 4 11
2 8 4 11
2 1 5 5
2 1 5 6
2 1 5 7
2 1 5 8
2 1 5 11
2 2 5 5
2 2 5 6
2 2 5 7
2 2 5 8
2 2 5 11
2 3 5 5
2 3 5 6
2 3 5 7
2 3 5 8
2 3 5 11
2 5 5 11
2 6 5 11
2 7 5 11
2 8 5 11
2 1 6 5
2 1 6 6
2 1 6 7
2 1 6 8
2 1 6 11
2 2 6 5
2 2 6 6
2 2 6 7
2 2 6 8
2 2 6 11
2 3 6 5
2 3 6 6
2 3 6 7
2 3 6 8
2 3 6 11
2 5 6 11
2 6 6 11
2 7 6 11
2 8 6 11
2 1 7 5
2 1 7 6
2 1 7 7
2 1 7 8
2 1 7 11
2 2 7 5
2 2 7 6
2 2 7 7
2 2 7 8
2 2 7 11
2 3 7 5
2 3 7 6
2 3 7 7
2 3 7 8
2 3 7 11
2 5 7 11
2 6 7 11
2 7 7 11
2 8 7 11
2 1 8 5
2 1 8 6
2 1 8 7
2 1 8 8
2 1 8 11
2 2 8 5
2 2 8 6
2 2 8 7
2 2 8 8
2 2 8 11
2 3 8 5
2 3 8 6
2 3 8 7
2 3 8 8
2 3 8 11
2 5 8 11
2 6 8 11
2 7 8 11
2 8 8 11
2 1 9 5
2 1 9 6
2 1 9 7
2 1 9 8
2 1 9 11
2 2 9 5
2 2 9 6
2 2 9 7
2 2 9 8
2 2 9 11
2 3 9 5
2 3 9 6
2 3 9 7
2 3 9 8
2 3 9 11
2 5 9 11
2 6 9 11
2 7 9 11
2 8 9 11
2 1 10 5
2 1 10 6
2 1 10 7
2 1 10 8
2 1 10 11
2 2 10 5
2 2 10 6
2 2 10 7
2 2 10 8
2 2 10 11
2 3 10 5
2 3 10 6
2 3 10 7
2 3 10 8
2 3 10 11
2 5 10 11
2 6 10 11
2 7 10 11
2 8 10 11
2 1 11 5
2 1 11 6
2 1 11 7
2 1 11 8
2 1 11 11
2 2 11 5
2 2 11 6
2 2 11 7
2 2 11 8
2 2 11 11
2 3 11 5
2 3 11 6
2 3 11 7
2 3 11 8
2 3 11 11
2 5 11 11
2 6 11 11
2 7 11 11
2 8 11 11
2 1 12 5
2 1 12 6
2 1 12 7
2 1 12 8
2 1 12 11
2 2 12 5
2 2 12 6
2 2 12 7
2 2 12 8
2 2 12 11
2 3 12 5
2 3 12 6
2 3 12 7
2 3 12 8
2 3 12 11
2 5 12 11
2 6 12 11
2 7 12 11
2 8 12 11
2 1 14 5
2 1 14 6
2 1 14 7
2 1 14 8
2 2 14 5
2 2 14 6
2 2 14 7
2 2 14 8
2 1 15 5
2 1 15 6
2 1 15 7
2 1 15 8
2 2 15 5
2 2 15 6
2 2 15 7
2 2 15 8
4 1 14 4
4 1 14 5
4 1 14 6
4 1 14 7
4 1 14 8
4 1 14 9
4 2 14 4
4 2 14 5
4 2 14 6
4 2 14 7
4 2 14 8
4 2 14 9
4 1 15 4
4 1 15 5
4 1 15 6
4 1 15 7
4 1 15 8
4 1 15 9
4 2 15 4
4 2 15 5
4 2 15 6
4 2 15 7
4 2 15 8
4 2 15 9
5 1 14 4
5 1 14 5
5 1 14 6
5 1 14 7
5 1 14 8
5 1 14 9
5 2 14 4
5 2 14 5
5 2 14 6
5 2 14 7
5 2 14 8
5 2 14 9
5 1 15 4
5 1 15 5
5 1 15 6
5 1 15 7
5 1 15 8
5 1 15 9
5 2 15 4
5 2 15 5
5 2 15 6
5 2 15 7
5 2 15 8
5 2 15 9
6 1 14 4
6 1 14 5
6 1 14 6
6 1 14 7
6 1 14 8
6 1 14 9
6 2 14 4
6 2 14 5
6 2 14 6
6 2 14 7
6 2 14 8
6 2 14 9
6 1 15 4
6 1 15 5
6 1 15 6
6 1 15 7
6 1 15 8
6 1 15 9
6 2 15 4
6 2 15 5
6 2 15 6
6 2 15 7
6 2 15 8
6 2 15 9
7 1 14 4
7 1 14 5
7 1 14 6
7 1 14 7
7 1 14 8
7 1 14 9
7 2 14 4
7 2 14 5
7 2 14 6
7 2 14 7
7 2 14 8
7 2 14 9
7 1 15 4
7 1 15 5
7 1 15 6
7 1 15 7
7 1 15 8
7 1 15 9
7 2 15 4
7 2 15 5
7 2 15 6
7 2 15 7
7 2 15 8
7 2 15 9
8 1 14 4
8 1 14 5
8 1 14 6
8 1 14 7
8 1 14 8
8 1 14 9
8 2 14 4
8 2 14 5
8 2 14 6
8 2 14 7
8 2 14 8
8 2 14 9
8 1 15 4
8 1 15 5
8 1 15 6
8 1 15 7
8 1 15 8
8 1 15 9
8 2 15 4
8 2 15 5
8 2 15 6
8 2 15 7
8 2 15 8
8 2 15 9
9 1 14 4
9 1 14 5
9 1 14 6
9 1 14 7
9 1 14 8
9 1 14 9
9 2 14 4
9 2 14 5
9 2 14 6
9 2 14 7
9 2 14 8
9 2 14 9
9 1 15 4
9 1 15 5
9 1 15 6
9 1 15 7
9 1 15 8
9 1 15 9
9 2 15 4
9 2 15 5
9 2 15 6
9 2 15 7
9 2 15 8
9 2 15 9
10 1 14 4
10 1 14 5
10 1 14 6
10 1 14 7
10 1 14 8
10 1 14 9
10 2 14 4
10 2 14 5
10 2 14 6
10 2 14 7
10 2 14 8
10 2 14 9
10 1 15 4
10 1 15 5
10 1 15 6
10 1 15 7
10 1 15 8
10 1 15 9
10 2 15 4
10 2 15 5
10 2 15 6
10 2 15 7
10 2 15 8
10 2 15 9
11 1 14 4
11 1 14 5
11 1 14 6
11 1 14 7
11 1 14 8
11 1 14 9
11 2 14 4
11 2 14 5
11 2 14 6
11 2 14 7
11 2 14 8
11 2 14 9
11 1 15 4
11 1 15 5
11 1 15 6
11 1 15 7
11 1 15 8
11 1 15 9
11 2 15 4
11 2 15 5
11 2 15 6
11 2 15 7
11 2 15 8
11 2 15 9
12 1 14 4
12 1 14 5
12 1 14 6
12 1 14 7
12 1 14 8
12 1 14 9
12 2 14 4
12 2 14 5
12 2 14 6
12 2 14 7
12 2 14 8
12 2 14 9
12 1 15 4
12 1 15 5
12 1 15 6
12 1 15 7
12 1 15 8
12 1 15 9
12 2 15 4
12 2 15 5
12 2 15 6
12 2 15 7
12 2 15 8
12 2 15 9
