18 14
00000000000000
00011110000000
00010111111100
00010110110100
00011111111100
00010110111100
11111110111100
10011110111100
10011110001100
10011110001100
11111111101100
11111110101100
10010110101100
11111111111100
10000100101100
10000111111100
10000000100000
11111111100000
96
2 4 5 6
2 4 5 7
2 4 7 6
2 4 7 7
2 4 8 6
2 4 8 7
2 4 9 6
2 4 9 7
2 4 10 6
2 4 10 7
2 4 11 6
2 4 11 7
2 4 12 6
2 4 12 7
2 4 14 6
2 4 14 7
3 6 5 9
3 6 5 10
3 6 5 12
3 7 5 9
3 7 5 10
3 7 5 12
3 9 5 12
3 10 5 12
3 9 6 12
3 10 6 12
3 9 7 12
3 10 7 12
3 9 8 12
3 10 8 12
3 6 14 12
3 7 14 12
3 6 16 12
5 4 7 6
5 4 7 7
5 4 8 6
5 4 8 7
5 4 9 6
5 4 9 7
5 4 10 6
5 4 10 7
5 4 11 6
5 4 11 7
5 4 12 6
5 4 12 7
5 4 14 6
5 4 14 7
5 4 14 11
5 4 14 12
5 6 14 11
5 6 14 12
5 7 14 11
5 7 14 12
5 6 16 11
5 6 16 12
7 1 11 4
7 1 11 5
7 1 11 6
7 1 11 7
7 1 12 4
7 1 12 5
7 1 12 6
7 1 12 7
7 1 14 4
7 1 14 6
7 1 14 7
7 4 14 6
7 4 14 7
8 4 14 6
8 4 14 7
9 4 14 6
9 4 14 7
10 4 14 6
10 4 14 7
11 1 14 4
11 1 14 6
11 1 14 7
11 1 14 9
11 4 14 6
11 4 14 7
11 4 14 9
11 6 14 9
11 7 14 9
11 6 16 9
11 1 18 9
12 1 14 4
12 1 14 6
12 1 14 7
12 4 14 6
12 4 14 7
14 6 16 9
14 6 16 11
14 6 16 12
14 9 16 11
14 9 16 12
14 1 18 9
