21 15
000000000000000
000000000000000
000000000000000
000111111111110
011111111111110
010100000001110
010100000001110
011111111111110
010100000001110
011111111111110
010100000001110
011111111111110
000100000001110
000100000001110
000100000001110
000100000001110
000100000001110
000100000001110
000100000001110
000100000001110
000111111111110
66
4 4 8 12
4 4 8 13
4 4 8 14
4 4 10 12
4 4 10 13
4 4 10 14
4 4 12 12
4 4 12 13
4 4 12 14
4 4 21 12
4 4 21 13
4 4 21 14
5 2 8 4
5 2 8 12
5 2 8 13
5 2 8 14
5 4 8 12
5 4 8 13
5 4 8 14
5 2 10 4
5 2 10 12
5 2 10 13
5 2 10 14
5 4 10 12
5 4 10 13
5 4 10 14
5 2 12 4
5 2 12 12
5 2 12 13
5 2 12 14
5 4 12 12
5 4 12 13
5 4 12 14
5 4 21 12
5 4 21 13
5 4 21 14
8 2 10 4
8 2 10 12
8 2 10 13
8 2 10 14
8 4 10 12
8 4 10 13
8 4 10 14
8 2 12 4
8 2 12 12
8 2 12 13
8 2 12 14
8 4 12 12
8 4 12 13
8 4 12 14
8 4 21 12
8 4 21 13
8 4 21 14
10 2 12 4
10 2 12 12
10 2 12 13
10 2 12 14
10 4 12 12
10 4 12 13
10 4 12 14
10 4 21 12
10 4 21 13
10 4 21 14
12 4 21 12
12 4 21 13
12 4 21 14
