24 14
00000000000000
00000001111110
00000011111111
00000011000011
00000011000011
00000011000011
11111111000011
11010011000011
11010011000011
11010011000011
11010011000011
11111111000011
01010011000011
01010011000011
01010011111111
01010010111101
01010010100101
01010010100101
01010010100101
01010010100101
01010011111111
01010000100100
01010000100100
01110000111100
26
2 8 15 13
3 7 15 13
3 7 15 14
3 8 15 13
3 8 15 14
3 7 21 14
7 1 12 4
7 1 12 7
7 1 12 8
7 2 12 4
7 2 12 7
7 2 12 8
7 4 12 7
7 4 12 8
7 2 24 4
12 2 24 4
15 7 21 9
15 7 21 12
15 7 21 14
15 9 21 12
15 9 21 14
15 12 21 14
15 9 24 12
16 9 21 12
16 9 24 12
21 9 24 12
