15 20
00000000000000000000
11111111111110000000
10000000000010000000
10000000000010000000
11111111111110000000
11111111111111100000
10010001001111111000
10010001001010101000
10010001111111101000
10010001001011101000
10010001001111111000
10010001111111100000
10010001000011100000
11111111111111100000
00011111111111000000
84
2 1 5 13
2 1 6 13
2 1 14 13
5 8 9 11
5 8 9 13
5 11 9 13
5 11 11 13
5 8 12 11
5 8 12 13
5 11 12 13
5 1 14 4
5 1 14 8
5 1 14 13
5 4 14 8
5 4 14 13
5 8 14 13
5 4 15 8
5 4 15 13
5 8 15 13
6 8 9 11
6 8 9 13
6 8 9 15
6 11 9 13
6 11 9 15
6 13 9 15
6 13 10 15
6 11 11 13
6 11 11 15
6 13 11 15
6 8 12 11
6 8 12 13
6 8 12 15
6 11 12 13
6 11 12 15
6 13 12 15
6 13 13 15
6 1 14 4
6 1 14 8
6 1 14 13
6 1 14 15
6 4 14 8
6 4 14 13
6 4 14 15
6 8 14 13
6 8 14 15
6 13 14 15
6 4 15 8
6 4 15 13
6 8 15 13
7 11 9 13
7 11 9 15
7 13 9 15
7 13 10 15
7 11 11 13
7 11 11 15
7 11 11 17
7 13 11 15
7 13 11 17
7 15 11 17
7 11 12 13
7 11 12 15
7 13 12 15
7 13 13 15
7 13 14 15
9 11 11 13
9 11 11 14
9 11 11 15
9 8 12 11
9 8 12 13
9 8 12 14
9 8 12 15
9 11 12 13
9 11 12 14
9 11 12 15
9 8 14 13
9 8 14 14
9 8 14 15
9 8 15 13
9 8 15 14
12 8 14 13
12 8 14 14
12 8 14 15
12 8 15 13
12 8 15 14
