11 12
000000000000
011111111110
010111111110
010110010010
011111111110
111111111110
110111111110
111111111110
010100111110
011111111010
011111111110
161
2 2 5 4
2 2 5 5
2 2 5 8
2 2 5 11
2 4 5 8
2 4 5 11
2 5 5 8
2 5 5 11
2 8 5 11
2 2 6 4
2 2 6 5
2 2 6 8
2 2 6 11
2 4 6 8
2 4 6 11
2 5 6 8
2 5 6 11
2 8 6 11
2 4 7 8
2 4 7 11
2 5 7 8
2 5 7 11
2 8 7 11
2 2 8 4
2 2 8 5
2 2 8 8
2 2 8 11
2 4 8 8
2 4 8 11
2 5 8 8
2 5 8 11
2 8 8 11
2 8 9 11
2 2 10 4
2 2 10 8
2 4 10 8
2 2 11 4
2 2 11 8
2 2 11 11
2 4 11 8
2 4 11 11
2 8 11 11
3 4 5 8
3 4 5 11
3 5 5 8
3 5 5 11
3 8 5 11
3 4 6 8
3 4 6 11
3 5 6 8
3 5 6 11
3 8 6 11
3 4 7 8
3 4 7 11
3 5 7 8
3 5 7 11
3 8 7 11
3 4 8 8
3 4 8 11
3 5 8 8
3 5 8 11
3 8 8 11
3 8 9 11
3 4 10 8
3 4 11 8
3 4 11 11
3 8 11 11
5 2 8 4
5 2 8 5
5 2 8 6
5 2 8 7
5 2 8 8
5 2 8 9
5 2 8 10
5 2 8 11
5 2 10 4
5 2 10 7
5 2 10 8
5 2 10 9
5 4 10 7
5 4 10 8
5 4 10 9
5 2 11 4
5 2 11 7
5 2 11 8
5 2 11 9
5 2 11 11
5 4 11 7
5 4 11 8
5 4 11 9
5 4 11 11
5 7 11 11
5 8 11 11
5 9 11 11
6 1 8 4
6 1 8 5
6 1 8 6
6 1 8 7
6 1 8 8
6 1 8 9
6 1 8 10
6 1 8 11
6 2 8 4
6 2 8 5
6 2 8 6
6 2 8 7
6 2 8 8
6 2 8 9
6 2 8 10
6 2 8 11
6 2 10 4
6 2 10 7
6 2 10 8
6 2 10 9
6 4 10 7
6 4 10 8
6 4 10 9
6 2 11 4
6 2 11 7
6 2 11 8
6 2 11 9
6 2 11 11
6 4 11 7
6 4 11 8
6 4 11 9
6 4 11 11
6 7 11 11
6 8 11 11
6 9 11 11
7 4 10 7
7 4 10 8
7 4 10 9
7 4 11 7
7 4 11 8
7 4 11 9
7 4 11 11
7 7 11 11
7 8 11 11
7 9 11 11
8 2 10 4
8 2 10 7
8 2 10 8
8 2 10 9
8 4 10 7
8 4 10 8
8 4 10 9
8 2 11 4
8 2 11 7
8 2 11 8
8 2 11 9
8 2 11 11
8 4 11 7
8 4 11 8
8 4 11 9
8 4 11 11
8 7 11 11
8 8 11 11
8 9 11 11
9 7 11 11
9 8 11 11
9 9 11 11
