16 25
1111000001110001111111000
1111111001010001000001000
1001111111110001011111000
1011111111111111110011000
1111101111111111110011000
1111101101110001110011000
1111101101110001111111000
1111111111111101110001000
1011111111111111111111100
1011111111111111110001100
1001111111110101111111100
1001011111111111111110100
1111111000111111111110100
1001001111111111111111100
1111000000000000000000000
0000000000000000000000000
564
1 10 3 12
1 10 4 12
1 1 5 4
1 10 5 12
1 1 6 4
1 10 6 12
1 1 7 4
1 10 7 12
1 16 7 22
1 1 8 4
1 10 8 12
1 10 9 12
1 16 9 22
1 10 10 12
1 10 11 12
1 16 11 22
1 10 12 12
1 1 13 4
1 1 15 4
2 1 5 4
2 1 5 5
2 1 6 4
2 1 6 5
2 1 7 4
2 1 7 5
2 1 8 4
2 1 8 5
2 1 8 7
2 4 8 7
2 5 8 7
2 4 9 7
2 5 9 7
2 4 10 7
2 5 10 7
2 4 11 7
2 5 11 7
2 1 13 4
2 1 13 7
2 4 13 7
2 1 15 4
3 18 7 21
3 18 7 22
3 4 8 7
3 4 8 8
3 4 8 10
3 4 8 11
3 4 8 12
3 5 8 7
3 5 8 8
3 5 8 10
3 5 8 11
3 5 8 12
3 7 8 10
3 7 8 11
3 7 8 12
3 8 8 10
3 8 8 11
3 8 8 12
3 4 9 7
3 4 9 8
3 4 9 10
3 4 9 11
3 4 9 12
3 5 9 7
3 5 9 8
3 5 9 10
3 5 9 11
3 5 9 12
3 7 9 10
3 7 9 11
3 7 9 12
3 8 9 10
3 8 9 11
3 8 9 12
3 18 9 22
3 4 10 7
3 4 10 8
3 4 10 10
3 4 10 11
3 4 10 12
3 5 10 7
3 5 10 8
3 5 10 10
3 5 10 11
3 5 10 12
3 7 10 10
3 7 10 11
3 7 10 12
3 8 10 10
3 8 10 11
3 8 10 12
3 4 11 7
3 4 11 8
3 4 11 10
3 4 11 11
3 4 11 12
3 5 11 7
3 5 11 8
3 5 11 10
3 5 11 11
3 5 11 12
3 7 11 10
3 7 11 11
3 7 11 12
3 8 11 10
3 8 11 11
3 8 11 12
3 18 11 22
3 7 12 10
3 7 12 11
3 7 12 12
3 8 12 10
3 8 12 11
3 8 12 12
3 4 13 7
3 7 14 11
3 7 14 12
4 3 8 7
4 3 8 8
4 3 8 10
4 3 8 11
4 3 8 12
4 4 8 7
4 4 8 8
4 4 8 10
4 4 8 11
4 4 8 12
4 5 8 7
4 5 8 8
4 5 8 10
4 5 8 11
4 5 8 12
4 7 8 10
4 7 8 11
4 7 8 12
4 8 8 10
4 8 8 11
4 8 8 12
4 3 9 7
4 3 9 8
4 3 9 10
4 3 9 11
4 3 9 12
4 3 9 16
4 3 9 17
4 3 9 18
4 4 9 7
4 4 9 8
4 4 9 10
4 4 9 11
4 4 9 12
4 4 9 16
4 4 9 17
4 4 9 18
4 5 9 7
4 5 9 8
4 5 9 10
4 5 9 11
4 5 9 12
4 5 9 16
4 5 9 17
4 5 9 18
4 7 9 10
4 7 9 11
4 7 9 12
4 7 9 16
4 7 9 17
4 7 9 18
4 8 9 10
4 8 9 11
4 8 9 12
4 8 9 16
4 8 9 17
4 8 9 18
4 10 9 16
4 10 9 17
4 10 9 18
4 11 9 16
4 11 9 17
4 11 9 18
4 12 9 16
4 12 9 17
4 12 9 18
4 3 10 7
4 3 10 8
4 3 10 10
4 3 10 11
4 3 10 12
4 3 10 16
4 3 10 17
4 3 10 18
4 4 10 7
4 4 10 8
4 4 10 10
4 4 10 11
4 4 10 12
4 4 10 16
4 4 10 17
4 4 10 18
4 5 10 7
4 5 10 8
4 5 10 10
4 5 10 11
4 5 10 12
4 5 10 16
4 5 10 17
4 5 10 18
4 7 10 10
4 7 10 11
4 7 10 12
4 7 10 16
4 7 10 17
4 7 10 18
4 8 10 10
4 8 10 11
4 8 10 12
4 8 10 16
4 8 10 17
4 8 10 18
4 10 10 16
4 10 10 17
4 10 10 18
4 11 10 16
4 11 10 17
4 11 10 18
4 12 10 16
4 12 10 17
4 12 10 18
4 4 11 7
4 4 11 8
4 4 11 10
4 4 11 11
4 4 11 12
4 5 11 7
4 5 11 8
4 5 11 10
4 5 11 11
4 5 11 12
4 7 11 10
4 7 11 11
4 7 11 12
4 8 11 10
4 8 11 11
4 8 11 12
4 7 12 10
4 7 12 11
4 7 12 12
4 7 12 16
4 7 12 17
4 7 12 18
4 8 12 10
4 8 12 11
4 8 12 12
4 8 12 16
4 8 12 17
4 8 12 18
4 10 12 16
4 10 12 17
4 10 12 18
4 11 12 16
4 11 12 17
4 11 12 18
4 12 12 16
4 12 12 17
4 12 12 18
4 4 13 7
4 11 13 16
4 11 13 17
4 11 13 18
4 12 13 16
4 12 13 17
4 12 13 18
4 7 14 11
4 7 14 12
4 7 14 16
4 7 14 17
4 7 14 18
4 11 14 16
4 11 14 17
4 11 14 18
4 12 14 16
4 12 14 17
4 12 14 18
5 7 8 10
5 7 8 11
5 7 8 12
5 8 8 10
5 8 8 11
5 8 8 12
5 7 9 10
5 7 9 11
5 7 9 12
5 7 9 16
5 7 9 17
5 7 9 18
5 8 9 10
5 8 9 11
5 8 9 12
5 8 9 16
5 8 9 17
5 8 9 18
5 10 9 16
5 10 9 17
5 10 9 18
5 11 9 16
5 11 9 17
5 11 9 18
5 12 9 16
5 12 9 17
5 12 9 18
5 7 10 10
5 7 10 11
5 7 10 12
5 7 10 16
5 7 10 17
5 7 10 18
5 8 10 10
5 8 10 11
5 8 10 12
5 8 10 16
5 8 10 17
5 8 10 18
5 10 10 16
5 10 10 17
5 10 10 18
5 11 10 16
5 11 10 17
5 11 10 18
5 12 10 16
5 12 10 17
5 12 10 18
5 7 11 10
5 7 11 11
5 7 11 12
5 8 11 10
5 8 11 11
5 8 11 12
5 7 12 10
5 7 12 11
5 7 12 12
5 7 12 16
5 7 12 17
5 7 12 18
5 8 12 10
5 8 12 11
5 8 12 12
5 8 12 16
5 8 12 17
5 8 12 18
5 10 12 16
5 10 12 17
5 10 12 18
5 11 12 16
5 11 12 17
5 11 12 18
5 12 12 16
5 12 12 17
5 12 12 18
5 1 13 4
5 11 13 16
5 11 13 17
5 11 13 18
5 12 13 16
5 12 13 17
5 12 13 18
5 7 14 11
5 7 14 12
5 7 14 16
5 7 14 17
5 7 14 18
5 11 14 16
5 11 14 17
5 11 14 18
5 12 14 16
5 12 14 17
5 12 14 18
5 1 15 4
6 1 13 4
6 1 15 4
7 16 9 22
7 17 9 22
7 18 9 22
7 16 11 22
7 17 11 22
7 18 11 22
7 1 13 4
7 1 15 4
8 6 12 14
8 7 12 14
8 8 12 14
8 9 12 14
8 10 12 14
8 11 12 14
8 12 12 14
8 1 13 4
8 1 13 6
8 1 13 7
8 4 13 6
8 4 13 7
8 11 13 14
8 12 13 14
8 7 14 11
8 7 14 12
8 7 14 14
8 11 14 14
8 12 14 14
8 1 15 4
9 16 11 22
9 16 11 23
9 17 11 22
9 17 11 23
9 18 11 22
9 18 11 23
9 6 12 14
9 6 12 16
9 6 12 17
9 6 12 18
9 7 12 14
9 7 12 16
9 7 12 17
9 7 12 18
9 8 12 14
9 8 12 16
9 8 12 17
9 8 12 18
9 9 12 14
9 9 12 16
9 9 12 17
9 9 12 18
9 10 12 14
9 10 12 16
9 10 12 17
9 10 12 18
9 11 12 14
9 11 12 16
9 11 12 17
9 11 12 18
9 12 12 14
9 12 12 16
9 12 12 17
9 12 12 18
9 14 12 16
9 14 12 17
9 14 12 18
9 4 13 6
9 4 13 7
9 11 13 14
9 11 13 16
9 11 13 17
9 11 13 18
9 12 13 14
9 12 13 16
9 12 13 17
9 12 13 18
9 14 13 16
9 14 13 17
9 14 13 18
9 7 14 11
9 7 14 12
9 7 14 14
9 7 14 16
9 7 14 17
9 7 14 18
9 7 14 23
9 11 14 14
9 11 14 16
9 11 14 17
9 11 14 18
9 11 14 23
9 12 14 14
9 12 14 16
9 12 14 17
9 12 14 18
9 12 14 23
9 14 14 16
9 14 14 17
9 14 14 18
9 14 14 23
9 16 14 23
9 17 14 23
9 18 14 23
10 6 12 14
10 6 12 16
10 6 12 17
10 6 12 18
10 7 12 14
10 7 12 16
10 7 12 17
10 7 12 18
10 8 12 14
10 8 12 16
10 8 12 17
10 8 12 18
10 9 12 14
10 9 12 16
10 9 12 17
10 9 12 18
10 10 12 14
10 10 12 16
10 10 12 17
10 10 12 18
10 11 12 14
10 11 12 16
10 11 12 17
10 11 12 18
10 12 12 14
10 12 12 16
10 12 12 17
10 12 12 18
10 14 12 16
10 14 12 17
10 14 12 18
10 4 13 6
10 4 13 7
10 11 13 14
10 11 13 16
10 11 13 17
10 11 13 18
10 12 13 14
10 12 13 16
10 12 13 17
10 12 13 18
10 14 13 16
10 14 13 17
10 14 13 18
10 7 14 11
10 7 14 12
10 7 14 14
10 7 14 16
10 7 14 17
10 7 14 18
10 11 14 14
10 11 14 16
10 11 14 17
10 11 14 18
10 12 14 14
10 12 14 16
10 12 14 17
10 12 14 18
10 14 14 16
10 14 14 17
10 14 14 18
11 4 13 6
11 4 13 7
11 7 14 11
11 7 14 12
11 16 14 23
11 17 14 23
11 18 14 23
11 19 14 23
11 20 14 23
11 21 14 23
12 7 14 11
12 7 14 12
12 7 14 13
12 7 14 14
12 7 14 15
12 7 14 16
12 7 14 17
12 7 14 18
12 7 14 19
12 7 14 20
12 7 14 21
13 1 15 4
