10 12
000000000000
000011110000
111111110000
100010110000
111111111111
111011111111
111111111111
101011101101
101111111101
111111111111
138
2 5 5 7
2 5 5 8
2 5 6 7
2 5 6 8
2 5 7 7
2 5 7 8
2 5 8 7
2 5 9 7
2 5 10 7
3 1 5 5
3 1 5 7
3 1 5 8
3 5 5 7
3 5 5 8
3 5 6 7
3 5 6 8
3 1 7 5
3 1 7 7
3 1 7 8
3 5 7 7
3 5 7 8
3 5 8 7
3 5 9 7
3 1 10 5
3 1 10 7
3 5 10 7
5 1 7 5
5 1 7 6
5 1 7 7
5 1 7 8
5 1 7 9
5 1 7 10
5 1 7 11
5 1 7 12
5 2 7 5
5 2 7 6
5 2 7 7
5 2 7 8
5 2 7 9
5 2 7 10
5 2 7 11
5 2 7 12
5 3 7 5
5 3 7 6
5 3 7 7
5 3 7 8
5 3 7 9
5 3 7 10
5 3 7 11
5 3 7 12
5 3 9 5
5 3 9 6
5 3 9 7
5 3 9 9
5 3 9 10
5 5 9 9
5 5 9 10
5 6 9 9
5 6 9 10
5 7 9 9
5 7 9 10
5 1 10 3
5 1 10 5
5 1 10 6
5 1 10 7
5 1 10 9
5 1 10 10
5 1 10 12
5 3 10 5
5 3 10 6
5 3 10 7
5 3 10 9
5 3 10 10
5 3 10 12
5 5 10 9
5 5 10 10
5 5 10 12
5 6 10 9
5 6 10 10
5 6 10 12
5 7 10 9
5 7 10 10
5 7 10 12
5 9 10 12
5 10 10 12
6 5 9 9
6 5 9 10
6 6 9 9
6 6 9 10
6 7 9 9
6 7 9 10
6 1 10 3
6 5 10 9
6 5 10 10
6 5 10 12
6 6 10 9
6 6 10 10
6 6 10 12
6 7 10 9
6 7 10 10
6 7 10 12
6 9 10 12
6 10 10 12
7 3 9 5
7 3 9 6
7 3 9 7
7 3 9 9
7 3 9 10
7 5 9 9
7 5 9 10
7 6 9 9
7 6 9 10
7 7 9 9
7 7 9 10
7 1 10 3
7 1 10 5
7 1 10 6
7 1 10 7
7 1 10 9
7 1 10 10
7 1 10 12
7 3 10 5
7 3 10 6
7 3 10 7
7 3 10 9
7 3 10 10
7 3 10 12
7 5 10 9
7 5 10 10
7 5 10 12
7 6 10 9
7 6 10 10
7 6 10 12
7 7 10 9
7 7 10 10
7 7 10 12
7 9 10 12
7 10 10 12
