17 12
111110000111
100011111101
100011000101
111111111101
111111111111
111110011111
111111111111
001000000111
001111111111
001100000101
001111111111
000111111100
000000000000
000000000000
000000000000
000000000000
000000000000
77
1 1 4 5
1 1 5 5
1 10 5 12
1 1 6 5
1 10 6 12
1 1 7 5
1 10 7 12
1 10 8 12
1 10 9 12
1 10 11 12
2 5 4 10
2 6 4 10
2 5 5 10
2 6 5 10
2 5 7 10
4 1 7 8
4 1 7 9
4 1 7 10
4 2 7 8
4 2 7 9
4 2 7 10
4 3 7 8
4 3 7 9
4 3 7 10
4 4 7 8
4 4 7 9
4 4 7 10
4 5 7 8
4 5 7 9
4 5 7 10
4 3 9 10
4 3 11 10
5 1 7 8
5 1 7 9
5 1 7 10
5 1 7 11
5 1 7 12
5 2 7 8
5 2 7 9
5 2 7 10
5 2 7 11
5 2 7 12
5 3 7 8
5 3 7 9
5 3 7 10
5 3 7 11
5 3 7 12
5 4 7 8
5 4 7 9
5 4 7 10
5 4 7 11
5 4 7 12
5 5 7 8
5 5 7 9
5 5 7 10
5 5 7 11
5 5 7 12
5 3 9 10
5 3 9 11
5 3 9 12
5 3 11 10
5 3 11 12
5 10 11 12
6 10 11 12
7 3 9 10
7 3 9 11
7 3 9 12
7 3 11 10
7 3 11 12
7 10 11 12
8 10 11 12
9 3 11 10
9 3 11 12
9 4 11 10
9 4 11 12
9 10 11 12
9 4 12 10
