16 25
0000000000001111111111100
0000000000001010000001100
0000011111111111111111100
0000010000000110011001000
0000111100000110111111100
0000110100000110111001100
0000111111111111111001100
0000100100000111110001100
0000100100000010100001100
0000100100000010100001100
0000100100000010100001100
0000100100000010100001100
0000100100000010100001100
0000100100000011111111100
0000100111111111111111100
0000111111111111100000000
41
1 13 3 15
1 13 3 22
1 13 3 23
1 15 3 22
1 15 3 23
1 15 14 22
1 15 15 22
3 18 5 22
3 19 5 22
3 6 7 14
3 6 7 15
3 6 7 18
3 6 7 19
3 14 7 18
3 14 7 19
3 15 7 18
3 15 7 19
3 14 8 18
3 15 8 18
3 15 14 22
3 15 15 22
5 5 7 8
5 6 7 8
5 17 14 22
5 17 14 23
5 17 15 22
5 17 15 23
5 5 16 8
7 15 14 17
7 8 15 15
7 8 15 17
7 15 15 17
7 5 16 8
7 5 16 15
7 5 16 17
7 8 16 15
7 8 16 17
7 15 16 17
8 15 14 17
8 15 15 17
8 15 16 17
