15 25
0000000000000000000000000
0000000000000000000000000
0000000011111111111100000
0000001111111111111111100
0000001010010001000100100
0000001010010001000100100
0001111111111111111111111
0001001010010001000100101
0001001010010001000100101
0001001010010001000100101
1111111111111111111111111
1010001010010001000100100
1110001111111111111111100
0000000011111111000100000
0000000011111111111100000
166
3 9 7 12
3 9 7 16
3 9 7 20
3 12 7 16
3 12 7 20
3 16 7 20
3 9 11 12
3 9 11 16
3 9 11 20
3 12 11 16
3 12 11 20
3 16 11 20
3 9 13 12
3 9 13 16
3 9 13 20
3 12 13 16
3 12 13 20
3 16 13 20
3 9 14 12
3 9 14 16
3 12 14 16
3 9 15 12
3 9 15 16
3 9 15 20
3 12 15 16
3 12 15 20
3 16 15 20
4 7 7 9
4 7 7 12
4 7 7 16
4 7 7 20
4 7 7 23
4 9 7 12
4 9 7 16
4 9 7 20
4 9 7 23
4 12 7 16
4 12 7 20
4 12 7 23
4 16 7 20
4 16 7 23
4 20 7 23
4 7 11 9
4 7 11 12
4 7 11 16
4 7 11 20
4 7 11 23
4 9 11 12
4 9 11 16
4 9 11 20
4 9 11 23
4 12 11 16
4 12 11 20
4 12 11 23
4 16 11 20
4 16 11 23
4 20 11 23
4 7 13 9
4 7 13 12
4 7 13 16
4 7 13 20
4 7 13 23
4 9 13 12
4 9 13 16
4 9 13 20
4 9 13 23
4 12 13 16
4 12 13 20
4 12 13 23
4 16 13 20
4 16 13 23
4 20 13 23
4 9 14 12
4 9 14 16
4 12 14 16
4 9 15 12
4 9 15 16
4 9 15 20
4 12 15 16
4 12 15 20
4 16 15 20
7 4 11 7
7 4 11 9
7 4 11 12
7 4 11 16
7 4 11 20
7 4 11 23
7 4 11 25
7 7 11 9
7 7 11 12
7 7 11 16
7 7 11 20
7 7 11 23
7 7 11 25
7 9 11 12
7 9 11 16
7 9 11 20
7 9 11 23
7 9 11 25
7 12 11 16
7 12 11 20
7 12 11 23
7 12 11 25
7 16 11 20
7 16 11 23
7 16 11 25
7 20 11 23
7 20 11 25
7 23 11 25
7 7 13 9
7 7 13 12
7 7 13 16
7 7 13 20
7 7 13 23
7 9 13 12
7 9 13 16
7 9 13 20
7 9 13 23
7 12 13 16
7 12 13 20
7 12 13 23
7 16 13 20
7 16 13 23
7 20 13 23
7 9 14 12
7 9 14 16
7 12 14 16
7 9 15 12
7 9 15 16
7 9 15 20
7 12 15 16
7 12 15 20
7 16 15 20
11 1 13 3
11 7 13 9
11 7 13 12
11 7 13 16
11 7 13 20
11 7 13 23
11 9 13 12
11 9 13 16
11 9 13 20
11 9 13 23
11 12 13 16
11 12 13 20
11 12 13 23
11 16 13 20
11 16 13 23
11 20 13 23
11 9 14 12
11 9 14 16
11 12 14 16
11 9 15 12
11 9 15 16
11 9 15 20
11 12 15 16
11 12 15 20
11 16 15 20
13 9 15 20
13 10 15 20
13 11 15 20
13 12 15 20
13 13 15 20
13 14 15 20
13 15 15 20
13 16 15 20
