13 23
00000000000000000000000
01111111111111100000000
11111111111100100000000
11011111110100100000000
11011111110100100000000
11111111111100100000000
01000010100000100000000
01000010100000100000000
01011111111111100000000
01010010111111100000000
01010010110001100000000
01010010111111100000000
01111111111111100000000
86
2 2 6 4
2 2 6 5
2 2 6 6
2 2 6 7
2 2 6 8
2 2 6 9
2 2 6 10
2 2 6 12
2 4 6 12
2 5 6 12
2 6 6 12
2 7 6 12
2 8 6 12
2 9 6 12
2 10 6 12
2 7 9 9
2 7 9 15
2 9 9 15
2 9 10 15
2 9 12 15
2 2 13 7
2 2 13 9
2 2 13 15
2 7 13 9
2 7 13 15
2 9 13 15
3 1 6 4
3 1 6 5
3 1 6 6
3 1 6 7
3 1 6 8
3 1 6 9
3 1 6 10
3 1 6 12
3 2 6 4
3 2 6 5
3 2 6 6
3 2 6 7
3 2 6 8
3 2 6 9
3 2 6 10
3 2 6 12
3 4 6 12
3 5 6 12
3 6 6 12
3 7 6 12
3 8 6 12
3 9 6 12
3 10 6 12
3 7 9 9
3 2 13 7
3 2 13 9
3 7 13 9
4 7 9 9
4 7 13 9
5 7 9 9
5 7 13 9
6 7 9 9
6 2 13 7
6 2 13 9
6 7 13 9
9 9 12 14
9 9 12 15
9 10 12 14
9 10 12 15
9 4 13 7
9 4 13 9
9 4 13 10
9 4 13 14
9 4 13 15
9 7 13 9
9 7 13 10
9 7 13 14
9 7 13 15
9 9 13 14
9 9 13 15
9 10 13 14
9 10 13 15
10 9 12 14
10 9 12 15
10 10 12 14
10 10 12 15
10 9 13 14
10 9 13 15
10 10 13 14
10 10 13 15
