19 17
00000111111110000
01111111111111111
01000101000010011
01000101000010011
01000111111111111
01111111111111111
01000101000010011
01000101001111111
01000101011111111
01000111111110111
01000001011111111
01111111111111111
01000001000000011
01000001000011111
01000001000010111
01000001111111111
01000000000010110
01111111111111110
00000000000011100
149
1 6 5 8
1 6 5 13
1 8 5 13
1 6 6 8
1 6 6 13
1 8 6 13
1 6 10 8
1 6 10 13
1 8 10 13
1 8 12 13
2 6 5 8
2 6 5 13
2 6 5 16
2 6 5 17
2 8 5 13
2 8 5 16
2 8 5 17
2 13 5 16
2 13 5 17
2 2 6 6
2 2 6 8
2 2 6 13
2 2 6 16
2 2 6 17
2 6 6 8
2 6 6 13
2 6 6 16
2 6 6 17
2 8 6 13
2 8 6 16
2 8 6 17
2 13 6 16
2 13 6 17
2 13 8 16
2 13 8 17
2 13 9 16
2 13 9 17
2 6 10 8
2 6 10 13
2 8 10 13
2 13 11 16
2 13 11 17
2 2 12 8
2 2 12 13
2 2 12 16
2 2 12 17
2 8 12 13
2 8 12 16
2 8 12 17
2 13 12 16
2 13 12 17
2 8 16 16
2 8 16 17
2 2 18 16
5 13 8 16
5 13 8 17
5 13 9 16
5 13 9 17
5 6 10 8
5 6 10 13
5 8 10 13
5 13 11 16
5 13 11 17
5 8 12 13
5 8 12 16
5 8 12 17
5 13 12 16
5 13 12 17
5 8 16 16
5 8 16 17
6 13 8 16
6 13 8 17
6 13 9 16
6 13 9 17
6 6 10 8
6 6 10 13
6 8 10 13
6 13 11 16
6 13 11 17
6 2 12 8
6 2 12 13
6 2 12 16
6 2 12 17
6 8 12 13
6 8 12 16
6 8 12 17
6 13 12 16
6 13 12 17
6 8 16 16
6 8 16 17
6 2 18 16
8 11 11 15
8 11 11 16
8 11 11 17
8 12 11 15
8 12 11 16
8 12 11 17
8 13 11 15
8 13 11 16
8 13 11 17
8 11 12 15
8 11 12 16
8 11 12 17
8 12 12 15
8 12 12 16
8 12 12 17
8 13 12 15
8 13 12 16
8 13 12 17
9 10 11 15
9 10 11 16
9 10 11 17
9 11 11 15
9 11 11 16
9 11 11 17
9 12 11 15
9 12 11 16
9 12 11 17
9 13 11 15
9 13 11 16
9 13 11 17
9 10 12 15
9 10 12 16
9 10 12 17
9 11 12 15
9 11 12 16
9 11 12 17
9 12 12 15
9 12 12 16
9 12 12 17
9 13 12 15
9 13 12 16
9 13 12 17
10 8 12 10
10 8 12 11
10 8 12 12
10 8 12 13
12 8 16 16
12 8 16 17
12 2 18 16
14 13 16 15
14 13 16 16
14 13 16 17
14 13 18 15
14 13 18 16
14 13 19 15
16 13 18 15
16 13 18 16
16 13 19 15
