14 13
0000000000000
0001110000000
0001010000000
1111111111110
1101010100010
1101111111110
1111111110110
1101111111110
1111111110010
1101110011110
1100000011110
1100000011110
1111111111110
1111111110000
79
2 4 4 6
2 4 6 6
2 4 7 6
2 4 8 6
2 4 9 6
2 4 10 6
4 4 6 6
4 4 6 8
4 4 6 12
4 6 6 8
4 6 6 12
4 8 6 12
4 1 7 4
4 1 7 6
4 1 7 8
4 2 7 4
4 2 7 6
4 2 7 8
4 4 7 6
4 4 7 8
4 6 7 8
4 4 8 6
4 4 8 8
4 4 8 12
4 6 8 8
4 6 8 12
4 8 8 12
4 1 9 4
4 1 9 6
4 1 9 8
4 2 9 4
4 2 9 6
4 2 9 8
4 4 9 6
4 4 9 8
4 6 9 8
4 4 10 6
4 1 13 12
4 2 13 12
6 4 8 11
6 4 8 12
6 5 8 11
6 5 8 12
6 6 8 11
6 6 8 12
6 7 8 11
6 7 8 12
6 8 8 11
6 8 8 12
6 9 8 11
6 9 8 12
6 9 10 12
6 9 11 12
6 9 12 12
6 9 13 12
7 1 9 4
7 1 9 5
7 1 9 6
7 1 9 7
7 1 9 8
7 1 9 9
7 2 9 4
7 2 9 5
7 2 9 6
7 2 9 7
7 2 9 8
7 2 9 9
7 1 13 9
7 2 13 9
7 1 14 9
7 2 14 9
8 9 10 12
8 9 11 12
8 9 12 12
8 9 13 12
9 1 13 9
9 2 13 9
9 1 14 9
9 2 14 9
