15 15
000000111110111
000111111111101
000100100010101
000100111110101
000100110110101
000111111111111
000110101011111
000111111111111
000010111111111
000010001001111
011111111111110
010010001001110
011111111111110
000010000001000
000011111111000
118
1 7 4 11
1 7 6 11
1 13 6 15
1 13 7 15
1 7 8 11
1 13 8 15
1 7 9 11
1 13 9 15
1 13 10 15
2 7 4 11
2 4 6 7
2 4 6 11
2 4 6 13
2 7 6 11
2 7 6 13
2 11 6 13
2 11 7 13
2 4 8 7
2 4 8 11
2 4 8 13
2 7 8 11
2 7 8 13
2 11 8 13
2 7 9 11
2 7 9 13
2 11 9 13
4 7 6 10
4 7 6 11
4 8 6 10
4 8 6 11
4 7 8 11
4 7 9 11
6 4 8 7
6 4 8 9
6 4 8 11
6 4 8 12
6 4 8 13
6 4 8 14
6 4 8 15
6 5 8 7
6 5 8 9
6 5 8 11
6 5 8 12
6 5 8 13
6 5 8 14
6 5 8 15
6 7 8 9
6 7 8 11
6 7 8 12
6 7 8 13
6 7 8 14
6 7 8 15
6 9 8 11
6 9 8 12
6 9 8 13
6 9 8 14
6 9 8 15
6 7 9 9
6 7 9 11
6 7 9 12
6 7 9 13
6 7 9 14
6 7 9 15
6 9 9 11
6 9 9 12
6 9 9 13
6 9 9 14
6 9 9 15
6 5 11 9
6 5 11 12
6 5 11 13
6 5 11 14
6 9 11 12
6 9 11 13
6 9 11 14
6 5 13 9
6 5 13 12
6 5 13 13
6 5 13 14
6 9 13 12
6 9 13 13
6 9 13 14
6 5 15 12
8 5 11 9
8 5 11 12
8 5 11 13
8 5 11 14
8 9 11 12
8 9 11 13
8 9 11 14
8 5 13 9
8 5 13 12
8 5 13 13
8 5 13 14
8 9 13 12
8 9 13 13
8 9 13 14
8 5 15 12
9 9 11 12
9 9 11 13
9 9 11 14
9 9 13 12
9 9 13 13
9 9 13 14
11 2 13 5
11 2 13 9
11 2 13 12
11 2 13 13
11 2 13 14
11 5 13 9
11 5 13 12
11 5 13 13
11 5 13 14
11 9 13 12
11 9 13 13
11 9 13 14
11 5 15 12
13 5 15 12
