22 13
0000000000000
0001111111111
0001000111101
0001111111101
0001100111101
0001100111101
1111111111111
1001100111101
1001100111101
1001100111101
1111111111111
0001100111101
0001111111101
1111111111101
1001000111111
1111111101100
0001000101100
0001000101100
0001000101100
0001000101100
0001111111100
0001111111100
229
2 4 4 8
2 4 4 9
2 4 4 10
2 4 4 11
2 4 7 8
2 4 7 9
2 4 7 10
2 4 7 11
2 4 7 13
2 8 7 13
2 9 7 13
2 10 7 13
2 11 7 13
2 4 11 8
2 4 11 9
2 4 11 10
2 4 11 11
2 4 11 13
2 8 11 13
2 9 11 13
2 10 11 13
2 11 11 13
2 4 13 8
2 4 13 9
2 4 13 10
2 4 13 11
2 4 14 8
2 4 14 9
2 4 14 10
2 4 14 11
2 8 15 13
2 9 15 13
2 10 15 13
2 11 15 13
2 4 16 8
2 4 21 8
2 4 21 10
2 4 21 11
2 8 21 10
2 8 21 11
2 4 22 8
2 4 22 10
2 4 22 11
2 8 22 10
2 8 22 11
3 8 21 10
3 8 21 11
3 8 22 10
3 8 22 11
4 4 7 8
4 4 7 9
4 4 7 10
4 4 7 11
4 5 7 8
4 5 7 9
4 5 7 10
4 5 7 11
4 4 11 8
4 4 11 9
4 4 11 10
4 4 11 11
4 5 11 8
4 5 11 9
4 5 11 10
4 5 11 11
4 4 13 8
4 4 13 9
4 4 13 10
4 4 13 11
4 5 13 8
4 5 13 9
4 5 13 10
4 5 13 11
4 4 14 8
4 4 14 9
4 4 14 10
4 4 14 11
4 5 14 8
4 5 14 9
4 5 14 10
4 5 14 11
4 4 16 8
4 4 21 8
4 4 21 10
4 4 21 11
4 8 21 10
4 8 21 11
4 4 22 8
4 4 22 10
4 4 22 11
4 8 22 10
4 8 22 11
5 8 21 10
5 8 21 11
5 8 22 10
5 8 22 11
6 8 21 10
6 8 21 11
6 8 22 10
6 8 22 11
7 1 11 4
7 1 11 5
7 1 11 8
7 1 11 9
7 1 11 10
7 1 11 11
7 1 11 13
7 4 11 8
7 4 11 9
7 4 11 10
7 4 11 11
7 4 11 13
7 5 11 8
7 5 11 9
7 5 11 10
7 5 11 11
7 5 11 13
7 8 11 13
7 9 11 13
7 10 11 13
7 11 11 13
7 4 13 8
7 4 13 9
7 4 13 10
7 4 13 11
7 5 13 8
7 5 13 9
7 5 13 10
7 5 13 11
7 4 14 8
7 4 14 9
7 4 14 10
7 4 14 11
7 5 14 8
7 5 14 9
7 5 14 10
7 5 14 11
7 8 15 13
7 9 15 13
7 10 15 13
7 11 15 13
7 4 16 8
7 4 21 8
7 4 21 10
7 4 21 11
7 8 21 10
7 8 21 11
7 4 22 8
7 4 22 10
7 4 22 11
7 8 22 10
7 8 22 11
8 8 21 10
8 8 21 11
8 8 22 10
8 8 22 11
9 8 21 10
9 8 21 11
9 8 22 10
9 8 22 11
10 8 21 10
10 8 21 11
10 8 22 10
10 8 22 11
11 4 13 8
11 4 13 9
11 4 13 10
11 4 13 11
11 5 13 8
11 5 13 9
11 5 13 10
11 5 13 11
11 4 14 8
11 4 14 9
11 4 14 10
11 4 14 11
11 5 14 8
11 5 14 9
11 5 14 10
11 5 14 11
11 8 15 13
11 9 15 13
11 10 15 13
11 11 15 13
11 4 16 8
11 4 21 8
11 4 21 10
11 4 21 11
11 8 21 10
11 8 21 11
11 4 22 8
11 4 22 10
11 4 22 11
11 8 22 10
11 8 22 11
12 8 21 10
12 8 21 11
12 8 22 10
12 8 22 11
13 4 16 8
13 4 21 8
13 4 21 10
13 4 21 11
13 8 21 10
13 8 21 11
13 4 22 8
13 4 22 10
13 4 22 11
13 8 22 10
13 8 22 11
14 1 16 4
14 1 16 8
14 4 16 8
14 4 21 8
14 4 21 10
14 4 21 11
14 8 21 10
14 8 21 11
14 4 22 8
14 4 22 10
14 4 22 11
14 8 22 10
14 8 22 11
15 8 21 10
15 8 21 11
15 8 22 10
15 8 22 11
16 4 21 8
16 4 22 8
