21 16
0000000000111000
0001111111111110
0001001110101010
0011111111111110
0011001110101110
0111111111111110
0111101110001110
0111101110001110
0111111110001110
0111111110001110
0111101110001110
0111111110001110
0001101010001110
0001101010001110
0001101110001110
0001101010001110
0001101010001110
0001111111111110
0000111111111100
0000101010000100
0000111011111100
279
1 11 4 13
1 11 6 13
2 4 4 7
2 4 4 8
2 4 4 9
2 4 4 11
2 4 4 13
2 4 4 15
2 7 4 11
2 7 4 13
2 7 4 15
2 8 4 11
2 8 4 13
2 8 4 15
2 9 4 11
2 9 4 13
2 9 4 15
2 11 4 13
2 11 4 15
2 13 4 15
2 13 5 15
2 4 6 7
2 4 6 8
2 4 6 9
2 4 6 11
2 4 6 13
2 4 6 15
2 7 6 11
2 7 6 13
2 7 6 15
2 8 6 11
2 8 6 13
2 8 6 15
2 9 6 11
2 9 6 13
2 9 6 15
2 11 6 13
2 11 6 15
2 13 6 15
2 13 7 15
2 13 8 15
2 4 9 7
2 4 9 8
2 4 9 9
2 13 9 15
2 4 10 7
2 4 10 8
2 4 10 9
2 13 10 15
2 13 11 15
2 4 12 7
2 4 12 8
2 4 12 9
2 13 12 15
2 13 13 15
2 13 14 15
2 7 15 9
2 13 15 15
2 13 16 15
2 13 17 15
2 4 18 7
2 4 18 9
2 4 18 13
2 4 18 15
2 7 18 9
2 7 18 13
2 7 18 15
2 9 18 13
2 9 18 15
2 13 18 15
2 7 19 9
2 7 19 13
2 9 19 13
3 7 15 9
3 7 18 9
3 7 19 9
4 3 6 7
4 3 6 8
4 3 6 9
4 3 6 11
4 3 6 13
4 3 6 14
4 3 6 15
4 4 6 7
4 4 6 8
4 4 6 9
4 4 6 11
4 4 6 13
4 4 6 14
4 4 6 15
4 7 6 11
4 7 6 13
4 7 6 14
4 7 6 15
4 8 6 11
4 8 6 13
4 8 6 14
4 8 6 15
4 9 6 11
4 9 6 13
4 9 6 14
4 9 6 15
4 11 6 13
4 11 6 14
4 11 6 15
4 3 9 7
4 3 9 8
4 3 9 9
4 4 9 7
4 4 9 8
4 4 9 9
4 3 10 7
4 3 10 8
4 3 10 9
4 4 10 7
4 4 10 8
4 4 10 9
4 3 12 7
4 3 12 8
4 3 12 9
4 4 12 7
4 4 12 8
4 4 12 9
4 7 15 9
4 4 18 7
4 4 18 9
4 4 18 13
4 4 18 14
4 4 18 15
4 7 18 9
4 7 18 13
4 7 18 14
4 7 18 15
4 9 18 13
4 9 18 14
4 9 18 15
4 7 19 9
4 7 19 13
4 7 19 14
4 9 19 13
4 9 19 14
4 9 21 14
5 7 15 9
5 7 18 9
5 7 19 9
6 2 9 7
6 2 9 8
6 2 9 9
6 3 9 7
6 3 9 8
6 3 9 9
6 4 9 7
6 4 9 8
6 4 9 9
6 5 9 7
6 5 9 8
6 5 9 9
6 2 10 7
6 2 10 8
6 2 10 9
6 3 10 7
6 3 10 8
6 3 10 9
6 4 10 7
6 4 10 8
6 4 10 9
6 5 10 7
6 5 10 8
6 5 10 9
6 2 12 7
6 2 12 8
6 2 12 9
6 3 12 7
6 3 12 8
6 3 12 9
6 4 12 7
6 4 12 8
6 4 12 9
6 5 12 7
6 5 12 8
6 5 12 9
6 7 15 9
6 4 18 7
6 4 18 9
6 4 18 13
6 4 18 14
6 4 18 15
6 5 18 7
6 5 18 9
6 5 18 13
6 5 18 14
6 5 18 15
6 7 18 9
6 7 18 13
6 7 18 14
6 7 18 15
6 9 18 13
6 9 18 14
6 9 18 15
6 5 19 7
6 5 19 9
6 5 19 13
6 5 19 14
6 7 19 9
6 7 19 13
6 7 19 14
6 9 19 13
6 9 19 14
6 5 21 7
6 9 21 14
7 7 15 9
7 7 18 9
7 7 19 9
8 7 15 9
8 7 18 9
8 7 19 9
9 2 12 7
9 2 12 8
9 2 12 9
9 3 12 7
9 3 12 8
9 3 12 9
9 4 12 7
9 4 12 8
9 4 12 9
9 5 12 7
9 5 12 8
9 5 12 9
9 7 15 9
9 4 18 7
9 4 18 9
9 5 18 7
9 5 18 9
9 7 18 9
9 5 19 7
9 5 19 9
9 7 19 9
9 5 21 7
10 2 12 7
10 2 12 8
10 2 12 9
10 3 12 7
10 3 12 8
10 3 12 9
10 4 12 7
10 4 12 8
10 4 12 9
10 5 12 7
10 5 12 8
10 5 12 9
10 7 15 9
10 4 18 7
10 4 18 9
10 5 18 7
10 5 18 9
10 7 18 9
10 5 19 7
10 5 19 9
10 7 19 9
10 5 21 7
11 7 15 9
11 7 18 9
11 7 19 9
12 7 15 9
12 4 18 7
12 4 18 9
12 5 18 7
12 5 18 9
12 7 18 9
12 5 19 7
12 5 19 9
12 7 19 9
12 5 21 7
15 7 18 9
15 7 19 9
18 5 21 7
18 9 21 14
19 5 21 7
19 9 21 14
