11 13
0000000000000
0001111111110
0001011111111
1111111111011
1001010001011
1111111111011
0001111111111
0001111111111
0000011000011
0000011000011
0000011111111
54
2 4 4 6
2 4 4 7
2 4 4 8
2 4 4 9
2 4 4 10
2 4 6 6
2 4 6 10
2 6 6 10
2 4 7 6
2 4 7 10
2 4 7 12
2 6 7 10
2 6 7 12
2 10 7 12
2 4 8 6
2 4 8 10
2 4 8 12
2 6 8 10
2 6 8 12
2 10 8 12
2 6 11 12
3 6 6 10
3 6 7 10
3 6 7 12
3 6 7 13
3 10 7 12
3 10 7 13
3 6 8 10
3 6 8 12
3 6 8 13
3 10 8 12
3 10 8 13
3 6 11 12
3 6 11 13
4 1 6 4
4 1 6 6
4 1 6 10
4 4 6 6
4 4 6 10
4 6 6 10
4 4 7 6
4 4 7 10
4 6 7 10
4 4 8 6
4 4 8 10
4 6 8 10
7 6 11 12
7 6 11 13
7 7 11 12
7 7 11 13
8 6 11 12
8 6 11 13
8 7 11 12
8 7 11 13
