11 19
1111111111111111000
1001111111111111110
1011111111111111111
1011111111111111111
1011111111111111111
1111111111111111011
0011100001111111111
0011100001000011001
0011100001000011001
0011111111111111111
0000111111111111000
177
1 1 6 4
1 1 6 5
1 1 6 6
1 1 6 7
1 1 6 8
1 1 6 9
1 1 6 10
1 1 6 11
1 1 6 12
1 1 6 13
1 1 6 14
1 1 6 15
1 1 6 16
1 4 10 10
1 4 10 15
1 4 10 16
1 5 10 10
1 5 10 15
1 5 10 16
1 10 10 15
1 10 10 16
1 5 11 10
1 5 11 15
1 5 11 16
1 10 11 15
1 10 11 16
2 10 7 18
2 11 7 18
2 12 7 18
2 13 7 18
2 14 7 18
2 15 7 18
2 16 7 18
2 4 10 10
2 4 10 15
2 4 10 16
2 5 10 10
2 5 10 15
2 5 10 16
2 10 10 15
2 10 10 16
2 5 11 10
2 5 11 15
2 5 11 16
2 10 11 15
2 10 11 16
3 10 7 18
3 10 7 19
3 11 7 18
3 11 7 19
3 12 7 18
3 12 7 19
3 13 7 18
3 13 7 19
3 14 7 18
3 14 7 19
3 15 7 18
3 15 7 19
3 16 7 18
3 16 7 19
3 3 10 10
3 3 10 15
3 3 10 16
3 3 10 19
3 4 10 10
3 4 10 15
3 4 10 16
3 4 10 19
3 5 10 10
3 5 10 15
3 5 10 16
3 5 10 19
3 10 10 15
3 10 10 16
3 10 10 19
3 15 10 19
3 16 10 19
3 5 11 10
3 5 11 15
3 5 11 16
3 10 11 15
3 10 11 16
4 10 7 18
4 10 7 19
4 11 7 18
4 11 7 19
4 12 7 18
4 12 7 19
4 13 7 18
4 13 7 19
4 14 7 18
4 14 7 19
4 15 7 18
4 15 7 19
4 16 7 18
4 16 7 19
4 3 10 10
4 3 10 15
4 3 10 16
4 3 10 19
4 4 10 10
4 4 10 15
4 4 10 16
4 4 10 19
4 5 10 10
4 5 10 15
4 5 10 16
4 5 10 19
4 10 10 15
4 10 10 16
4 10 10 19
4 15 10 19
4 16 10 19
4 5 11 10
4 5 11 15
4 5 11 16
4 10 11 15
4 10 11 16
5 10 7 18
5 10 7 19
5 11 7 18
5 11 7 19
5 12 7 18
5 12 7 19
5 13 7 18
5 13 7 19
5 14 7 18
5 14 7 19
5 15 7 18
5 15 7 19
5 16 7 18
5 16 7 19
5 3 10 10
5 3 10 15
5 3 10 16
5 3 10 19
5 4 10 10
5 4 10 15
5 4 10 16
5 4 10 19
5 5 10 10
5 5 10 15
5 5 10 16
5 5 10 19
5 10 10 15
5 10 10 16
5 10 10 19
5 15 10 19
5 16 10 19
5 5 11 10
5 5 11 15
5 5 11 16
5 10 11 15
5 10 11 16
6 3 10 10
6 3 10 15
6 3 10 16
6 4 10 10
6 4 10 15
6 4 10 16
6 5 10 10
6 5 10 15
6 5 10 16
6 10 10 15
6 10 10 16
6 5 11 10
6 5 11 15
6 5 11 16
6 10 11 15
6 10 11 16
7 10 10 15
7 10 10 16
7 10 10 19
7 15 10 19
7 16 10 19
7 10 11 15
7 10 11 16
