24 24
000000000000000000000000
001111111110000000000000
001000000010111111111111
001111111110100000010001
000000011111111100010001
000000010000100100010001
000000010000100100010001
000000011111111111111101
000000011111111101010101
000000011000100001010101
000000011111111111110101
000000011000100001010101
000000011000100001010101
000000011000100001010101
011111111111111111110101
010000011111111111011111
011111111110100000010100
000000010000100000010100
000000010000100000010100
000000010000111111110100
000000010000000000000100
000000010000000000000100
000000010000000000000100
000000011111111111111100
67
2 3 4 11
3 13 8 20
3 13 11 20
3 13 15 20
3 20 16 24
3 13 20 20
5 8 8 13
5 8 8 16
5 13 8 16
5 8 9 13
5 8 9 16
5 13 9 16
5 8 11 13
5 8 15 13
5 8 16 13
8 8 11 13
8 8 11 18
8 8 11 20
8 9 11 13
8 9 11 18
8 9 11 20
8 13 11 18
8 13 11 20
8 18 11 20
8 8 15 13
8 8 15 18
8 8 15 20
8 9 15 13
8 9 15 18
8 9 15 20
8 13 15 18
8 13 15 20
8 18 15 20
8 8 16 13
8 8 16 18
8 9 16 13
8 9 16 18
8 13 16 18
8 20 16 22
8 13 20 20
8 8 24 22
9 8 11 13
9 9 11 13
9 8 15 13
9 9 15 13
9 8 16 13
9 9 16 13
11 8 15 13
11 8 15 18
11 8 15 20
11 9 15 13
11 9 15 18
11 9 15 20
11 13 15 18
11 13 15 20
11 18 15 20
11 8 16 13
11 8 16 18
11 9 16 13
11 9 16 18
11 13 16 18
11 13 20 20
15 2 17 8
15 2 17 9
15 2 17 10
15 2 17 11
15 13 20 20
