13 15
000011111111111
011111111111111
010011001000011
010111111111111
010111011110011
010111111111111
011111111100011
010001010100011
010001010100011
010001111111111
010000011100010
010000011111110
011111111111110
129
1 5 4 9
1 5 4 14
1 5 4 15
1 6 4 9
1 6 4 14
1 6 4 15
1 9 4 14
1 9 4 15
1 5 6 9
1 5 6 14
1 5 6 15
1 6 6 9
1 6 6 14
1 6 6 15
1 9 6 14
1 9 6 15
1 5 7 9
1 6 7 9
1 6 10 14
1 6 10 15
2 5 4 9
2 5 4 14
2 5 4 15
2 6 4 9
2 6 4 14
2 6 4 15
2 9 4 14
2 9 4 15
2 5 6 9
2 5 6 14
2 5 6 15
2 6 6 9
2 6 6 14
2 6 6 15
2 9 6 14
2 9 6 15
2 2 7 5
2 2 7 6
2 2 7 9
2 5 7 9
2 6 7 9
2 6 10 14
2 6 10 15
2 2 13 14
4 4 6 8
4 4 6 9
4 4 6 10
4 4 6 11
4 4 6 14
4 4 6 15
4 5 6 8
4 5 6 9
4 5 6 10
4 5 6 11
4 5 6 14
4 5 6 15
4 6 6 8
4 6 6 9
4 6 6 10
4 6 6 11
4 6 6 14
4 6 6 15
4 8 6 14
4 8 6 15
4 9 6 14
4 9 6 15
4 10 6 14
4 10 6 15
4 11 6 14
4 11 6 15
4 4 7 8
4 4 7 9
4 4 7 10
4 5 7 8
4 5 7 9
4 5 7 10
4 6 7 8
4 6 7 9
4 6 7 10
4 6 10 8
4 6 10 10
4 6 10 14
4 6 10 15
4 8 10 10
4 8 10 14
4 8 10 15
4 10 10 14
4 10 10 15
4 8 11 10
4 8 12 10
4 8 12 14
4 10 12 14
4 8 13 10
4 8 13 14
4 10 13 14
5 8 10 10
5 8 11 10
5 8 12 10
5 8 13 10
6 6 10 8
6 6 10 10
6 6 10 14
6 6 10 15
6 8 10 10
6 8 10 14
6 8 10 15
6 10 10 14
6 10 10 15
6 8 11 10
6 8 12 10
6 8 12 14
6 10 12 14
6 8 13 10
6 8 13 14
6 10 13 14
7 6 10 8
7 6 10 10
7 8 10 10
7 8 11 10
7 8 12 10
7 2 13 8
7 2 13 10
7 8 13 10
10 8 12 14
10 9 12 14
10 10 12 14
10 8 13 14
10 9 13 14
10 10 13 14
