14 24
111111111110000000000000
110100000010000000000000
110100000010000000000000
110100000010000000000000
110100000010000000000000
110100000010000000000000
111111111111111111111110
110100000010000000100010
111111111110000000100010
111100000000000000111110
010000000000000000100000
010000000000000000100000
010000000000000000100000
011111111111111111100000
21
1 1 7 4
1 1 7 11
1 2 7 4
1 2 7 11
1 4 7 11
1 1 9 4
1 1 9 11
1 2 9 4
1 2 9 11
1 4 9 11
1 1 10 4
1 2 10 4
7 1 9 4
7 1 9 11
7 2 9 4
7 2 9 11
7 4 9 11
7 1 10 4
7 2 10 4
7 19 10 23
7 2 14 19
