23 10
0111111111
0111111001
0110101001
0111111001
0111111111
0111111111
0111111011
0111111011
0111111011
0111111111
0111111001
0111111001
1111011001
1111111001
1101011001
1111111001
1111011111
0100000001
0100000001
0100000001
0100000001
0111111111
0000000000
265
1 2 4 5
1 2 4 7
1 3 4 5
1 3 4 7
1 5 4 7
1 2 5 5
1 2 5 7
1 2 5 10
1 3 5 5
1 3 5 7
1 3 5 10
1 5 5 7
1 5 5 10
1 7 5 10
1 2 6 5
1 2 6 7
1 2 6 10
1 3 6 5
1 3 6 7
1 3 6 10
1 5 6 7
1 5 6 10
1 7 6 10
1 2 7 5
1 2 7 7
1 3 7 5
1 3 7 7
1 5 7 7
1 2 8 5
1 2 8 7
1 3 8 5
1 3 8 7
1 5 8 7
1 2 9 5
1 2 9 7
1 3 9 5
1 3 9 7
1 5 9 7
1 2 10 5
1 2 10 7
1 2 10 10
1 3 10 5
1 3 10 7
1 3 10 10
1 5 10 7
1 5 10 10
1 7 10 10
1 2 11 5
1 2 11 7
1 3 11 5
1 3 11 7
1 5 11 7
1 2 12 5
1 2 12 7
1 3 12 5
1 3 12 7
1 5 12 7
1 2 14 7
1 3 14 7
1 2 16 7
1 7 17 10
1 2 22 10
2 2 4 5
2 2 4 7
2 3 4 5
2 3 4 7
2 5 4 7
2 2 5 5
2 2 5 7
2 3 5 5
2 3 5 7
2 5 5 7
2 2 6 5
2 2 6 7
2 3 6 5
2 3 6 7
2 5 6 7
2 2 7 5
2 2 7 7
2 3 7 5
2 3 7 7
2 5 7 7
2 2 8 5
2 2 8 7
2 3 8 5
2 3 8 7
2 5 8 7
2 2 9 5
2 2 9 7
2 3 9 5
2 3 9 7
2 5 9 7
2 2 10 5
2 2 10 7
2 3 10 5
2 3 10 7
2 5 10 7
2 2 11 5
2 2 11 7
2 3 11 5
2 3 11 7
2 5 11 7
2 2 12 5
2 2 12 7
2 3 12 5
2 3 12 7
2 5 12 7
2 2 14 7
2 3 14 7
2 2 16 7
4 2 14 6
4 2 14 7
4 3 14 6
4 3 14 7
4 4 14 6
4 4 14 7
4 2 16 4
4 2 16 6
4 2 16 7
4 4 16 6
4 4 16 7
4 2 17 4
5 2 10 9
5 2 10 10
5 3 10 9
5 3 10 10
5 4 10 9
5 4 10 10
5 5 10 9
5 5 10 10
5 6 10 9
5 6 10 10
5 7 10 9
5 7 10 10
5 2 14 6
5 2 14 7
5 3 14 6
5 3 14 7
5 4 14 6
5 4 14 7
5 2 16 4
5 2 16 6
5 2 16 7
5 4 16 6
5 4 16 7
5 2 17 4
5 6 17 10
5 7 17 10
5 2 22 10
6 2 10 9
6 2 10 10
6 3 10 9
6 3 10 10
6 4 10 9
6 4 10 10
6 5 10 9
6 5 10 10
6 6 10 9
6 6 10 10
6 7 10 9
6 7 10 10
6 2 14 6
6 2 14 7
6 3 14 6
6 3 14 7
6 4 14 6
6 4 14 7
6 2 16 4
6 2 16 6
6 2 16 7
6 4 16 6
6 4 16 7
6 2 17 4
6 6 17 10
6 7 17 10
6 2 22 10
7 2 14 6
7 2 14 7
7 3 14 6
7 3 14 7
7 4 14 6
7 4 14 7
7 2 16 4
7 2 16 6
7 2 16 7
7 4 16 6
7 4 16 7
7 2 17 4
8 2 14 6
8 2 14 7
8 3 14 6
8 3 14 7
8 4 14 6
8 4 14 7
8 2 16 4
8 2 16 6
8 2 16 7
8 4 16 6
8 4 16 7
8 2 17 4
9 2 14 6
9 2 14 7
9 3 14 6
9 3 14 7
9 4 14 6
9 4 14 7
9 2 16 4
9 2 16 6
9 2 16 7
9 4 16 6
9 4 16 7
9 2 17 4
10 2 14 6
10 2 14 7
10 3 14 6
10 3 14 7
10 4 14 6
10 4 14 7
10 2 16 4
10 2 16 6
10 2 16 7
10 4 16 6
10 4 16 7
10 2 17 4
10 6 17 10
10 7 17 10
10 2 22 10
11 2 14 6
11 2 14 7
11 3 14 6
11 3 14 7
11 4 14 6
11 4 14 7
11 2 16 4
11 2 16 6
11 2 16 7
11 4 16 6
11 4 16 7
11 2 17 4
12 2 14 6
12 2 14 7
12 3 14 6
12 3 14 7
12 4 14 6
12 4 14 7
12 2 16 4
12 2 16 6
12 2 16 7
12 4 16 6
12 4 16 7
12 2 17 4
13 1 16 4
13 2 16 4
13 1 17 4
13 2 17 4
14 1 16 4
14 1 16 6
14 1 16 7
14 2 16 4
14 2 16 6
14 2 16 7
14 4 16 6
14 4 16 7
14 1 17 4
14 2 17 4
