13 22
0111111111111111110000
0100001010011110110000
0111111111111111111111
0110000110010010110001
0110000110010010110001
0110000110010010110001
0110000110010010110001
0110000111111111111111
0111111111111111110010
0000000010011110010010
0000000011111111111110
0000000000010000010000
0000000000011111110000
143
1 2 3 7
1 2 3 9
1 2 3 12
1 2 3 13
1 2 3 14
1 2 3 15
1 2 3 17
1 2 3 18
1 7 3 9
1 7 3 12
1 7 3 13
1 7 3 14
1 7 3 15
1 7 3 17
1 7 3 18
1 9 3 12
1 9 3 13
1 9 3 14
1 9 3 15
1 9 3 17
1 9 3 18
1 12 3 17
1 12 3 18
1 13 3 17
1 13 3 18
1 14 3 17
1 14 3 18
1 15 3 17
1 15 3 18
1 9 8 12
1 9 8 15
1 9 8 17
1 9 8 18
1 12 8 15
1 12 8 17
1 12 8 18
1 15 8 17
1 15 8 18
1 2 9 9
1 2 9 12
1 2 9 15
1 2 9 17
1 2 9 18
1 9 9 12
1 9 9 15
1 9 9 17
1 9 9 18
1 12 9 15
1 12 9 17
1 12 9 18
1 15 9 17
1 15 9 18
1 12 10 15
1 9 11 12
1 9 11 15
1 9 11 18
1 12 11 15
1 12 11 18
1 15 11 18
1 12 13 18
2 12 8 15
2 12 9 15
2 12 10 15
2 12 11 15
3 8 8 12
3 8 8 15
3 8 8 17
3 8 8 18
3 8 8 22
3 9 8 12
3 9 8 15
3 9 8 17
3 9 8 18
3 9 8 22
3 12 8 15
3 12 8 17
3 12 8 18
3 12 8 22
3 15 8 17
3 15 8 18
3 15 8 22
3 17 8 22
3 18 8 22
3 2 9 8
3 2 9 9
3 2 9 12
3 2 9 15
3 2 9 17
3 2 9 18
3 3 9 8
3 3 9 9
3 3 9 12
3 3 9 15
3 3 9 17
3 3 9 18
3 8 9 12
3 8 9 15
3 8 9 17
3 8 9 18
3 9 9 12
3 9 9 15
3 9 9 17
3 9 9 18
3 12 9 15
3 12 9 17
3 12 9 18
3 15 9 17
3 15 9 18
3 12 10 15
3 9 11 12
3 9 11 15
3 9 11 18
3 12 11 15
3 12 11 18
3 15 11 18
3 12 13 18
8 9 11 12
8 9 11 13
8 9 11 14
8 9 11 15
8 9 11 18
8 9 11 21
8 12 11 18
8 12 11 21
8 13 11 18
8 13 11 21
8 14 11 18
8 14 11 21
8 15 11 18
8 15 11 21
8 18 11 21
8 12 13 18
9 9 11 12
9 9 11 13
9 9 11 14
9 9 11 15
9 9 11 18
9 12 11 18
9 13 11 18
9 14 11 18
9 15 11 18
9 12 13 18
11 12 13 18
