14 11
00111111111
11111111101
10111111111
11111111101
10111111101
10110110101
10110110101
11111111101
11111111111
11111111111
11100111001
11100111001
11111111111
11111111111
310
1 3 3 11
1 4 3 11
1 5 3 11
1 6 3 11
1 7 3 11
1 8 3 11
1 9 3 11
1 3 8 6
1 3 8 7
1 3 8 9
1 4 8 6
1 4 8 7
1 4 8 9
1 6 8 9
1 7 8 9
1 3 9 6
1 3 9 7
1 3 9 9
1 3 9 11
1 4 9 6
1 4 9 7
1 4 9 9
1 4 9 11
1 6 9 9
1 6 9 11
1 7 9 9
1 7 9 11
1 9 9 11
1 3 10 6
1 3 10 7
1 3 10 9
1 3 10 11
1 4 10 6
1 4 10 7
1 4 10 9
1 4 10 11
1 6 10 9
1 6 10 11
1 7 10 9
1 7 10 11
1 9 10 11
1 3 13 6
1 3 13 7
1 3 13 11
1 6 13 11
1 7 13 11
1 3 14 6
1 3 14 7
1 3 14 11
1 6 14 11
1 7 14 11
2 1 4 3
2 1 4 4
2 1 4 5
2 1 4 6
2 1 4 7
2 1 4 8
2 1 4 9
2 1 8 3
2 1 8 4
2 1 8 6
2 1 8 7
2 1 8 9
2 3 8 6
2 3 8 7
2 3 8 9
2 4 8 6
2 4 8 7
2 4 8 9
2 6 8 9
2 7 8 9
2 1 9 3
2 1 9 4
2 1 9 6
2 1 9 7
2 1 9 9
2 3 9 6
2 3 9 7
2 3 9 9
2 4 9 6
2 4 9 7
2 4 9 9
2 6 9 9
2 7 9 9
2 1 10 3
2 1 10 4
2 1 10 6
2 1 10 7
2 1 10 9
2 3 10 6
2 3 10 7
2 3 10 9
2 4 10 6
2 4 10 7
2 4 10 9
2 6 10 9
2 7 10 9
2 1 11 3
2 1 12 3
2 1 13 3
2 1 13 6
2 1 13 7
2 3 13 6
2 3 13 7
2 1 14 3
2 1 14 6
2 1 14 7
2 3 14 6
2 3 14 7
3 3 8 6
3 3 8 7
3 3 8 9
3 4 8 6
3 4 8 7
3 4 8 9
3 6 8 9
3 7 8 9
3 3 9 6
3 3 9 7
3 3 9 9
3 3 9 11
3 4 9 6
3 4 9 7
3 4 9 9
3 4 9 11
3 6 9 9
3 6 9 11
3 7 9 9
3 7 9 11
3 9 9 11
3 3 10 6
3 3 10 7
3 3 10 9
3 3 10 11
3 4 10 6
3 4 10 7
3 4 10 9
3 4 10 11
3 6 10 9
3 6 10 11
3 7 10 9
3 7 10 11
3 9 10 11
3 3 13 6
3 3 13 7
3 3 13 11
3 6 13 11
3 7 13 11
3 3 14 6
3 3 14 7
3 3 14 11
3 6 14 11
3 7 14 11
4 1 8 3
4 1 8 4
4 1 8 6
4 1 8 7
4 1 8 9
4 3 8 6
4 3 8 7
4 3 8 9
4 4 8 6
4 4 8 7
4 4 8 9
4 6 8 9
4 7 8 9
4 1 9 3
4 1 9 4
4 1 9 6
4 1 9 7
4 1 9 9
4 3 9 6
4 3 9 7
4 3 9 9
4 4 9 6
4 4 9 7
4 4 9 9
4 6 9 9
4 7 9 9
4 1 10 3
4 1 10 4
4 1 10 6
4 1 10 7
4 1 10 9
4 3 10 6
4 3 10 7
4 3 10 9
4 4 10 6
4 4 10 7
4 4 10 9
4 6 10 9
4 7 10 9
4 1 11 3
4 1 12 3
4 1 13 3
4 1 13 6
4 1 13 7
4 3 13 6
4 3 13 7
4 1 14 3
4 1 14 6
4 1 14 7
4 3 14 6
4 3 14 7
5 3 8 6
5 3 8 7
5 3 8 9
5 4 8 6
5 4 8 7
5 4 8 9
5 6 8 9
5 7 8 9
5 3 9 6
5 3 9 7
5 3 9 9
5 4 9 6
5 4 9 7
5 4 9 9
5 6 9 9
5 7 9 9
5 3 10 6
5 3 10 7
5 3 10 9
5 4 10 6
5 4 10 7
5 4 10 9
5 6 10 9
5 7 10 9
5 3 13 6
5 3 13 7
5 3 14 6
5 3 14 7
8 1 13 6
8 1 13 7
8 1 13 8
8 2 13 6
8 2 13 7
8 2 13 8
8 3 13 6
8 3 13 7
8 3 13 8
8 1 14 6
8 1 14 7
8 1 14 8
8 2 14 6
8 2 14 7
8 2 14 8
8 3 14 6
8 3 14 7
8 3 14 8
9 1 13 6
9 1 13 7
9 1 13 8
9 1 13 11
9 2 13 6
9 2 13 7
9 2 13 8
9 2 13 11
9 3 13 6
9 3 13 7
9 3 13 8
9 3 13 11
9 6 13 11
9 7 13 11
9 8 13 11
9 1 14 6
9 1 14 7
9 1 14 8
9 1 14 11
9 2 14 6
9 2 14 7
9 2 14 8
9 2 14 11
9 3 14 6
9 3 14 7
9 3 14 8
9 3 14 11
9 6 14 11
9 7 14 11
9 8 14 11
10 1 13 6
10 1 13 7
10 1 13 8
10 1 13 11
10 2 13 6
10 2 13 7
10 2 13 8
10 2 13 11
10 3 13 6
10 3 13 7
10 3 13 8
10 3 13 11
10 6 13 11
10 7 13 11
10 8 13 11
10 1 14 6
10 1 14 7
10 1 14 8
10 1 14 11
10 2 14 6
10 2 14 7
10 2 14 8
10 2 14 11
10 3 14 6
10 3 14 7
10 3 14 8
10 3 14 11
10 6 14 11
10 7 14 11
10 8 14 11
