20 22
0000000000011111111110
0000000000010000000010
0000001111110000000010
0000001000010000000010
0000001000010000000010
1111111111111100000010
1000001000010100000010
1000001000010100000010
1000001000010100000010
1111111111111100000010
0000001000010000000010
0001111111111110000010
0001001000010010000010
0001001000010010000010
0001001000010010000010
0001001000011111111110
0001001000010010000000
0001111111111110000000
0000001111110000000000
0000000000000000000000
27
1 12 16 21
3 7 6 12
3 7 10 12
3 7 12 12
3 7 18 12
3 7 19 12
6 1 10 7
6 1 10 12
6 1 10 14
6 7 10 12
6 7 10 14
6 12 10 14
6 7 12 12
6 7 18 12
6 7 19 12
10 7 12 12
10 7 18 12
10 7 19 12
12 12 16 15
12 4 18 7
12 4 18 12
12 4 18 15
12 7 18 12
12 7 18 15
12 12 18 15
12 7 19 12
16 12 18 15
