12 23
01111111111111111111110
11111111111111111111110
11111111111111111111110
11111111111111111111110
11111111110011011111110
11111111111111111011110
11011111111111111111110
11011111110011011111110
11011111111111111100110
11010111111111111111110
11111111110000011110100
01111111111111111111100
1355
1 2 6 13
1 2 6 14
1 2 6 16
1 2 6 17
1 3 6 13
1 3 6 14
1 3 6 16
1 3 6 17
1 4 6 13
1 4 6 14
1 4 6 16
1 4 6 17
1 5 6 13
1 5 6 14
1 5 6 16
1 5 6 17
1 6 6 13
1 6 6 14
1 6 6 16
1 6 6 17
1 7 6 13
1 7 6 14
1 7 6 16
1 7 6 17
1 8 6 13
1 8 6 14
1 8 6 16
1 8 6 17
1 9 6 13
1 9 6 14
1 9 6 16
1 9 6 17
1 10 6 13
1 10 6 14
1 10 6 16
1 10 6 17
1 13 6 16
1 13 6 17
1 14 6 16
1 14 6 17
1 4 7 13
1 4 7 14
1 4 7 16
1 4 7 17
1 4 7 19
1 4 7 20
1 4 7 21
1 4 7 22
1 5 7 13
1 5 7 14
1 5 7 16
1 5 7 17
1 5 7 19
1 5 7 20
1 5 7 21
1 5 7 22
1 6 7 13
1 6 7 14
1 6 7 16
1 6 7 17
1 6 7 19
1 6 7 20
1 6 7 21
1 6 7 22
1 7 7 13
1 7 7 14
1 7 7 16
1 7 7 17
1 7 7 19
1 7 7 20
1 7 7 21
1 7 7 22
1 8 7 13
1 8 7 14
1 8 7 16
1 8 7 17
1 8 7 19
1 8 7 20
1 8 7 21
1 8 7 22
1 9 7 13
1 9 7 14
1 9 7 16
1 9 7 17
1 9 7 19
1 9 7 20
1 9 7 21
1 9 7 22
1 10 7 13
1 10 7 14
1 10 7 16
1 10 7 17
1 10 7 19
1 10 7 20
1 10 7 21
1 10 7 22
1 13 7 16
1 13 7 17
1 13 7 19
1 13 7 20
1 13 7 21
1 13 7 22
1 14 7 16
1 14 7 17
1 14 7 19
1 14 7 20
1 14 7 21
1 14 7 22
1 16 7 19
1 16 7 20
1 16 7 21
1 16 7 22
1 17 7 19
1 17 7 20
1 17 7 21
1 17 7 22
1 16 8 19
1 16 8 20
1 16 8 21
1 16 8 22
1 17 8 19
1 17 8 20
1 17 8 21
1 17 8 22
1 4 9 13
1 4 9 14
1 4 9 16
1 4 9 17
1 5 9 13
1 5 9 14
1 5 9 16
1 5 9 17
1 6 9 13
1 6 9 14
1 6 9 16
1 6 9 17
1 7 9 13
1 7 9 14
1 7 9 16
1 7 9 17
1 8 9 13
1 8 9 14
1 8 9 16
1 8 9 17
1 9 9 13
1 9 9 14
1 9 9 16
1 9 9 17
1 10 9 13
1 10 9 14
1 10 9 16
1 10 9 17
1 13 9 16
1 13 9 17
1 14 9 16
1 14 9 17
1 6 10 13
1 6 10 14
1 6 10 16
1 6 10 17
1 6 10 21
1 6 10 22
1 7 10 13
1 7 10 14
1 7 10 16
1 7 10 17
1 7 10 21
1 7 10 22
1 8 10 13
1 8 10 14
1 8 10 16
1 8 10 17
1 8 10 21
1 8 10 22
1 9 10 13
1 9 10 14
1 9 10 16
1 9 10 17
1 9 10 21
1 9 10 22
1 10 10 13
1 10 10 14
1 10 10 16
1 10 10 17
1 10 10 21
1 10 10 22
1 13 10 16
1 13 10 17
1 13 10 21
1 13 10 22
1 14 10 16
1 14 10 17
1 14 10 21
1 14 10 22
1 16 10 21
1 16 10 22
1 17 10 21
1 17 10 22
1 2 11 4
1 2 11 6
1 2 11 7
1 2 11 8
1 2 11 9
1 2 11 10
1 4 11 6
1 4 11 7
1 4 11 8
1 4 11 9
1 4 11 10
1 2 12 4
1 2 12 6
1 2 12 7
1 2 12 8
1 2 12 9
1 2 12 10
1 2 12 16
1 2 12 17
1 2 12 21
1 4 12 6
1 4 12 7
1 4 12 8
1 4 12 9
1 4 12 10
1 4 12 16
1 4 12 17
1 4 12 21
1 6 12 16
1 6 12 17
1 6 12 21
1 7 12 16
1 7 12 17
1 7 12 21
1 8 12 16
1 8 12 17
1 8 12 21
1 9 12 16
1 9 12 17
1 9 12 21
1 10 12 16
1 10 12 17
1 10 12 21
1 16 12 21
1 17 12 21
2 1 6 13
2 1 6 14
2 1 6 16
2 1 6 17
2 2 6 13
2 2 6 14
2 2 6 16
2 2 6 17
2 3 6 13
2 3 6 14
2 3 6 16
2 3 6 17
2 4 6 13
2 4 6 14
2 4 6 16
2 4 6 17
2 5 6 13
2 5 6 14
2 5 6 16
2 5 6 17
2 6 6 13
2 6 6 14
2 6 6 16
2 6 6 17
2 7 6 13
2 7 6 14
2 7 6 16
2 7 6 17
2 8 6 13
2 8 6 14
2 8 6 16
2 8 6 17
2 9 6 13
2 9 6 14
2 9 6 16
2 9 6 17
2 10 6 13
2 10 6 14
2 10 6 16
2 10 6 17
2 13 6 16
2 13 6 17
2 14 6 16
2 14 6 17
2 4 7 13
2 4 7 14
2 4 7 16
2 4 7 17
2 4 7 19
2 4 7 20
2 4 7 21
2 4 7 22
2 5 7 13
2 5 7 14
2 5 7 16
2 5 7 17
2 5 7 19
2 5 7 20
2 5 7 21
2 5 7 22
2 6 7 13
2 6 7 14
2 6 7 16
2 6 7 17
2 6 7 19
2 6 7 20
2 6 7 21
2 6 7 22
2 7 7 13
2 7 7 14
2 7 7 16
2 7 7 17
2 7 7 19
2 7 7 20
2 7 7 21
2 7 7 22
2 8 7 13
2 8 7 14
2 8 7 16
2 8 7 17
2 8 7 19
2 8 7 20
2 8 7 21
2 8 7 22
2 9 7 13
2 9 7 14
2 9 7 16
2 9 7 17
2 9 7 19
2 9 7 20
2 9 7 21
2 9 7 22
2 10 7 13
2 10 7 14
2 10 7 16
2 10 7 17
2 10 7 19
2 10 7 20
2 10 7 21
2 10 7 22
2 13 7 16
2 13 7 17
2 13 7 19
2 13 7 20
2 13 7 21
2 13 7 22
2 14 7 16
2 14 7 17
2 14 7 19
2 14 7 20
2 14 7 21
2 14 7 22
2 16 7 19
2 16 7 20
2 16 7 21
2 16 7 22
2 17 7 19
2 17 7 20
2 17 7 21
2 17 7 22
2 16 8 19
2 16 8 20
2 16 8 21
2 16 8 22
2 17 8 19
2 17 8 20
2 17 8 21
2 17 8 22
2 4 9 13
2 4 9 14
2 4 9 16
2 4 9 17
2 5 9 13
2 5 9 14
2 5 9 16
2 5 9 17
2 6 9 13
2 6 9 14
2 6 9 16
2 6 9 17
2 7 9 13
2 7 9 14
2 7 9 16
2 7 9 17
2 8 9 13
2 8 9 14
2 8 9 16
2 8 9 17
2 9 9 13
2 9 9 14
2 9 9 16
2 9 9 17
2 10 9 13
2 10 9 14
2 10 9 16
2 10 9 17
2 13 9 16
2 13 9 17
2 14 9 16
2 14 9 17
2 6 10 13
2 6 10 14
2 6 10 16
2 6 10 17
2 6 10 21
2 6 10 22
2 7 10 13
2 7 10 14
2 7 10 16
2 7 10 17
2 7 10 21
2 7 10 22
2 8 10 13
2 8 10 14
2 8 10 16
2 8 10 17
2 8 10 21
2 8 10 22
2 9 10 13
2 9 10 14
2 9 10 16
2 9 10 17
2 9 10 21
2 9 10 22
2 10 10 13
2 10 10 14
2 10 10 16
2 10 10 17
2 10 10 21
2 10 10 22
2 13 10 16
2 13 10 17
2 13 10 21
2 13 10 22
2 14 10 16
2 14 10 17
2 14 10 21
2 14 10 22
2 16 10 21
2 16 10 22
2 17 10 21
2 17 10 22
2 1 11 4
2 1 11 6
2 1 11 7
2 1 11 8
2 1 11 9
2 1 11 10
2 2 11 4
2 2 11 6
2 2 11 7
2 2 11 8
2 2 11 9
2 2 11 10
2 4 11 6
2 4 11 7
2 4 11 8
2 4 11 9
2 4 11 10
2 2 12 4
2 2 12 6
2 2 12 7
2 2 12 8
2 2 12 9
2 2 12 10
2 2 12 16
2 2 12 17
2 2 12 21
2 4 12 6
2 4 12 7
2 4 12 8
2 4 12 9
2 4 12 10
2 4 12 16
2 4 12 17
2 4 12 21
2 6 12 16
2 6 12 17
2 6 12 21
2 7 12 16
2 7 12 17
2 7 12 21
2 8 12 16
2 8 12 17
2 8 12 21
2 9 12 16
2 9 12 17
2 9 12 21
2 10 12 16
2 10 12 17
2 10 12 21
2 16 12 21
2 17 12 21
3 1 6 13
3 1 6 14
3 1 6 16
3 1 6 17
3 2 6 13
3 2 6 14
3 2 6 16
3 2 6 17
3 3 6 13
3 3 6 14
3 3 6 16
3 3 6 17
3 4 6 13
3 4 6 14
3 4 6 16
3 4 6 17
3 5 6 13
3 5 6 14
3 5 6 16
3 5 6 17
3 6 6 13
3 6 6 14
3 6 6 16
3 6 6 17
3 7 6 13
3 7 6 14
3 7 6 16
3 7 6 17
3 8 6 13
3 8 6 14
3 8 6 16
3 8 6 17
3 9 6 13
3 9 6 14
3 9 6 16
3 9 6 17
3 10 6 13
3 10 6 14
3 10 6 16
3 10 6 17
3 13 6 16
3 13 6 17
3 14 6 16
3 14 6 17
3 4 7 13
3 4 7 14
3 4 7 16
3 4 7 17
3 4 7 19
3 4 7 20
3 4 7 21
3 4 7 22
3 5 7 13
3 5 7 14
3 5 7 16
3 5 7 17
3 5 7 19
3 5 7 20
3 5 7 21
3 5 7 22
3 6 7 13
3 6 7 14
3 6 7 16
3 6 7 17
3 6 7 19
3 6 7 20
3 6 7 21
3 6 7 22
3 7 7 13
3 7 7 14
3 7 7 16
3 7 7 17
3 7 7 19
3 7 7 20
3 7 7 21
3 7 7 22
3 8 7 13
3 8 7 14
3 8 7 16
3 8 7 17
3 8 7 19
3 8 7 20
3 8 7 21
3 8 7 22
3 9 7 13
3 9 7 14
3 9 7 16
3 9 7 17
3 9 7 19
3 9 7 20
3 9 7 21
3 9 7 22
3 10 7 13
3 10 7 14
3 10 7 16
3 10 7 17
3 10 7 19
3 10 7 20
3 10 7 21
3 10 7 22
3 13 7 16
3 13 7 17
3 13 7 19
3 13 7 20
3 13 7 21
3 13 7 22
3 14 7 16
3 14 7 17
3 14 7 19
3 14 7 20
3 14 7 21
3 14 7 22
3 16 7 19
3 16 7 20
3 16 7 21
3 16 7 22
3 17 7 19
3 17 7 20
3 17 7 21
3 17 7 22
3 16 8 19
3 16 8 20
3 16 8 21
3 16 8 22
3 17 8 19
3 17 8 20
3 17 8 21
3 17 8 22
3 4 9 13
3 4 9 14
3 4 9 16
3 4 9 17
3 5 9 13
3 5 9 14
3 5 9 16
3 5 9 17
3 6 9 13
3 6 9 14
3 6 9 16
3 6 9 17
3 7 9 13
3 7 9 14
3 7 9 16
3 7 9 17
3 8 9 13
3 8 9 14
3 8 9 16
3 8 9 17
3 9 9 13
3 9 9 14
3 9 9 16
3 9 9 17
3 10 9 13
3 10 9 14
3 10 9 16
3 10 9 17
3 13 9 16
3 13 9 17
3 14 9 16
3 14 9 17
3 6 10 13
3 6 10 14
3 6 10 16
3 6 10 17
3 6 10 21
3 6 10 22
3 7 10 13
3 7 10 14
3 7 10 16
3 7 10 17
3 7 10 21
3 7 10 22
3 8 10 13
3 8 10 14
3 8 10 16
3 8 10 17
3 8 10 21
3 8 10 22
3 9 10 13
3 9 10 14
3 9 10 16
3 9 10 17
3 9 10 21
3 9 10 22
3 10 10 13
3 10 10 14
3 10 10 16
3 10 10 17
3 10 10 21
3 10 10 22
3 13 10 16
3 13 10 17
3 13 10 21
3 13 10 22
3 14 10 16
3 14 10 17
3 14 10 21
3 14 10 22
3 16 10 21
3 16 10 22
3 17 10 21
3 17 10 22
3 1 11 4
3 1 11 6
3 1 11 7
3 1 11 8
3 1 11 9
3 1 11 10
3 2 11 4
3 2 11 6
3 2 11 7
3 2 11 8
3 2 11 9
3 2 11 10
3 4 11 6
3 4 11 7
3 4 11 8
3 4 11 9
3 4 11 10
3 2 12 4
3 2 12 6
3 2 12 7
3 2 12 8
3 2 12 9
3 2 12 10
3 2 12 16
3 2 12 17
3 2 12 21
3 4 12 6
3 4 12 7
3 4 12 8
3 4 12 9
3 4 12 10
3 4 12 16
3 4 12 17
3 4 12 21
3 6 12 16
3 6 12 17
3 6 12 21
3 7 12 16
3 7 12 17
3 7 12 21
3 8 12 16
3 8 12 17
3 8 12 21
3 9 12 16
3 9 12 17
3 9 12 21
3 10 12 16
3 10 12 17
3 10 12 21
3 16 12 21
3 17 12 21
4 1 6 13
4 1 6 14
4 1 6 16
4 1 6 17
4 2 6 13
4 2 6 14
4 2 6 16
4 2 6 17
4 3 6 13
4 3 6 14
4 3 6 16
4 3 6 17
4 4 6 13
4 4 6 14
4 4 6 16
4 4 6 17
4 5 6 13
4 5 6 14
4 5 6 16
4 5 6 17
4 6 6 13
4 6 6 14
4 6 6 16
4 6 6 17
4 7 6 13
4 7 6 14
4 7 6 16
4 7 6 17
4 8 6 13
4 8 6 14
4 8 6 16
4 8 6 17
4 9 6 13
4 9 6 14
4 9 6 16
4 9 6 17
4 10 6 13
4 10 6 14
4 10 6 16
4 10 6 17
4 13 6 16
4 13 6 17
4 14 6 16
4 14 6 17
4 4 7 13
4 4 7 14
4 4 7 16
4 4 7 17
4 4 7 19
4 4 7 20
4 4 7 21
4 4 7 22
4 5 7 13
4 5 7 14
4 5 7 16
4 5 7 17
4 5 7 19
4 5 7 20
4 5 7 21
4 5 7 22
4 6 7 13
4 6 7 14
4 6 7 16
4 6 7 17
4 6 7 19
4 6 7 20
4 6 7 21
4 6 7 22
4 7 7 13
4 7 7 14
4 7 7 16
4 7 7 17
4 7 7 19
4 7 7 20
4 7 7 21
4 7 7 22
4 8 7 13
4 8 7 14
4 8 7 16
4 8 7 17
4 8 7 19
4 8 7 20
4 8 7 21
4 8 7 22
4 9 7 13
4 9 7 14
4 9 7 16
4 9 7 17
4 9 7 19
4 9 7 20
4 9 7 21
4 9 7 22
4 10 7 13
4 10 7 14
4 10 7 16
4 10 7 17
4 10 7 19
4 10 7 20
4 10 7 21
4 10 7 22
4 13 7 16
4 13 7 17
4 13 7 19
4 13 7 20
4 13 7 21
4 13 7 22
4 14 7 16
4 14 7 17
4 14 7 19
4 14 7 20
4 14 7 21
4 14 7 22
4 16 7 19
4 16 7 20
4 16 7 21
4 16 7 22
4 17 7 19
4 17 7 20
4 17 7 21
4 17 7 22
4 16 8 19
4 16 8 20
4 16 8 21
4 16 8 22
4 17 8 19
4 17 8 20
4 17 8 21
4 17 8 22
4 4 9 13
4 4 9 14
4 4 9 16
4 4 9 17
4 5 9 13
4 5 9 14
4 5 9 16
4 5 9 17
4 6 9 13
4 6 9 14
4 6 9 16
4 6 9 17
4 7 9 13
4 7 9 14
4 7 9 16
4 7 9 17
4 8 9 13
4 8 9 14
4 8 9 16
4 8 9 17
4 9 9 13
4 9 9 14
4 9 9 16
4 9 9 17
4 10 9 13
4 10 9 14
4 10 9 16
4 10 9 17
4 13 9 16
4 13 9 17
4 14 9 16
4 14 9 17
4 6 10 13
4 6 10 14
4 6 10 16
4 6 10 17
4 6 10 21
4 6 10 22
4 7 10 13
4 7 10 14
4 7 10 16
4 7 10 17
4 7 10 21
4 7 10 22
4 8 10 13
4 8 10 14
4 8 10 16
4 8 10 17
4 8 10 21
4 8 10 22
4 9 10 13
4 9 10 14
4 9 10 16
4 9 10 17
4 9 10 21
4 9 10 22
4 10 10 13
4 10 10 14
4 10 10 16
4 10 10 17
4 10 10 21
4 10 10 22
4 13 10 16
4 13 10 17
4 13 10 21
4 13 10 22
4 14 10 16
4 14 10 17
4 14 10 21
4 14 10 22
4 16 10 21
4 16 10 22
4 17 10 21
4 17 10 22
4 1 11 4
4 1 11 6
4 1 11 7
4 1 11 8
4 1 11 9
4 1 11 10
4 2 11 4
4 2 11 6
4 2 11 7
4 2 11 8
4 2 11 9
4 2 11 10
4 4 11 6
4 4 11 7
4 4 11 8
4 4 11 9
4 4 11 10
4 2 12 4
4 2 12 6
4 2 12 7
4 2 12 8
4 2 12 9
4 2 12 10
4 2 12 16
4 2 12 17
4 2 12 21
4 4 12 6
4 4 12 7
4 4 12 8
4 4 12 9
4 4 12 10
4 4 12 16
4 4 12 17
4 4 12 21
4 6 12 16
4 6 12 17
4 6 12 21
4 7 12 16
4 7 12 17
4 7 12 21
4 8 12 16
4 8 12 17
4 8 12 21
4 9 12 16
4 9 12 17
4 9 12 21
4 10 12 16
4 10 12 17
4 10 12 21
4 16 12 21
4 17 12 21
5 16 7 19
5 16 7 20
5 16 7 21
5 16 7 22
5 17 7 19
5 17 7 20
5 17 7 21
5 17 7 22
5 16 8 19
5 16 8 20
5 16 8 21
5 16 8 22
5 17 8 19
5 17 8 20
5 17 8 21
5 17 8 22
5 16 10 21
5 16 10 22
5 17 10 21
5 17 10 22
5 1 11 4
5 1 11 6
5 1 11 7
5 1 11 8
5 1 11 9
5 1 11 10
5 2 11 4
5 2 11 6
5 2 11 7
5 2 11 8
5 2 11 9
5 2 11 10
5 4 11 6
5 4 11 7
5 4 11 8
5 4 11 9
5 4 11 10
5 2 12 4
5 2 12 6
5 2 12 7
5 2 12 8
5 2 12 9
5 2 12 10
5 4 12 6
5 4 12 7
5 4 12 8
5 4 12 9
5 4 12 10
5 16 12 21
5 17 12 21
6 4 9 13
6 4 9 14
6 4 9 16
6 4 9 17
6 5 9 13
6 5 9 14
6 5 9 16
6 5 9 17
6 6 9 13
6 6 9 14
6 6 9 16
6 6 9 17
6 7 9 13
6 7 9 14
6 7 9 16
6 7 9 17
6 8 9 13
6 8 9 14
6 8 9 16
6 8 9 17
6 9 9 13
6 9 9 14
6 9 9 16
6 9 9 17
6 10 9 13
6 10 9 14
6 10 9 16
6 10 9 17
6 13 9 16
6 13 9 17
6 14 9 16
6 14 9 17
6 6 10 13
6 6 10 14
6 6 10 16
6 6 10 17
6 7 10 13
6 7 10 14
6 7 10 16
6 7 10 17
6 8 10 13
6 8 10 14
6 8 10 16
6 8 10 17
6 9 10 13
6 9 10 14
6 9 10 16
6 9 10 17
6 10 10 13
6 10 10 14
6 10 10 16
6 10 10 17
6 13 10 16
6 13 10 17
6 14 10 16
6 14 10 17
6 1 11 4
6 1 11 6
6 1 11 7
6 1 11 8
6 1 11 9
6 1 11 10
6 2 11 4
6 2 11 6
6 2 11 7
6 2 11 8
6 2 11 9
6 2 11 10
6 4 11 6
6 4 11 7
6 4 11 8
6 4 11 9
6 4 11 10
6 2 12 4
6 2 12 6
6 2 12 7
6 2 12 8
6 2 12 9
6 2 12 10
6 2 12 16
6 2 12 17
6 4 12 6
6 4 12 7
6 4 12 8
6 4 12 9
6 4 12 10
6 4 12 16
6 4 12 17
6 6 12 16
6 6 12 17
6 7 12 16
6 7 12 17
6 8 12 16
6 8 12 17
6 9 12 16
6 9 12 17
6 10 12 16
6 10 12 17
7 4 9 13
7 4 9 14
7 4 9 16
7 4 9 17
7 4 9 18
7 5 9 13
7 5 9 14
7 5 9 16
7 5 9 17
7 5 9 18
7 6 9 13
7 6 9 14
7 6 9 16
7 6 9 17
7 6 9 18
7 7 9 13
7 7 9 14
7 7 9 16
7 7 9 17
7 7 9 18
7 8 9 13
7 8 9 14
7 8 9 16
7 8 9 17
7 8 9 18
7 9 9 13
7 9 9 14
7 9 9 16
7 9 9 17
7 9 9 18
7 10 9 13
7 10 9 14
7 10 9 16
7 10 9 17
7 10 9 18
7 13 9 16
7 13 9 17
7 13 9 18
7 14 9 16
7 14 9 17
7 14 9 18
7 6 10 13
7 6 10 14
7 6 10 16
7 6 10 17
7 6 10 18
7 6 10 21
7 6 10 22
7 7 10 13
7 7 10 14
7 7 10 16
7 7 10 17
7 7 10 18
7 7 10 21
7 7 10 22
7 8 10 13
7 8 10 14
7 8 10 16
7 8 10 17
7 8 10 18
7 8 10 21
7 8 10 22
7 9 10 13
7 9 10 14
7 9 10 16
7 9 10 17
7 9 10 18
7 9 10 21
7 9 10 22
7 10 10 13
7 10 10 14
7 10 10 16
7 10 10 17
7 10 10 18
7 10 10 21
7 10 10 22
7 13 10 16
7 13 10 17
7 13 10 18
7 13 10 21
7 13 10 22
7 14 10 16
7 14 10 17
7 14 10 18
7 14 10 21
7 14 10 22
7 16 10 21
7 16 10 22
7 17 10 21
7 17 10 22
7 18 10 21
7 18 10 22
7 4 11 6
7 4 11 7
7 4 11 8
7 4 11 9
7 4 11 10
7 4 12 6
7 4 12 7
7 4 12 8
7 4 12 9
7 4 12 10
7 4 12 16
7 4 12 17
7 4 12 18
7 4 12 21
7 6 12 16
7 6 12 17
7 6 12 18
7 6 12 21
7 7 12 16
7 7 12 17
7 7 12 18
7 7 12 21
7 8 12 16
7 8 12 17
7 8 12 18
7 8 12 21
7 9 12 16
7 9 12 17
7 9 12 18
7 9 12 21
7 10 12 16
7 10 12 17
7 10 12 18
7 10 12 21
7 16 12 21
7 17 12 21
7 18 12 21
8 16 10 21
8 16 10 22
8 17 10 21
8 17 10 22
8 18 10 21
8 18 10 22
8 4 11 6
8 4 11 7
8 4 11 8
8 4 11 9
8 4 11 10
8 4 12 6
8 4 12 7
8 4 12 8
8 4 12 9
8 4 12 10
8 16 12 21
8 17 12 21
8 18 12 21
9 4 11 6
9 4 11 7
9 4 11 8
9 4 11 9
9 4 11 10
9 4 12 6
9 4 12 7
9 4 12 8
9 4 12 9
9 4 12 10
9 4 12 16
9 4 12 17
9 4 12 18
9 6 12 16
9 6 12 17
9 6 12 18
9 7 12 16
9 7 12 17
9 7 12 18
9 8 12 16
9 8 12 17
9 8 12 18
9 9 12 16
9 9 12 17
9 9 12 18
9 10 12 16
9 10 12 17
9 10 12 18
10 6 12 16
10 6 12 17
10 6 12 18
10 6 12 19
10 6 12 21
10 7 12 16
10 7 12 17
10 7 12 18
10 7 12 19
10 7 12 21
10 8 12 16
10 8 12 17
10 8 12 18
10 8 12 19
10 8 12 21
10 9 12 16
10 9 12 17
10 9 12 18
10 9 12 19
10 9 12 21
10 10 12 16
10 10 12 17
10 10 12 18
10 10 12 19
10 10 12 21
10 16 12 21
10 17 12 21
10 18 12 21
10 19 12 21
