20 11
00000000000
00000000000
00000000000
11110000000
10010000000
10011100000
10010100000
10010100000
11111111110
11010100010
11010100010
11010100010
11010100010
11111111110
10010100000
10010100000
11111100000
10010100000
10010100000
11111100000
32
4 1 9 4
4 1 14 4
4 1 17 4
4 1 20 4
6 4 9 6
6 4 14 6
6 4 17 6
6 4 20 6
9 1 14 4
9 1 14 6
9 1 14 10
9 2 14 4
9 2 14 6
9 2 14 10
9 4 14 6
9 4 14 10
9 6 14 10
9 1 17 4
9 1 17 6
9 4 17 6
9 1 20 4
9 1 20 6
9 4 20 6
14 1 17 4
14 1 17 6
14 4 17 6
14 1 20 4
14 1 20 6
14 4 20 6
17 1 20 4
17 1 20 6
17 4 20 6
