23 25
0000000011111111111111000
0000000111111111000001000
0000000110000101000001000
0000000110000101000001000
0000000110000101000001000
0000011111111101000001000
0000010110001101000001000
0000010110001101000001000
0000011111111101000001000
0000000110000001000001000
0000000111111111111111000
0000111111111111111001000
0000100100000001001001000
0000100100000001001001000
0000100100000001001001000
0000111111111111111001000
0000000111111111000001000
0011111111111111111111100
0010000000000001000001100
0010000000000001111111100
0011111111111111111111100
0000000000000000000000000
0000000000000000000000000
52
1 9 6 14
1 9 9 14
1 9 11 16
1 9 11 22
1 16 11 22
1 9 12 16
1 16 18 22
1 16 20 22
1 16 21 22
2 8 6 14
2 9 6 14
2 8 9 14
2 9 9 14
2 8 11 16
2 9 11 16
2 8 12 16
2 9 12 16
2 8 16 16
2 8 17 16
2 8 18 16
6 6 9 8
6 6 9 9
6 6 9 13
6 6 9 14
6 8 9 13
6 8 9 14
6 9 9 13
6 9 9 14
11 8 16 16
11 8 16 19
11 16 16 19
11 8 17 16
11 8 18 16
11 8 18 22
11 16 18 22
11 16 20 22
11 16 21 22
12 5 16 8
12 5 16 16
12 5 16 19
12 8 16 16
12 8 16 19
12 16 16 19
12 8 17 16
12 8 18 16
18 16 20 22
18 16 20 23
18 3 21 16
18 3 21 22
18 3 21 23
18 16 21 22
18 16 21 23
