16 18
000000000111000000
000000000111111000
000000000111111110
111111111111001010
100000000111001010
100000000111001010
100001111111001010
111111111111111111
110001000111111001
110001000101000001
110001111111000001
110000000100000001
110111111100000001
110100001100000001
111111111111111111
000000000000000000
40
1 10 11 12
2 10 8 15
2 11 8 15
2 12 8 15
2 10 9 15
2 11 9 15
2 12 9 15
2 10 11 12
3 10 8 15
3 10 8 17
3 11 8 15
3 11 8 17
3 12 8 15
3 12 8 17
3 15 8 17
3 10 9 15
3 11 9 15
3 12 9 15
3 10 11 12
4 1 8 10
4 1 8 11
4 1 8 12
4 10 11 12
4 1 15 10
5 10 11 12
6 10 11 12
7 6 11 10
7 6 11 12
7 10 11 12
8 6 11 10
8 6 11 12
8 10 11 12
8 1 15 10
8 1 15 18
8 2 15 10
8 2 15 18
8 10 15 18
9 10 11 12
13 4 15 9
13 4 15 10
