11 17
11111111111110000
10011111111111000
11111111111111000
10011000011111000
10011000011111000
10011111111111111
11111111111111001
10011111111111111
10011111111111111
10010100011000001
11110111111111111
177
1 1 3 4
1 1 3 5
1 1 3 6
1 1 3 7
1 1 3 8
1 1 3 9
1 1 3 10
1 1 3 11
1 1 3 12
1 1 3 13
1 4 6 10
1 4 6 11
1 4 6 12
1 4 6 13
1 5 6 10
1 5 6 11
1 5 6 12
1 5 6 13
1 1 7 4
1 1 7 5
1 1 7 10
1 1 7 11
1 1 7 12
1 1 7 13
1 4 7 10
1 4 7 11
1 4 7 12
1 4 7 13
1 5 7 10
1 5 7 11
1 5 7 12
1 5 7 13
1 4 8 10
1 4 8 11
1 4 8 12
1 4 8 13
1 5 8 10
1 5 8 11
1 5 8 12
1 5 8 13
1 4 9 10
1 4 9 11
1 4 9 12
1 4 9 13
1 5 9 10
1 5 9 11
1 5 9 12
1 5 9 13
1 1 11 4
2 4 6 10
2 4 6 11
2 4 6 12
2 4 6 13
2 4 6 14
2 5 6 10
2 5 6 11
2 5 6 12
2 5 6 13
2 5 6 14
2 4 7 10
2 4 7 11
2 4 7 12
2 4 7 13
2 4 7 14
2 5 7 10
2 5 7 11
2 5 7 12
2 5 7 13
2 5 7 14
2 4 8 10
2 4 8 11
2 4 8 12
2 4 8 13
2 4 8 14
2 5 8 10
2 5 8 11
2 5 8 12
2 5 8 13
2 5 8 14
2 4 9 10
2 4 9 11
2 4 9 12
2 4 9 13
2 4 9 14
2 5 9 10
2 5 9 11
2 5 9 12
2 5 9 13
2 5 9 14
3 4 6 10
3 4 6 11
3 4 6 12
3 4 6 13
3 4 6 14
3 5 6 10
3 5 6 11
3 5 6 12
3 5 6 13
3 5 6 14
3 1 7 4
3 1 7 5
3 1 7 10
3 1 7 11
3 1 7 12
3 1 7 13
3 1 7 14
3 4 7 10
3 4 7 11
3 4 7 12
3 4 7 13
3 4 7 14
3 5 7 10
3 5 7 11
3 5 7 12
3 5 7 13
3 5 7 14
3 4 8 10
3 4 8 11
3 4 8 12
3 4 8 13
3 4 8 14
3 5 8 10
3 5 8 11
3 5 8 12
3 5 8 13
3 5 8 14
3 4 9 10
3 4 9 11
3 4 9 12
3 4 9 13
3 4 9 14
3 5 9 10
3 5 9 11
3 5 9 12
3 5 9 13
3 5 9 14
3 1 11 4
6 4 8 17
6 5 8 17
6 6 8 17
6 7 8 17
6 8 8 17
6 9 8 17
6 10 8 17
6 11 8 17
6 12 8 17
6 13 8 17
6 14 8 17
6 4 9 17
6 5 9 17
6 6 9 17
6 7 9 17
6 8 9 17
6 9 9 17
6 10 9 17
6 11 9 17
6 12 9 17
6 13 9 17
6 14 9 17
6 6 11 10
6 6 11 11
6 6 11 17
6 10 11 17
6 11 11 17
7 1 11 4
7 6 11 10
7 6 11 11
8 6 11 10
8 6 11 11
8 6 11 17
8 10 11 17
8 11 11 17
9 6 11 10
9 6 11 11
9 6 11 17
9 10 11 17
9 11 11 17
