15 19
0000001111111000000
0111111111111111111
0100101000001100001
0100101111111100001
0100101111111100001
0100111111111111111
0100111111111111111
0101111111111110001
0111111111111111111
0111111111111110011
0001111100000111111
0011111111111111111
0010101111111110101
0011111100000011101
0000111111111111111
277
1 7 4 13
1 7 5 13
1 7 6 13
1 7 7 13
1 7 8 13
1 7 9 13
1 7 10 13
2 7 4 13
2 7 4 14
2 7 5 13
2 7 5 14
2 5 6 7
2 5 6 13
2 5 6 14
2 5 6 19
2 7 6 13
2 7 6 14
2 7 6 19
2 13 6 19
2 14 6 19
2 5 7 7
2 5 7 13
2 5 7 14
2 5 7 19
2 7 7 13
2 7 7 14
2 7 7 19
2 13 7 19
2 14 7 19
2 5 8 7
2 5 8 13
2 5 8 14
2 7 8 13
2 7 8 14
2 2 9 5
2 2 9 7
2 2 9 13
2 2 9 14
2 2 9 19
2 5 9 7
2 5 9 13
2 5 9 14
2 5 9 19
2 7 9 13
2 7 9 14
2 7 9 19
2 13 9 19
2 14 9 19
2 2 10 5
2 2 10 7
2 2 10 13
2 2 10 14
2 5 10 7
2 5 10 13
2 5 10 14
2 7 10 13
2 7 10 14
2 5 11 7
2 14 11 19
2 5 12 7
2 5 12 14
2 5 12 19
2 7 12 14
2 7 12 19
2 14 12 19
2 7 13 14
2 5 14 7
2 5 15 7
2 5 15 19
2 7 15 19
4 7 12 14
4 8 12 14
4 7 13 14
4 8 13 14
5 7 12 14
5 8 12 14
5 7 13 14
5 8 13 14
6 5 9 19
6 6 9 19
6 7 9 19
6 8 9 19
6 9 9 19
6 10 9 19
6 11 9 19
6 12 9 19
6 13 9 19
6 14 9 19
6 15 9 19
6 14 11 19
6 15 11 19
6 5 12 14
6 5 12 15
6 5 12 19
6 6 12 14
6 6 12 15
6 6 12 19
6 7 12 14
6 7 12 15
6 7 12 19
6 8 12 14
6 8 12 15
6 8 12 19
6 14 12 19
6 15 12 19
6 7 13 14
6 7 13 15
6 8 13 14
6 8 13 15
6 5 14 7
6 5 14 8
6 5 15 7
6 5 15 8
6 5 15 15
6 5 15 19
6 7 15 15
6 7 15 19
6 8 15 15
6 8 15 19
6 15 15 19
7 5 9 19
7 6 9 19
7 7 9 19
7 8 9 19
7 9 9 19
7 10 9 19
7 11 9 19
7 12 9 19
7 13 9 19
7 14 9 19
7 15 9 19
7 14 11 19
7 15 11 19
7 5 12 14
7 5 12 15
7 5 12 19
7 6 12 14
7 6 12 15
7 6 12 19
7 7 12 14
7 7 12 15
7 7 12 19
7 8 12 14
7 8 12 15
7 8 12 19
7 14 12 19
7 15 12 19
7 7 13 14
7 7 13 15
7 8 13 14
7 8 13 15
7 5 14 7
7 5 14 8
7 5 15 7
7 5 15 8
7 5 15 15
7 5 15 19
7 7 15 15
7 7 15 19
7 8 15 15
7 8 15 19
7 15 15 19
8 4 12 14
8 4 12 15
8 5 12 14
8 5 12 15
8 6 12 14
8 6 12 15
8 7 12 14
8 7 12 15
8 8 12 14
8 8 12 15
8 7 13 14
8 7 13 15
8 8 13 14
8 8 13 15
8 5 14 7
8 5 14 8
8 5 15 7
8 5 15 8
8 5 15 15
8 7 15 15
8 8 15 15
9 14 11 18
9 14 11 19
9 15 11 18
9 15 11 19
9 4 12 14
9 4 12 15
9 4 12 18
9 4 12 19
9 5 12 14
9 5 12 15
9 5 12 18
9 5 12 19
9 6 12 14
9 6 12 15
9 6 12 18
9 6 12 19
9 7 12 14
9 7 12 15
9 7 12 18
9 7 12 19
9 8 12 14
9 8 12 15
9 8 12 18
9 8 12 19
9 14 12 18
9 14 12 19
9 15 12 18
9 15 12 19
9 7 13 14
9 7 13 15
9 8 13 14
9 8 13 15
9 5 14 7
9 5 14 8
9 5 15 7
9 5 15 8
9 5 15 15
9 5 15 19
9 7 15 15
9 7 15 19
9 8 15 15
9 8 15 19
9 15 15 19
10 4 12 14
10 4 12 15
10 5 12 14
10 5 12 15
10 6 12 14
10 6 12 15
10 7 12 14
10 7 12 15
10 8 12 14
10 8 12 15
10 7 13 14
10 7 13 15
10 8 13 14
10 8 13 15
10 5 14 7
10 5 14 8
10 5 15 7
10 5 15 8
10 5 15 15
10 7 15 15
10 8 15 15
11 5 14 7
11 5 14 8
11 15 14 17
11 5 15 7
11 5 15 8
11 15 15 17
11 15 15 19
11 17 15 19
12 3 14 5
12 3 14 7
12 3 14 8
12 5 14 7
12 5 14 8
12 15 14 17
12 5 15 7
12 5 15 8
12 5 15 15
12 5 15 17
12 5 15 19
12 7 15 15
12 7 15 17
12 7 15 19
12 8 15 15
12 8 15 17
12 8 15 19
12 15 15 17
12 15 15 19
12 17 15 19
13 7 15 15
13 8 15 15
