17 17
00011111111111110
01111111111001010
01111100001001010
01110100001001010
01111111111111010
01111111111000010
01111100101000010
01111100101000010
01111100101000010
01011111111111110
01011110101000110
01011110101000110
01111111111000110
00000111111111110
00000010111000100
00000010000000100
00000011111111100
163
1 4 5 6
1 4 5 11
1 4 5 14
1 6 5 11
1 6 5 14
1 11 5 14
1 4 6 6
1 4 6 11
1 6 6 11
1 4 7 6
1 4 8 6
1 4 9 6
1 4 10 6
1 4 10 11
1 4 10 16
1 6 10 11
1 6 10 16
1 11 10 16
1 4 11 6
1 4 12 6
1 4 13 6
1 4 13 11
1 6 13 11
1 6 14 11
1 6 14 16
1 11 14 16
2 2 5 6
2 2 5 11
2 3 5 6
2 3 5 11
2 4 5 6
2 4 5 11
2 6 5 11
2 2 6 6
2 2 6 11
2 3 6 6
2 3 6 11
2 4 6 6
2 4 6 11
2 6 6 11
2 2 7 6
2 3 7 6
2 4 7 6
2 2 8 6
2 3 8 6
2 4 8 6
2 2 9 6
2 3 9 6
2 4 9 6
2 4 10 6
2 4 10 11
2 6 10 11
2 4 11 6
2 4 12 6
2 2 13 4
2 2 13 6
2 2 13 11
2 4 13 6
2 4 13 11
2 6 13 11
2 6 14 11
3 2 5 6
3 3 5 6
3 4 5 6
3 2 6 6
3 3 6 6
3 4 6 6
3 2 7 6
3 3 7 6
3 4 7 6
3 2 8 6
3 3 8 6
3 4 8 6
3 2 9 6
3 3 9 6
3 4 9 6
3 4 10 6
3 4 11 6
3 4 12 6
3 2 13 4
3 2 13 6
3 4 13 6
4 2 13 4
5 4 10 9
5 4 10 11
5 5 10 9
5 5 10 11
5 6 10 9
5 6 10 11
5 9 10 11
5 2 13 4
5 2 13 5
5 2 13 6
5 2 13 9
5 2 13 11
5 4 13 9
5 4 13 11
5 5 13 9
5 5 13 11
5 6 13 9
5 6 13 11
5 9 13 11
5 6 14 9
5 6 14 11
5 9 14 11
5 9 15 11
6 4 10 9
6 4 10 11
6 5 10 9
6 5 10 11
6 6 10 9
6 6 10 11
6 9 10 11
6 2 13 4
6 2 13 5
6 2 13 6
6 2 13 9
6 2 13 11
6 4 13 9
6 4 13 11
6 5 13 9
6 5 13 11
6 6 13 9
6 6 13 11
6 9 13 11
6 6 14 9
6 6 14 11
6 9 14 11
6 9 15 11
7 2 13 4
7 2 13 5
7 2 13 6
8 2 13 4
8 2 13 5
8 2 13 6
9 2 13 4
9 2 13 5
9 2 13 6
10 4 13 9
10 4 13 11
10 5 13 9
10 5 13 11
10 6 13 9
10 6 13 11
10 7 13 9
10 7 13 11
10 9 13 11
10 6 14 9
10 6 14 11
10 6 14 15
10 6 14 16
10 7 14 9
10 7 14 11
10 7 14 15
10 7 14 16
10 9 14 11
10 9 14 15
10 9 14 16
10 11 14 15
10 11 14 16
10 9 15 11
10 7 17 15
14 7 17 15
