10 14
00000000111100
00011111111111
00010000110101
01111111111101
11111111110101
11011111111111
11010011111100
11011111111100
11000001010000
11111111110000
72
1 9 4 12
1 10 4 12
1 9 6 12
1 10 6 12
1 9 7 12
1 10 7 12
1 9 8 12
1 10 8 12
2 4 4 9
2 4 4 10
2 4 4 12
2 9 4 12
2 10 4 12
2 4 5 9
2 4 5 10
2 4 6 9
2 4 6 10
2 4 6 12
2 4 6 14
2 9 6 12
2 9 6 14
2 10 6 12
2 10 6 14
2 12 6 14
2 9 7 12
2 10 7 12
2 4 8 9
2 4 8 10
2 4 8 12
2 9 8 12
2 10 8 12
4 4 6 12
4 5 6 12
4 6 6 12
4 7 6 12
4 8 6 12
4 9 6 12
4 10 6 12
4 7 7 12
4 8 7 12
4 9 7 12
4 10 7 12
4 4 8 7
4 4 8 8
4 4 8 9
4 4 8 10
4 4 8 12
4 7 8 12
4 8 8 12
4 9 8 12
4 10 8 12
4 2 10 8
4 2 10 10
4 8 10 10
5 4 8 7
5 4 8 8
5 4 8 9
5 4 8 10
5 1 10 8
5 1 10 10
5 2 10 8
5 2 10 10
5 8 10 10
6 4 8 7
6 4 8 8
6 4 8 9
6 4 8 10
6 4 8 11
6 4 8 12
6 8 10 10
7 8 10 10
8 8 10 10
