16 22
0000011111111111111000
0000010000000100101000
0000111111111111101000
0111111111111111111000
0100110010001011100000
0111111111001011111110
0100110011111011100010
0100111111111111100010
0111111111011011100010
0111111111111111100010
0000010010000001111110
0000010010000001100000
0000010010000001100000
0000011111111111100000
0000000010000001000000
0000000011111111000000
192
1 6 3 14
1 6 3 17
1 14 3 17
1 6 4 14
1 6 4 17
1 6 4 19
1 14 4 17
1 14 4 19
1 17 4 19
1 6 8 17
1 6 10 17
1 6 14 17
3 5 6 9
3 6 6 9
3 9 7 13
3 5 8 9
3 5 8 13
3 5 8 15
3 5 8 16
3 5 8 17
3 6 8 9
3 6 8 13
3 6 8 15
3 6 8 16
3 6 8 17
3 9 8 13
3 9 8 15
3 9 8 16
3 9 8 17
3 13 8 15
3 13 8 16
3 13 8 17
3 5 9 9
3 6 9 9
3 5 10 9
3 5 10 13
3 5 10 15
3 5 10 16
3 5 10 17
3 6 10 9
3 6 10 13
3 6 10 15
3 6 10 16
3 6 10 17
3 9 10 13
3 9 10 15
3 9 10 16
3 9 10 17
3 13 10 15
3 13 10 16
3 13 10 17
3 6 14 9
3 6 14 16
3 6 14 17
3 9 14 16
3 9 14 17
3 9 16 16
4 2 6 5
4 2 6 6
4 2 6 9
4 5 6 9
4 6 6 9
4 9 7 13
4 5 8 9
4 5 8 13
4 5 8 15
4 5 8 16
4 5 8 17
4 6 8 9
4 6 8 13
4 6 8 15
4 6 8 16
4 6 8 17
4 9 8 13
4 9 8 15
4 9 8 16
4 9 8 17
4 13 8 15
4 13 8 16
4 13 8 17
4 2 9 5
4 2 9 6
4 2 9 9
4 5 9 9
4 6 9 9
4 2 10 5
4 2 10 6
4 2 10 9
4 2 10 13
4 2 10 15
4 2 10 16
4 2 10 17
4 5 10 9
4 5 10 13
4 5 10 15
4 5 10 16
4 5 10 17
4 6 10 9
4 6 10 13
4 6 10 15
4 6 10 16
4 6 10 17
4 9 10 13
4 9 10 15
4 9 10 16
4 9 10 17
4 13 10 15
4 13 10 16
4 13 10 17
4 6 14 9
4 6 14 16
4 6 14 17
4 9 14 16
4 9 14 17
4 9 16 16
6 5 8 9
6 5 8 10
6 6 8 9
6 6 8 10
6 2 9 5
6 2 9 6
6 2 9 9
6 2 9 10
6 5 9 9
6 5 9 10
6 6 9 9
6 6 9 10
6 2 10 5
6 2 10 6
6 2 10 9
6 2 10 10
6 5 10 9
6 5 10 10
6 6 10 9
6 6 10 10
6 16 11 21
6 17 11 21
6 6 14 9
7 9 10 12
7 9 10 13
7 10 10 12
7 10 10 13
8 5 10 12
8 5 10 13
8 5 10 15
8 5 10 16
8 5 10 17
8 6 10 12
8 6 10 13
8 6 10 15
8 6 10 16
8 6 10 17
8 7 10 12
8 7 10 13
8 7 10 15
8 7 10 16
8 7 10 17
8 8 10 12
8 8 10 13
8 8 10 15
8 8 10 16
8 8 10 17
8 9 10 12
8 9 10 13
8 9 10 15
8 9 10 16
8 9 10 17
8 10 10 12
8 10 10 13
8 10 10 15
8 10 10 16
8 10 10 17
8 12 10 15
8 12 10 16
8 12 10 17
8 13 10 15
8 13 10 16
8 13 10 17
8 6 14 9
8 6 14 16
8 6 14 17
8 9 14 16
8 9 14 17
8 9 16 16
9 6 14 9
10 6 14 9
10 6 14 16
10 6 14 17
10 9 14 16
10 9 14 17
10 9 16 16
14 9 16 16
