15 13
0001111111111
0001111111111
0001111010011
0001111010011
0001111111111
0001111110111
0001111110111
0001111111111
0000111111111
0000001111100
0000011110100
0000010111100
0000010100000
0000011100000
0000000000000
143
1 4 5 9
1 4 5 12
1 4 5 13
1 5 5 9
1 5 5 12
1 5 5 13
1 6 5 9
1 6 5 12
1 6 5 13
1 7 5 9
1 7 5 12
1 7 5 13
1 9 5 12
1 9 5 13
1 4 6 9
1 5 6 9
1 6 6 9
1 7 6 9
1 4 7 9
1 5 7 9
1 6 7 9
1 7 7 9
1 4 8 9
1 4 8 12
1 4 8 13
1 5 8 9
1 5 8 12
1 5 8 13
1 6 8 9
1 6 8 12
1 6 8 13
1 7 8 9
1 7 8 12
1 7 8 13
1 9 8 12
1 9 8 13
1 5 9 9
1 5 9 12
1 5 9 13
1 6 9 9
1 6 9 12
1 6 9 13
1 7 9 9
1 7 9 12
1 7 9 13
1 9 9 12
1 9 9 13
1 7 10 9
1 7 11 9
2 4 5 9
2 4 5 12
2 4 5 13
2 5 5 9
2 5 5 12
2 5 5 13
2 6 5 9
2 6 5 12
2 6 5 13
2 7 5 9
2 7 5 12
2 7 5 13
2 9 5 12
2 9 5 13
2 4 6 9
2 5 6 9
2 6 6 9
2 7 6 9
2 4 7 9
2 5 7 9
2 6 7 9
2 7 7 9
2 4 8 9
2 4 8 12
2 4 8 13
2 5 8 9
2 5 8 12
2 5 8 13
2 6 8 9
2 6 8 12
2 6 8 13
2 7 8 9
2 7 8 12
2 7 8 13
2 9 8 12
2 9 8 13
2 5 9 9
2 5 9 12
2 5 9 13
2 6 9 9
2 6 9 12
2 6 9 13
2 7 9 9
2 7 9 12
2 7 9 13
2 9 9 12
2 9 9 13
2 7 10 9
2 7 11 9
5 4 8 11
5 4 8 12
5 4 8 13
5 5 8 11
5 5 8 12
5 5 8 13
5 6 8 11
5 6 8 12
5 6 8 13
5 7 8 11
5 7 8 12
5 7 8 13
5 8 8 11
5 8 8 12
5 8 8 13
5 9 8 11
5 9 8 12
5 9 8 13
5 5 9 11
5 5 9 12
5 5 9 13
5 6 9 11
5 6 9 12
5 6 9 13
5 7 9 11
5 7 9 12
5 7 9 13
5 8 9 11
5 8 9 12
5 8 9 13
5 9 9 11
5 9 9 12
5 9 9 13
5 7 10 11
5 8 10 11
5 9 10 11
5 8 12 11
5 9 12 11
8 8 12 11
8 9 12 11
9 8 12 11
9 9 12 11
10 8 12 11
10 9 12 11
11 6 14 8
