14 14
00000000000000
00000000000000
01111110000000
01111111111000
01000010111000
01000010101000
01000010111110
01111111111010
01000011111010
01000011111010
01111111111010
01111111011110
00000010001000
00000011111000
42
3 2 8 7
3 2 11 7
3 2 12 7
4 9 7 11
4 2 8 7
4 2 8 9
4 2 8 11
4 7 8 9
4 7 8 11
4 9 8 11
4 7 9 9
4 7 9 11
4 9 9 11
4 7 10 9
4 7 10 11
4 9 10 11
4 2 11 7
4 2 11 9
4 2 11 11
4 7 11 9
4 7 11 11
4 9 11 11
4 2 12 7
4 7 14 11
5 9 7 11
5 9 8 11
5 9 9 11
5 9 10 11
5 9 11 11
7 10 12 13
7 11 12 13
8 2 11 7
8 2 11 8
8 2 11 9
8 2 11 10
8 2 11 11
8 2 12 7
8 2 12 8
8 7 14 11
9 7 14 11
10 7 14 11
11 7 14 11
