23 24
000000000000000000000000
000011111111111111000000
000010010000000011000000
000011111111111111000000
000000010000000111111100
000000010000000101000100
000000010000000101000100
000000010000000101000100
000000011111111111111110
000000011000000101000110
000000011100000111111110
000000011100000001000010
000000011111111111111110
000000010100000001000000
000000010100000001000000
000000010100111111111111
000000010100100001000001
000000010100100001000001
000000011111111111000001
000000010100100000000001
000000010100111111111111
000000011100000000000000
000000000000000000000000
43
2 5 4 8
2 5 4 17
2 5 4 18
2 8 4 17
2 8 4 18
2 8 9 18
2 8 13 18
2 8 19 18
4 8 9 16
4 8 9 18
4 16 9 18
4 16 11 18
4 8 13 18
4 8 19 18
5 16 9 18
5 16 9 22
5 18 9 22
5 16 11 18
5 16 11 22
5 18 11 22
9 16 11 18
9 16 11 22
9 16 11 23
9 18 11 22
9 18 11 23
9 8 13 18
9 8 13 23
9 9 13 18
9 9 13 23
9 18 13 23
9 8 19 18
11 18 13 23
11 8 19 10
11 8 22 10
12 8 19 10
12 8 22 10
13 8 19 10
13 8 19 18
13 10 19 18
13 8 22 10
16 13 19 18
16 13 21 24
19 8 22 10
