11 12
000000000000
011111110000
011100010000
011111110000
011111110000
111111111100
111111111100
111111110100
111110110100
111111110100
111111111100
127
2 2 4 8
2 3 4 8
2 4 4 8
2 2 5 8
2 3 5 8
2 4 5 8
2 2 6 8
2 3 6 8
2 4 6 8
2 2 7 8
2 3 7 8
2 4 7 8
2 2 8 8
2 3 8 8
2 4 8 8
2 2 10 8
2 3 10 8
2 4 10 8
2 2 11 8
2 3 11 8
2 4 11 8
4 2 10 7
4 2 10 8
4 3 10 7
4 3 10 8
4 4 10 7
4 4 10 8
4 5 10 7
4 5 10 8
4 2 11 7
4 2 11 8
4 3 11 7
4 3 11 8
4 4 11 7
4 4 11 8
4 5 11 7
4 5 11 8
5 2 10 7
5 2 10 8
5 3 10 7
5 3 10 8
5 4 10 7
5 4 10 8
5 5 10 7
5 5 10 8
5 2 11 7
5 2 11 8
5 3 11 7
5 3 11 8
5 4 11 7
5 4 11 8
5 5 11 7
5 5 11 8
6 1 10 7
6 1 10 8
6 2 10 7
6 2 10 8
6 3 10 7
6 3 10 8
6 4 10 7
6 4 10 8
6 5 10 7
6 5 10 8
6 1 11 7
6 1 11 8
6 1 11 10
6 2 11 7
6 2 11 8
6 2 11 10
6 3 11 7
6 3 11 8
6 3 11 10
6 4 11 7
6 4 11 8
6 4 11 10
6 5 11 7
6 5 11 8
6 5 11 10
6 7 11 10
6 8 11 10
7 1 10 7
7 1 10 8
7 2 10 7
7 2 10 8
7 3 10 7
7 3 10 8
7 4 10 7
7 4 10 8
7 5 10 7
7 5 10 8
7 1 11 7
7 1 11 8
7 1 11 10
7 2 11 7
7 2 11 8
7 2 11 10
7 3 11 7
7 3 11 8
7 3 11 10
7 4 11 7
7 4 11 8
7 4 11 10
7 5 11 7
7 5 11 8
7 5 11 10
7 7 11 10
7 8 11 10
8 1 10 7
8 1 10 8
8 2 10 7
8 2 10 8
8 3 10 7
8 3 10 8
8 4 10 7
8 4 10 8
8 5 10 7
8 5 10 8
8 1 11 7
8 1 11 8
8 2 11 7
8 2 11 8
8 3 11 7
8 3 11 8
8 4 11 7
8 4 11 8
8 5 11 7
8 5 11 8
