25 24
000000000000000000000000
000000000000000000000000
000000000000000000000000
000000000000000000000000
000000000000111100000000
000000000000100100000000
000000000000100100000000
000000000000101111111100
000001111111111100000100
000001000110111100000100
000001000110111100000100
000001000110111100000100
000001000110111100000100
000001111110111100000100
000000000100111100000100
000000000100111111111100
000000000111110100000000
000000000000100100000000
000000000000111100000000
000000000000000000000000
000000000000000000000000
000000000000000000000000
000000000000000000000000
000000000000000000000000
000000000000000000000000
23
5 13 9 16
5 13 10 16
5 13 11 16
5 13 12 16
5 13 13 16
5 13 14 16
5 13 15 16
5 13 16 16
5 13 19 16
8 15 16 22
8 16 16 22
9 6 14 10
9 6 14 11
9 10 17 13
9 10 17 14
9 13 19 16
10 13 19 16
11 13 19 16
12 13 19 16
13 13 19 16
14 13 19 16
15 13 19 16
16 13 19 16
