22 16
0000011111111111
0000010000000001
0000111111111101
0000110000000101
0000111111111101
0000111111111101
0000111111111101
0000110000000101
0000111111111111
0000111000000101
0000111111111111
0000101111111111
0000111111111100
0000100000000100
0000100000000100
0000100000000100
0000100000000100
0000100000000100
0000100000000100
0000100000000100
0000100000000100
0000111111111100
57
1 6 9 16
1 6 11 16
3 5 5 14
3 6 5 14
3 5 6 14
3 6 6 14
3 5 7 14
3 6 7 14
3 5 9 14
3 6 9 14
3 5 11 14
3 6 11 14
3 5 13 14
3 5 22 14
5 5 9 14
5 6 9 14
5 5 11 14
5 6 11 14
5 5 13 14
5 5 22 14
6 5 9 14
6 6 9 14
6 5 11 14
6 6 11 14
6 5 13 14
6 5 22 14
7 5 9 14
7 6 9 14
7 5 11 14
7 6 11 14
7 5 13 14
7 5 22 14
9 5 11 14
9 5 11 16
9 6 11 14
9 6 11 16
9 7 11 14
9 7 11 16
9 14 11 16
9 7 12 14
9 7 12 16
9 14 12 16
9 5 13 7
9 5 13 14
9 7 13 14
9 5 22 14
10 5 13 7
11 5 13 7
11 5 13 8
11 5 13 9
11 5 13 10
11 5 13 11
11 5 13 12
11 5 13 13
11 5 13 14
11 5 22 14
13 5 22 14
