16 24
111111111111111111000000
111111111111111111000000
111111111110100101000000
111111111111111111111111
111111111111100111111111
111111011110100111110111
101111011110100111110111
101111111111111111111111
101111111111100111110111
101111111111111111111111
101111111111111111110011
101111111111111111111111
111111111111111111111110
000111111111111111111110
000011111111100011100010
000000111111111111111110
2342
1 1 4 13
1 1 4 16
1 1 4 18
1 2 4 13
1 2 4 16
1 2 4 18
1 3 4 13
1 3 4 16
1 3 4 18
1 4 4 13
1 4 4 16
1 4 4 18
1 5 4 13
1 5 4 16
1 5 4 18
1 6 4 13
1 6 4 16
1 6 4 18
1 7 4 13
1 7 4 16
1 7 4 18
1 8 4 13
1 8 4 16
1 8 4 18
1 9 4 13
1 9 4 16
1 9 4 18
1 10 4 13
1 10 4 16
1 10 4 18
1 11 4 13
1 11 4 16
1 11 4 18
1 13 4 16
1 13 4 18
1 16 4 18
1 1 5 13
1 2 5 13
1 3 5 13
1 4 5 13
1 5 5 13
1 6 5 13
1 7 5 13
1 8 5 13
1 9 5 13
1 10 5 13
1 11 5 13
1 16 5 18
1 16 6 18
1 16 7 18
1 3 8 8
1 3 8 9
1 3 8 10
1 3 8 11
1 3 8 13
1 3 8 16
1 3 8 18
1 4 8 8
1 4 8 9
1 4 8 10
1 4 8 11
1 4 8 13
1 4 8 16
1 4 8 18
1 5 8 8
1 5 8 9
1 5 8 10
1 5 8 11
1 5 8 13
1 5 8 16
1 5 8 18
1 6 8 8
1 6 8 9
1 6 8 10
1 6 8 11
1 6 8 13
1 6 8 16
1 6 8 18
1 8 8 13
1 8 8 16
1 8 8 18
1 9 8 13
1 9 8 16
1 9 8 18
1 10 8 13
1 10 8 16
1 10 8 18
1 11 8 13
1 11 8 16
1 11 8 18
1 13 8 16
1 13 8 18
1 16 8 18
1 3 9 8
1 3 9 9
1 3 9 10
1 3 9 11
1 3 9 13
1 4 9 8
1 4 9 9
1 4 9 10
1 4 9 11
1 4 9 13
1 5 9 8
1 5 9 9
1 5 9 10
1 5 9 11
1 5 9 13
1 6 9 8
1 6 9 9
1 6 9 10
1 6 9 11
1 6 9 13
1 8 9 13
1 9 9 13
1 10 9 13
1 11 9 13
1 16 9 18
1 3 10 8
1 3 10 9
1 3 10 10
1 3 10 11
1 3 10 13
1 3 10 16
1 3 10 18
1 4 10 8
1 4 10 9
1 4 10 10
1 4 10 11
1 4 10 13
1 4 10 16
1 4 10 18
1 5 10 8
1 5 10 9
1 5 10 10
1 5 10 11
1 5 10 13
1 5 10 16
1 5 10 18
1 6 10 8
1 6 10 9
1 6 10 10
1 6 10 11
1 6 10 13
1 6 10 16
1 6 10 18
1 8 10 13
1 8 10 16
1 8 10 18
1 9 10 13
1 9 10 16
1 9 10 18
1 10 10 13
1 10 10 16
1 10 10 18
1 11 10 13
1 11 10 16
1 11 10 18
1 13 10 16
1 13 10 18
1 16 10 18
1 3 11 8
1 3 11 9
1 3 11 10
1 3 11 11
1 3 11 13
1 3 11 16
1 3 11 18
1 4 11 8
1 4 11 9
1 4 11 10
1 4 11 11
1 4 11 13
1 4 11 16
1 4 11 18
1 5 11 8
1 5 11 9
1 5 11 10
1 5 11 11
1 5 11 13
1 5 11 16
1 5 11 18
1 6 11 8
1 6 11 9
1 6 11 10
1 6 11 11
1 6 11 13
1 6 11 16
1 6 11 18
1 8 11 13
1 8 11 16
1 8 11 18
1 9 11 13
1 9 11 16
1 9 11 18
1 10 11 13
1 10 11 16
1 10 11 18
1 11 11 13
1 11 11 16
1 11 11 18
1 13 11 16
1 13 11 18
1 16 11 18
1 3 12 8
1 3 12 9
1 3 12 10
1 3 12 11
1 3 12 13
1 3 12 16
1 3 12 18
1 4 12 8
1 4 12 9
1 4 12 10
1 4 12 11
1 4 12 13
1 4 12 16
1 4 12 18
1 5 12 8
1 5 12 9
1 5 12 10
1 5 12 11
1 5 12 13
1 5 12 16
1 5 12 18
1 6 12 8
1 6 12 9
1 6 12 10
1 6 12 11
1 6 12 13
1 6 12 16
1 6 12 18
1 8 12 13
1 8 12 16
1 8 12 18
1 9 12 13
1 9 12 16
1 9 12 18
1 10 12 13
1 10 12 16
1 10 12 18
1 11 12 13
1 11 12 16
1 11 12 18
1 13 12 16
1 13 12 18
1 16 12 18
1 1 13 3
1 1 13 4
1 1 13 5
1 1 13 6
1 1 13 8
1 1 13 9
1 1 13 10
1 1 13 11
1 1 13 13
1 1 13 16
1 1 13 18
1 3 13 8
1 3 13 9
1 3 13 10
1 3 13 11
1 3 13 13
1 3 13 16
1 3 13 18
1 4 13 8
1 4 13 9
1 4 13 10
1 4 13 11
1 4 13 13
1 4 13 16
1 4 13 18
1 5 13 8
1 5 13 9
1 5 13 10
1 5 13 11
1 5 13 13
1 5 13 16
1 5 13 18
1 6 13 8
1 6 13 9
1 6 13 10
1 6 13 11
1 6 13 13
1 6 13 16
1 6 13 18
1 8 13 13
1 8 13 16
1 8 13 18
1 9 13 13
1 9 13 16
1 9 13 18
1 10 13 13
1 10 13 16
1 10 13 18
1 11 13 13
1 11 13 16
1 11 13 18
1 13 13 16
1 13 13 18
1 16 13 18
1 4 14 8
1 4 14 9
1 4 14 10
1 4 14 11
1 4 14 13
1 4 14 16
1 4 14 18
1 5 14 8
1 5 14 9
1 5 14 10
1 5 14 11
1 5 14 13
1 5 14 16
1 5 14 18
1 6 14 8
1 6 14 9
1 6 14 10
1 6 14 11
1 6 14 13
1 6 14 16
1 6 14 18
1 8 14 13
1 8 14 16
1 8 14 18
1 9 14 13
1 9 14 16
1 9 14 18
1 10 14 13
1 10 14 16
1 10 14 18
1 11 14 13
1 11 14 16
1 11 14 18
1 13 14 16
1 13 14 18
1 16 14 18
1 5 15 8
1 5 15 9
1 5 15 10
1 5 15 11
1 5 15 13
1 6 15 8
1 6 15 9
1 6 15 10
1 6 15 11
1 6 15 13
1 8 15 13
1 9 15 13
1 10 15 13
1 11 15 13
1 8 16 13
1 8 16 18
1 9 16 13
1 9 16 18
1 10 16 13
1 10 16 18
1 11 16 13
1 11 16 18
1 13 16 18
2 1 4 13
2 1 4 16
2 1 4 18
2 2 4 13
2 2 4 16
2 2 4 18
2 3 4 13
2 3 4 16
2 3 4 18
2 4 4 13
2 4 4 16
2 4 4 18
2 5 4 13
2 5 4 16
2 5 4 18
2 6 4 13
2 6 4 16
2 6 4 18
2 7 4 13
2 7 4 16
2 7 4 18
2 8 4 13
2 8 4 16
2 8 4 18
2 9 4 13
2 9 4 16
2 9 4 18
2 10 4 13
2 10 4 16
2 10 4 18
2 11 4 13
2 11 4 16
2 11 4 18
2 13 4 16
2 13 4 18
2 16 4 18
2 1 5 13
2 2 5 13
2 3 5 13
2 4 5 13
2 5 5 13
2 6 5 13
2 7 5 13
2 8 5 13
2 9 5 13
2 10 5 13
2 11 5 13
2 16 5 18
2 16 6 18
2 16 7 18
2 3 8 8
2 3 8 9
2 3 8 10
2 3 8 11
2 3 8 13
2 3 8 16
2 3 8 18
2 4 8 8
2 4 8 9
2 4 8 10
2 4 8 11
2 4 8 13
2 4 8 16
2 4 8 18
2 5 8 8
2 5 8 9
2 5 8 10
2 5 8 11
2 5 8 13
2 5 8 16
2 5 8 18
2 6 8 8
2 6 8 9
2 6 8 10
2 6 8 11
2 6 8 13
2 6 8 16
2 6 8 18
2 8 8 13
2 8 8 16
2 8 8 18
2 9 8 13
2 9 8 16
2 9 8 18
2 10 8 13
2 10 8 16
2 10 8 18
2 11 8 13
2 11 8 16
2 11 8 18
2 13 8 16
2 13 8 18
2 16 8 18
2 3 9 8
2 3 9 9
2 3 9 10
2 3 9 11
2 3 9 13
2 4 9 8
2 4 9 9
2 4 9 10
2 4 9 11
2 4 9 13
2 5 9 8
2 5 9 9
2 5 9 10
2 5 9 11
2 5 9 13
2 6 9 8
2 6 9 9
2 6 9 10
2 6 9 11
2 6 9 13
2 8 9 13
2 9 9 13
2 10 9 13
2 11 9 13
2 16 9 18
2 3 10 8
2 3 10 9
2 3 10 10
2 3 10 11
2 3 10 13
2 3 10 16
2 3 10 18
2 4 10 8
2 4 10 9
2 4 10 10
2 4 10 11
2 4 10 13
2 4 10 16
2 4 10 18
2 5 10 8
2 5 10 9
2 5 10 10
2 5 10 11
2 5 10 13
2 5 10 16
2 5 10 18
2 6 10 8
2 6 10 9
2 6 10 10
2 6 10 11
2 6 10 13
2 6 10 16
2 6 10 18
2 8 10 13
2 8 10 16
2 8 10 18
2 9 10 13
2 9 10 16
2 9 10 18
2 10 10 13
2 10 10 16
2 10 10 18
2 11 10 13
2 11 10 16
2 11 10 18
2 13 10 16
2 13 10 18
2 16 10 18
2 3 11 8
2 3 11 9
2 3 11 10
2 3 11 11
2 3 11 13
2 3 11 16
2 3 11 18
2 4 11 8
2 4 11 9
2 4 11 10
2 4 11 11
2 4 11 13
2 4 11 16
2 4 11 18
2 5 11 8
2 5 11 9
2 5 11 10
2 5 11 11
2 5 11 13
2 5 11 16
2 5 11 18
2 6 11 8
2 6 11 9
2 6 11 10
2 6 11 11
2 6 11 13
2 6 11 16
2 6 11 18
2 8 11 13
2 8 11 16
2 8 11 18
2 9 11 13
2 9 11 16
2 9 11 18
2 10 11 13
2 10 11 16
2 10 11 18
2 11 11 13
2 11 11 16
2 11 11 18
2 13 11 16
2 13 11 18
2 16 11 18
2 3 12 8
2 3 12 9
2 3 12 10
2 3 12 11
2 3 12 13
2 3 12 16
2 3 12 18
2 4 12 8
2 4 12 9
2 4 12 10
2 4 12 11
2 4 12 13
2 4 12 16
2 4 12 18
2 5 12 8
2 5 12 9
2 5 12 10
2 5 12 11
2 5 12 13
2 5 12 16
2 5 12 18
2 6 12 8
2 6 12 9
2 6 12 10
2 6 12 11
2 6 12 13
2 6 12 16
2 6 12 18
2 8 12 13
2 8 12 16
2 8 12 18
2 9 12 13
2 9 12 16
2 9 12 18
2 10 12 13
2 10 12 16
2 10 12 18
2 11 12 13
2 11 12 16
2 11 12 18
2 13 12 16
2 13 12 18
2 16 12 18
2 1 13 3
2 1 13 4
2 1 13 5
2 1 13 6
2 1 13 8
2 1 13 9
2 1 13 10
2 1 13 11
2 1 13 13
2 1 13 16
2 1 13 18
2 3 13 8
2 3 13 9
2 3 13 10
2 3 13 11
2 3 13 13
2 3 13 16
2 3 13 18
2 4 13 8
2 4 13 9
2 4 13 10
2 4 13 11
2 4 13 13
2 4 13 16
2 4 13 18
2 5 13 8
2 5 13 9
2 5 13 10
2 5 13 11
2 5 13 13
2 5 13 16
2 5 13 18
2 6 13 8
2 6 13 9
2 6 13 10
2 6 13 11
2 6 13 13
2 6 13 16
2 6 13 18
2 8 13 13
2 8 13 16
2 8 13 18
2 9 13 13
2 9 13 16
2 9 13 18
2 10 13 13
2 10 13 16
2 10 13 18
2 11 13 13
2 11 13 16
2 11 13 18
2 13 13 16
2 13 13 18
2 16 13 18
2 4 14 8
2 4 14 9
2 4 14 10
2 4 14 11
2 4 14 13
2 4 14 16
2 4 14 18
2 5 14 8
2 5 14 9
2 5 14 10
2 5 14 11
2 5 14 13
2 5 14 16
2 5 14 18
2 6 14 8
2 6 14 9
2 6 14 10
2 6 14 11
2 6 14 13
2 6 14 16
2 6 14 18
2 8 14 13
2 8 14 16
2 8 14 18
2 9 14 13
2 9 14 16
2 9 14 18
2 10 14 13
2 10 14 16
2 10 14 18
2 11 14 13
2 11 14 16
2 11 14 18
2 13 14 16
2 13 14 18
2 16 14 18
2 5 15 8
2 5 15 9
2 5 15 10
2 5 15 11
2 5 15 13
2 6 15 8
2 6 15 9
2 6 15 10
2 6 15 11
2 6 15 13
2 8 15 13
2 9 15 13
2 10 15 13
2 11 15 13
2 8 16 13
2 8 16 18
2 9 16 13
2 9 16 18
2 10 16 13
2 10 16 18
2 11 16 13
2 11 16 18
2 13 16 18
3 3 8 8
3 3 8 9
3 3 8 10
3 3 8 11
3 4 8 8
3 4 8 9
3 4 8 10
3 4 8 11
3 5 8 8
3 5 8 9
3 5 8 10
3 5 8 11
3 6 8 8
3 6 8 9
3 6 8 10
3 6 8 11
3 3 9 8
3 3 9 9
3 3 9 10
3 3 9 11
3 4 9 8
3 4 9 9
3 4 9 10
3 4 9 11
3 5 9 8
3 5 9 9
3 5 9 10
3 5 9 11
3 6 9 8
3 6 9 9
3 6 9 10
3 6 9 11
3 3 10 8
3 3 10 9
3 3 10 10
3 3 10 11
3 4 10 8
3 4 10 9
3 4 10 10
3 4 10 11
3 5 10 8
3 5 10 9
3 5 10 10
3 5 10 11
3 6 10 8
3 6 10 9
3 6 10 10
3 6 10 11
3 3 11 8
3 3 11 9
3 3 11 10
3 3 11 11
3 4 11 8
3 4 11 9
3 4 11 10
3 4 11 11
3 5 11 8
3 5 11 9
3 5 11 10
3 5 11 11
3 6 11 8
3 6 11 9
3 6 11 10
3 6 11 11
3 3 12 8
3 3 12 9
3 3 12 10
3 3 12 11
3 4 12 8
3 4 12 9
3 4 12 10
3 4 12 11
3 5 12 8
3 5 12 9
3 5 12 10
3 5 12 11
3 6 12 8
3 6 12 9
3 6 12 10
3 6 12 11
3 1 13 3
3 1 13 4
3 1 13 5
3 1 13 6
3 1 13 8
3 1 13 9
3 1 13 10
3 1 13 11
3 3 13 8
3 3 13 9
3 3 13 10
3 3 13 11
3 4 13 8
3 4 13 9
3 4 13 10
3 4 13 11
3 5 13 8
3 5 13 9
3 5 13 10
3 5 13 11
3 6 13 8
3 6 13 9
3 6 13 10
3 6 13 11
3 4 14 8
3 4 14 9
3 4 14 10
3 4 14 11
3 5 14 8
3 5 14 9
3 5 14 10
3 5 14 11
3 6 14 8
3 6 14 9
3 6 14 10
3 6 14 11
3 5 15 8
3 5 15 9
3 5 15 10
3 5 15 11
3 6 15 8
3 6 15 9
3 6 15 10
3 6 15 11
4 3 8 8
4 3 8 9
4 3 8 10
4 3 8 11
4 3 8 13
4 3 8 16
4 3 8 17
4 3 8 18
4 3 8 19
4 3 8 20
4 3 8 22
4 3 8 23
4 3 8 24
4 4 8 8
4 4 8 9
4 4 8 10
4 4 8 11
4 4 8 13
4 4 8 16
4 4 8 17
4 4 8 18
4 4 8 19
4 4 8 20
4 4 8 22
4 4 8 23
4 4 8 24
4 5 8 8
4 5 8 9
4 5 8 10
4 5 8 11
4 5 8 13
4 5 8 16
4 5 8 17
4 5 8 18
4 5 8 19
4 5 8 20
4 5 8 22
4 5 8 23
4 5 8 24
4 6 8 8
4 6 8 9
4 6 8 10
4 6 8 11
4 6 8 13
4 6 8 16
4 6 8 17
4 6 8 18
4 6 8 19
4 6 8 20
4 6 8 22
4 6 8 23
4 6 8 24
4 8 8 13
4 8 8 16
4 8 8 17
4 8 8 18
4 8 8 19
4 8 8 20
4 8 8 22
4 8 8 23
4 8 8 24
4 9 8 13
4 9 8 16
4 9 8 17
4 9 8 18
4 9 8 19
4 9 8 20
4 9 8 22
4 9 8 23
4 9 8 24
4 10 8 13
4 10 8 16
4 10 8 17
4 10 8 18
4 10 8 19
4 10 8 20
4 10 8 22
4 10 8 23
4 10 8 24
4 11 8 13
4 11 8 16
4 11 8 17
4 11 8 18
4 11 8 19
4 11 8 20
4 11 8 22
4 11 8 23
4 11 8 24
4 13 8 16
4 13 8 17
4 13 8 18
4 13 8 19
4 13 8 20
4 13 8 22
4 13 8 23
4 13 8 24
4 16 8 22
4 16 8 23
4 16 8 24
4 17 8 22
4 17 8 23
4 17 8 24
4 18 8 22
4 18 8 23
4 18 8 24
4 19 8 22
4 19 8 23
4 19 8 24
4 20 8 22
4 20 8 23
4 20 8 24
4 3 9 8
4 3 9 9
4 3 9 10
4 3 9 11
4 3 9 13
4 4 9 8
4 4 9 9
4 4 9 10
4 4 9 11
4 4 9 13
4 5 9 8
4 5 9 9
4 5 9 10
4 5 9 11
4 5 9 13
4 6 9 8
4 6 9 9
4 6 9 10
4 6 9 11
4 6 9 13
4 8 9 13
4 9 9 13
4 10 9 13
4 11 9 13
4 3 10 8
4 3 10 9
4 3 10 10
4 3 10 11
4 3 10 13
4 3 10 16
4 3 10 17
4 3 10 18
4 3 10 19
4 3 10 20
4 3 10 22
4 3 10 23
4 3 10 24
4 4 10 8
4 4 10 9
4 4 10 10
4 4 10 11
4 4 10 13
4 4 10 16
4 4 10 17
4 4 10 18
4 4 10 19
4 4 10 20
4 4 10 22
4 4 10 23
4 4 10 24
4 5 10 8
4 5 10 9
4 5 10 10
4 5 10 11
4 5 10 13
4 5 10 16
4 5 10 17
4 5 10 18
4 5 10 19
4 5 10 20
4 5 10 22
4 5 10 23
4 5 10 24
4 6 10 8
4 6 10 9
4 6 10 10
4 6 10 11
4 6 10 13
4 6 10 16
4 6 10 17
4 6 10 18
4 6 10 19
4 6 10 20
4 6 10 22
4 6 10 23
4 6 10 24
4 8 10 13
4 8 10 16
4 8 10 17
4 8 10 18
4 8 10 19
4 8 10 20
4 8 10 22
4 8 10 23
4 8 10 24
4 9 10 13
4 9 10 16
4 9 10 17
4 9 10 18
4 9 10 19
4 9 10 20
4 9 10 22
4 9 10 23
4 9 10 24
4 10 10 13
4 10 10 16
4 10 10 17
4 10 10 18
4 10 10 19
4 10 10 20
4 10 10 22
4 10 10 23
4 10 10 24
4 11 10 13
4 11 10 16
4 11 10 17
4 11 10 18
4 11 10 19
4 11 10 20
4 11 10 22
4 11 10 23
4 11 10 24
4 13 10 16
4 13 10 17
4 13 10 18
4 13 10 19
4 13 10 20
4 13 10 22
4 13 10 23
4 13 10 24
4 16 10 22
4 16 10 23
4 16 10 24
4 17 10 22
4 17 10 23
4 17 10 24
4 18 10 22
4 18 10 23
4 18 10 24
4 19 10 22
4 19 10 23
4 19 10 24
4 20 10 22
4 20 10 23
4 20 10 24
4 3 11 8
4 3 11 9
4 3 11 10
4 3 11 11
4 3 11 13
4 3 11 16
4 3 11 17
4 3 11 18
4 3 11 19
4 3 11 20
4 4 11 8
4 4 11 9
4 4 11 10
4 4 11 11
4 4 11 13
4 4 11 16
4 4 11 17
4 4 11 18
4 4 11 19
4 4 11 20
4 5 11 8
4 5 11 9
4 5 11 10
4 5 11 11
4 5 11 13
4 5 11 16
4 5 11 17
4 5 11 18
4 5 11 19
4 5 11 20
4 6 11 8
4 6 11 9
4 6 11 10
4 6 11 11
4 6 11 13
4 6 11 16
4 6 11 17
4 6 11 18
4 6 11 19
4 6 11 20
4 8 11 13
4 8 11 16
4 8 11 17
4 8 11 18
4 8 11 19
4 8 11 20
4 9 11 13
4 9 11 16
4 9 11 17
4 9 11 18
4 9 11 19
4 9 11 20
4 10 11 13
4 10 11 16
4 10 11 17
4 10 11 18
4 10 11 19
4 10 11 20
4 11 11 13
4 11 11 16
4 11 11 17
4 11 11 18
4 11 11 19
4 11 11 20
4 13 11 16
4 13 11 17
4 13 11 18
4 13 11 19
4 13 11 20
4 3 12 8
4 3 12 9
4 3 12 10
4 3 12 11
4 3 12 13
4 3 12 16
4 3 12 17
4 3 12 18
4 3 12 19
4 3 12 20
4 3 12 23
4 3 12 24
4 4 12 8
4 4 12 9
4 4 12 10
4 4 12 11
4 4 12 13
4 4 12 16
4 4 12 17
4 4 12 18
4 4 12 19
4 4 12 20
4 4 12 23
4 4 12 24
4 5 12 8
4 5 12 9
4 5 12 10
4 5 12 11
4 5 12 13
4 5 12 16
4 5 12 17
4 5 12 18
4 5 12 19
4 5 12 20
4 5 12 23
4 5 12 24
4 6 12 8
4 6 12 9
4 6 12 10
4 6 12 11
4 6 12 13
4 6 12 16
4 6 12 17
4 6 12 18
4 6 12 19
4 6 12 20
4 6 12 23
4 6 12 24
4 8 12 13
4 8 12 16
4 8 12 17
4 8 12 18
4 8 12 19
4 8 12 20
4 8 12 23
4 8 12 24
4 9 12 13
4 9 12 16
4 9 12 17
4 9 12 18
4 9 12 19
4 9 12 20
4 9 12 23
4 9 12 24
4 10 12 13
4 10 12 16
4 10 12 17
4 10 12 18
4 10 12 19
4 10 12 20
4 10 12 23
4 10 12 24
4 11 12 13
4 11 12 16
4 11 12 17
4 11 12 18
4 11 12 19
4 11 12 20
4 11 12 23
4 11 12 24
4 13 12 16
4 13 12 17
4 13 12 18
4 13 12 19
4 13 12 20
4 13 12 23
4 13 12 24
4 16 12 23
4 16 12 24
4 17 12 23
4 17 12 24
4 18 12 23
4 18 12 24
4 19 12 23
4 19 12 24
4 20 12 23
4 20 12 24
4 1 13 3
4 1 13 4
4 1 13 5
4 1 13 6
4 1 13 8
4 1 13 9
4 1 13 10
4 1 13 11
4 1 13 13
4 1 13 16
4 1 13 17
4 1 13 18
4 1 13 19
4 1 13 20
4 1 13 23
4 3 13 8
4 3 13 9
4 3 13 10
4 3 13 11
4 3 13 13
4 3 13 16
4 3 13 17
4 3 13 18
4 3 13 19
4 3 13 20
4 3 13 23
4 4 13 8
4 4 13 9
4 4 13 10
4 4 13 11
4 4 13 13
4 4 13 16
4 4 13 17
4 4 13 18
4 4 13 19
4 4 13 20
4 4 13 23
4 5 13 8
4 5 13 9
4 5 13 10
4 5 13 11
4 5 13 13
4 5 13 16
4 5 13 17
4 5 13 18
4 5 13 19
4 5 13 20
4 5 13 23
4 6 13 8
4 6 13 9
4 6 13 10
4 6 13 11
4 6 13 13
4 6 13 16
4 6 13 17
4 6 13 18
4 6 13 19
4 6 13 20
4 6 13 23
4 8 13 13
4 8 13 16
4 8 13 17
4 8 13 18
4 8 13 19
4 8 13 20
4 8 13 23
4 9 13 13
4 9 13 16
4 9 13 17
4 9 13 18
4 9 13 19
4 9 13 20
4 9 13 23
4 10 13 13
4 10 13 16
4 10 13 17
4 10 13 18
4 10 13 19
4 10 13 20
4 10 13 23
4 11 13 13
4 11 13 16
4 11 13 17
4 11 13 18
4 11 13 19
4 11 13 20
4 11 13 23
4 13 13 16
4 13 13 17
4 13 13 18
4 13 13 19
4 13 13 20
4 13 13 23
4 16 13 23
4 17 13 23
4 18 13 23
4 19 13 23
4 20 13 23
4 4 14 8
4 4 14 9
4 4 14 10
4 4 14 11
4 4 14 13
4 4 14 16
4 4 14 17
4 4 14 18
4 4 14 19
4 4 14 20
4 4 14 23
4 5 14 8
4 5 14 9
4 5 14 10
4 5 14 11
4 5 14 13
4 5 14 16
4 5 14 17
4 5 14 18
4 5 14 19
4 5 14 20
4 5 14 23
4 6 14 8
4 6 14 9
4 6 14 10
4 6 14 11
4 6 14 13
4 6 14 16
4 6 14 17
4 6 14 18
4 6 14 19
4 6 14 20
4 6 14 23
4 8 14 13
4 8 14 16
4 8 14 17
4 8 14 18
4 8 14 19
4 8 14 20
4 8 14 23
4 9 14 13
4 9 14 16
4 9 14 17
4 9 14 18
4 9 14 19
4 9 14 20
4 9 14 23
4 10 14 13
4 10 14 16
4 10 14 17
4 10 14 18
4 10 14 19
4 10 14 20
4 10 14 23
4 11 14 13
4 11 14 16
4 11 14 17
4 11 14 18
4 11 14 19
4 11 14 20
4 11 14 23
4 13 14 16
4 13 14 17
4 13 14 18
4 13 14 19
4 13 14 20
4 13 14 23
4 16 14 23
4 17 14 23
4 18 14 23
4 19 14 23
4 20 14 23
4 5 15 8
4 5 15 9
4 5 15 10
4 5 15 11
4 5 15 13
4 6 15 8
4 6 15 9
4 6 15 10
4 6 15 11
4 6 15 13
4 8 15 13
4 9 15 13
4 10 15 13
4 11 15 13
4 8 16 13
4 8 16 17
4 8 16 18
4 8 16 19
4 8 16 23
4 9 16 13
4 9 16 17
4 9 16 18
4 9 16 19
4 9 16 23
4 10 16 13
4 10 16 17
4 10 16 18
4 10 16 19
4 10 16 23
4 11 16 13
4 11 16 17
4 11 16 18
4 11 16 19
4 11 16 23
4 13 16 17
4 13 16 18
4 13 16 19
4 13 16 23
4 17 16 23
4 18 16 23
4 19 16 23
5 3 8 8
5 3 8 9
5 3 8 10
5 3 8 11
5 3 8 13
5 4 8 8
5 4 8 9
5 4 8 10
5 4 8 11
5 4 8 13
5 5 8 8
5 5 8 9
5 5 8 10
5 5 8 11
5 5 8 13
5 6 8 8
5 6 8 9
5 6 8 10
5 6 8 11
5 6 8 13
5 8 8 13
5 9 8 13
5 10 8 13
5 11 8 13
5 16 8 22
5 16 8 23
5 16 8 24
5 17 8 22
5 17 8 23
5 17 8 24
5 18 8 22
5 18 8 23
5 18 8 24
5 19 8 22
5 19 8 23
5 19 8 24
5 20 8 22
5 20 8 23
5 20 8 24
5 3 9 8
5 3 9 9
5 3 9 10
5 3 9 11
5 3 9 13
5 4 9 8
5 4 9 9
5 4 9 10
5 4 9 11
5 4 9 13
5 5 9 8
5 5 9 9
5 5 9 10
5 5 9 11
5 5 9 13
5 6 9 8
5 6 9 9
5 6 9 10
5 6 9 11
5 6 9 13
5 8 9 13
5 9 9 13
5 10 9 13
5 11 9 13
5 3 10 8
5 3 10 9
5 3 10 10
5 3 10 11
5 3 10 13
5 4 10 8
5 4 10 9
5 4 10 10
5 4 10 11
5 4 10 13
5 5 10 8
5 5 10 9
5 5 10 10
5 5 10 11
5 5 10 13
5 6 10 8
5 6 10 9
5 6 10 10
5 6 10 11
5 6 10 13
5 8 10 13
5 9 10 13
5 10 10 13
5 11 10 13
5 16 10 22
5 16 10 23
5 16 10 24
5 17 10 22
5 17 10 23
5 17 10 24
5 18 10 22
5 18 10 23
5 18 10 24
5 19 10 22
5 19 10 23
5 19 10 24
5 20 10 22
5 20 10 23
5 20 10 24
5 3 11 8
5 3 11 9
5 3 11 10
5 3 11 11
5 3 11 13
5 4 11 8
5 4 11 9
5 4 11 10
5 4 11 11
5 4 11 13
5 5 11 8
5 5 11 9
5 5 11 10
5 5 11 11
5 5 11 13
5 6 11 8
5 6 11 9
5 6 11 10
5 6 11 11
5 6 11 13
5 8 11 13
5 9 11 13
5 10 11 13
5 11 11 13
5 3 12 8
5 3 12 9
5 3 12 10
5 3 12 11
5 3 12 13
5 4 12 8
5 4 12 9
5 4 12 10
5 4 12 11
5 4 12 13
5 5 12 8
5 5 12 9
5 5 12 10
5 5 12 11
5 5 12 13
5 6 12 8
5 6 12 9
5 6 12 10
5 6 12 11
5 6 12 13
5 8 12 13
5 9 12 13
5 10 12 13
5 11 12 13
5 16 12 23
5 16 12 24
5 17 12 23
5 17 12 24
5 18 12 23
5 18 12 24
5 19 12 23
5 19 12 24
5 20 12 23
5 20 12 24
5 1 13 3
5 1 13 4
5 1 13 5
5 1 13 6
5 1 13 8
5 1 13 9
5 1 13 10
5 1 13 11
5 1 13 13
5 3 13 8
5 3 13 9
5 3 13 10
5 3 13 11
5 3 13 13
5 4 13 8
5 4 13 9
5 4 13 10
5 4 13 11
5 4 13 13
5 5 13 8
5 5 13 9
5 5 13 10
5 5 13 11
5 5 13 13
5 6 13 8
5 6 13 9
5 6 13 10
5 6 13 11
5 6 13 13
5 8 13 13
5 9 13 13
5 10 13 13
5 11 13 13
5 16 13 23
5 17 13 23
5 18 13 23
5 19 13 23
5 20 13 23
5 4 14 8
5 4 14 9
5 4 14 10
5 4 14 11
5 4 14 13
5 5 14 8
5 5 14 9
5 5 14 10
5 5 14 11
5 5 14 13
5 6 14 8
5 6 14 9
5 6 14 10
5 6 14 11
5 6 14 13
5 8 14 13
5 9 14 13
5 10 14 13
5 11 14 13
5 16 14 23
5 17 14 23
5 18 14 23
5 19 14 23
5 20 14 23
5 5 15 8
5 5 15 9
5 5 15 10
5 5 15 11
5 5 15 13
5 6 15 8
5 6 15 9
5 6 15 10
5 6 15 11
5 6 15 13
5 8 15 13
5 9 15 13
5 10 15 13
5 11 15 13
5 8 16 13
5 9 16 13
5 10 16 13
5 11 16 13
5 17 16 23
5 18 16 23
5 19 16 23
6 1 13 3
6 1 13 4
6 1 13 5
6 1 13 6
8 3 10 16
8 3 10 17
8 3 10 18
8 3 10 19
8 3 10 20
8 3 10 22
8 3 10 23
8 3 10 24
8 4 10 16
8 4 10 17
8 4 10 18
8 4 10 19
8 4 10 20
8 4 10 22
8 4 10 23
8 4 10 24
8 5 10 16
8 5 10 17
8 5 10 18
8 5 10 19
8 5 10 20
8 5 10 22
8 5 10 23
8 5 10 24
8 6 10 16
8 6 10 17
8 6 10 18
8 6 10 19
8 6 10 20
8 6 10 22
8 6 10 23
8 6 10 24
8 7 10 16
8 7 10 17
8 7 10 18
8 7 10 19
8 7 10 20
8 7 10 22
8 7 10 23
8 7 10 24
8 8 10 16
8 8 10 17
8 8 10 18
8 8 10 19
8 8 10 20
8 8 10 22
8 8 10 23
8 8 10 24
8 9 10 16
8 9 10 17
8 9 10 18
8 9 10 19
8 9 10 20
8 9 10 22
8 9 10 23
8 9 10 24
8 10 10 16
8 10 10 17
8 10 10 18
8 10 10 19
8 10 10 20
8 10 10 22
8 10 10 23
8 10 10 24
8 11 10 16
8 11 10 17
8 11 10 18
8 11 10 19
8 11 10 20
8 11 10 22
8 11 10 23
8 11 10 24
8 12 10 16
8 12 10 17
8 12 10 18
8 12 10 19
8 12 10 20
8 12 10 22
8 12 10 23
8 12 10 24
8 13 10 16
8 13 10 17
8 13 10 18
8 13 10 19
8 13 10 20
8 13 10 22
8 13 10 23
8 13 10 24
8 16 10 22
8 16 10 23
8 16 10 24
8 17 10 22
8 17 10 23
8 17 10 24
8 18 10 22
8 18 10 23
8 18 10 24
8 19 10 22
8 19 10 23
8 19 10 24
8 20 10 22
8 20 10 23
8 20 10 24
8 3 11 16
8 3 11 17
8 3 11 18
8 3 11 19
8 3 11 20
8 4 11 16
8 4 11 17
8 4 11 18
8 4 11 19
8 4 11 20
8 5 11 16
8 5 11 17
8 5 11 18
8 5 11 19
8 5 11 20
8 6 11 16
8 6 11 17
8 6 11 18
8 6 11 19
8 6 11 20
8 7 11 16
8 7 11 17
8 7 11 18
8 7 11 19
8 7 11 20
8 8 11 16
8 8 11 17
8 8 11 18
8 8 11 19
8 8 11 20
8 9 11 16
8 9 11 17
8 9 11 18
8 9 11 19
8 9 11 20
8 10 11 16
8 10 11 17
8 10 11 18
8 10 11 19
8 10 11 20
8 11 11 16
8 11 11 17
8 11 11 18
8 11 11 19
8 11 11 20
8 12 11 16
8 12 11 17
8 12 11 18
8 12 11 19
8 12 11 20
8 13 11 16
8 13 11 17
8 13 11 18
8 13 11 19
8 13 11 20
8 3 12 16
8 3 12 17
8 3 12 18
8 3 12 19
8 3 12 20
8 3 12 23
8 3 12 24
8 4 12 16
8 4 12 17
8 4 12 18
8 4 12 19
8 4 12 20
8 4 12 23
8 4 12 24
8 5 12 16
8 5 12 17
8 5 12 18
8 5 12 19
8 5 12 20
8 5 12 23
8 5 12 24
8 6 12 16
8 6 12 17
8 6 12 18
8 6 12 19
8 6 12 20
8 6 12 23
8 6 12 24
8 7 12 16
8 7 12 17
8 7 12 18
8 7 12 19
8 7 12 20
8 7 12 23
8 7 12 24
8 8 12 16
8 8 12 17
8 8 12 18
8 8 12 19
8 8 12 20
8 8 12 23
8 8 12 24
8 9 12 16
8 9 12 17
8 9 12 18
8 9 12 19
8 9 12 20
8 9 12 23
8 9 12 24
8 10 12 16
8 10 12 17
8 10 12 18
8 10 12 19
8 10 12 20
8 10 12 23
8 10 12 24
8 11 12 16
8 11 12 17
8 11 12 18
8 11 12 19
8 11 12 20
8 11 12 23
8 11 12 24
8 12 12 16
8 12 12 17
8 12 12 18
8 12 12 19
8 12 12 20
8 12 12 23
8 12 12 24
8 13 12 16
8 13 12 17
8 13 12 18
8 13 12 19
8 13 12 20
8 13 12 23
8 13 12 24
8 16 12 23
8 16 12 24
8 17 12 23
8 17 12 24
8 18 12 23
8 18 12 24
8 19 12 23
8 19 12 24
8 20 12 23
8 20 12 24
8 3 13 16
8 3 13 17
8 3 13 18
8 3 13 19
8 3 13 20
8 3 13 23
8 4 13 16
8 4 13 17
8 4 13 18
8 4 13 19
8 4 13 20
8 4 13 23
8 5 13 16
8 5 13 17
8 5 13 18
8 5 13 19
8 5 13 20
8 5 13 23
8 6 13 16
8 6 13 17
8 6 13 18
8 6 13 19
8 6 13 20
8 6 13 23
8 7 13 16
8 7 13 17
8 7 13 18
8 7 13 19
8 7 13 20
8 7 13 23
8 8 13 16
8 8 13 17
8 8 13 18
8 8 13 19
8 8 13 20
8 8 13 23
8 9 13 16
8 9 13 17
8 9 13 18
8 9 13 19
8 9 13 20
8 9 13 23
8 10 13 16
8 10 13 17
8 10 13 18
8 10 13 19
8 10 13 20
8 10 13 23
8 11 13 16
8 11 13 17
8 11 13 18
8 11 13 19
8 11 13 20
8 11 13 23
8 12 13 16
8 12 13 17
8 12 13 18
8 12 13 19
8 12 13 20
8 12 13 23
8 13 13 16
8 13 13 17
8 13 13 18
8 13 13 19
8 13 13 20
8 13 13 23
8 16 13 23
8 17 13 23
8 18 13 23
8 19 13 23
8 20 13 23
8 4 14 16
8 4 14 17
8 4 14 18
8 4 14 19
8 4 14 20
8 4 14 23
8 5 14 16
8 5 14 17
8 5 14 18
8 5 14 19
8 5 14 20
8 5 14 23
8 6 14 16
8 6 14 17
8 6 14 18
8 6 14 19
8 6 14 20
8 6 14 23
8 7 14 16
8 7 14 17
8 7 14 18
8 7 14 19
8 7 14 20
8 7 14 23
8 8 14 16
8 8 14 17
8 8 14 18
8 8 14 19
8 8 14 20
8 8 14 23
8 9 14 16
8 9 14 17
8 9 14 18
8 9 14 19
8 9 14 20
8 9 14 23
8 10 14 16
8 10 14 17
8 10 14 18
8 10 14 19
8 10 14 20
8 10 14 23
8 11 14 16
8 11 14 17
8 11 14 18
8 11 14 19
8 11 14 20
8 11 14 23
8 12 14 16
8 12 14 17
8 12 14 18
8 12 14 19
8 12 14 20
8 12 14 23
8 13 14 16
8 13 14 17
8 13 14 18
8 13 14 19
8 13 14 20
8 13 14 23
8 16 14 23
8 17 14 23
8 18 14 23
8 19 14 23
8 20 14 23
8 7 16 17
8 7 16 18
8 7 16 19
8 7 16 23
8 8 16 17
8 8 16 18
8 8 16 19
8 8 16 23
8 9 16 17
8 9 16 18
8 9 16 19
8 9 16 23
8 10 16 17
8 10 16 18
8 10 16 19
8 10 16 23
8 11 16 17
8 11 16 18
8 11 16 19
8 11 16 23
8 12 16 17
8 12 16 18
8 12 16 19
8 12 16 23
8 13 16 17
8 13 16 18
8 13 16 19
8 13 16 23
8 17 16 23
8 18 16 23
8 19 16 23
10 3 12 23
10 3 12 24
10 4 12 23
10 4 12 24
10 5 12 23
10 5 12 24
10 6 12 23
10 6 12 24
10 7 12 23
10 7 12 24
10 8 12 23
10 8 12 24
10 9 12 23
10 9 12 24
10 10 12 23
10 10 12 24
10 11 12 23
10 11 12 24
10 12 12 23
10 12 12 24
10 13 12 23
10 13 12 24
10 14 12 23
10 14 12 24
10 15 12 23
10 15 12 24
10 16 12 23
10 16 12 24
10 17 12 23
10 17 12 24
10 18 12 23
10 18 12 24
10 19 12 23
10 19 12 24
10 20 12 23
10 20 12 24
10 3 13 23
10 4 13 23
10 5 13 23
10 6 13 23
10 7 13 23
10 8 13 23
10 9 13 23
10 10 13 23
10 11 13 23
10 12 13 23
10 13 13 23
10 14 13 23
10 15 13 23
10 16 13 23
10 17 13 23
10 18 13 23
10 19 13 23
10 20 13 23
10 4 14 23
10 5 14 23
10 6 14 23
10 7 14 23
10 8 14 23
10 9 14 23
10 10 14 23
10 11 14 23
10 12 14 23
10 13 14 23
10 14 14 23
10 15 14 23
10 16 14 23
10 17 14 23
10 18 14 23
10 19 14 23
10 20 14 23
10 7 16 17
10 7 16 18
10 7 16 19
10 7 16 23
10 8 16 17
10 8 16 18
10 8 16 19
10 8 16 23
10 9 16 17
10 9 16 18
10 9 16 19
10 9 16 23
10 10 16 17
10 10 16 18
10 10 16 19
10 10 16 23
10 11 16 17
10 11 16 18
10 11 16 19
10 11 16 23
10 12 16 17
10 12 16 18
10 12 16 19
10 12 16 23
10 13 16 17
10 13 16 18
10 13 16 19
10 13 16 23
10 17 16 23
10 18 16 23
10 19 16 23
11 7 16 17
11 7 16 18
11 7 16 19
11 8 16 17
11 8 16 18
11 8 16 19
11 9 16 17
11 9 16 18
11 9 16 19
11 10 16 17
11 10 16 18
11 10 16 19
11 11 16 17
11 11 16 18
11 11 16 19
11 12 16 17
11 12 16 18
11 12 16 19
11 13 16 17
11 13 16 18
11 13 16 19
12 7 16 17
12 7 16 18
12 7 16 19
12 7 16 23
12 8 16 17
12 8 16 18
12 8 16 19
12 8 16 23
12 9 16 17
12 9 16 18
12 9 16 19
12 9 16 23
12 10 16 17
12 10 16 18
12 10 16 19
12 10 16 23
12 11 16 17
12 11 16 18
12 11 16 19
12 11 16 23
12 12 16 17
12 12 16 18
12 12 16 19
12 12 16 23
12 13 16 17
12 13 16 18
12 13 16 19
12 13 16 23
12 17 16 23
12 18 16 23
12 19 16 23
13 7 16 17
13 7 16 18
13 7 16 19
13 7 16 23
13 8 16 17
13 8 16 18
13 8 16 19
13 8 16 23
13 9 16 17
13 9 16 18
13 9 16 19
13 9 16 23
13 10 16 17
13 10 16 18
13 10 16 19
13 10 16 23
13 11 16 17
13 11 16 18
13 11 16 19
13 11 16 23
13 12 16 17
13 12 16 18
13 12 16 19
13 12 16 23
13 13 16 17
13 13 16 18
13 13 16 19
13 13 16 23
13 17 16 23
13 18 16 23
13 19 16 23
14 7 16 17
14 7 16 18
14 7 16 19
14 7 16 23
14 8 16 17
14 8 16 18
14 8 16 19
14 8 16 23
14 9 16 17
14 9 16 18
14 9 16 19
14 9 16 23
14 10 16 17
14 10 16 18
14 10 16 19
14 10 16 23
14 11 16 17
14 11 16 18
14 11 16 19
14 11 16 23
14 12 16 17
14 12 16 18
14 12 16 19
14 12 16 23
14 13 16 17
14 13 16 18
14 13 16 19
14 13 16 23
14 17 16 23
14 18 16 23
14 19 16 23
