18 25
0000000111111111111111000
0111111111111111111111000
0100000100000000000001000
0100000100000000000001000
0100000100000000000001000
0100000100000000000001000
0100000100000000000001000
0100000100000000000001000
0100000100000000000001000
0100000100000000000001000
0100000100000000000001000
0100000100000000000001000
0111111111111111111111000
0000100100000001000001000
0000100100000001000001000
0000100100000001000001000
0000100100000001000001000
0000111111111111111111000
12
1 8 13 22
1 8 18 22
2 2 13 8
2 2 13 22
2 8 13 22
2 8 18 22
13 5 18 8
13 5 18 16
13 5 18 22
13 8 18 16
13 8 18 22
13 16 18 22
