12 13
0001111111111
0001010101011
0001010111111
0001111111111
0001011111111
0001111111111
1111111111111
1101111111110
1111111111110
1111111111100
1111111111100
0000000000000
180
1 8 3 10
1 8 3 12
1 8 3 13
1 10 3 12
1 10 3 13
1 4 4 6
1 4 4 8
1 4 4 10
1 4 4 12
1 4 4 13
1 6 4 8
1 6 4 10
1 6 4 12
1 6 4 13
1 8 4 10
1 8 4 12
1 8 4 13
1 10 4 12
1 10 4 13
1 6 5 8
1 6 5 10
1 6 5 12
1 6 5 13
1 8 5 10
1 8 5 12
1 8 5 13
1 10 5 12
1 10 5 13
1 4 6 6
1 4 6 8
1 4 6 10
1 4 6 12
1 4 6 13
1 6 6 8
1 6 6 10
1 6 6 12
1 6 6 13
1 8 6 10
1 8 6 12
1 8 6 13
1 10 6 12
1 10 6 13
1 4 7 6
1 4 7 8
1 4 7 10
1 4 7 12
1 4 7 13
1 6 7 8
1 6 7 10
1 6 7 12
1 6 7 13
1 8 7 10
1 8 7 12
1 8 7 13
1 10 7 12
1 10 7 13
1 4 8 6
1 4 8 8
1 4 8 10
1 4 8 12
1 6 8 8
1 6 8 10
1 6 8 12
1 8 8 10
1 8 8 12
1 10 8 12
1 4 9 6
1 4 9 8
1 4 9 10
1 4 9 12
1 6 9 8
1 6 9 10
1 6 9 12
1 8 9 10
1 8 9 12
1 10 9 12
1 4 10 6
1 4 10 8
1 4 10 10
1 6 10 8
1 6 10 10
1 8 10 10
1 4 11 6
1 4 11 8
1 4 11 10
1 6 11 8
1 6 11 10
1 8 11 10
4 4 6 6
4 4 6 7
4 4 6 8
4 4 6 9
4 4 6 10
4 4 6 11
4 4 6 12
4 4 6 13
4 4 7 6
4 4 7 7
4 4 7 8
4 4 7 9
4 4 7 10
4 4 7 11
4 4 7 12
4 4 7 13
4 4 8 6
4 4 8 7
4 4 8 8
4 4 8 9
4 4 8 10
4 4 8 11
4 4 8 12
4 4 9 6
4 4 9 7
4 4 9 8
4 4 9 9
4 4 9 10
4 4 9 11
4 4 9 12
4 4 10 6
4 4 10 7
4 4 10 8
4 4 10 9
4 4 10 10
4 4 10 11
4 4 11 6
4 4 11 7
4 4 11 8
4 4 11 9
4 4 11 10
4 4 11 11
7 1 9 4
7 1 9 5
7 1 9 6
7 1 9 7
7 1 9 8
7 1 9 9
7 1 9 10
7 1 9 11
7 1 9 12
7 2 9 4
7 2 9 5
7 2 9 6
7 2 9 7
7 2 9 8
7 2 9 9
7 2 9 10
7 2 9 11
7 2 9 12
7 1 10 4
7 1 10 5
7 1 10 6
7 1 10 7
7 1 10 8
7 1 10 9
7 1 10 10
7 1 10 11
7 2 10 4
7 2 10 5
7 2 10 6
7 2 10 7
7 2 10 8
7 2 10 9
7 2 10 10
7 2 10 11
7 1 11 4
7 1 11 5
7 1 11 6
7 1 11 7
7 1 11 8
7 1 11 9
7 1 11 10
7 1 11 11
7 2 11 4
7 2 11 5
7 2 11 6
7 2 11 7
7 2 11 8
7 2 11 9
7 2 11 10
7 2 11 11
