15 13
0000000000000
1111111111111
1000000000001
1111111111111
1111110000011
1101111100011
1111110100011
1111111111111
0000110100010
0001111111111
0001110100011
0001111111111
0000000000000
0000000000000
0000000000000
68
2 1 4 13
2 1 8 13
4 1 7 4
4 1 7 5
4 1 7 6
4 2 7 4
4 2 7 5
4 2 7 6
4 1 8 4
4 1 8 5
4 1 8 6
4 1 8 12
4 1 8 13
4 2 8 4
4 2 8 5
4 2 8 6
4 2 8 12
4 2 8 13
4 4 8 12
4 4 8 13
4 5 8 12
4 5 8 13
4 6 8 12
4 6 8 13
4 5 10 12
4 6 10 12
4 5 12 12
4 6 12 12
5 1 7 4
5 1 7 5
5 1 7 6
5 2 7 4
5 2 7 5
5 2 7 6
5 1 8 4
5 1 8 5
5 1 8 6
5 2 8 4
5 2 8 5
5 2 8 6
6 4 8 8
6 5 8 8
6 6 8 8
6 5 10 8
6 6 10 8
6 5 12 8
6 6 12 8
8 5 10 8
8 5 10 12
8 6 10 8
8 6 10 12
8 8 10 12
8 5 12 8
8 5 12 12
8 6 12 8
8 6 12 12
8 8 12 12
10 4 12 8
10 4 12 12
10 4 12 13
10 5 12 8
10 5 12 12
10 5 12 13
10 6 12 8
10 6 12 12
10 6 12 13
10 8 12 12
10 8 12 13
