11 21
000000000000000000000
001111111111111111111
111111111111111111001
101101010000011111111
111111111111111111100
111111110000000101100
011001000000000101100
011001000000000101100
011001000000000101100
011111111111111101100
011111111111111111100
120
2 14 4 21
2 15 4 21
2 16 4 21
2 17 4 21
2 18 4 21
2 3 5 6
2 3 5 8
2 3 5 14
2 3 5 15
2 3 5 16
2 3 5 17
2 3 5 18
2 4 5 6
2 4 5 8
2 4 5 14
2 4 5 15
2 4 5 16
2 4 5 17
2 4 5 18
2 6 5 8
2 6 5 14
2 6 5 15
2 6 5 16
2 6 5 17
2 6 5 18
2 8 5 14
2 8 5 15
2 8 5 16
2 8 5 17
2 8 5 18
2 3 6 6
2 3 6 8
2 4 6 6
2 4 6 8
2 6 6 8
2 3 10 6
2 3 10 16
2 6 10 16
2 3 11 6
2 3 11 16
2 3 11 18
2 6 11 16
2 6 11 18
2 16 11 18
3 1 5 3
3 1 5 4
3 1 5 6
3 1 5 8
3 1 5 14
3 1 5 15
3 1 5 16
3 1 5 17
3 1 5 18
3 3 5 6
3 3 5 8
3 3 5 14
3 3 5 15
3 3 5 16
3 3 5 17
3 3 5 18
3 4 5 6
3 4 5 8
3 4 5 14
3 4 5 15
3 4 5 16
3 4 5 17
3 4 5 18
3 6 5 8
3 6 5 14
3 6 5 15
3 6 5 16
3 6 5 17
3 6 5 18
3 8 5 14
3 8 5 15
3 8 5 16
3 8 5 17
3 8 5 18
3 1 6 3
3 1 6 4
3 1 6 6
3 1 6 8
3 3 6 6
3 3 6 8
3 4 6 6
3 4 6 8
3 6 6 8
3 3 10 6
3 3 10 16
3 6 10 16
3 3 11 6
3 3 11 16
3 3 11 18
3 6 11 16
3 6 11 18
3 16 11 18
4 16 11 18
4 16 11 19
5 2 10 6
5 2 10 16
5 3 10 6
5 3 10 16
5 6 10 16
5 2 11 6
5 2 11 16
5 2 11 18
5 2 11 19
5 3 11 6
5 3 11 16
5 3 11 18
5 3 11 19
5 6 11 16
5 6 11 18
5 6 11 19
5 16 11 18
5 16 11 19
6 2 10 6
6 3 10 6
6 2 11 6
6 3 11 6
