14 15
000000011111111
000111110000001
000100111111111
000101111111010
000101101001010
111111111001010
101101111111111
101111111111111
101100101000001
101111111111111
111111111000000
001111111000000
000100100000000
000111100000000
94
1 8 3 15
2 4 6 7
2 4 8 7
2 4 10 7
2 4 11 7
2 4 12 7
2 4 14 7
3 7 6 9
3 7 7 9
3 7 7 12
3 7 7 14
3 9 7 12
3 9 7 14
3 12 7 14
3 7 8 9
3 7 8 12
3 7 8 14
3 9 8 12
3 9 8 14
3 12 8 14
3 7 10 9
3 7 11 9
3 7 12 9
4 6 6 9
4 7 6 9
4 6 7 9
4 6 7 12
4 7 7 9
4 7 7 12
4 9 7 12
4 6 8 9
4 6 8 12
4 7 8 9
4 7 8 12
4 9 8 12
4 7 10 9
4 7 11 9
4 7 12 9
6 3 8 6
6 3 8 7
6 3 8 8
6 3 8 9
6 4 8 6
6 4 8 7
6 4 8 8
6 4 8 9
6 3 10 7
6 3 10 9
6 4 10 7
6 4 10 9
6 7 10 9
6 1 11 3
6 1 11 4
6 1 11 7
6 1 11 9
6 3 11 7
6 3 11 9
6 4 11 7
6 4 11 9
6 7 11 9
6 3 12 7
6 3 12 9
6 4 12 7
6 4 12 9
6 7 12 9
6 4 14 7
7 7 10 9
7 7 10 15
7 9 10 15
7 7 11 9
7 7 12 9
8 3 10 7
8 3 10 9
8 3 10 15
8 4 10 7
8 4 10 9
8 4 10 15
8 7 10 9
8 7 10 15
8 9 10 15
8 3 11 7
8 3 11 9
8 4 11 7
8 4 11 9
8 7 11 9
8 3 12 7
8 3 12 9
8 4 12 7
8 4 12 9
8 7 12 9
8 4 14 7
10 4 14 7
11 4 14 7
12 4 14 7
