19 25
0000000000000000000000000
0000011111111111111111110
0000010010000111111111111
1111111010000100000000011
1000111111111111111100011
1000111110000100100100011
1111111111111100100100011
0001111110000100100100011
0001111111111111100100011
0001011110000100000100011
0001011110000100000100011
0001111111111100000100011
0000001010000100000100011
0000001111111111111111111
0000000000000111111111111
0000000000000000000000000
0000000000000000000000000
0000000000000000000000000
0000000000000000000000000
95
2 6 5 9
2 6 5 14
2 9 5 14
2 6 6 9
2 6 7 9
2 6 7 14
2 9 7 14
2 6 8 9
2 6 9 9
2 6 9 14
2 9 9 14
2 6 10 9
2 6 11 9
2 6 12 9
2 6 12 14
2 9 12 14
2 9 14 14
2 9 14 24
2 14 14 24
2 14 15 24
3 14 14 24
3 14 14 25
3 14 15 24
3 14 15 25
4 1 7 5
4 1 7 6
4 1 7 7
5 5 7 14
5 6 7 14
5 7 7 14
5 8 7 14
5 9 7 14
5 5 9 14
5 5 9 17
5 6 9 14
5 6 9 17
5 7 9 14
5 7 9 17
5 8 9 14
5 8 9 17
5 9 9 14
5 9 9 17
5 14 9 17
5 6 12 14
5 7 12 14
5 8 12 14
5 9 12 14
5 7 14 9
5 7 14 14
5 7 14 20
5 9 14 14
5 9 14 20
5 14 14 20
5 14 15 20
6 7 14 9
7 4 9 14
7 5 9 14
7 6 9 14
7 7 9 14
7 8 9 14
7 9 9 14
7 4 12 6
7 4 12 7
7 4 12 8
7 4 12 9
7 4 12 14
7 6 12 14
7 7 12 14
7 8 12 14
7 9 12 14
7 7 14 9
7 7 14 14
7 9 14 14
8 4 12 6
8 4 12 7
8 4 12 8
8 4 12 9
8 7 14 9
9 4 12 6
9 4 12 7
9 4 12 8
9 4 12 9
9 4 12 14
9 6 12 14
9 7 12 14
9 8 12 14
9 9 12 14
9 7 14 9
9 7 14 14
9 9 14 14
10 7 14 9
11 7 14 9
12 7 14 9
12 7 14 14
12 9 14 14
