15 10
0000000000
0000000000
0111111111
0101100001
0111100001
1111111001
1111111111
1111111111
1111101011
1111101011
1111111111
1111111010
0111111110
0101000010
0111111110
127
3 2 5 4
3 2 5 5
3 2 6 4
3 2 6 5
3 2 7 4
3 2 7 5
3 2 7 10
3 4 7 10
3 5 7 10
3 2 8 4
3 2 8 5
3 2 8 10
3 4 8 10
3 5 8 10
3 2 9 4
3 2 9 5
3 2 10 4
3 2 10 5
3 2 11 4
3 2 11 5
3 2 11 10
3 4 11 10
3 5 11 10
3 2 12 4
3 2 12 5
3 2 13 4
3 2 13 5
3 2 15 4
5 2 15 4
6 1 11 7
6 2 11 7
6 3 11 7
6 4 11 7
6 5 11 7
6 1 12 7
6 2 12 7
6 3 12 7
6 4 12 7
6 5 12 7
6 2 13 7
6 3 13 7
6 4 13 7
6 5 13 7
6 2 15 4
7 1 11 7
7 1 11 9
7 1 11 10
7 2 11 7
7 2 11 9
7 2 11 10
7 3 11 7
7 3 11 9
7 3 11 10
7 4 11 7
7 4 11 9
7 4 11 10
7 5 11 7
7 5 11 9
7 5 11 10
7 7 11 9
7 7 11 10
7 1 12 7
7 2 12 7
7 3 12 7
7 4 12 7
7 5 12 7
7 2 13 7
7 2 13 9
7 3 13 7
7 3 13 9
7 4 13 7
7 4 13 9
7 5 13 7
7 5 13 9
7 7 13 9
7 2 15 4
7 2 15 9
7 4 15 9
8 1 11 7
8 1 11 9
8 1 11 10
8 2 11 7
8 2 11 9
8 2 11 10
8 3 11 7
8 3 11 9
8 3 11 10
8 4 11 7
8 4 11 9
8 4 11 10
8 5 11 7
8 5 11 9
8 5 11 10
8 7 11 9
8 7 11 10
8 1 12 7
8 2 12 7
8 3 12 7
8 4 12 7
8 5 12 7
8 2 13 7
8 2 13 9
8 3 13 7
8 3 13 9
8 4 13 7
8 4 13 9
8 5 13 7
8 5 13 9
8 7 13 9
8 2 15 4
8 2 15 9
8 4 15 9
9 2 15 4
10 2 15 4
11 2 13 9
11 3 13 9
11 4 13 9
11 5 13 9
11 6 13 9
11 7 13 9
11 2 15 4
11 2 15 9
11 4 15 9
12 2 15 4
13 2 15 4
13 2 15 9
13 4 15 9
