12 16
0000000000000000
0000001111111000
0011111111111111
0010001011111111
0010001010111011
0111111111111111
0110001010101111
0111111111111111
0100001111111111
0100001011111111
0111111111111111
0000000000000000
264
2 7 6 9
2 7 6 11
2 7 6 12
2 7 6 13
2 9 6 11
2 9 6 12
2 9 6 13
2 7 8 9
2 7 8 11
2 7 8 13
2 9 8 11
2 9 8 13
2 11 8 13
2 7 9 9
2 7 9 11
2 7 9 13
2 9 9 11
2 9 9 13
2 11 9 13
2 9 10 11
2 9 10 13
2 11 10 13
2 7 11 9
2 7 11 11
2 7 11 13
2 9 11 11
2 9 11 13
2 11 11 13
3 3 6 7
3 3 6 9
3 3 6 11
3 3 6 12
3 3 6 13
3 3 6 15
3 3 6 16
3 7 6 9
3 7 6 11
3 7 6 12
3 7 6 13
3 7 6 15
3 7 6 16
3 9 6 11
3 9 6 12
3 9 6 13
3 9 6 15
3 9 6 16
3 11 6 15
3 11 6 16
3 12 6 15
3 12 6 16
3 13 6 15
3 13 6 16
3 13 7 15
3 13 7 16
3 3 8 7
3 3 8 9
3 3 8 11
3 3 8 13
3 3 8 15
3 3 8 16
3 7 8 9
3 7 8 11
3 7 8 13
3 7 8 15
3 7 8 16
3 9 8 11
3 9 8 13
3 9 8 15
3 9 8 16
3 11 8 13
3 11 8 15
3 11 8 16
3 13 8 15
3 13 8 16
3 7 9 9
3 7 9 11
3 7 9 13
3 7 9 15
3 7 9 16
3 9 9 11
3 9 9 13
3 9 9 15
3 9 9 16
3 11 9 13
3 11 9 15
3 11 9 16
3 13 9 15
3 13 9 16
3 9 10 11
3 9 10 13
3 9 10 15
3 9 10 16
3 11 10 13
3 11 10 15
3 11 10 16
3 13 10 15
3 13 10 16
3 7 11 9
3 7 11 11
3 7 11 13
3 7 11 15
3 7 11 16
3 9 11 11
3 9 11 13
3 9 11 15
3 9 11 16
3 11 11 13
3 11 11 15
3 11 11 16
3 13 11 15
3 13 11 16
4 9 6 11
4 9 6 12
4 9 6 13
4 9 6 15
4 9 6 16
4 11 6 15
4 11 6 16
4 12 6 15
4 12 6 16
4 13 6 15
4 13 6 16
4 13 7 15
4 13 7 16
4 9 8 11
4 9 8 13
4 9 8 15
4 9 8 16
4 11 8 13
4 11 8 15
4 11 8 16
4 13 8 15
4 13 8 16
4 9 9 11
4 9 9 13
4 9 9 15
4 9 9 16
4 11 9 13
4 11 9 15
4 11 9 16
4 13 9 15
4 13 9 16
4 9 10 11
4 9 10 13
4 9 10 15
4 9 10 16
4 11 10 13
4 11 10 15
4 11 10 16
4 13 10 15
4 13 10 16
4 9 11 11
4 9 11 13
4 9 11 15
4 9 11 16
4 11 11 13
4 11 11 15
4 11 11 16
4 13 11 15
4 13 11 16
5 11 8 13
5 11 9 13
5 11 10 13
5 11 11 13
6 2 8 7
6 2 8 9
6 2 8 11
6 2 8 13
6 2 8 14
6 2 8 15
6 2 8 16
6 3 8 7
6 3 8 9
6 3 8 11
6 3 8 13
6 3 8 14
6 3 8 15
6 3 8 16
6 7 8 9
6 7 8 11
6 7 8 13
6 7 8 14
6 7 8 15
6 7 8 16
6 9 8 11
6 9 8 13
6 9 8 14
6 9 8 15
6 9 8 16
6 11 8 13
6 11 8 14
6 11 8 15
6 11 8 16
6 7 9 9
6 7 9 11
6 7 9 13
6 7 9 14
6 7 9 15
6 7 9 16
6 9 9 11
6 9 9 13
6 9 9 14
6 9 9 15
6 9 9 16
6 11 9 13
6 11 9 14
6 11 9 15
6 11 9 16
6 9 10 11
6 9 10 13
6 9 10 14
6 9 10 15
6 9 10 16
6 11 10 13
6 11 10 14
6 11 10 15
6 11 10 16
6 2 11 7
6 2 11 9
6 2 11 11
6 2 11 13
6 2 11 14
6 2 11 15
6 2 11 16
6 7 11 9
6 7 11 11
6 7 11 13
6 7 11 14
6 7 11 15
6 7 11 16
6 9 11 11
6 9 11 13
6 9 11 14
6 9 11 15
6 9 11 16
6 11 11 13
6 11 11 14
6 11 11 15
6 11 11 16
8 2 11 7
8 2 11 9
8 2 11 10
8 2 11 11
8 2 11 12
8 2 11 13
8 2 11 14
8 2 11 15
8 2 11 16
8 7 11 9
8 7 11 10
8 7 11 11
8 7 11 12
8 7 11 13
8 7 11 14
8 7 11 15
8 7 11 16
9 7 11 9
9 7 11 10
9 7 11 11
9 7 11 12
9 7 11 13
9 7 11 14
9 7 11 15
9 7 11 16
