23 23
00011111111111111111111
11111111000000000000001
11111111111111110000001
11010001000000010000001
11011111000000011110001
11010001000000010010001
11010001000000010010001
11111111111111110010001
11111101000000010010001
11010101000000010010001
11111101000000010010001
11111101000000010010001
11111101000000010010001
11111111111111111111111
10010001000011111010000
10010001000010011011100
11111111000010011010100
00000000000011111010100
00000000000000010010100
00000000000000010011100
00000000000000010010000
00000000000000010010000
00000000000000011110000
128
1 4 5 8
1 4 8 8
1 4 14 8
1 4 14 23
1 8 14 23
1 4 17 8
2 4 5 8
2 1 8 4
2 1 8 8
2 2 8 4
2 2 8 8
2 4 8 8
2 1 9 4
2 2 9 4
2 1 11 4
2 2 11 4
2 1 12 4
2 2 12 4
2 1 13 4
2 2 13 4
2 1 14 4
2 1 14 8
2 2 14 4
2 2 14 8
2 4 14 8
2 1 17 4
2 1 17 8
2 4 17 8
3 4 5 8
3 1 8 4
3 1 8 8
3 1 8 16
3 2 8 4
3 2 8 8
3 2 8 16
3 4 8 8
3 4 8 16
3 8 8 16
3 1 9 4
3 2 9 4
3 1 11 4
3 2 11 4
3 1 12 4
3 2 12 4
3 1 13 4
3 2 13 4
3 1 14 4
3 1 14 8
3 1 14 16
3 2 14 4
3 2 14 8
3 2 14 16
3 4 14 8
3 4 14 16
3 8 14 16
3 1 17 4
3 1 17 8
3 4 17 8
5 4 8 8
5 4 14 8
5 16 14 19
5 4 17 8
5 16 23 19
8 1 11 4
8 1 11 6
8 2 11 4
8 2 11 6
8 4 11 6
8 1 12 4
8 1 12 6
8 2 12 4
8 2 12 6
8 4 12 6
8 1 13 4
8 1 13 6
8 2 13 4
8 2 13 6
8 4 13 6
8 1 14 4
8 1 14 6
8 1 14 8
8 1 14 16
8 2 14 4
8 2 14 6
8 2 14 8
8 2 14 16
8 4 14 6
8 4 14 8
8 4 14 16
8 6 14 8
8 6 14 16
8 8 14 16
8 1 17 4
8 1 17 8
8 4 17 8
9 1 11 4
9 1 11 6
9 2 11 4
9 2 11 6
9 4 11 6
9 1 12 4
9 1 12 6
9 2 12 4
9 2 12 6
9 4 12 6
9 1 13 4
9 1 13 6
9 2 13 4
9 2 13 6
9 4 13 6
9 1 14 4
9 1 14 6
9 2 14 4
9 2 14 6
9 4 14 6
9 1 17 4
11 1 17 4
12 1 17 4
13 1 17 4
14 1 17 4
14 1 17 8
14 4 17 8
14 13 18 16
14 13 18 17
14 16 23 19
15 13 18 16
15 13 18 17
16 19 20 21
