14 18
011111111111111110
011111111100000010
011111111111111110
010010001100000000
010011111110111000
010010001110101000
011111111111111100
011010001110101100
011111111110101100
010011111111111100
011111111110111000
000011111110000000
000010000010000000
000011111110000000
142
1 2 3 17
1 3 3 17
1 4 3 17
1 5 3 17
1 6 3 17
1 7 3 17
1 8 3 17
1 9 3 17
1 10 3 17
1 5 5 9
1 5 5 10
1 2 7 5
1 2 7 9
1 2 7 10
1 5 7 9
1 5 7 10
1 2 9 5
1 2 9 9
1 2 9 10
1 5 9 9
1 5 9 10
1 5 10 9
1 5 10 10
1 2 11 5
1 2 11 9
1 2 11 10
1 5 11 9
1 5 11 10
1 5 12 9
1 5 12 10
2 5 5 9
2 5 5 10
2 2 7 5
2 2 7 9
2 2 7 10
2 5 7 9
2 5 7 10
2 2 9 5
2 2 9 9
2 2 9 10
2 5 9 9
2 5 9 10
2 5 10 9
2 5 10 10
2 2 11 5
2 2 11 9
2 2 11 10
2 5 11 9
2 5 11 10
2 5 12 9
2 5 12 10
3 5 5 9
3 5 5 10
3 2 7 5
3 2 7 9
3 2 7 10
3 5 7 9
3 5 7 10
3 2 9 5
3 2 9 9
3 2 9 10
3 5 9 9
3 5 9 10
3 5 10 9
3 5 10 10
3 2 11 5
3 2 11 9
3 2 11 10
3 5 11 9
3 5 11 10
3 5 12 9
3 5 12 10
5 5 7 9
5 5 7 10
5 5 7 11
5 13 7 15
5 5 9 9
5 5 9 10
5 5 9 11
5 5 10 9
5 5 10 10
5 5 10 11
5 13 10 15
5 5 11 9
5 5 11 10
5 5 11 11
5 13 11 15
5 5 12 9
5 5 12 10
5 5 12 11
5 5 14 11
7 2 9 5
7 2 9 9
7 2 9 10
7 2 9 11
7 3 9 5
7 3 9 9
7 3 9 10
7 3 9 11
7 5 9 9
7 5 9 10
7 5 9 11
7 5 10 9
7 5 10 10
7 5 10 11
7 5 10 13
7 5 10 15
7 5 10 16
7 9 10 13
7 9 10 15
7 9 10 16
7 10 10 13
7 10 10 15
7 10 10 16
7 11 10 13
7 11 10 15
7 11 10 16
7 13 10 15
7 13 10 16
7 2 11 5
7 2 11 9
7 2 11 10
7 2 11 11
7 5 11 9
7 5 11 10
7 5 11 11
7 13 11 15
7 5 12 9
7 5 12 10
7 5 12 11
7 5 14 11
9 2 11 5
9 2 11 6
9 2 11 7
9 2 11 8
9 2 11 9
9 2 11 10
9 2 11 11
9 5 14 11
10 5 14 11
11 5 14 11
12 5 14 11
