18 16
0111111111110000
0111111111111111
0111111111111101
0111111111110101
0111111111110101
0111111111111101
0111111111110101
0111111111110101
0111111111110101
0111111111110101
0111111110110101
0111111111110101
0111111111111111
0111111111111100
1111111111111100
1111111111111100
1011111111111100
1111111111111100
1311
1 2 12 11
1 2 12 12
1 3 12 11
1 3 12 12
1 4 12 11
1 4 12 12
1 5 12 11
1 5 12 12
1 6 12 11
1 6 12 12
1 7 12 11
1 7 12 12
1 8 12 11
1 8 12 12
1 9 12 11
1 9 12 12
1 2 13 11
1 2 13 12
1 3 13 11
1 3 13 12
1 4 13 11
1 4 13 12
1 5 13 11
1 5 13 12
1 6 13 11
1 6 13 12
1 7 13 11
1 7 13 12
1 8 13 11
1 8 13 12
1 9 13 11
1 9 13 12
1 2 14 11
1 2 14 12
1 3 14 11
1 3 14 12
1 4 14 11
1 4 14 12
1 5 14 11
1 5 14 12
1 6 14 11
1 6 14 12
1 7 14 11
1 7 14 12
1 8 14 11
1 8 14 12
1 9 14 11
1 9 14 12
1 2 15 11
1 2 15 12
1 3 15 11
1 3 15 12
1 4 15 11
1 4 15 12
1 5 15 11
1 5 15 12
1 6 15 11
1 6 15 12
1 7 15 11
1 7 15 12
1 8 15 11
1 8 15 12
1 9 15 11
1 9 15 12
1 2 16 11
1 2 16 12
1 3 16 11
1 3 16 12
1 4 16 11
1 4 16 12
1 5 16 11
1 5 16 12
1 6 16 11
1 6 16 12
1 7 16 11
1 7 16 12
1 8 16 11
1 8 16 12
1 9 16 11
1 9 16 12
1 3 17 11
1 3 17 12
1 4 17 11
1 4 17 12
1 5 17 11
1 5 17 12
1 6 17 11
1 6 17 12
1 7 17 11
1 7 17 12
1 8 17 11
1 8 17 12
1 9 17 11
1 9 17 12
1 3 18 11
1 3 18 12
1 4 18 11
1 4 18 12
1 5 18 11
1 5 18 12
1 6 18 11
1 6 18 12
1 7 18 11
1 7 18 12
1 8 18 11
1 8 18 12
1 9 18 11
1 9 18 12
2 2 6 14
2 3 6 14
2 4 6 14
2 5 6 14
2 6 6 14
2 7 6 14
2 8 6 14
2 9 6 14
2 10 6 14
2 11 6 14
2 12 6 14
2 2 12 11
2 2 12 12
2 3 12 11
2 3 12 12
2 4 12 11
2 4 12 12
2 5 12 11
2 5 12 12
2 6 12 11
2 6 12 12
2 7 12 11
2 7 12 12
2 8 12 11
2 8 12 12
2 9 12 11
2 9 12 12
2 2 13 11
2 2 13 12
2 2 13 14
2 2 13 16
2 3 13 11
2 3 13 12
2 3 13 14
2 3 13 16
2 4 13 11
2 4 13 12
2 4 13 14
2 4 13 16
2 5 13 11
2 5 13 12
2 5 13 14
2 5 13 16
2 6 13 11
2 6 13 12
2 6 13 14
2 6 13 16
2 7 13 11
2 7 13 12
2 7 13 14
2 7 13 16
2 8 13 11
2 8 13 12
2 8 13 14
2 8 13 16
2 9 13 11
2 9 13 12
2 9 13 14
2 9 13 16
2 11 13 14
2 11 13 16
2 12 13 14
2 12 13 16
2 14 13 16
2 2 14 11
2 2 14 12
2 2 14 14
2 3 14 11
2 3 14 12
2 3 14 14
2 4 14 11
2 4 14 12
2 4 14 14
2 5 14 11
2 5 14 12
2 5 14 14
2 6 14 11
2 6 14 12
2 6 14 14
2 7 14 11
2 7 14 12
2 7 14 14
2 8 14 11
2 8 14 12
2 8 14 14
2 9 14 11
2 9 14 12
2 9 14 14
2 11 14 14
2 12 14 14
2 2 15 11
2 2 15 12
2 2 15 14
2 3 15 11
2 3 15 12
2 3 15 14
2 4 15 11
2 4 15 12
2 4 15 14
2 5 15 11
2 5 15 12
2 5 15 14
2 6 15 11
2 6 15 12
2 6 15 14
2 7 15 11
2 7 15 12
2 7 15 14
2 8 15 11
2 8 15 12
2 8 15 14
2 9 15 11
2 9 15 12
2 9 15 14
2 11 15 14
2 12 15 14
2 2 16 11
2 2 16 12
2 2 16 14
2 3 16 11
2 3 16 12
2 3 16 14
2 4 16 11
2 4 16 12
2 4 16 14
2 5 16 11
2 5 16 12
2 5 16 14
2 6 16 11
2 6 16 12
2 6 16 14
2 7 16 11
2 7 16 12
2 7 16 14
2 8 16 11
2 8 16 12
2 8 16 14
2 9 16 11
2 9 16 12
2 9 16 14
2 11 16 14
2 12 16 14
2 3 17 11
2 3 17 12
2 3 17 14
2 4 17 11
2 4 17 12
2 4 17 14
2 5 17 11
2 5 17 12
2 5 17 14
2 6 17 11
2 6 17 12
2 6 17 14
2 7 17 11
2 7 17 12
2 7 17 14
2 8 17 11
2 8 17 12
2 8 17 14
2 9 17 11
2 9 17 12
2 9 17 14
2 11 17 14
2 12 17 14
2 3 18 11
2 3 18 12
2 3 18 14
2 4 18 11
2 4 18 12
2 4 18 14
2 5 18 11
2 5 18 12
2 5 18 14
2 6 18 11
2 6 18 12
2 6 18 14
2 7 18 11
2 7 18 12
2 7 18 14
2 8 18 11
2 8 18 12
2 8 18 14
2 9 18 11
2 9 18 12
2 9 18 14
2 11 18 14
2 12 18 14
3 2 6 14
3 3 6 14
3 4 6 14
3 5 6 14
3 6 6 14
3 7 6 14
3 8 6 14
3 9 6 14
3 10 6 14
3 11 6 14
3 12 6 14
3 2 12 11
3 2 12 12
3 3 12 11
3 3 12 12
3 4 12 11
3 4 12 12
3 5 12 11
3 5 12 12
3 6 12 11
3 6 12 12
3 7 12 11
3 7 12 12
3 8 12 11
3 8 12 12
3 9 12 11
3 9 12 12
3 2 13 11
3 2 13 12
3 2 13 14
3 3 13 11
3 3 13 12
3 3 13 14
3 4 13 11
3 4 13 12
3 4 13 14
3 5 13 11
3 5 13 12
3 5 13 14
3 6 13 11
3 6 13 12
3 6 13 14
3 7 13 11
3 7 13 12
3 7 13 14
3 8 13 11
3 8 13 12
3 8 13 14
3 9 13 11
3 9 13 12
3 9 13 14
3 11 13 14
3 12 13 14
3 2 14 11
3 2 14 12
3 2 14 14
3 3 14 11
3 3 14 12
3 3 14 14
3 4 14 11
3 4 14 12
3 4 14 14
3 5 14 11
3 5 14 12
3 5 14 14
3 6 14 11
3 6 14 12
3 6 14 14
3 7 14 11
3 7 14 12
3 7 14 14
3 8 14 11
3 8 14 12
3 8 14 14
3 9 14 11
3 9 14 12
3 9 14 14
3 11 14 14
3 12 14 14
3 2 15 11
3 2 15 12
3 2 15 14
3 3 15 11
3 3 15 12
3 3 15 14
3 4 15 11
3 4 15 12
3 4 15 14
3 5 15 11
3 5 15 12
3 5 15 14
3 6 15 11
3 6 15 12
3 6 15 14
3 7 15 11
3 7 15 12
3 7 15 14
3 8 15 11
3 8 15 12
3 8 15 14
3 9 15 11
3 9 15 12
3 9 15 14
3 11 15 14
3 12 15 14
3 2 16 11
3 2 16 12
3 2 16 14
3 3 16 11
3 3 16 12
3 3 16 14
3 4 16 11
3 4 16 12
3 4 16 14
3 5 16 11
3 5 16 12
3 5 16 14
3 6 16 11
3 6 16 12
3 6 16 14
3 7 16 11
3 7 16 12
3 7 16 14
3 8 16 11
3 8 16 12
3 8 16 14
3 9 16 11
3 9 16 12
3 9 16 14
3 11 16 14
3 12 16 14
3 3 17 11
3 3 17 12
3 3 17 14
3 4 17 11
3 4 17 12
3 4 17 14
3 5 17 11
3 5 17 12
3 5 17 14
3 6 17 11
3 6 17 12
3 6 17 14
3 7 17 11
3 7 17 12
3 7 17 14
3 8 17 11
3 8 17 12
3 8 17 14
3 9 17 11
3 9 17 12
3 9 17 14
3 11 17 14
3 12 17 14
3 3 18 11
3 3 18 12
3 3 18 14
3 4 18 11
3 4 18 12
3 4 18 14
3 5 18 11
3 5 18 12
3 5 18 14
3 6 18 11
3 6 18 12
3 6 18 14
3 7 18 11
3 7 18 12
3 7 18 14
3 8 18 11
3 8 18 12
3 8 18 14
3 9 18 11
3 9 18 12
3 9 18 14
3 11 18 14
3 12 18 14
4 2 12 11
4 2 12 12
4 3 12 11
4 3 12 12
4 4 12 11
4 4 12 12
4 5 12 11
4 5 12 12
4 6 12 11
4 6 12 12
4 7 12 11
4 7 12 12
4 8 12 11
4 8 12 12
4 9 12 11
4 9 12 12
4 2 13 11
4 2 13 12
4 3 13 11
4 3 13 12
4 4 13 11
4 4 13 12
4 5 13 11
4 5 13 12
4 6 13 11
4 6 13 12
4 7 13 11
4 7 13 12
4 8 13 11
4 8 13 12
4 9 13 11
4 9 13 12
4 2 14 11
4 2 14 12
4 3 14 11
4 3 14 12
4 4 14 11
4 4 14 12
4 5 14 11
4 5 14 12
4 6 14 11
4 6 14 12
4 7 14 11
4 7 14 12
4 8 14 11
4 8 14 12
4 9 14 11
4 9 14 12
4 2 15 11
4 2 15 12
4 3 15 11
4 3 15 12
4 4 15 11
4 4 15 12
4 5 15 11
4 5 15 12
4 6 15 11
4 6 15 12
4 7 15 11
4 7 15 12
4 8 15 11
4 8 15 12
4 9 15 11
4 9 15 12
4 2 16 11
4 2 16 12
4 3 16 11
4 3 16 12
4 4 16 11
4 4 16 12
4 5 16 11
4 5 16 12
4 6 16 11
4 6 16 12
4 7 16 11
4 7 16 12
4 8 16 11
4 8 16 12
4 9 16 11
4 9 16 12
4 3 17 11
4 3 17 12
4 4 17 11
4 4 17 12
4 5 17 11
4 5 17 12
4 6 17 11
4 6 17 12
4 7 17 11
4 7 17 12
4 8 17 11
4 8 17 12
4 9 17 11
4 9 17 12
4 3 18 11
4 3 18 12
4 4 18 11
4 4 18 12
4 5 18 11
4 5 18 12
4 6 18 11
4 6 18 12
4 7 18 11
4 7 18 12
4 8 18 11
4 8 18 12
4 9 18 11
4 9 18 12
5 2 12 11
5 2 12 12
5 3 12 11
5 3 12 12
5 4 12 11
5 4 12 12
5 5 12 11
5 5 12 12
5 6 12 11
5 6 12 12
5 7 12 11
5 7 12 12
5 8 12 11
5 8 12 12
5 9 12 11
5 9 12 12
5 2 13 11
5 2 13 12
5 3 13 11
5 3 13 12
5 4 13 11
5 4 13 12
5 5 13 11
5 5 13 12
5 6 13 11
5 6 13 12
5 7 13 11
5 7 13 12
5 8 13 11
5 8 13 12
5 9 13 11
5 9 13 12
5 2 14 11
5 2 14 12
5 3 14 11
5 3 14 12
5 4 14 11
5 4 14 12
5 5 14 11
5 5 14 12
5 6 14 11
5 6 14 12
5 7 14 11
5 7 14 12
5 8 14 11
5 8 14 12
5 9 14 11
5 9 14 12
5 2 15 11
5 2 15 12
5 3 15 11
5 3 15 12
5 4 15 11
5 4 15 12
5 5 15 11
5 5 15 12
5 6 15 11
5 6 15 12
5 7 15 11
5 7 15 12
5 8 15 11
5 8 15 12
5 9 15 11
5 9 15 12
5 2 16 11
5 2 16 12
5 3 16 11
5 3 16 12
5 4 16 11
5 4 16 12
5 5 16 11
5 5 16 12
5 6 16 11
5 6 16 12
5 7 16 11
5 7 16 12
5 8 16 11
5 8 16 12
5 9 16 11
5 9 16 12
5 3 17 11
5 3 17 12
5 4 17 11
5 4 17 12
5 5 17 11
5 5 17 12
5 6 17 11
5 6 17 12
5 7 17 11
5 7 17 12
5 8 17 11
5 8 17 12
5 9 17 11
5 9 17 12
5 3 18 11
5 3 18 12
5 4 18 11
5 4 18 12
5 5 18 11
5 5 18 12
5 6 18 11
5 6 18 12
5 7 18 11
5 7 18 12
5 8 18 11
5 8 18 12
5 9 18 11
5 9 18 12
6 2 12 11
6 2 12 12
6 3 12 11
6 3 12 12
6 4 12 11
6 4 12 12
6 5 12 11
6 5 12 12
6 6 12 11
6 6 12 12
6 7 12 11
6 7 12 12
6 8 12 11
6 8 12 12
6 9 12 11
6 9 12 12
6 2 13 11
6 2 13 12
6 2 13 14
6 3 13 11
6 3 13 12
6 3 13 14
6 4 13 11
6 4 13 12
6 4 13 14
6 5 13 11
6 5 13 12
6 5 13 14
6 6 13 11
6 6 13 12
6 6 13 14
6 7 13 11
6 7 13 12
6 7 13 14
6 8 13 11
6 8 13 12
6 8 13 14
6 9 13 11
6 9 13 12
6 9 13 14
6 11 13 14
6 12 13 14
6 2 14 11
6 2 14 12
6 2 14 14
6 3 14 11
6 3 14 12
6 3 14 14
6 4 14 11
6 4 14 12
6 4 14 14
6 5 14 11
6 5 14 12
6 5 14 14
6 6 14 11
6 6 14 12
6 6 14 14
6 7 14 11
6 7 14 12
6 7 14 14
6 8 14 11
6 8 14 12
6 8 14 14
6 9 14 11
6 9 14 12
6 9 14 14
6 11 14 14
6 12 14 14
6 2 15 11
6 2 15 12
6 2 15 14
6 3 15 11
6 3 15 12
6 3 15 14
6 4 15 11
6 4 15 12
6 4 15 14
6 5 15 11
6 5 15 12
6 5 15 14
6 6 15 11
6 6 15 12
6 6 15 14
6 7 15 11
6 7 15 12
6 7 15 14
6 8 15 11
6 8 15 12
6 8 15 14
6 9 15 11
6 9 15 12
6 9 15 14
6 11 15 14
6 12 15 14
6 2 16 11
6 2 16 12
6 2 16 14
6 3 16 11
6 3 16 12
6 3 16 14
6 4 16 11
6 4 16 12
6 4 16 14
6 5 16 11
6 5 16 12
6 5 16 14
6 6 16 11
6 6 16 12
6 6 16 14
6 7 16 11
6 7 16 12
6 7 16 14
6 8 16 11
6 8 16 12
6 8 16 14
6 9 16 11
6 9 16 12
6 9 16 14
6 11 16 14
6 12 16 14
6 3 17 11
6 3 17 12
6 3 17 14
6 4 17 11
6 4 17 12
6 4 17 14
6 5 17 11
6 5 17 12
6 5 17 14
6 6 17 11
6 6 17 12
6 6 17 14
6 7 17 11
6 7 17 12
6 7 17 14
6 8 17 11
6 8 17 12
6 8 17 14
6 9 17 11
6 9 17 12
6 9 17 14
6 11 17 14
6 12 17 14
6 3 18 11
6 3 18 12
6 3 18 14
6 4 18 11
6 4 18 12
6 4 18 14
6 5 18 11
6 5 18 12
6 5 18 14
6 6 18 11
6 6 18 12
6 6 18 14
6 7 18 11
6 7 18 12
6 7 18 14
6 8 18 11
6 8 18 12
6 8 18 14
6 9 18 11
6 9 18 12
6 9 18 14
6 11 18 14
6 12 18 14
7 2 12 11
7 2 12 12
7 3 12 11
7 3 12 12
7 4 12 11
7 4 12 12
7 5 12 11
7 5 12 12
7 6 12 11
7 6 12 12
7 7 12 11
7 7 12 12
7 8 12 11
7 8 12 12
7 9 12 11
7 9 12 12
7 2 13 11
7 2 13 12
7 3 13 11
7 3 13 12
7 4 13 11
7 4 13 12
7 5 13 11
7 5 13 12
7 6 13 11
7 6 13 12
7 7 13 11
7 7 13 12
7 8 13 11
7 8 13 12
7 9 13 11
7 9 13 12
7 2 14 11
7 2 14 12
7 3 14 11
7 3 14 12
7 4 14 11
7 4 14 12
7 5 14 11
7 5 14 12
7 6 14 11
7 6 14 12
7 7 14 11
7 7 14 12
7 8 14 11
7 8 14 12
7 9 14 11
7 9 14 12
7 2 15 11
7 2 15 12
7 3 15 11
7 3 15 12
7 4 15 11
7 4 15 12
7 5 15 11
7 5 15 12
7 6 15 11
7 6 15 12
7 7 15 11
7 7 15 12
7 8 15 11
7 8 15 12
7 9 15 11
7 9 15 12
7 2 16 11
7 2 16 12
7 3 16 11
7 3 16 12
7 4 16 11
7 4 16 12
7 5 16 11
7 5 16 12
7 6 16 11
7 6 16 12
7 7 16 11
7 7 16 12
7 8 16 11
7 8 16 12
7 9 16 11
7 9 16 12
7 3 17 11
7 3 17 12
7 4 17 11
7 4 17 12
7 5 17 11
7 5 17 12
7 6 17 11
7 6 17 12
7 7 17 11
7 7 17 12
7 8 17 11
7 8 17 12
7 9 17 11
7 9 17 12
7 3 18 11
7 3 18 12
7 4 18 11
7 4 18 12
7 5 18 11
7 5 18 12
7 6 18 11
7 6 18 12
7 7 18 11
7 7 18 12
7 8 18 11
7 8 18 12
7 9 18 11
7 9 18 12
8 2 12 11
8 2 12 12
8 3 12 11
8 3 12 12
8 4 12 11
8 4 12 12
8 5 12 11
8 5 12 12
8 6 12 11
8 6 12 12
8 7 12 11
8 7 12 12
8 8 12 11
8 8 12 12
8 9 12 11
8 9 12 12
8 2 13 11
8 2 13 12
8 3 13 11
8 3 13 12
8 4 13 11
8 4 13 12
8 5 13 11
8 5 13 12
8 6 13 11
8 6 13 12
8 7 13 11
8 7 13 12
8 8 13 11
8 8 13 12
8 9 13 11
8 9 13 12
8 2 14 11
8 2 14 12
8 3 14 11
8 3 14 12
8 4 14 11
8 4 14 12
8 5 14 11
8 5 14 12
8 6 14 11
8 6 14 12
8 7 14 11
8 7 14 12
8 8 14 11
8 8 14 12
8 9 14 11
8 9 14 12
8 2 15 11
8 2 15 12
8 3 15 11
8 3 15 12
8 4 15 11
8 4 15 12
8 5 15 11
8 5 15 12
8 6 15 11
8 6 15 12
8 7 15 11
8 7 15 12
8 8 15 11
8 8 15 12
8 9 15 11
8 9 15 12
8 2 16 11
8 2 16 12
8 3 16 11
8 3 16 12
8 4 16 11
8 4 16 12
8 5 16 11
8 5 16 12
8 6 16 11
8 6 16 12
8 7 16 11
8 7 16 12
8 8 16 11
8 8 16 12
8 9 16 11
8 9 16 12
8 3 17 11
8 3 17 12
8 4 17 11
8 4 17 12
8 5 17 11
8 5 17 12
8 6 17 11
8 6 17 12
8 7 17 11
8 7 17 12
8 8 17 11
8 8 17 12
8 9 17 11
8 9 17 12
8 3 18 11
8 3 18 12
8 4 18 11
8 4 18 12
8 5 18 11
8 5 18 12
8 6 18 11
8 6 18 12
8 7 18 11
8 7 18 12
8 8 18 11
8 8 18 12
8 9 18 11
8 9 18 12
9 2 12 11
9 2 12 12
9 3 12 11
9 3 12 12
9 4 12 11
9 4 12 12
9 5 12 11
9 5 12 12
9 6 12 11
9 6 12 12
9 7 12 11
9 7 12 12
9 8 12 11
9 8 12 12
9 9 12 11
9 9 12 12
9 2 13 11
9 2 13 12
9 3 13 11
9 3 13 12
9 4 13 11
9 4 13 12
9 5 13 11
9 5 13 12
9 6 13 11
9 6 13 12
9 7 13 11
9 7 13 12
9 8 13 11
9 8 13 12
9 9 13 11
9 9 13 12
9 2 14 11
9 2 14 12
9 3 14 11
9 3 14 12
9 4 14 11
9 4 14 12
9 5 14 11
9 5 14 12
9 6 14 11
9 6 14 12
9 7 14 11
9 7 14 12
9 8 14 11
9 8 14 12
9 9 14 11
9 9 14 12
9 2 15 11
9 2 15 12
9 3 15 11
9 3 15 12
9 4 15 11
9 4 15 12
9 5 15 11
9 5 15 12
9 6 15 11
9 6 15 12
9 7 15 11
9 7 15 12
9 8 15 11
9 8 15 12
9 9 15 11
9 9 15 12
9 2 16 11
9 2 16 12
9 3 16 11
9 3 16 12
9 4 16 11
9 4 16 12
9 5 16 11
9 5 16 12
9 6 16 11
9 6 16 12
9 7 16 11
9 7 16 12
9 8 16 11
9 8 16 12
9 9 16 11
9 9 16 12
9 3 17 11
9 3 17 12
9 4 17 11
9 4 17 12
9 5 17 11
9 5 17 12
9 6 17 11
9 6 17 12
9 7 17 11
9 7 17 12
9 8 17 11
9 8 17 12
9 9 17 11
9 9 17 12
9 3 18 11
9 3 18 12
9 4 18 11
9 4 18 12
9 5 18 11
9 5 18 12
9 6 18 11
9 6 18 12
9 7 18 11
9 7 18 12
9 8 18 11
9 8 18 12
9 9 18 11
9 9 18 12
10 2 12 11
10 2 12 12
10 3 12 11
10 3 12 12
10 4 12 11
10 4 12 12
10 5 12 11
10 5 12 12
10 6 12 11
10 6 12 12
10 7 12 11
10 7 12 12
10 8 12 11
10 8 12 12
10 9 12 11
10 9 12 12
10 2 13 11
10 2 13 12
10 3 13 11
10 3 13 12
10 4 13 11
10 4 13 12
10 5 13 11
10 5 13 12
10 6 13 11
10 6 13 12
10 7 13 11
10 7 13 12
10 8 13 11
10 8 13 12
10 9 13 11
10 9 13 12
10 2 14 11
10 2 14 12
10 3 14 11
10 3 14 12
10 4 14 11
10 4 14 12
10 5 14 11
10 5 14 12
10 6 14 11
10 6 14 12
10 7 14 11
10 7 14 12
10 8 14 11
10 8 14 12
10 9 14 11
10 9 14 12
10 2 15 11
10 2 15 12
10 3 15 11
10 3 15 12
10 4 15 11
10 4 15 12
10 5 15 11
10 5 15 12
10 6 15 11
10 6 15 12
10 7 15 11
10 7 15 12
10 8 15 11
10 8 15 12
10 9 15 11
10 9 15 12
10 2 16 11
10 2 16 12
10 3 16 11
10 3 16 12
10 4 16 11
10 4 16 12
10 5 16 11
10 5 16 12
10 6 16 11
10 6 16 12
10 7 16 11
10 7 16 12
10 8 16 11
10 8 16 12
10 9 16 11
10 9 16 12
10 3 17 11
10 3 17 12
10 4 17 11
10 4 17 12
10 5 17 11
10 5 17 12
10 6 17 11
10 6 17 12
10 7 17 11
10 7 17 12
10 8 17 11
10 8 17 12
10 9 17 11
10 9 17 12
10 3 18 11
10 3 18 12
10 4 18 11
10 4 18 12
10 5 18 11
10 5 18 12
10 6 18 11
10 6 18 12
10 7 18 11
10 7 18 12
10 8 18 11
10 8 18 12
10 9 18 11
10 9 18 12
15 1 18 3
15 1 18 4
15 1 18 5
15 1 18 6
15 1 18 7
15 1 18 8
15 1 18 9
15 1 18 10
15 1 18 11
15 1 18 12
15 1 18 13
15 1 18 14
16 1 18 3
16 1 18 4
16 1 18 5
16 1 18 6
16 1 18 7
16 1 18 8
16 1 18 9
16 1 18 10
16 1 18 11
16 1 18 12
16 1 18 13
16 1 18 14
