13 13
0011111111100
0111111111111
0111001101111
0111011111111
1111111111111
1101111111111
1111111101111
1111111101111
1111111111101
1001010001001
1001010001001
1111010001111
0000011111000
188
1 7 4 10
1 7 4 11
1 8 4 10
1 8 4 11
1 3 5 7
1 3 5 8
1 3 5 10
1 3 5 11
1 4 5 7
1 4 5 8
1 4 5 10
1 4 5 11
1 7 5 10
1 7 5 11
1 8 5 10
1 8 5 11
1 4 6 7
1 4 6 8
1 4 6 10
1 4 6 11
1 7 6 10
1 7 6 11
1 8 6 10
1 8 6 11
1 4 7 7
1 4 7 8
1 4 8 7
1 4 8 8
1 4 9 7
1 4 9 8
1 4 9 10
1 4 9 11
1 7 9 10
1 7 9 11
1 8 9 10
1 8 9 11
2 7 4 10
2 7 4 11
2 7 4 12
2 7 4 13
2 8 4 10
2 8 4 11
2 8 4 12
2 8 4 13
2 2 5 7
2 2 5 8
2 2 5 10
2 2 5 11
2 2 5 12
2 2 5 13
2 3 5 7
2 3 5 8
2 3 5 10
2 3 5 11
2 3 5 12
2 3 5 13
2 4 5 7
2 4 5 8
2 4 5 10
2 4 5 11
2 4 5 12
2 4 5 13
2 7 5 10
2 7 5 11
2 7 5 12
2 7 5 13
2 8 5 10
2 8 5 11
2 8 5 12
2 8 5 13
2 4 6 7
2 4 6 8
2 4 6 10
2 4 6 11
2 4 6 12
2 4 6 13
2 7 6 10
2 7 6 11
2 7 6 12
2 7 6 13
2 8 6 10
2 8 6 11
2 8 6 12
2 8 6 13
2 2 7 4
2 2 7 7
2 2 7 8
2 4 7 7
2 4 7 8
2 2 8 4
2 2 8 7
2 2 8 8
2 4 8 7
2 4 8 8
2 2 9 4
2 2 9 7
2 2 9 8
2 2 9 10
2 2 9 11
2 4 9 7
2 4 9 8
2 4 9 10
2 4 9 11
2 7 9 10
2 7 9 11
2 8 9 10
2 8 9 11
2 10 12 13
3 2 7 4
3 2 8 4
3 2 9 4
3 10 12 13
4 2 7 4
4 2 8 4
4 2 9 4
4 6 9 10
4 6 9 11
4 7 9 10
4 7 9 11
4 8 9 10
4 8 9 11
4 10 12 13
4 6 13 10
5 1 7 4
5 1 7 5
5 1 7 6
5 1 7 7
5 1 7 8
5 2 7 4
5 2 7 5
5 2 7 6
5 2 7 7
5 2 7 8
5 1 8 4
5 1 8 5
5 1 8 6
5 1 8 7
5 1 8 8
5 2 8 4
5 2 8 5
5 2 8 6
5 2 8 7
5 2 8 8
5 1 9 4
5 1 9 5
5 1 9 6
5 1 9 7
5 1 9 8
5 1 9 10
5 1 9 11
5 2 9 4
5 2 9 5
5 2 9 6
5 2 9 7
5 2 9 8
5 2 9 10
5 2 9 11
5 4 9 10
5 4 9 11
5 5 9 10
5 5 9 11
5 6 9 10
5 6 9 11
5 7 9 10
5 7 9 11
5 8 9 10
5 8 9 11
5 1 12 4
5 10 12 13
5 6 13 10
6 4 9 10
6 4 9 11
6 5 9 10
6 5 9 11
6 6 9 10
6 6 9 11
6 7 9 10
6 7 9 11
6 8 9 10
6 8 9 11
6 10 12 13
6 6 13 10
7 1 12 4
7 10 12 13
8 1 12 4
8 10 12 13
9 1 12 4
9 6 13 10
