13 10
1111111110
1010100110
1111100110
1111111110
1111111110
1111101110
1111111110
0011000010
0011111110
0010010000
0011110000
0000000000
0000000000
71
1 1 3 3
1 1 3 5
1 3 3 5
1 1 4 3
1 1 4 5
1 1 4 8
1 1 4 9
1 3 4 5
1 3 4 8
1 3 4 9
1 5 4 8
1 5 4 9
1 1 5 3
1 1 5 5
1 1 5 8
1 1 5 9
1 3 5 5
1 3 5 8
1 3 5 9
1 5 5 8
1 5 5 9
1 1 6 3
1 1 6 5
1 3 6 5
1 1 7 3
1 1 7 5
1 1 7 8
1 1 7 9
1 3 7 5
1 3 7 8
1 3 7 9
1 5 7 8
1 5 7 9
1 3 9 9
4 1 7 7
4 1 7 8
4 1 7 9
4 2 7 7
4 2 7 8
4 2 7 9
4 3 7 7
4 3 7 8
4 3 7 9
4 4 7 7
4 4 7 8
4 4 7 9
4 5 7 7
4 5 7 8
4 5 7 9
4 3 9 9
4 4 9 9
5 1 7 7
5 1 7 8
5 1 7 9
5 2 7 7
5 2 7 8
5 2 7 9
5 3 7 7
5 3 7 8
5 3 7 9
5 4 7 7
5 4 7 8
5 4 7 9
5 5 7 7
5 5 7 8
5 5 7 9
5 3 9 9
5 4 9 9
7 3 9 9
7 4 9 9
9 3 11 6
