15 14
11111111111000
10000000001000
10000000011111
10000000011001
10000000011001
11111111111001
10000000111001
10111111111111
11111111111011
10100111110011
10111111111111
10101111111101
10111111111111
10000100100000
11111111100000
73
1 1 6 11
1 1 9 11
3 10 8 14
3 11 8 14
3 10 11 14
3 10 13 14
6 1 9 9
6 1 9 10
6 1 9 11
6 1 15 9
8 3 11 6
8 3 11 7
8 3 11 8
8 3 11 9
8 3 11 10
8 3 11 13
8 3 11 14
8 6 11 13
8 6 11 14
8 7 11 13
8 7 11 14
8 8 11 13
8 8 11 14
8 9 11 13
8 9 11 14
8 10 11 13
8 10 11 14
8 3 13 6
8 3 13 7
8 3 13 8
8 3 13 9
8 3 13 10
8 3 13 14
8 6 13 14
8 7 13 14
8 8 13 14
8 9 13 14
8 10 13 14
8 6 15 9
9 3 11 6
9 3 11 7
9 3 11 8
9 3 11 9
9 3 11 10
9 3 13 6
9 3 13 7
9 3 13 8
9 3 13 9
9 3 13 10
9 1 15 6
9 1 15 9
9 6 15 9
10 6 15 9
11 3 13 5
11 3 13 6
11 3 13 7
11 3 13 8
11 3 13 9
11 3 13 10
11 3 13 11
11 3 13 12
11 3 13 14
11 5 13 14
11 6 13 14
11 7 13 14
11 8 13 14
11 9 13 14
11 10 13 14
11 11 13 14
11 12 13 14
11 6 15 9
12 6 15 9
13 6 15 9
