12 23
00000111111100000000000
00000100101100111111100
11111111111111111111111
11001100111111111000101
11001111111111111111111
11000100111110101000101
11000100011010101000101
11111111111010101000101
10000100011010111111101
10000100011010001000001
11111111111111111111111
00000000000011111000000
129
1 6 3 9
1 6 3 11
1 6 3 12
1 9 3 11
1 9 3 12
1 9 4 11
1 9 4 12
1 6 5 9
1 6 5 11
1 6 5 12
1 9 5 11
1 9 5 12
1 9 6 11
1 9 6 12
1 6 8 11
1 6 11 11
2 15 5 21
2 16 5 21
2 17 5 21
2 15 9 17
2 15 9 21
2 17 9 21
3 5 5 9
3 5 5 10
3 5 5 11
3 5 5 12
3 5 5 13
3 5 5 14
3 5 5 15
3 5 5 16
3 5 5 17
3 5 5 21
3 5 5 23
3 6 5 9
3 6 5 10
3 6 5 11
3 6 5 12
3 6 5 13
3 6 5 14
3 6 5 15
3 6 5 16
3 6 5 17
3 6 5 21
3 6 5 23
3 9 5 21
3 9 5 23
3 10 5 21
3 10 5 23
3 11 5 21
3 11 5 23
3 12 5 21
3 12 5 23
3 13 5 21
3 13 5 23
3 14 5 21
3 14 5 23
3 15 5 21
3 15 5 23
3 16 5 21
3 16 5 23
3 17 5 21
3 17 5 23
3 21 5 23
3 1 8 6
3 1 8 10
3 1 8 11
3 2 8 6
3 2 8 10
3 2 8 11
3 6 8 10
3 6 8 11
3 15 9 17
3 15 9 21
3 17 9 21
3 1 11 6
3 1 11 10
3 1 11 11
3 1 11 13
3 1 11 17
3 1 11 23
3 6 11 10
3 6 11 11
3 6 11 13
3 6 11 17
3 6 11 23
3 10 11 13
3 10 11 17
3 10 11 23
3 11 11 13
3 11 11 17
3 11 11 23
3 13 11 17
3 13 11 23
3 17 11 23
3 13 12 17
4 15 9 17
4 10 11 13
4 10 11 17
4 11 11 13
4 11 11 17
4 13 11 17
4 13 12 17
5 6 8 10
5 6 8 11
5 15 9 17
5 15 9 21
5 17 9 21
5 6 11 10
5 6 11 11
5 6 11 13
5 6 11 17
5 6 11 23
5 10 11 13
5 10 11 17
5 10 11 23
5 11 11 13
5 11 11 17
5 11 11 23
5 13 11 17
5 13 11 23
5 17 11 23
5 13 12 17
6 10 11 13
6 11 11 13
8 1 11 6
8 1 11 10
8 1 11 11
8 6 11 10
8 6 11 11
