10 19
0111111111111111100
0111111111111100100
0110010010010100100
1111111110010100100
1110010111111111110
1111111111000100110
0110000111111111110
0110000111111111100
0111111111111100100
0111111111111111100
134
1 2 4 6
1 2 4 9
1 3 4 6
1 3 4 9
1 6 4 9
1 9 5 12
1 9 5 14
1 9 5 17
1 12 5 14
1 12 5 17
1 14 5 17
1 2 6 6
1 2 6 9
1 3 6 6
1 3 6 9
1 6 6 9
1 9 7 14
1 9 7 17
1 14 7 17
1 9 8 14
1 9 8 17
1 14 8 17
1 2 9 9
1 2 9 14
1 3 9 9
1 3 9 14
1 9 9 14
1 2 10 9
1 2 10 14
1 2 10 17
1 3 10 9
1 3 10 14
1 3 10 17
1 9 10 14
1 9 10 17
1 14 10 17
2 2 4 6
2 2 4 9
2 3 4 6
2 3 4 9
2 6 4 9
2 9 5 12
2 9 5 14
2 12 5 14
2 2 6 6
2 2 6 9
2 3 6 6
2 3 6 9
2 6 6 9
2 9 7 14
2 9 8 14
2 2 9 9
2 2 9 14
2 3 9 9
2 3 9 14
2 9 9 14
2 2 10 9
2 2 10 14
2 3 10 9
2 3 10 14
2 9 10 14
4 1 6 6
4 1 6 8
4 1 6 9
4 2 6 6
4 2 6 8
4 2 6 9
4 3 6 6
4 3 6 8
4 3 6 9
4 6 6 8
4 6 6 9
4 2 9 8
4 2 9 9
4 3 9 8
4 3 9 9
4 2 10 8
4 2 10 9
4 3 10 8
4 3 10 9
5 8 7 14
5 8 7 17
5 8 7 18
5 9 7 14
5 9 7 17
5 9 7 18
5 10 7 14
5 10 7 17
5 10 7 18
5 14 7 17
5 14 7 18
5 8 8 14
5 8 8 17
5 9 8 14
5 9 8 17
5 10 8 14
5 10 8 17
5 14 8 17
5 8 9 14
5 9 9 14
5 10 9 14
5 8 10 14
5 8 10 17
5 9 10 14
5 9 10 17
5 10 10 14
5 10 10 17
5 14 10 17
6 2 9 8
6 2 9 9
6 2 9 10
6 3 9 8
6 3 9 9
6 3 9 10
6 2 10 8
6 2 10 9
6 2 10 10
6 3 10 8
6 3 10 9
6 3 10 10
7 8 10 17
7 9 10 17
7 10 10 17
7 11 10 17
7 12 10 17
7 13 10 17
7 14 10 17
8 8 10 17
8 9 10 17
8 10 10 17
8 11 10 17
8 12 10 17
8 13 10 17
8 14 10 17
