25 18
000000000000000000
000111111111100000
000100000000100000
001111111111111100
001100000000100100
011111000000100100
011101000000100100
011101000000100100
011101000000100100
011101000000100100
011101000000100100
011101000000100100
011101000000100100
011101000000100100
011111111111111100
001110100000101100
001110100000101100
001111111111111100
000111111111111000
000101111110100000
000111111111100000
000001111111100000
000001000010000000
000001111110000000
000000000000000000
93
2 4 4 13
2 4 15 13
2 4 18 13
2 4 19 13
2 4 21 13
4 3 15 13
4 3 15 16
4 4 15 13
4 4 15 16
4 13 15 16
4 3 18 13
4 3 18 16
4 4 18 13
4 4 18 16
4 13 18 16
4 4 19 13
4 4 21 13
6 2 15 6
6 3 15 6
6 4 15 6
15 3 18 7
15 3 18 13
15 3 18 15
15 3 18 16
15 4 18 7
15 4 18 13
15 4 18 15
15 4 18 16
15 5 18 7
15 5 18 13
15 5 18 15
15 5 18 16
15 7 18 13
15 7 18 15
15 7 18 16
15 13 18 15
15 13 18 16
15 4 19 7
15 4 19 13
15 4 19 15
15 5 19 7
15 5 19 13
15 5 19 15
15 7 19 13
15 7 19 15
15 13 19 15
15 4 21 7
15 4 21 13
15 7 21 13
15 7 22 13
18 4 21 6
18 4 21 7
18 4 21 8
18 4 21 9
18 4 21 10
18 4 21 11
18 4 21 13
18 6 21 13
18 7 21 13
18 8 21 13
18 9 21 13
18 10 21 13
18 11 21 13
18 6 22 13
18 7 22 13
18 8 22 13
18 9 22 13
18 10 22 13
18 11 22 13
18 6 24 11
19 4 21 6
19 4 21 7
19 4 21 8
19 4 21 9
19 4 21 10
19 4 21 11
19 4 21 13
19 6 21 13
19 7 21 13
19 8 21 13
19 9 21 13
19 10 21 13
19 11 21 13
19 6 22 13
19 7 22 13
19 8 22 13
19 9 22 13
19 10 22 13
19 11 22 13
19 6 24 11
20 6 24 11
21 6 24 11
22 6 24 11
