18 17
00000000000000000
00000000000000000
00000000000000000
00000111111000000
11111111111110000
10100111111110000
10100110011010000
11111111111110000
00100110011010000
00100110011010000
00111111111010000
00000010000010000
00000010000010000
00000010000010000
00000010000010000
00000010000010000
00000011111110000
00000000000000000
58
4 6 8 10
4 6 8 11
4 7 8 10
4 7 8 11
4 6 11 10
4 6 11 11
4 7 11 10
4 7 11 11
5 1 8 3
5 1 8 6
5 1 8 7
5 1 8 10
5 1 8 11
5 1 8 13
5 3 8 6
5 3 8 7
5 3 8 10
5 3 8 11
5 3 8 13
5 6 8 10
5 6 8 11
5 6 8 13
5 7 8 10
5 7 8 11
5 7 8 13
5 10 8 13
5 11 8 13
5 3 11 6
5 3 11 7
5 3 11 10
5 3 11 11
5 6 11 10
5 6 11 11
5 7 11 10
5 7 11 11
5 7 17 13
6 6 8 10
6 6 8 11
6 6 8 13
6 7 8 10
6 7 8 11
6 7 8 13
6 10 8 13
6 11 8 13
6 6 11 10
6 6 11 11
6 7 11 10
6 7 11 11
6 7 17 13
8 3 11 6
8 3 11 7
8 3 11 10
8 3 11 11
8 6 11 10
8 6 11 11
8 7 11 10
8 7 11 11
8 7 17 13
