22 21
000000000000000000000
111111111111111111100
100001000000000001100
111111111111111111100
000001000000000000100
000001000000000000100
000001000000000000100
000001000000000000100
000001000000000000100
000001111111111111100
000000000000000000000
000000000000000000000
000000000000000000000
000000001111100000000
000000001000100000000
000000001000100000000
000000001111100000000
000000000000000000000
000000000000000000000
000000000000000000000
000000000000000000000
000000000000000000000
8
2 1 4 6
2 1 4 18
2 1 4 19
2 6 4 18
2 6 4 19
2 6 10 19
4 6 10 19
14 9 17 13
