12 12
111111111000
111111111000
111010111000
111010111000
111010111000
111111111000
111010111000
111111111000
111111111000
111111111000
000011111000
000000000000
174
1 1 6 5
1 1 6 7
1 1 6 8
1 1 6 9
1 2 6 5
1 2 6 7
1 2 6 8
1 2 6 9
1 3 6 5
1 3 6 7
1 3 6 8
1 3 6 9
1 5 6 7
1 5 6 8
1 5 6 9
1 1 8 5
1 1 8 7
1 1 8 8
1 1 8 9
1 2 8 5
1 2 8 7
1 2 8 8
1 2 8 9
1 3 8 5
1 3 8 7
1 3 8 8
1 3 8 9
1 5 8 7
1 5 8 8
1 5 8 9
1 1 9 5
1 1 9 7
1 1 9 8
1 1 9 9
1 2 9 5
1 2 9 7
1 2 9 8
1 2 9 9
1 3 9 5
1 3 9 7
1 3 9 8
1 3 9 9
1 5 9 7
1 5 9 8
1 5 9 9
1 1 10 5
1 1 10 7
1 1 10 8
1 1 10 9
1 2 10 5
1 2 10 7
1 2 10 8
1 2 10 9
1 3 10 5
1 3 10 7
1 3 10 8
1 3 10 9
1 5 10 7
1 5 10 8
1 5 10 9
1 5 11 7
1 5 11 8
1 5 11 9
2 1 6 5
2 1 6 7
2 1 6 8
2 1 6 9
2 2 6 5
2 2 6 7
2 2 6 8
2 2 6 9
2 3 6 5
2 3 6 7
2 3 6 8
2 3 6 9
2 5 6 7
2 5 6 8
2 5 6 9
2 1 8 5
2 1 8 7
2 1 8 8
2 1 8 9
2 2 8 5
2 2 8 7
2 2 8 8
2 2 8 9
2 3 8 5
2 3 8 7
2 3 8 8
2 3 8 9
2 5 8 7
2 5 8 8
2 5 8 9
2 1 9 5
2 1 9 7
2 1 9 8
2 1 9 9
2 2 9 5
2 2 9 7
2 2 9 8
2 2 9 9
2 3 9 5
2 3 9 7
2 3 9 8
2 3 9 9
2 5 9 7
2 5 9 8
2 5 9 9
2 1 10 5
2 1 10 7
2 1 10 8
2 1 10 9
2 2 10 5
2 2 10 7
2 2 10 8
2 2 10 9
2 3 10 5
2 3 10 7
2 3 10 8
2 3 10 9
2 5 10 7
2 5 10 8
2 5 10 9
2 5 11 7
2 5 11 8
2 5 11 9
6 1 8 5
6 1 8 7
6 1 8 8
6 1 8 9
6 2 8 5
6 2 8 7
6 2 8 8
6 2 8 9
6 3 8 5
6 3 8 7
6 3 8 8
6 3 8 9
6 5 8 7
6 5 8 8
6 5 8 9
6 1 9 5
6 1 9 7
6 1 9 8
6 1 9 9
6 2 9 5
6 2 9 7
6 2 9 8
6 2 9 9
6 3 9 5
6 3 9 7
6 3 9 8
6 3 9 9
6 5 9 7
6 5 9 8
6 5 9 9
6 1 10 5
6 1 10 7
6 1 10 8
6 1 10 9
6 2 10 5
6 2 10 7
6 2 10 8
6 2 10 9
6 3 10 5
6 3 10 7
6 3 10 8
6 3 10 9
6 5 10 7
6 5 10 8
6 5 10 9
6 5 11 7
6 5 11 8
6 5 11 9
