25 23
00000000000000000000000
00000000000000000000000
00000111111111000000000
00111111111111111110000
00111111111111110010000
00110100000001010010000
00110100000011110010000
00110100000011010010000
00111111111111111110000
00010100000011110000000
00010100000001010000111
00010111111111011111111
00010000000000010000101
00010000000000010000101
00011111110001111111111
00010000010001011111111
00010000011111110001000
00010000011001110001000
00010000011001110001000
00011111111111111111000
00010000011000100000000
00010000011000100000000
00010000011111100000000
00010000010000000000000
00011111110000000000000
67
3 6 9 14
3 6 12 14
4 14 7 16
4 3 9 6
4 3 9 14
4 3 9 16
4 3 9 19
4 4 9 6
4 4 9 14
4 4 9 16
4 4 9 19
4 6 9 14
4 6 9 16
4 6 9 19
4 14 9 16
4 14 9 19
4 16 9 19
4 14 10 16
4 6 12 14
4 4 20 16
5 14 7 16
5 3 9 6
5 3 9 14
5 3 9 16
5 4 9 6
5 4 9 14
5 4 9 16
5 6 9 14
5 6 9 16
5 14 9 16
5 14 10 16
5 6 12 14
5 4 20 16
7 13 9 16
7 14 9 16
7 13 10 16
7 14 10 16
9 6 12 14
9 4 20 16
11 21 15 23
11 21 16 23
12 16 15 21
12 16 15 23
12 21 15 23
12 16 16 21
12 16 16 23
12 21 16 23
15 14 17 16
15 14 18 16
15 14 19 16
15 4 20 10
15 14 20 16
15 14 20 20
15 16 20 20
15 4 25 10
16 16 20 20
17 10 20 14
17 10 20 15
17 10 20 16
17 11 20 14
17 11 20 15
17 11 20 16
17 10 23 15
17 11 23 15
20 10 23 15
20 11 23 15
20 4 25 10
