23 15
111111111111111
100000111111101
100111111110101
100100110010101
100100110010101
100100110010101
100100110010101
100100110010101
100100110010101
111111111111101
110100111111111
110100110110100
110100110110100
110111111110100
110000111111100
110000100100100
110000100100100
110000100100100
111111111111100
100000100100000
100000100100000
111111111100000
000000000000000
114
1 1 10 7
1 1 10 8
1 1 10 11
1 1 10 13
1 7 10 11
1 7 10 13
1 8 10 11
1 8 10 13
1 11 10 13
1 7 11 11
1 7 11 13
1 7 11 15
1 8 11 11
1 8 11 13
1 8 11 15
1 11 11 13
1 11 11 15
1 13 11 15
1 7 14 11
1 8 14 11
1 7 15 11
1 7 15 13
1 8 15 11
1 8 15 13
1 11 15 13
1 1 19 7
1 1 19 13
1 7 19 13
1 1 22 7
2 7 10 11
2 7 10 13
2 8 10 11
2 8 10 13
2 11 10 13
2 7 11 11
2 7 11 13
2 8 11 11
2 8 11 13
2 11 11 13
2 7 14 11
2 8 14 11
2 7 15 11
2 7 15 13
2 8 15 11
2 8 15 13
2 11 15 13
2 7 19 13
3 4 10 7
3 4 10 8
3 4 10 11
3 7 10 11
3 8 10 11
3 7 11 11
3 8 11 11
3 4 14 7
3 4 14 8
3 4 14 11
3 7 14 11
3 8 14 11
3 7 15 11
3 8 15 11
10 4 14 7
10 4 14 8
10 4 14 10
10 4 14 11
10 7 14 10
10 7 14 11
10 8 14 10
10 8 14 11
10 7 15 10
10 7 15 11
10 7 15 13
10 8 15 10
10 8 15 11
10 8 15 13
10 10 15 13
10 11 15 13
10 1 19 7
10 1 19 10
10 1 19 13
10 2 19 7
10 2 19 10
10 2 19 13
10 7 19 10
10 7 19 13
10 10 19 13
10 1 22 7
10 1 22 10
10 7 22 10
11 7 14 10
11 7 14 11
11 8 14 10
11 8 14 11
11 7 15 10
11 7 15 11
11 7 15 13
11 8 15 10
11 8 15 11
11 8 15 13
11 10 15 13
11 11 15 13
11 7 19 10
11 7 19 13
11 10 19 13
11 7 22 10
14 7 19 10
14 7 22 10
15 7 19 10
15 7 19 13
15 10 19 13
15 7 22 10
19 1 22 7
19 1 22 10
19 7 22 10
