11 11
00000011111
00000010001
00111111111
00100111111
11111111111
11111111111
11100111111
11100111111
11111111111
11111111101
11111111111
158
1 7 3 11
1 7 4 11
1 7 5 11
1 7 6 11
1 7 7 11
1 7 8 11
1 7 9 11
1 7 11 11
3 3 5 6
3 3 5 7
3 3 5 8
3 3 5 9
3 3 5 10
3 3 5 11
3 3 6 6
3 3 6 7
3 3 6 8
3 3 6 9
3 3 6 10
3 3 6 11
3 3 9 6
3 3 9 7
3 3 9 8
3 3 9 9
3 3 9 10
3 3 9 11
3 3 10 6
3 3 10 7
3 3 10 8
3 3 10 9
3 3 11 6
3 3 11 7
3 3 11 8
3 3 11 9
3 3 11 11
3 6 11 11
3 7 11 11
3 8 11 11
3 9 11 11
4 6 11 11
4 7 11 11
4 8 11 11
4 9 11 11
5 1 9 6
5 1 9 7
5 1 9 8
5 1 9 9
5 1 9 10
5 1 9 11
5 2 9 6
5 2 9 7
5 2 9 8
5 2 9 9
5 2 9 10
5 2 9 11
5 3 9 6
5 3 9 7
5 3 9 8
5 3 9 9
5 3 9 10
5 3 9 11
5 1 10 6
5 1 10 7
5 1 10 8
5 1 10 9
5 2 10 6
5 2 10 7
5 2 10 8
5 2 10 9
5 3 10 6
5 3 10 7
5 3 10 8
5 3 10 9
5 1 11 6
5 1 11 7
5 1 11 8
5 1 11 9
5 1 11 11
5 2 11 6
5 2 11 7
5 2 11 8
5 2 11 9
5 2 11 11
5 3 11 6
5 3 11 7
5 3 11 8
5 3 11 9
5 3 11 11
5 6 11 11
5 7 11 11
5 8 11 11
5 9 11 11
6 1 9 6
6 1 9 7
6 1 9 8
6 1 9 9
6 1 9 10
6 1 9 11
6 2 9 6
6 2 9 7
6 2 9 8
6 2 9 9
6 2 9 10
6 2 9 11
6 3 9 6
6 3 9 7
6 3 9 8
6 3 9 9
6 3 9 10
6 3 9 11
6 1 10 6
6 1 10 7
6 1 10 8
6 1 10 9
6 2 10 6
6 2 10 7
6 2 10 8
6 2 10 9
6 3 10 6
6 3 10 7
6 3 10 8
6 3 10 9
6 1 11 6
6 1 11 7
6 1 11 8
6 1 11 9
6 1 11 11
6 2 11 6
6 2 11 7
6 2 11 8
6 2 11 9
6 2 11 11
6 3 11 6
6 3 11 7
6 3 11 8
6 3 11 9
6 3 11 11
6 6 11 11
6 7 11 11
6 8 11 11
6 9 11 11
7 6 11 11
7 7 11 11
7 8 11 11
7 9 11 11
8 6 11 11
8 7 11 11
8 8 11 11
8 9 11 11
9 1 11 11
9 2 11 11
9 3 11 11
9 4 11 11
9 5 11 11
9 6 11 11
9 7 11 11
9 8 11 11
9 9 11 11
