25 19
0000000000000000000
0000000000000000000
0000000000000000000
0000000000000000000
0000000000000000000
0000000000000000000
0000000000000000000
0000000000000000000
0000011111111111110
1111110000000101010
1000110000000101010
1000110000011111010
1000110000010111010
1000110000010111010
1000110000010111010
1000110000011111010
1000110000000111010
1000111111111111110
1111100000000000000
0000000000000000000
0000000000000000000
0000000000000000000
0000000000000000000
0000000000000000000
0000000000000000000
16
9 14 12 16
9 14 13 16
9 14 14 16
9 14 15 16
9 14 16 16
9 14 17 16
9 6 18 14
9 6 18 16
9 6 18 18
9 14 18 16
9 14 18 18
9 16 18 18
10 1 19 5
12 12 16 14
12 12 16 15
12 12 16 16
