18 11
00000000000
00001111100
00001000100
00111000100
00101111100
00101000000
01111111110
01101111111
01111111111
01111000111
01111111111
01111000110
01111100110
01110100110
01111111110
01000000010
01111111110
00000000000
71
2 5 5 9
4 3 7 5
4 3 9 5
4 3 10 5
4 3 11 5
4 3 12 5
4 3 13 5
7 2 9 5
7 2 9 6
7 2 9 7
7 2 9 8
7 2 9 9
7 2 9 10
7 3 9 5
7 3 9 6
7 3 9 7
7 3 9 8
7 3 9 9
7 3 9 10
7 2 10 5
7 3 10 5
7 2 11 5
7 2 11 9
7 2 11 10
7 3 11 5
7 3 11 9
7 3 11 10
7 5 11 9
7 5 11 10
7 2 12 5
7 3 12 5
7 2 13 5
7 3 13 5
7 2 15 9
7 2 15 10
7 3 15 9
7 3 15 10
7 2 17 10
8 5 11 9
8 5 11 10
8 5 11 11
9 2 11 9
9 2 11 10
9 2 11 11
9 3 11 9
9 3 11 10
9 3 11 11
9 4 11 9
9 4 11 10
9 4 11 11
9 5 11 9
9 5 11 10
9 5 11 11
9 2 15 9
9 2 15 10
9 3 15 9
9 3 15 10
9 4 15 9
9 4 15 10
9 2 17 10
11 2 15 9
11 2 15 10
11 3 15 9
11 3 15 10
11 4 15 9
11 4 15 10
11 2 17 10
13 2 15 6
13 3 15 6
13 4 15 6
15 2 17 10
