20 23
00000000000000000000000
00000111111111111111110
00000101111111111101110
00000101110011000101110
00000101110011000101110
00000101110011000101110
00000101110011000101110
00111111110011000101110
00100101110011000101110
00100101110011000101110
00100101110011000101110
00100101110011000101110
00100101111111111111110
00100101110011000100110
00100101110011000100110
00111111111111111111110
00001111111111111111110
01111111111111111111100
01001111111110000000100
01111111111111111111100
316
2 6 8 8
2 6 8 9
2 6 8 10
2 8 13 13
2 8 13 14
2 8 13 18
2 8 13 20
2 8 13 21
2 8 13 22
2 9 13 13
2 9 13 14
2 9 13 18
2 9 13 20
2 9 13 21
2 9 13 22
2 10 13 13
2 10 13 14
2 10 13 18
2 10 13 20
2 10 13 21
2 10 13 22
2 13 13 18
2 13 13 20
2 13 13 21
2 13 13 22
2 14 13 18
2 14 13 20
2 14 13 21
2 14 13 22
2 18 13 20
2 18 13 21
2 18 13 22
2 6 16 8
2 6 16 9
2 6 16 10
2 6 16 13
2 6 16 14
2 6 16 18
2 6 16 21
2 6 16 22
2 8 16 13
2 8 16 14
2 8 16 18
2 8 16 21
2 8 16 22
2 9 16 13
2 9 16 14
2 9 16 18
2 9 16 21
2 9 16 22
2 10 16 13
2 10 16 14
2 10 16 18
2 10 16 21
2 10 16 22
2 13 16 18
2 13 16 21
2 13 16 22
2 14 16 18
2 14 16 21
2 14 16 22
2 18 16 21
2 18 16 22
2 6 17 8
2 6 17 9
2 6 17 10
2 6 17 13
2 6 17 14
2 6 17 18
2 6 17 21
2 6 17 22
2 8 17 13
2 8 17 14
2 8 17 18
2 8 17 21
2 8 17 22
2 9 17 13
2 9 17 14
2 9 17 18
2 9 17 21
2 9 17 22
2 10 17 13
2 10 17 14
2 10 17 18
2 10 17 21
2 10 17 22
2 13 17 18
2 13 17 21
2 13 17 22
2 14 17 18
2 14 17 21
2 14 17 22
2 18 17 21
2 18 17 22
2 6 18 8
2 6 18 9
2 6 18 10
2 6 18 13
2 6 18 14
2 6 18 18
2 6 18 21
2 8 18 13
2 8 18 14
2 8 18 18
2 8 18 21
2 9 18 13
2 9 18 14
2 9 18 18
2 9 18 21
2 10 18 13
2 10 18 14
2 10 18 18
2 10 18 21
2 13 18 18
2 13 18 21
2 14 18 18
2 14 18 21
2 18 18 21
2 6 19 8
2 6 19 9
2 6 19 10
2 6 19 13
2 8 19 13
2 9 19 13
2 10 19 13
2 6 20 8
2 6 20 9
2 6 20 10
2 6 20 13
2 6 20 21
2 8 20 13
2 8 20 21
2 9 20 13
2 9 20 21
2 10 20 13
2 10 20 21
2 13 20 21
3 8 13 13
3 8 13 14
3 8 13 18
3 9 13 13
3 9 13 14
3 9 13 18
3 10 13 13
3 10 13 14
3 10 13 18
3 13 13 18
3 14 13 18
3 8 16 13
3 8 16 14
3 8 16 18
3 9 16 13
3 9 16 14
3 9 16 18
3 10 16 13
3 10 16 14
3 10 16 18
3 13 16 18
3 14 16 18
3 8 17 13
3 8 17 14
3 8 17 18
3 9 17 13
3 9 17 14
3 9 17 18
3 10 17 13
3 10 17 14
3 10 17 18
3 13 17 18
3 14 17 18
3 8 18 13
3 8 18 14
3 8 18 18
3 9 18 13
3 9 18 14
3 9 18 18
3 10 18 13
3 10 18 14
3 10 18 18
3 13 18 18
3 14 18 18
3 8 19 13
3 9 19 13
3 10 19 13
3 8 20 13
3 9 20 13
3 10 20 13
8 3 16 6
8 3 16 8
8 3 16 9
8 3 16 10
8 6 16 8
8 6 16 9
8 6 16 10
8 6 17 8
8 6 17 9
8 6 17 10
8 6 18 8
8 6 18 9
8 6 18 10
8 6 19 8
8 6 19 9
8 6 19 10
8 6 20 8
8 6 20 9
8 6 20 10
13 8 16 13
13 8 16 14
13 8 16 18
13 8 16 21
13 8 16 22
13 9 16 13
13 9 16 14
13 9 16 18
13 9 16 21
13 9 16 22
13 10 16 13
13 10 16 14
13 10 16 18
13 10 16 21
13 10 16 22
13 13 16 18
13 13 16 21
13 13 16 22
13 14 16 18
13 14 16 21
13 14 16 22
13 18 16 21
13 18 16 22
13 8 17 13
13 8 17 14
13 8 17 18
13 8 17 21
13 8 17 22
13 9 17 13
13 9 17 14
13 9 17 18
13 9 17 21
13 9 17 22
13 10 17 13
13 10 17 14
13 10 17 18
13 10 17 21
13 10 17 22
13 13 17 18
13 13 17 21
13 13 17 22
13 14 17 18
13 14 17 21
13 14 17 22
13 18 17 21
13 18 17 22
13 8 18 13
13 8 18 14
13 8 18 18
13 8 18 21
13 9 18 13
13 9 18 14
13 9 18 18
13 9 18 21
13 10 18 13
13 10 18 14
13 10 18 18
13 10 18 21
13 13 18 18
13 13 18 21
13 14 18 18
13 14 18 21
13 18 18 21
13 8 19 13
13 9 19 13
13 10 19 13
13 8 20 13
13 8 20 21
13 9 20 13
13 9 20 21
13 10 20 13
13 10 20 21
13 13 20 21
16 5 20 21
16 6 20 21
16 7 20 21
16 8 20 21
16 9 20 21
16 10 20 21
16 11 20 21
16 12 20 21
16 13 20 21
17 5 20 21
17 6 20 21
17 7 20 21
17 8 20 21
17 9 20 21
17 10 20 21
17 11 20 21
17 12 20 21
17 13 20 21
18 2 20 5
18 2 20 6
18 2 20 7
18 2 20 8
18 2 20 9
18 2 20 10
18 2 20 11
18 2 20 12
18 2 20 13
18 2 20 21
18 5 20 21
18 6 20 21
18 7 20 21
18 8 20 21
18 9 20 21
18 10 20 21
18 11 20 21
18 12 20 21
18 13 20 21
