21 10
0000000000
0000000000
0011111110
0010100010
0011111111
0010110001
0111111101
0110111101
0111111111
0011111111
0000110101
0000110101
0000111101
0000010001
0000010001
0000010001
0000010001
0000011111
0000000000
0000000000
0000000000
41
3 3 5 5
3 3 5 9
3 5 5 9
3 3 7 5
3 3 9 5
3 3 10 5
5 3 7 5
5 3 7 6
5 3 9 5
5 3 9 6
5 3 9 10
5 5 9 10
5 6 9 10
5 3 10 5
5 3 10 6
5 3 10 10
5 5 10 10
5 6 10 10
5 6 18 10
7 2 9 5
7 2 9 6
7 2 9 7
7 2 9 8
7 3 9 5
7 3 9 6
7 3 9 7
7 3 9 8
7 3 10 5
7 3 10 6
7 3 10 7
7 3 10 8
7 5 13 8
7 6 13 8
8 5 13 8
8 6 13 8
9 5 13 8
9 6 13 8
9 6 18 10
10 5 13 8
10 6 13 8
10 6 18 10
