13 22
0000000000000000000000
0001111111111100000000
0001100010000100000000
0001111111000100000000
0001110011000100000000
0001110011000100000000
0001110011000100000000
0001111111000100000000
0001100010000100000000
0001111110000100000000
0001100010000100000000
0001111110000100000000
0001111111111100000000
35
2 4 4 9
2 5 4 9
2 4 8 9
2 5 8 9
2 4 10 9
2 5 10 9
2 4 12 9
2 5 12 9
2 4 13 9
2 4 13 14
2 5 13 9
2 5 13 14
2 9 13 14
4 4 8 9
4 4 8 10
4 5 8 9
4 5 8 10
4 6 8 9
4 6 8 10
4 4 10 9
4 5 10 9
4 4 12 9
4 5 12 9
4 4 13 9
4 5 13 9
8 4 10 9
8 5 10 9
8 4 12 9
8 5 12 9
8 4 13 9
8 5 13 9
10 4 12 9
10 5 12 9
10 4 13 9
10 5 13 9
