12 21
000001110011111111111
000011111111100000001
001111111111111110001
001011011010100010001
001011011010100010001
001011011011111111111
001011011000100010000
001011011111111110000
001011010000101010000
001011111111101110000
001001110000000010000
001111111111111110000
40
1 11 6 13
1 11 6 21
1 13 6 21
1 6 10 8
1 6 11 8
1 6 12 8
2 11 6 13
2 8 8 13
2 9 8 13
2 5 10 8
2 5 10 13
2 6 10 8
2 6 10 13
2 8 10 13
2 6 11 8
2 6 12 8
3 11 6 13
3 11 6 17
3 13 6 17
3 8 8 13
3 8 8 17
3 9 8 13
3 9 8 17
3 13 8 17
3 5 10 8
3 5 10 13
3 6 10 8
3 6 10 13
3 8 10 13
3 6 11 8
3 3 12 6
3 3 12 8
3 3 12 17
3 6 12 8
3 6 12 17
3 8 12 17
6 13 8 17
8 8 10 13
8 15 10 17
8 8 12 17
