24 21
000000000000000000000
001111111111111000000
001011111111111000000
001011111111111000000
001011100111111111100
001011111110101000100
001111111111111111111
001111111111111111101
001111111111111111101
001111111111111111111
001111111110111110100
001011111111111111110
001011000110111110110
001011111111101110110
001111111111111111110
001111111111101110010
001001010111111110010
001001011100111111110
001001000011111100110
001111111111111100110
000001000010101100110
000001111111111100110
000001111111111111110
000001111111111111100
1463
2 5 6 10
2 5 6 11
2 6 6 10
2 6 6 11
2 7 6 10
2 7 6 11
2 3 7 5
2 3 7 6
2 3 7 7
2 3 7 10
2 3 7 11
2 3 7 13
2 3 7 15
2 5 7 10
2 5 7 11
2 5 7 13
2 5 7 15
2 6 7 10
2 6 7 11
2 6 7 13
2 6 7 15
2 7 7 10
2 7 7 11
2 7 7 13
2 7 7 15
2 10 7 13
2 10 7 15
2 11 7 13
2 11 7 15
2 13 7 15
2 3 8 5
2 3 8 6
2 3 8 7
2 3 8 10
2 3 8 11
2 3 8 13
2 3 8 15
2 5 8 10
2 5 8 11
2 5 8 13
2 5 8 15
2 6 8 10
2 6 8 11
2 6 8 13
2 6 8 15
2 7 8 10
2 7 8 11
2 7 8 13
2 7 8 15
2 10 8 13
2 10 8 15
2 11 8 13
2 11 8 15
2 13 8 15
2 3 9 5
2 3 9 6
2 3 9 7
2 3 9 10
2 3 9 11
2 3 9 13
2 3 9 15
2 5 9 10
2 5 9 11
2 5 9 13
2 5 9 15
2 6 9 10
2 6 9 11
2 6 9 13
2 6 9 15
2 7 9 10
2 7 9 11
2 7 9 13
2 7 9 15
2 10 9 13
2 10 9 15
2 11 9 13
2 11 9 15
2 13 9 15
2 3 10 5
2 3 10 6
2 3 10 7
2 3 10 10
2 3 10 11
2 3 10 13
2 3 10 15
2 5 10 10
2 5 10 11
2 5 10 13
2 5 10 15
2 6 10 10
2 6 10 11
2 6 10 13
2 6 10 15
2 7 10 10
2 7 10 11
2 7 10 13
2 7 10 15
2 10 10 13
2 10 10 15
2 11 10 13
2 11 10 15
2 13 10 15
2 3 11 5
2 3 11 6
2 3 11 7
2 3 11 10
2 3 11 11
2 5 11 10
2 5 11 11
2 6 11 10
2 6 11 11
2 7 11 10
2 7 11 11
2 13 11 15
2 5 12 10
2 5 12 11
2 5 12 13
2 5 12 15
2 6 12 10
2 6 12 11
2 6 12 13
2 6 12 15
2 7 12 10
2 7 12 11
2 7 12 13
2 7 12 15
2 10 12 13
2 10 12 15
2 11 12 13
2 11 12 15
2 13 12 15
2 13 13 15
2 5 14 10
2 5 14 11
2 5 14 13
2 6 14 10
2 6 14 11
2 6 14 13
2 10 14 13
2 11 14 13
2 3 15 5
2 3 15 6
2 3 15 10
2 3 15 11
2 3 15 13
2 3 15 15
2 5 15 10
2 5 15 11
2 5 15 13
2 5 15 15
2 6 15 10
2 6 15 11
2 6 15 13
2 6 15 15
2 10 15 13
2 10 15 15
2 11 15 13
2 11 15 15
2 13 15 15
2 3 16 5
2 3 16 6
2 3 16 10
2 3 16 11
2 3 16 13
2 5 16 10
2 5 16 11
2 5 16 13
2 6 16 10
2 6 16 11
2 6 16 13
2 10 16 13
2 11 16 13
2 10 17 13
2 10 17 15
2 11 17 13
2 11 17 15
2 13 17 15
2 13 18 15
2 13 19 15
2 3 20 6
2 3 20 13
2 3 20 15
2 6 20 13
2 6 20 15
2 13 20 15
2 6 22 13
2 6 22 15
2 13 22 15
2 6 23 13
2 6 23 15
2 13 23 15
2 6 24 13
2 6 24 15
2 13 24 15
3 5 6 10
3 5 6 11
3 6 6 10
3 6 6 11
3 7 6 10
3 7 6 11
3 5 7 10
3 5 7 11
3 5 7 13
3 5 7 15
3 6 7 10
3 6 7 11
3 6 7 13
3 6 7 15
3 7 7 10
3 7 7 11
3 7 7 13
3 7 7 15
3 10 7 13
3 10 7 15
3 11 7 13
3 11 7 15
3 13 7 15
3 5 8 10
3 5 8 11
3 5 8 13
3 5 8 15
3 6 8 10
3 6 8 11
3 6 8 13
3 6 8 15
3 7 8 10
3 7 8 11
3 7 8 13
3 7 8 15
3 10 8 13
3 10 8 15
3 11 8 13
3 11 8 15
3 13 8 15
3 5 9 10
3 5 9 11
3 5 9 13
3 5 9 15
3 6 9 10
3 6 9 11
3 6 9 13
3 6 9 15
3 7 9 10
3 7 9 11
3 7 9 13
3 7 9 15
3 10 9 13
3 10 9 15
3 11 9 13
3 11 9 15
3 13 9 15
3 5 10 10
3 5 10 11
3 5 10 13
3 5 10 15
3 6 10 10
3 6 10 11
3 6 10 13
3 6 10 15
3 7 10 10
3 7 10 11
3 7 10 13
3 7 10 15
3 10 10 13
3 10 10 15
3 11 10 13
3 11 10 15
3 13 10 15
3 5 11 10
3 5 11 11
3 6 11 10
3 6 11 11
3 7 11 10
3 7 11 11
3 13 11 15
3 5 12 10
3 5 12 11
3 5 12 13
3 5 12 15
3 6 12 10
3 6 12 11
3 6 12 13
3 6 12 15
3 7 12 10
3 7 12 11
3 7 12 13
3 7 12 15
3 10 12 13
3 10 12 15
3 11 12 13
3 11 12 15
3 13 12 15
3 13 13 15
3 5 14 10
3 5 14 11
3 5 14 13
3 6 14 10
3 6 14 11
3 6 14 13
3 10 14 13
3 11 14 13
3 5 15 10
3 5 15 11
3 5 15 13
3 5 15 15
3 6 15 10
3 6 15 11
3 6 15 13
3 6 15 15
3 10 15 13
3 10 15 15
3 11 15 13
3 11 15 15
3 13 15 15
3 5 16 10
3 5 16 11
3 5 16 13
3 6 16 10
3 6 16 11
3 6 16 13
3 10 16 13
3 11 16 13
3 10 17 13
3 10 17 15
3 11 17 13
3 11 17 15
3 13 17 15
3 13 18 15
3 13 19 15
3 6 20 13
3 6 20 15
3 13 20 15
3 6 22 13
3 6 22 15
3 13 22 15
3 6 23 13
3 6 23 15
3 13 23 15
3 6 24 13
3 6 24 15
3 13 24 15
4 5 6 10
4 5 6 11
4 6 6 10
4 6 6 11
4 7 6 10
4 7 6 11
4 5 7 10
4 5 7 11
4 5 7 13
4 5 7 15
4 6 7 10
4 6 7 11
4 6 7 13
4 6 7 15
4 7 7 10
4 7 7 11
4 7 7 13
4 7 7 15
4 10 7 13
4 10 7 15
4 11 7 13
4 11 7 15
4 13 7 15
4 5 8 10
4 5 8 11
4 5 8 13
4 5 8 15
4 6 8 10
4 6 8 11
4 6 8 13
4 6 8 15
4 7 8 10
4 7 8 11
4 7 8 13
4 7 8 15
4 10 8 13
4 10 8 15
4 11 8 13
4 11 8 15
4 13 8 15
4 5 9 10
4 5 9 11
4 5 9 13
4 5 9 15
4 6 9 10
4 6 9 11
4 6 9 13
4 6 9 15
4 7 9 10
4 7 9 11
4 7 9 13
4 7 9 15
4 10 9 13
4 10 9 15
4 11 9 13
4 11 9 15
4 13 9 15
4 5 10 10
4 5 10 11
4 5 10 13
4 5 10 15
4 6 10 10
4 6 10 11
4 6 10 13
4 6 10 15
4 7 10 10
4 7 10 11
4 7 10 13
4 7 10 15
4 10 10 13
4 10 10 15
4 11 10 13
4 11 10 15
4 13 10 15
4 5 11 10
4 5 11 11
4 6 11 10
4 6 11 11
4 7 11 10
4 7 11 11
4 13 11 15
4 5 12 10
4 5 12 11
4 5 12 13
4 5 12 15
4 6 12 10
4 6 12 11
4 6 12 13
4 6 12 15
4 7 12 10
4 7 12 11
4 7 12 13
4 7 12 15
4 10 12 13
4 10 12 15
4 11 12 13
4 11 12 15
4 13 12 15
4 13 13 15
4 5 14 10
4 5 14 11
4 5 14 13
4 6 14 10
4 6 14 11
4 6 14 13
4 10 14 13
4 11 14 13
4 5 15 10
4 5 15 11
4 5 15 13
4 5 15 15
4 6 15 10
4 6 15 11
4 6 15 13
4 6 15 15
4 10 15 13
4 10 15 15
4 11 15 13
4 11 15 15
4 13 15 15
4 5 16 10
4 5 16 11
4 5 16 13
4 6 16 10
4 6 16 11
4 6 16 13
4 10 16 13
4 11 16 13
4 10 17 13
4 10 17 15
4 11 17 13
4 11 17 15
4 13 17 15
4 13 18 15
4 13 19 15
4 6 20 13
4 6 20 15
4 13 20 15
4 6 22 13
4 6 22 15
4 13 22 15
4 6 23 13
4 6 23 15
4 13 23 15
4 6 24 13
4 6 24 15
4 13 24 15
5 10 7 13
5 10 7 15
5 10 7 19
5 11 7 13
5 11 7 15
5 11 7 19
5 13 7 15
5 13 7 19
5 15 7 19
5 10 8 13
5 10 8 15
5 10 8 19
5 11 8 13
5 11 8 15
5 11 8 19
5 13 8 15
5 13 8 19
5 15 8 19
5 10 9 13
5 10 9 15
5 10 9 19
5 11 9 13
5 11 9 15
5 11 9 19
5 13 9 15
5 13 9 19
5 15 9 19
5 10 10 13
5 10 10 15
5 10 10 19
5 11 10 13
5 11 10 15
5 11 10 19
5 13 10 15
5 13 10 19
5 15 10 19
5 13 11 15
5 10 12 13
5 10 12 15
5 10 12 19
5 11 12 13
5 11 12 15
5 11 12 19
5 13 12 15
5 13 12 19
5 15 12 19
5 13 13 15
5 10 14 13
5 11 14 13
5 10 15 13
5 10 15 15
5 10 15 19
5 11 15 13
5 11 15 15
5 11 15 19
5 13 15 15
5 13 15 19
5 15 15 19
5 10 16 13
5 11 16 13
5 10 17 13
5 10 17 15
5 11 17 13
5 11 17 15
5 13 17 15
5 13 18 15
5 13 19 15
5 13 20 15
5 13 22 15
5 13 23 15
5 13 24 15
6 5 14 10
6 5 14 11
6 6 14 10
6 6 14 11
6 5 15 10
6 5 15 11
6 6 15 10
6 6 15 11
6 5 16 10
6 5 16 11
6 6 16 10
6 6 16 11
7 3 10 21
7 4 10 21
7 5 10 21
7 6 10 21
7 7 10 21
7 8 10 21
7 9 10 21
7 10 10 21
7 11 10 21
7 12 10 21
7 13 10 21
7 14 10 21
7 15 10 21
7 16 10 21
7 17 10 21
7 18 10 21
7 19 10 21
7 5 12 13
7 5 12 14
7 5 12 15
7 5 12 16
7 5 12 17
7 5 12 19
7 6 12 13
7 6 12 14
7 6 12 15
7 6 12 16
7 6 12 17
7 6 12 19
7 7 12 13
7 7 12 14
7 7 12 15
7 7 12 16
7 7 12 17
7 7 12 19
7 8 12 13
7 8 12 14
7 8 12 15
7 8 12 16
7 8 12 17
7 8 12 19
7 9 12 13
7 9 12 14
7 9 12 15
7 9 12 16
7 9 12 17
7 9 12 19
7 10 12 13
7 10 12 14
7 10 12 15
7 10 12 16
7 10 12 17
7 10 12 19
7 11 12 13
7 11 12 14
7 11 12 15
7 11 12 16
7 11 12 17
7 11 12 19
7 13 12 19
7 14 12 19
7 15 12 19
7 16 12 19
7 17 12 19
7 5 14 10
7 5 14 11
7 5 14 13
7 6 14 10
7 6 14 11
7 6 14 13
7 10 14 13
7 11 14 13
7 3 15 5
7 3 15 6
7 3 15 10
7 3 15 11
7 3 15 13
7 3 15 15
7 3 15 16
7 3 15 17
7 3 15 19
7 5 15 10
7 5 15 11
7 5 15 13
7 5 15 15
7 5 15 16
7 5 15 17
7 5 15 19
7 6 15 10
7 6 15 11
7 6 15 13
7 6 15 15
7 6 15 16
7 6 15 17
7 6 15 19
7 10 15 13
7 10 15 15
7 10 15 16
7 10 15 17
7 10 15 19
7 11 15 13
7 11 15 15
7 11 15 16
7 11 15 17
7 11 15 19
7 13 15 15
7 13 15 16
7 13 15 17
7 13 15 19
7 15 15 19
7 16 15 19
7 17 15 19
7 3 16 5
7 3 16 6
7 3 16 10
7 3 16 11
7 3 16 13
7 5 16 10
7 5 16 11
7 5 16 13
7 6 16 10
7 6 16 11
7 6 16 13
7 10 16 13
7 11 16 13
7 10 17 13
7 10 17 15
7 10 17 16
7 10 17 17
7 11 17 13
7 11 17 15
7 11 17 16
7 11 17 17
7 13 17 15
7 13 17 16
7 13 17 17
7 13 18 15
7 13 18 16
7 13 18 17
7 13 19 15
7 13 19 16
7 3 20 6
7 3 20 13
7 3 20 15
7 3 20 16
7 6 20 13
7 6 20 15
7 6 20 16
7 13 20 15
7 13 20 16
7 6 22 13
7 6 22 15
7 6 22 16
7 13 22 15
7 13 22 16
7 6 23 13
7 6 23 15
7 6 23 16
7 13 23 15
7 13 23 16
7 6 24 13
7 6 24 15
7 6 24 16
7 13 24 15
7 13 24 16
8 5 12 13
8 5 12 14
8 5 12 15
8 5 12 16
8 5 12 17
8 5 12 19
8 6 12 13
8 6 12 14
8 6 12 15
8 6 12 16
8 6 12 17
8 6 12 19
8 7 12 13
8 7 12 14
8 7 12 15
8 7 12 16
8 7 12 17
8 7 12 19
8 8 12 13
8 8 12 14
8 8 12 15
8 8 12 16
8 8 12 17
8 8 12 19
8 9 12 13
8 9 12 14
8 9 12 15
8 9 12 16
8 9 12 17
8 9 12 19
8 10 12 13
8 10 12 14
8 10 12 15
8 10 12 16
8 10 12 17
8 10 12 19
8 11 12 13
8 11 12 14
8 11 12 15
8 11 12 16
8 11 12 17
8 11 12 19
8 13 12 19
8 14 12 19
8 15 12 19
8 16 12 19
8 17 12 19
8 5 14 10
8 5 14 11
8 5 14 13
8 6 14 10
8 6 14 11
8 6 14 13
8 10 14 13
8 11 14 13
8 3 15 5
8 3 15 6
8 3 15 10
8 3 15 11
8 3 15 13
8 3 15 15
8 3 15 16
8 3 15 17
8 3 15 19
8 5 15 10
8 5 15 11
8 5 15 13
8 5 15 15
8 5 15 16
8 5 15 17
8 5 15 19
8 6 15 10
8 6 15 11
8 6 15 13
8 6 15 15
8 6 15 16
8 6 15 17
8 6 15 19
8 10 15 13
8 10 15 15
8 10 15 16
8 10 15 17
8 10 15 19
8 11 15 13
8 11 15 15
8 11 15 16
8 11 15 17
8 11 15 19
8 13 15 15
8 13 15 16
8 13 15 17
8 13 15 19
8 15 15 19
8 16 15 19
8 17 15 19
8 3 16 5
8 3 16 6
8 3 16 10
8 3 16 11
8 3 16 13
8 5 16 10
8 5 16 11
8 5 16 13
8 6 16 10
8 6 16 11
8 6 16 13
8 10 16 13
8 11 16 13
8 10 17 13
8 10 17 15
8 10 17 16
8 10 17 17
8 11 17 13
8 11 17 15
8 11 17 16
8 11 17 17
8 13 17 15
8 13 17 16
8 13 17 17
8 13 18 15
8 13 18 16
8 13 18 17
8 13 19 15
8 13 19 16
8 3 20 6
8 3 20 13
8 3 20 15
8 3 20 16
8 6 20 13
8 6 20 15
8 6 20 16
8 13 20 15
8 13 20 16
8 6 22 13
8 6 22 15
8 6 22 16
8 13 22 15
8 13 22 16
8 6 23 13
8 6 23 15
8 6 23 16
8 13 23 15
8 13 23 16
8 6 24 13
8 6 24 15
8 6 24 16
8 13 24 15
8 13 24 16
9 5 12 13
9 5 12 14
9 5 12 15
9 5 12 16
9 5 12 17
9 5 12 19
9 6 12 13
9 6 12 14
9 6 12 15
9 6 12 16
9 6 12 17
9 6 12 19
9 7 12 13
9 7 12 14
9 7 12 15
9 7 12 16
9 7 12 17
9 7 12 19
9 8 12 13
9 8 12 14
9 8 12 15
9 8 12 16
9 8 12 17
9 8 12 19
9 9 12 13
9 9 12 14
9 9 12 15
9 9 12 16
9 9 12 17
9 9 12 19
9 10 12 13
9 10 12 14
9 10 12 15
9 10 12 16
9 10 12 17
9 10 12 19
9 11 12 13
9 11 12 14
9 11 12 15
9 11 12 16
9 11 12 17
9 11 12 19
9 13 12 19
9 14 12 19
9 15 12 19
9 16 12 19
9 17 12 19
9 5 14 10
9 5 14 11
9 5 14 13
9 6 14 10
9 6 14 11
9 6 14 13
9 10 14 13
9 11 14 13
9 3 15 5
9 3 15 6
9 3 15 10
9 3 15 11
9 3 15 13
9 3 15 15
9 3 15 16
9 3 15 17
9 3 15 19
9 5 15 10
9 5 15 11
9 5 15 13
9 5 15 15
9 5 15 16
9 5 15 17
9 5 15 19
9 6 15 10
9 6 15 11
9 6 15 13
9 6 15 15
9 6 15 16
9 6 15 17
9 6 15 19
9 10 15 13
9 10 15 15
9 10 15 16
9 10 15 17
9 10 15 19
9 11 15 13
9 11 15 15
9 11 15 16
9 11 15 17
9 11 15 19
9 13 15 15
9 13 15 16
9 13 15 17
9 13 15 19
9 15 15 19
9 16 15 19
9 17 15 19
9 3 16 5
9 3 16 6
9 3 16 10
9 3 16 11
9 3 16 13
9 5 16 10
9 5 16 11
9 5 16 13
9 6 16 10
9 6 16 11
9 6 16 13
9 10 16 13
9 11 16 13
9 10 17 13
9 10 17 15
9 10 17 16
9 10 17 17
9 11 17 13
9 11 17 15
9 11 17 16
9 11 17 17
9 13 17 15
9 13 17 16
9 13 17 17
9 13 18 15
9 13 18 16
9 13 18 17
9 13 19 15
9 13 19 16
9 3 20 6
9 3 20 13
9 3 20 15
9 3 20 16
9 6 20 13
9 6 20 15
9 6 20 16
9 13 20 15
9 13 20 16
9 6 22 13
9 6 22 15
9 6 22 16
9 13 22 15
9 13 22 16
9 6 23 13
9 6 23 15
9 6 23 16
9 13 23 15
9 13 23 16
9 6 24 13
9 6 24 15
9 6 24 16
9 13 24 15
9 13 24 16
10 5 12 13
10 5 12 14
10 5 12 15
10 5 12 16
10 5 12 17
10 5 12 19
10 6 12 13
10 6 12 14
10 6 12 15
10 6 12 16
10 6 12 17
10 6 12 19
10 7 12 13
10 7 12 14
10 7 12 15
10 7 12 16
10 7 12 17
10 7 12 19
10 8 12 13
10 8 12 14
10 8 12 15
10 8 12 16
10 8 12 17
10 8 12 19
10 9 12 13
10 9 12 14
10 9 12 15
10 9 12 16
10 9 12 17
10 9 12 19
10 10 12 13
10 10 12 14
10 10 12 15
10 10 12 16
10 10 12 17
10 10 12 19
10 11 12 13
10 11 12 14
10 11 12 15
10 11 12 16
10 11 12 17
10 11 12 19
10 13 12 19
10 14 12 19
10 15 12 19
10 16 12 19
10 17 12 19
10 5 14 10
10 5 14 11
10 5 14 13
10 6 14 10
10 6 14 11
10 6 14 13
10 10 14 13
10 11 14 13
10 3 15 5
10 3 15 6
10 3 15 10
10 3 15 11
10 3 15 13
10 3 15 15
10 3 15 16
10 3 15 17
10 3 15 19
10 5 15 10
10 5 15 11
10 5 15 13
10 5 15 15
10 5 15 16
10 5 15 17
10 5 15 19
10 6 15 10
10 6 15 11
10 6 15 13
10 6 15 15
10 6 15 16
10 6 15 17
10 6 15 19
10 10 15 13
10 10 15 15
10 10 15 16
10 10 15 17
10 10 15 19
10 11 15 13
10 11 15 15
10 11 15 16
10 11 15 17
10 11 15 19
10 13 15 15
10 13 15 16
10 13 15 17
10 13 15 19
10 15 15 19
10 16 15 19
10 17 15 19
10 3 16 5
10 3 16 6
10 3 16 10
10 3 16 11
10 3 16 13
10 5 16 10
10 5 16 11
10 5 16 13
10 6 16 10
10 6 16 11
10 6 16 13
10 10 16 13
10 11 16 13
10 10 17 13
10 10 17 15
10 10 17 16
10 10 17 17
10 11 17 13
10 11 17 15
10 11 17 16
10 11 17 17
10 13 17 15
10 13 17 16
10 13 17 17
10 13 18 15
10 13 18 16
10 13 18 17
10 13 19 15
10 13 19 16
10 3 20 6
10 3 20 13
10 3 20 15
10 3 20 16
10 6 20 13
10 6 20 15
10 6 20 16
10 13 20 15
10 13 20 16
10 6 22 13
10 6 22 15
10 6 22 16
10 13 22 15
10 13 22 16
10 6 23 13
10 6 23 15
10 6 23 16
10 13 23 15
10 13 23 16
10 6 24 13
10 6 24 15
10 6 24 16
10 13 24 15
10 13 24 16
11 5 14 10
11 5 14 11
11 6 14 10
11 6 14 11
11 3 15 5
11 3 15 6
11 3 15 10
11 3 15 11
11 5 15 10
11 5 15 11
11 6 15 10
11 6 15 11
11 13 15 15
11 13 15 16
11 13 15 17
11 3 16 5
11 3 16 6
11 3 16 10
11 3 16 11
11 5 16 10
11 5 16 11
11 6 16 10
11 6 16 11
11 13 17 15
11 13 17 16
11 13 17 17
11 13 18 15
11 13 18 16
11 13 18 17
11 13 19 15
11 13 19 16
11 3 20 6
11 13 20 15
11 13 20 16
11 13 22 15
11 13 22 16
11 13 23 15
11 13 23 16
11 13 24 15
11 13 24 16
12 5 14 10
12 5 14 11
12 5 14 13
12 6 14 10
12 6 14 11
12 6 14 13
12 10 14 13
12 11 14 13
12 5 15 10
12 5 15 11
12 5 15 13
12 5 15 15
12 5 15 16
12 5 15 17
12 5 15 19
12 5 15 20
12 6 15 10
12 6 15 11
12 6 15 13
12 6 15 15
12 6 15 16
12 6 15 17
12 6 15 19
12 6 15 20
12 10 15 13
12 10 15 15
12 10 15 16
12 10 15 17
12 10 15 19
12 10 15 20
12 11 15 13
12 11 15 15
12 11 15 16
12 11 15 17
12 11 15 19
12 11 15 20
12 13 15 15
12 13 15 16
12 13 15 17
12 13 15 19
12 13 15 20
12 15 15 19
12 15 15 20
12 16 15 19
12 16 15 20
12 17 15 19
12 17 15 20
12 5 16 10
12 5 16 11
12 5 16 13
12 6 16 10
12 6 16 11
12 6 16 13
12 10 16 13
12 11 16 13
12 10 17 13
12 10 17 15
12 10 17 16
12 10 17 17
12 11 17 13
12 11 17 15
12 11 17 16
12 11 17 17
12 13 17 15
12 13 17 16
12 13 17 17
12 13 18 15
12 13 18 16
12 13 18 17
12 13 18 20
12 15 18 20
12 16 18 20
12 17 18 20
12 13 19 15
12 13 19 16
12 6 20 13
12 6 20 15
12 6 20 16
12 13 20 15
12 13 20 16
12 6 22 13
12 6 22 15
12 6 22 16
12 13 22 15
12 13 22 16
12 6 23 13
12 6 23 15
12 6 23 16
12 6 23 20
12 13 23 15
12 13 23 16
12 13 23 20
12 15 23 20
12 16 23 20
12 6 24 13
12 6 24 15
12 6 24 16
12 13 24 15
12 13 24 16
13 13 15 15
13 13 15 16
13 13 15 17
13 13 17 15
13 13 17 16
13 13 17 17
13 13 18 15
13 13 18 16
13 13 18 17
13 13 19 15
13 13 19 16
13 13 20 15
13 13 20 16
13 13 22 15
13 13 22 16
13 13 23 15
13 13 23 16
13 13 24 15
13 13 24 16
14 8 18 10
14 6 20 13
14 6 22 13
14 6 23 13
14 6 24 13
15 10 17 15
15 10 17 16
15 10 17 17
15 11 17 15
15 11 17 16
15 11 17 17
15 12 17 15
15 12 17 16
15 12 17 17
15 13 17 15
15 13 17 16
15 13 17 17
15 8 18 10
15 13 18 15
15 13 18 16
15 13 18 17
15 13 18 20
15 15 18 20
15 16 18 20
15 17 18 20
15 13 19 15
15 13 19 16
15 3 20 6
15 3 20 13
15 3 20 15
15 3 20 16
15 6 20 13
15 6 20 15
15 6 20 16
15 13 20 15
15 13 20 16
15 6 22 13
15 6 22 15
15 6 22 16
15 13 22 15
15 13 22 16
15 6 23 13
15 6 23 15
15 6 23 16
15 6 23 20
15 13 23 15
15 13 23 16
15 13 23 20
15 15 23 20
15 16 23 20
15 6 24 13
15 6 24 15
15 6 24 16
15 13 24 15
15 13 24 16
16 8 18 10
16 3 20 6
16 3 20 13
16 6 20 13
16 6 22 13
16 6 23 13
16 6 24 13
17 13 22 15
17 13 22 16
17 13 23 15
17 13 23 16
17 13 24 15
17 13 24 16
18 13 22 15
18 13 22 16
18 13 23 15
18 13 23 16
18 13 23 19
18 13 23 20
18 15 23 19
18 15 23 20
18 16 23 19
18 16 23 20
18 13 24 15
18 13 24 16
18 13 24 19
18 15 24 19
18 16 24 19
19 11 22 13
19 11 22 15
19 11 22 16
19 13 22 15
19 13 22 16
19 11 23 13
19 11 23 15
19 11 23 16
19 13 23 15
19 13 23 16
19 11 24 13
19 11 24 15
19 11 24 16
19 13 24 15
19 13 24 16
20 6 22 11
20 6 22 13
20 6 22 15
20 6 22 16
20 11 22 13
20 11 22 15
20 11 22 16
20 13 22 15
20 13 22 16
20 6 23 11
20 6 23 13
20 6 23 15
20 6 23 16
20 11 23 13
20 11 23 15
20 11 23 16
20 13 23 15
20 13 23 16
20 6 24 11
20 6 24 13
20 6 24 15
20 6 24 16
20 11 24 13
20 11 24 15
20 11 24 16
20 13 24 15
20 13 24 16
