24 23
00000000000000000000000
00000000000000000000000
00000000000000000000000
00000000000000000000000
00000000000000000000000
00000000000000000000000
00000000000000000000000
00000000000000000000000
00000000000000000000000
00000000001111111111111
00000000001110000000001
00000111111111111100001
00000100001010000100001
00000111111111111100001
00000001111110000000001
00000001001110000000001
00000001111100000000001
00000000001000000000001
00000000001000000000001
00000000001111111111111
00000000000000000000000
00000000000000000000000
00000000000000000000000
00000000000000000000000
19
10 11 14 13
10 11 15 13
10 11 16 13
10 11 20 23
11 11 14 13
11 11 15 13
11 11 16 13
12 6 14 11
12 6 14 13
12 6 14 18
12 11 14 13
12 11 14 18
12 13 14 18
12 11 15 13
12 11 16 13
14 8 17 11
14 8 17 12
15 8 17 11
15 8 17 12
