19 24
000000000000000001111100
000000000000000001000100
001111111111111111100100
001100001000110101100100
001100001111111101100100
001101111111111111100100
001101000101100101000100
001101000101100101000100
001101000101100101000100
001101000101100101000100
001111111111111111000100
001000000101100111111110
001000000101100111110110
011111111101100111111110
011000000101100011010100
011000000101100011010100
011111111111100011010100
001000000000100011110100
001111111111100001111100
94
1 18 12 22
1 18 14 22
1 18 19 22
3 9 5 13
3 9 5 14
3 9 5 16
3 13 5 16
3 14 5 16
3 9 6 13
3 9 6 14
3 9 6 16
3 9 6 18
3 9 6 19
3 13 6 16
3 13 6 18
3 13 6 19
3 14 6 16
3 14 6 18
3 14 6 19
3 16 6 18
3 16 6 19
3 3 11 13
3 3 11 16
3 3 11 18
3 4 11 13
3 4 11 16
3 4 11 18
3 13 11 16
3 13 11 18
3 16 11 18
3 16 12 18
3 16 13 18
3 16 14 18
3 3 17 13
3 3 19 13
5 10 11 12
5 10 11 13
5 10 11 16
5 12 11 16
5 13 11 16
5 10 17 12
5 10 17 13
6 6 11 10
6 6 11 12
6 6 11 13
6 6 11 16
6 6 11 18
6 10 11 12
6 10 11 13
6 10 11 16
6 10 11 18
6 12 11 16
6 12 11 18
6 13 11 16
6 13 11 18
6 16 11 18
6 16 12 18
6 16 13 18
6 16 14 18
6 10 17 12
6 10 17 13
11 3 14 10
11 3 17 10
11 3 17 12
11 3 17 13
11 10 17 12
11 10 17 13
11 3 19 13
12 16 14 22
12 16 14 23
12 17 14 22
12 17 14 23
12 18 14 22
12 18 14 23
12 19 14 22
12 19 14 23
12 20 14 22
12 20 14 23
12 17 18 20
12 18 18 20
12 18 19 20
12 18 19 22
12 20 19 22
13 17 18 20
13 18 18 20
13 18 19 20
14 2 17 10
14 3 17 10
14 17 18 20
14 18 18 20
14 18 19 20
14 18 19 22
14 20 19 22
17 3 19 13
