24 20
00000111111111100000
00000100100001100000
00000100100011111111
00000111111111111001
00000100100011101001
00000111111111111001
00000100100011101001
11111111111111111001
10000100100011101001
10000111111111111001
10001111111111111001
11111111111111111001
00001100100011101001
00001100100011101001
00001100100011101001
00001100100011101001
00001100100011101001
00001111111111111001
00001100100011111111
00001111111111101000
00001000111111001000
00001000000000001000
00001111111111111000
00000000000000000000
394
1 6 4 9
1 6 4 14
1 6 4 15
1 9 4 14
1 9 4 15
1 6 6 9
1 6 6 14
1 6 6 15
1 9 6 14
1 9 6 15
1 6 8 9
1 6 8 14
1 6 8 15
1 9 8 14
1 9 8 15
1 6 10 9
1 6 10 14
1 6 10 15
1 9 10 14
1 9 10 15
1 6 11 9
1 6 11 14
1 6 11 15
1 9 11 14
1 9 11 15
1 6 12 9
1 6 12 14
1 6 12 15
1 9 12 14
1 9 12 15
1 6 18 9
1 6 18 14
1 6 18 15
1 9 18 14
1 9 18 15
1 6 20 9
1 6 20 14
1 6 20 15
1 9 20 14
1 9 20 15
1 9 21 14
3 13 6 17
3 14 6 17
3 15 6 17
3 13 8 17
3 14 8 17
3 15 8 17
3 13 10 17
3 14 10 17
3 15 10 17
3 13 11 17
3 14 11 17
3 15 11 17
3 13 12 17
3 14 12 17
3 15 12 17
3 13 18 17
3 14 18 17
3 15 18 17
3 13 19 17
3 13 19 20
3 14 19 17
3 14 19 20
3 15 19 17
3 15 19 20
3 17 19 20
4 6 6 9
4 6 6 13
4 6 6 14
4 6 6 15
4 6 6 17
4 9 6 13
4 9 6 14
4 9 6 15
4 9 6 17
4 13 6 17
4 14 6 17
4 15 6 17
4 6 8 9
4 6 8 13
4 6 8 14
4 6 8 15
4 6 8 17
4 9 8 13
4 9 8 14
4 9 8 15
4 9 8 17
4 13 8 17
4 14 8 17
4 15 8 17
4 6 10 9
4 6 10 13
4 6 10 14
4 6 10 15
4 6 10 17
4 9 10 13
4 9 10 14
4 9 10 15
4 9 10 17
4 13 10 17
4 14 10 17
4 15 10 17
4 6 11 9
4 6 11 13
4 6 11 14
4 6 11 15
4 6 11 17
4 9 11 13
4 9 11 14
4 9 11 15
4 9 11 17
4 13 11 17
4 14 11 17
4 15 11 17
4 6 12 9
4 6 12 13
4 6 12 14
4 6 12 15
4 6 12 17
4 9 12 13
4 9 12 14
4 9 12 15
4 9 12 17
4 13 12 17
4 14 12 17
4 15 12 17
4 6 18 9
4 6 18 13
4 6 18 14
4 6 18 15
4 6 18 17
4 9 18 13
4 9 18 14
4 9 18 15
4 9 18 17
4 13 18 17
4 14 18 17
4 15 18 17
4 13 19 17
4 14 19 17
4 15 19 17
4 6 20 9
4 6 20 13
4 6 20 14
4 6 20 15
4 9 20 13
4 9 20 14
4 9 20 15
4 9 21 13
4 9 21 14
6 6 8 9
6 6 8 13
6 6 8 14
6 6 8 15
6 6 8 17
6 9 8 13
6 9 8 14
6 9 8 15
6 9 8 17
6 13 8 17
6 14 8 17
6 15 8 17
6 6 10 9
6 6 10 13
6 6 10 14
6 6 10 15
6 6 10 17
6 9 10 13
6 9 10 14
6 9 10 15
6 9 10 17
6 13 10 17
6 14 10 17
6 15 10 17
6 6 11 9
6 6 11 13
6 6 11 14
6 6 11 15
6 6 11 17
6 9 11 13
6 9 11 14
6 9 11 15
6 9 11 17
6 13 11 17
6 14 11 17
6 15 11 17
6 6 12 9
6 6 12 13
6 6 12 14
6 6 12 15
6 6 12 17
6 9 12 13
6 9 12 14
6 9 12 15
6 9 12 17
6 13 12 17
6 14 12 17
6 15 12 17
6 6 18 9
6 6 18 13
6 6 18 14
6 6 18 15
6 6 18 17
6 9 18 13
6 9 18 14
6 9 18 15
6 9 18 17
6 13 18 17
6 14 18 17
6 15 18 17
6 13 19 17
6 14 19 17
6 15 19 17
6 6 20 9
6 6 20 13
6 6 20 14
6 6 20 15
6 9 20 13
6 9 20 14
6 9 20 15
6 9 21 13
6 9 21 14
8 6 10 9
8 6 10 13
8 6 10 14
8 6 10 15
8 6 10 17
8 9 10 13
8 9 10 14
8 9 10 15
8 9 10 17
8 13 10 17
8 14 10 17
8 15 10 17
8 6 11 9
8 6 11 13
8 6 11 14
8 6 11 15
8 6 11 17
8 9 11 13
8 9 11 14
8 9 11 15
8 9 11 17
8 13 11 17
8 14 11 17
8 15 11 17
8 1 12 6
8 1 12 9
8 1 12 13
8 1 12 14
8 1 12 15
8 1 12 17
8 6 12 9
8 6 12 13
8 6 12 14
8 6 12 15
8 6 12 17
8 9 12 13
8 9 12 14
8 9 12 15
8 9 12 17
8 13 12 17
8 14 12 17
8 15 12 17
8 6 18 9
8 6 18 13
8 6 18 14
8 6 18 15
8 6 18 17
8 9 18 13
8 9 18 14
8 9 18 15
8 9 18 17
8 13 18 17
8 14 18 17
8 15 18 17
8 13 19 17
8 14 19 17
8 15 19 17
8 6 20 9
8 6 20 13
8 6 20 14
8 6 20 15
8 9 20 13
8 9 20 14
8 9 20 15
8 9 21 13
8 9 21 14
10 6 18 9
10 6 18 13
10 6 18 14
10 6 18 15
10 6 18 17
10 9 18 13
10 9 18 14
10 9 18 15
10 9 18 17
10 13 18 17
10 14 18 17
10 15 18 17
10 13 19 17
10 14 19 17
10 15 19 17
10 6 20 9
10 6 20 13
10 6 20 14
10 6 20 15
10 9 20 13
10 9 20 14
10 9 20 15
10 9 21 13
10 9 21 14
11 5 18 9
11 5 18 13
11 5 18 14
11 5 18 15
11 5 18 17
11 6 18 9
11 6 18 13
11 6 18 14
11 6 18 15
11 6 18 17
11 9 18 13
11 9 18 14
11 9 18 15
11 9 18 17
11 13 18 17
11 14 18 17
11 15 18 17
11 13 19 17
11 14 19 17
11 15 19 17
11 5 20 9
11 5 20 13
11 5 20 14
11 5 20 15
11 6 20 9
11 6 20 13
11 6 20 14
11 6 20 15
11 9 20 13
11 9 20 14
11 9 20 15
11 9 21 13
11 9 21 14
11 5 23 17
12 5 18 9
12 5 18 13
12 5 18 14
12 5 18 15
12 5 18 17
12 6 18 9
12 6 18 13
12 6 18 14
12 6 18 15
12 6 18 17
12 9 18 13
12 9 18 14
12 9 18 15
12 9 18 17
12 13 18 17
12 14 18 17
12 15 18 17
12 13 19 17
12 14 19 17
12 15 19 17
12 5 20 9
12 5 20 13
12 5 20 14
12 5 20 15
12 6 20 9
12 6 20 13
12 6 20 14
12 6 20 15
12 9 20 13
12 9 20 14
12 9 20 15
12 9 21 13
12 9 21 14
12 5 23 17
18 5 20 9
18 5 20 13
18 5 20 14
18 5 20 15
18 6 20 9
18 6 20 13
18 6 20 14
18 6 20 15
18 9 20 13
18 9 20 14
18 9 20 15
18 9 21 13
18 9 21 14
18 5 23 17
