13 20
00000000000000000000
00000000011100000000
00000000010100000000
00111111111111111111
00101000011100001101
00111111111111111111
00111111111111111111
00011111111111111001
00011000000000001001
00011111111111111001
00011001100000011001
00011111100000011001
00011111111111111111
98
2 10 4 12
2 10 5 12
2 10 6 12
2 10 7 12
2 10 8 12
4 3 6 5
4 3 6 10
4 3 6 11
4 3 6 12
4 3 6 17
4 3 6 18
4 3 6 20
4 5 6 10
4 5 6 11
4 5 6 12
4 5 6 17
4 5 6 18
4 5 6 20
4 10 6 17
4 10 6 18
4 10 6 20
4 11 6 17
4 11 6 18
4 11 6 20
4 12 6 17
4 12 6 18
4 12 6 20
4 17 6 20
4 18 6 20
4 3 7 5
4 3 7 10
4 3 7 11
4 3 7 12
4 3 7 17
4 3 7 18
4 3 7 20
4 5 7 10
4 5 7 11
4 5 7 12
4 5 7 17
4 5 7 18
4 5 7 20
4 10 7 17
4 10 7 18
4 10 7 20
4 11 7 17
4 11 7 18
4 11 7 20
4 12 7 17
4 12 7 18
4 12 7 20
4 17 7 20
4 18 7 20
4 5 8 10
4 5 8 11
4 5 8 12
4 5 8 17
4 10 8 17
4 11 8 17
4 12 8 17
4 5 10 17
4 5 13 17
4 5 13 20
4 17 13 20
6 4 10 17
6 5 10 17
6 4 13 17
6 4 13 20
6 5 13 17
6 5 13 20
6 17 13 20
7 4 10 17
7 5 10 17
7 4 13 17
7 4 13 20
7 5 13 17
7 5 13 20
7 17 13 20
8 4 10 17
8 5 10 17
8 4 13 17
8 5 13 17
10 4 12 8
10 4 12 9
10 5 12 8
10 5 12 9
10 4 13 8
10 4 13 9
10 4 13 16
10 4 13 17
10 5 13 8
10 5 13 9
10 5 13 16
10 5 13 17
10 8 13 16
10 8 13 17
10 9 13 16
10 9 13 17
