18 18
000000000000000000
000000000011111111
011110001111111111
010111111110011011
011110001110011011
011111111110011011
010100001110011011
010100111111111111
010100110110011000
010101111110011000
010101110110011000
010101110110011000
010101110110011000
010101110110011000
011111111110011000
000101110111111000
000111111110000000
000001111100000000
100
2 11 8 14
2 11 8 15
2 11 8 17
2 11 8 18
2 14 8 17
2 14 8 18
2 15 8 17
2 15 8 18
2 11 16 14
2 11 16 15
3 2 5 4
3 2 5 5
3 2 6 4
3 2 6 5
3 9 8 14
3 9 8 15
3 9 8 17
3 9 8 18
3 10 8 14
3 10 8 15
3 10 8 17
3 10 8 18
3 11 8 14
3 11 8 15
3 11 8 17
3 11 8 18
3 14 8 17
3 14 8 18
3 15 8 17
3 15 8 18
3 2 15 4
3 10 16 14
3 10 16 15
3 11 16 14
3 11 16 15
4 4 6 9
4 4 6 10
4 4 6 11
4 5 6 9
4 5 6 10
4 5 6 11
4 4 15 10
4 4 15 11
4 4 17 10
4 4 17 11
5 2 15 4
6 2 15 4
6 2 15 10
6 2 15 11
6 4 15 10
6 4 15 11
6 4 17 10
6 4 17 11
8 7 10 10
8 7 10 11
8 8 10 10
8 8 10 11
8 7 15 10
8 7 15 11
8 8 15 10
8 8 15 11
8 10 16 14
8 10 16 15
8 11 16 14
8 11 16 15
8 7 17 10
8 7 17 11
8 8 17 10
8 8 17 11
8 7 18 10
8 8 18 10
10 6 15 10
10 6 15 11
10 7 15 10
10 7 15 11
10 8 15 10
10 8 15 11
10 6 17 10
10 6 17 11
10 7 17 10
10 7 17 11
10 8 17 10
10 8 17 11
10 6 18 10
10 7 18 10
10 8 18 10
15 4 17 6
15 4 17 7
15 4 17 8
15 4 17 10
15 4 17 11
15 6 17 10
15 6 17 11
15 7 17 10
15 7 17 11
15 8 17 10
15 8 17 11
15 6 18 10
15 7 18 10
15 8 18 10
