14 21
111000001111111111111
111111111111111011111
101001111111111111111
111001001000001010011
100001001000001010011
100001001000001010011
100001001000111111111
100001001000101010111
100001001000101010111
100001001111111010111
100001001000101010111
111111111111111111111
000001111111111111111
000000000000000011110
147
1 9 3 17
1 9 3 18
1 9 3 19
1 9 3 20
1 9 3 21
1 10 3 17
1 10 3 18
1 10 3 19
1 10 3 20
1 10 3 21
1 11 3 17
1 11 3 18
1 11 3 19
1 11 3 20
1 11 3 21
1 12 3 17
1 12 3 18
1 12 3 19
1 12 3 20
1 12 3 21
1 13 3 17
1 13 3 18
1 13 3 19
1 13 3 20
1 13 3 21
1 14 3 17
1 14 3 18
1 14 3 19
1 14 3 20
1 14 3 21
1 15 3 17
1 15 3 18
1 15 3 19
1 15 3 20
1 15 3 21
1 1 4 3
1 15 7 17
1 15 7 20
1 15 7 21
1 17 7 20
1 17 7 21
1 9 10 15
1 9 12 15
1 9 12 17
1 9 12 20
1 9 12 21
1 15 12 17
1 15 12 20
1 15 12 21
1 17 12 20
1 17 12 21
1 9 13 15
1 9 13 17
1 9 13 20
1 9 13 21
1 15 13 17
1 15 13 20
1 15 13 21
1 17 13 20
1 17 13 21
1 17 14 20
2 1 4 3
2 17 7 20
2 17 7 21
2 9 10 15
2 1 12 6
2 1 12 9
2 1 12 15
2 6 12 9
2 6 12 15
2 9 12 15
2 17 12 20
2 17 12 21
2 6 13 9
2 6 13 15
2 9 13 15
2 17 13 20
2 17 13 21
2 17 14 20
3 15 7 17
3 15 7 20
3 15 7 21
3 17 7 20
3 17 7 21
3 9 10 15
3 6 12 9
3 6 12 15
3 6 12 17
3 6 12 20
3 6 12 21
3 9 12 15
3 9 12 17
3 9 12 20
3 9 12 21
3 15 12 17
3 15 12 20
3 15 12 21
3 17 12 20
3 17 12 21
3 6 13 9
3 6 13 15
3 6 13 17
3 6 13 20
3 6 13 21
3 9 13 15
3 9 13 17
3 9 13 20
3 9 13 21
3 15 13 17
3 15 13 20
3 15 13 21
3 17 13 20
3 17 13 21
3 17 14 20
7 13 10 15
7 13 12 15
7 13 12 17
7 13 12 19
7 13 12 20
7 13 12 21
7 15 12 17
7 15 12 19
7 15 12 20
7 15 12 21
7 17 12 19
7 17 12 20
7 17 12 21
7 13 13 15
7 13 13 17
7 13 13 19
7 13 13 20
7 13 13 21
7 15 13 17
7 15 13 19
7 15 13 20
7 15 13 21
7 17 13 19
7 17 13 20
7 17 13 21
7 17 14 19
7 17 14 20
10 9 12 13
10 9 12 15
10 13 12 15
10 9 13 13
10 9 13 15
10 13 13 15
