19 18
001111111111111111
001000000000000001
001011111111111111
001111111111111111
000010001000000011
000011111111110011
001111001000010011
001011001000010011
001011001011111011
001011001111111011
011111111111111111
011111001010011010
010010001010011010
011111111110011010
000010001111111010
000011111111111110
000000000010001000
000000000010001000
000000000011111000
85
1 3 4 18
3 5 6 9
3 5 11 9
3 5 11 17
3 5 11 18
3 9 11 17
3 9 11 18
3 5 14 9
3 5 16 9
3 5 16 17
3 9 16 17
4 5 6 9
4 5 11 9
4 5 11 17
4 5 11 18
4 9 11 17
4 9 11 18
4 5 14 9
4 5 16 9
4 5 16 17
4 9 16 17
6 9 10 14
6 5 11 9
6 5 11 14
6 6 11 9
6 6 11 14
6 9 11 14
6 5 14 9
6 9 15 14
6 5 16 9
6 5 16 14
6 9 16 14
7 3 11 5
7 3 11 6
7 3 12 5
7 3 12 6
9 11 15 14
9 11 15 15
9 11 16 14
9 11 16 15
9 11 19 15
10 9 14 11
10 9 15 11
10 9 15 14
10 9 15 15
10 11 15 14
10 11 15 15
10 9 16 11
10 9 16 14
10 9 16 15
10 11 16 14
10 11 16 15
10 11 19 15
11 2 14 5
11 2 14 9
11 2 14 11
11 5 14 9
11 5 14 11
11 9 14 11
11 9 15 11
11 9 15 14
11 9 15 15
11 11 15 14
11 11 15 15
11 5 16 9
11 5 16 11
11 5 16 14
11 5 16 15
11 5 16 17
11 9 16 11
11 9 16 14
11 9 16 15
11 9 16 17
11 11 16 14
11 11 16 15
11 11 16 17
11 14 16 17
11 15 16 17
11 11 19 15
12 2 14 5
14 5 16 9
14 5 16 10
14 5 16 11
15 11 19 15
16 11 19 15
