21 24
000000000000000000000000
000000000000000000000000
000000000000000000000000
000000111111111110000000
000000111111111111111110
000000100000000010000010
000000100000000010000010
000000100000000010000010
000011111111111110000010
000010100000000110000010
000010111111111111111110
000010100000000110000000
000010100000000110000000
000010100000000110000000
000010100000000110000000
000010100000000110000000
000010100000000110000000
000010111111111110000000
000011111111111100000000
000000000000000000000000
000000000000000000000000
18
4 7 9 17
4 7 11 17
4 7 18 17
5 7 9 17
5 7 11 17
5 7 11 23
5 17 11 23
5 7 18 17
9 7 11 16
9 7 11 17
9 7 18 16
9 7 18 17
9 5 19 7
9 5 19 16
9 7 19 16
11 7 18 16
11 7 18 17
11 7 19 16
