15 11
11111111100
11111111111
11011111111
11011100101
11011111101
11011111111
11111111111
10111111111
10101111111
10101101001
11111111111
00100101000
00111111000
00111111000
00111111000
170
1 4 5 9
1 5 5 9
1 6 5 9
1 4 6 9
1 5 6 9
1 6 6 9
1 1 7 4
1 1 7 5
1 1 7 6
1 1 7 9
1 2 7 4
1 2 7 5
1 2 7 6
1 2 7 9
1 4 7 9
1 5 7 9
1 6 7 9
1 4 8 9
1 5 8 9
1 6 8 9
1 5 9 9
1 6 9 9
1 1 11 5
1 1 11 6
2 4 5 9
2 5 5 9
2 6 5 9
2 4 6 9
2 4 6 11
2 5 6 9
2 5 6 11
2 6 6 9
2 6 6 11
2 9 6 11
2 1 7 4
2 1 7 5
2 1 7 6
2 1 7 9
2 1 7 11
2 2 7 4
2 2 7 5
2 2 7 6
2 2 7 9
2 2 7 11
2 4 7 9
2 4 7 11
2 5 7 9
2 5 7 11
2 6 7 9
2 6 7 11
2 9 7 11
2 4 8 9
2 4 8 11
2 5 8 9
2 5 8 11
2 6 8 9
2 6 8 11
2 9 8 11
2 5 9 9
2 5 9 11
2 6 9 9
2 6 9 11
2 9 9 11
2 1 11 5
2 1 11 6
2 1 11 11
2 5 11 11
2 6 11 11
3 4 5 9
3 5 5 9
3 6 5 9
3 4 6 9
3 4 6 11
3 5 6 9
3 5 6 11
3 6 6 9
3 6 6 11
3 9 6 11
3 4 7 9
3 4 7 11
3 5 7 9
3 5 7 11
3 6 7 9
3 6 7 11
3 9 7 11
3 4 8 9
3 4 8 11
3 5 8 9
3 5 8 11
3 6 8 9
3 6 8 11
3 9 8 11
3 5 9 9
3 5 9 11
3 6 9 9
3 6 9 11
3 9 9 11
3 5 11 11
3 6 11 11
5 5 11 8
5 6 11 8
5 6 13 8
5 6 14 8
5 6 15 8
6 5 11 8
6 5 11 11
6 6 11 8
6 6 11 11
6 8 11 11
6 6 13 8
6 6 14 8
6 6 15 8
7 1 11 3
7 1 11 5
7 1 11 6
7 1 11 8
7 1 11 11
7 3 11 5
7 3 11 6
7 3 11 8
7 3 11 11
7 5 11 8
7 5 11 11
7 6 11 8
7 6 11 11
7 8 11 11
7 3 13 6
7 3 13 8
7 6 13 8
7 3 14 6
7 3 14 8
7 6 14 8
7 3 15 6
7 3 15 8
7 6 15 8
8 3 11 5
8 3 11 6
8 3 11 8
8 3 11 11
8 5 11 8
8 5 11 11
8 6 11 8
8 6 11 11
8 8 11 11
8 3 13 6
8 3 13 8
8 6 13 8
8 3 14 6
8 3 14 8
8 6 14 8
8 3 15 6
8 3 15 8
8 6 15 8
9 5 11 8
9 5 11 11
9 6 11 8
9 6 11 11
9 8 11 11
9 6 13 8
9 6 14 8
9 6 15 8
11 3 13 6
11 3 13 8
11 6 13 8
11 3 14 6
11 3 14 8
11 6 14 8
11 3 15 6
11 3 15 8
11 6 15 8
