13 10
0000000000
0011111111
1111111111
1011110011
1011010011
1011010011
1011111111
1111111111
1011111111
1010000000
1010000000
1110000000
0000000000
61
2 3 7 6
2 3 7 9
2 3 7 10
2 4 7 6
2 4 7 9
2 4 7 10
2 6 7 9
2 6 7 10
2 3 8 6
2 3 8 9
2 3 8 10
2 4 8 6
2 4 8 9
2 4 8 10
2 6 8 9
2 6 8 10
2 3 9 6
2 3 9 9
2 3 9 10
2 4 9 6
2 4 9 9
2 4 9 10
2 6 9 9
2 6 9 10
3 3 7 6
3 3 7 9
3 3 7 10
3 4 7 6
3 4 7 9
3 4 7 10
3 6 7 9
3 6 7 10
3 1 8 3
3 1 8 4
3 1 8 6
3 1 8 9
3 1 8 10
3 3 8 6
3 3 8 9
3 3 8 10
3 4 8 6
3 4 8 9
3 4 8 10
3 6 8 9
3 6 8 10
3 3 9 6
3 3 9 9
3 3 9 10
3 4 9 6
3 4 9 9
3 4 9 10
3 6 9 9
3 6 9 10
3 1 12 3
4 3 7 6
4 4 7 6
4 3 8 6
4 4 8 6
4 3 9 6
4 4 9 6
8 1 12 3
