25 24
011111111000000000000000
010000001000000000000000
010000001000011111111110
010000001000010000000010
010000001000111111111110
010000001000111111111110
010000001000100000000100
010000001000100000000100
010000001000100000000100
010000001000100000000100
010000001000100000000100
010000001000100000000100
010000001000100000000100
010000001000100000000100
010000001000100000000100
010000001000100000000100
010000001000100000000100
011111111000100000000100
000000000000100000000100
000011111111111111111100
000010000000000001000000
000010000000000001000000
000010000000000001000000
000011111111111111000000
000000000000000000000000
6
1 2 18 9
3 14 5 23
3 14 6 23
5 13 20 22
6 13 20 22
20 5 24 18
