21 25
0000000000000000000000000
0000000011111111000000000
0000111111000001000000000
0000100011000111000000000
0000100011000101000000000
0000100011000101000000000
0000100011000101000000000
0000100011000101000000000
0001111111111111111111000
0001110011111111000001000
0001110001100101000001000
0111111111111111111111100
0101010100100101100001100
0101010100100101100001100
0101010100100111100001100
0101011111100000100001100
0101000100011111111111100
0101000100010000100001100
0101000100010000100001100
0111111111111111111111100
0001111111111111111111100
86
2 9 9 16
2 10 9 16
2 9 10 16
2 10 10 16
2 10 12 16
3 5 9 9
3 5 9 10
3 5 12 10
4 14 9 16
4 14 10 16
4 14 12 16
4 14 15 16
9 4 12 10
9 4 12 11
9 4 12 14
9 4 12 16
9 4 12 22
9 5 12 10
9 5 12 11
9 5 12 14
9 5 12 16
9 5 12 22
9 6 12 10
9 6 12 11
9 6 12 14
9 6 12 16
9 6 12 22
9 10 12 14
9 10 12 16
9 10 12 22
9 11 12 14
9 11 12 16
9 11 12 22
9 14 12 16
9 14 12 22
9 16 12 22
9 14 15 16
9 6 16 11
9 4 20 22
9 4 21 22
10 10 12 14
10 10 12 16
10 11 12 14
10 11 12 16
10 14 12 16
10 14 15 16
12 14 15 16
12 14 15 17
12 6 16 8
12 6 16 11
12 8 16 11
12 17 17 22
12 17 17 23
12 2 20 4
12 2 20 8
12 2 20 17
12 2 20 22
12 2 20 23
12 4 20 8
12 4 20 17
12 4 20 22
12 4 20 23
12 8 20 17
12 8 20 22
12 8 20 23
12 17 20 22
12 17 20 23
12 4 21 8
12 4 21 17
12 4 21 22
12 4 21 23
12 8 21 17
12 8 21 22
12 8 21 23
12 17 21 22
12 17 21 23
17 12 20 17
17 12 20 22
17 12 20 23
17 17 20 22
17 17 20 23
17 12 21 17
17 12 21 22
17 12 21 23
17 17 21 22
17 17 21 23
