15 23
00000000000000000000000
00000000000000111111100
00000000000000100000100
11111111111111111111110
11000100001000100100110
11000111111000111111110
11000111111000000000110
11001111111111000000110
11001100001001000000110
11001111111111111111110
11111111111001000000010
01001000000001000000010
01001111111111000000010
01111111111111111111110
00000000000000000000000
39
2 15 4 21
2 15 6 21
4 6 6 11
4 15 6 18
4 15 6 21
4 15 6 22
4 18 6 21
4 18 6 22
4 6 7 11
4 6 8 11
4 6 10 11
4 6 10 21
4 6 10 22
4 11 10 21
4 11 10 22
4 1 11 6
4 1 11 11
4 2 11 6
4 2 11 11
4 6 11 11
4 2 14 22
6 6 10 11
6 6 11 11
7 6 10 11
7 6 11 11
8 5 10 11
8 5 10 14
8 6 10 11
8 6 10 14
8 11 10 14
8 5 11 11
8 6 11 11
8 5 13 14
8 5 14 14
10 5 13 14
10 5 14 14
10 5 14 22
10 14 14 22
11 2 14 5
