11 22
1111111110000000111100
1100001010000000100100
1101111111111111111111
1101001010000000100101
1101001010000000100101
1111111111111111111111
1111111111000000111100
0001000001000000000000
0001000001000000000000
0001111111000000000000
0000000000000000000000
35
1 7 3 9
1 17 3 20
1 1 6 7
1 1 6 9
1 2 6 7
1 2 6 9
1 7 6 9
1 17 6 20
1 1 7 7
1 1 7 9
1 2 7 7
1 2 7 9
1 7 7 9
1 17 7 20
3 4 6 7
3 4 6 9
3 4 6 17
3 4 6 20
3 4 6 22
3 7 6 9
3 7 6 17
3 7 6 20
3 7 6 22
3 9 6 17
3 9 6 20
3 9 6 22
3 17 6 20
3 17 6 22
3 20 6 22
3 4 7 7
3 4 7 9
3 7 7 9
3 17 7 20
6 4 10 10
7 4 10 10
