20 25
0000000000011111111111000
0001111111111111111001000
0001000000010000011001000
1111111111111111111111100
1001000000011100011001100
1001000000010100011001100
1001000000010100011001100
1001111111111111111101100
1001111111111111111101100
1001000000010000001101100
1001111111111111111111100
1001111111111111111111100
1111111111111111111111100
0001111111111111111100000
0001100000000100011000000
0001111111111111111000000
0000100000000100010000000
0000111111111111110000000
0000000000000000000000000
0000000000000000000000000
192
1 12 4 18
1 12 4 19
1 12 4 22
1 18 4 22
1 19 4 22
1 12 8 18
1 12 8 19
1 12 9 18
1 12 9 19
1 12 11 19
1 12 11 22
1 19 11 22
1 12 12 19
1 12 12 22
1 19 12 22
1 12 13 19
1 12 13 22
1 19 13 22
1 12 14 19
2 4 4 12
2 4 4 18
2 4 4 19
2 12 4 18
2 12 4 19
2 4 8 12
2 4 8 18
2 4 8 19
2 12 8 18
2 12 8 19
2 4 9 12
2 4 9 18
2 4 9 19
2 12 9 18
2 12 9 19
2 4 11 12
2 4 11 19
2 12 11 19
2 4 12 12
2 4 12 19
2 12 12 19
2 4 13 12
2 4 13 19
2 12 13 19
2 4 14 12
2 4 14 19
2 12 14 19
2 4 16 19
4 4 8 12
4 4 8 14
4 4 8 18
4 4 8 19
4 12 8 14
4 12 8 18
4 12 8 19
4 14 8 18
4 14 8 19
4 4 9 12
4 4 9 14
4 4 9 18
4 4 9 19
4 12 9 14
4 12 9 18
4 12 9 19
4 14 9 18
4 14 9 19
4 4 11 12
4 4 11 19
4 4 11 22
4 4 11 23
4 12 11 19
4 12 11 22
4 12 11 23
4 19 11 22
4 19 11 23
4 4 12 12
4 4 12 19
4 4 12 22
4 4 12 23
4 12 12 19
4 12 12 22
4 12 12 23
4 19 12 22
4 19 12 23
4 1 13 4
4 1 13 12
4 1 13 19
4 1 13 22
4 1 13 23
4 4 13 12
4 4 13 19
4 4 13 22
4 4 13 23
4 12 13 19
4 12 13 22
4 12 13 23
4 19 13 22
4 19 13 23
4 4 14 12
4 4 14 19
4 12 14 19
4 4 16 19
5 12 8 14
5 12 9 14
8 4 11 12
8 4 11 19
8 4 11 20
8 12 11 19
8 12 11 20
8 4 12 12
8 4 12 19
8 4 12 20
8 12 12 19
8 12 12 20
8 4 13 12
8 4 13 19
8 4 13 20
8 12 13 19
8 12 13 20
8 4 14 12
8 4 14 19
8 4 14 20
8 12 14 19
8 12 14 20
8 4 16 19
9 4 11 12
9 4 11 19
9 4 11 20
9 12 11 19
9 12 11 20
9 4 12 12
9 4 12 19
9 4 12 20
9 12 12 19
9 12 12 20
9 4 13 12
9 4 13 19
9 4 13 20
9 12 13 19
9 12 13 20
9 4 14 12
9 4 14 19
9 4 14 20
9 12 14 19
9 12 14 20
9 4 16 19
11 4 16 14
11 4 16 18
11 4 16 19
11 5 16 14
11 5 16 18
11 5 16 19
11 14 16 18
11 14 16 19
11 5 18 14
11 5 18 18
11 14 18 18
12 4 16 14
12 4 16 18
12 4 16 19
12 5 16 14
12 5 16 18
12 5 16 19
12 14 16 18
12 14 16 19
12 5 18 14
12 5 18 18
12 14 18 18
13 4 16 14
13 4 16 18
13 4 16 19
13 5 16 14
13 5 16 18
13 5 16 19
13 14 16 18
13 14 16 19
13 5 18 14
13 5 18 18
13 14 18 18
14 4 16 14
14 4 16 18
14 4 16 19
14 5 16 14
14 5 16 18
14 5 16 19
14 14 16 18
14 14 16 19
14 5 18 14
14 5 18 18
14 14 18 18
16 5 18 14
16 5 18 18
16 14 18 18
