21 15
000000000000000
000000111100000
000000100100000
000000100100000
000000100100000
000000100100000
000000100111111
000011111111001
000011111111001
000010101111001
000010101111001
000011111111001
000011111111001
000000101010001
000000101010001
000000111010001
000000000010001
000000000010001
000000000010001
000000000011111
000000000000000
45
2 7 8 10
2 7 9 10
2 7 12 10
2 7 13 10
7 11 20 15
8 5 12 7
8 5 12 9
8 5 12 10
8 5 12 11
8 5 12 12
8 7 12 9
8 7 12 10
8 7 12 11
8 7 12 12
8 5 13 7
8 5 13 9
8 5 13 10
8 5 13 11
8 5 13 12
8 7 13 9
8 7 13 10
8 7 13 11
8 7 13 12
8 7 16 9
9 5 12 7
9 5 12 9
9 5 12 10
9 5 12 11
9 5 12 12
9 7 12 9
9 7 12 10
9 7 12 11
9 7 12 12
9 5 13 7
9 5 13 9
9 5 13 10
9 5 13 11
9 5 13 12
9 7 13 9
9 7 13 10
9 7 13 11
9 7 13 12
9 7 16 9
12 7 16 9
13 7 16 9
