19 17
00011111111100000
00010000000100000
00010000011110000
11111111111110000
11011000010110000
11011110010110000
11011010010110000
11111111111110000
11011010011110000
11011010010100000
11111111110100000
10011110010100000
10011000010100000
11111000010100000
00011000010100000
00011000010100000
00011000010100000
00011111110100000
00011111111100000
82
1 4 4 12
1 4 8 12
1 4 19 12
3 10 8 12
3 10 8 13
3 10 9 12
3 10 9 13
3 10 19 12
4 1 8 4
4 1 8 5
4 1 8 10
4 1 8 12
4 1 8 13
4 2 8 4
4 2 8 5
4 2 8 10
4 2 8 12
4 2 8 13
4 4 8 10
4 4 8 12
4 4 8 13
4 5 8 10
4 5 8 12
4 5 8 13
4 10 8 12
4 10 8 13
4 10 9 12
4 10 9 13
4 1 11 4
4 1 11 5
4 1 11 10
4 2 11 4
4 2 11 5
4 2 11 10
4 4 11 10
4 5 11 10
4 1 14 4
4 1 14 5
4 4 18 10
4 5 18 10
4 4 19 10
4 4 19 12
4 5 19 10
4 5 19 12
4 10 19 12
6 4 8 7
6 5 8 7
6 4 11 7
6 5 11 7
6 4 12 7
6 5 12 7
8 1 11 4
8 1 11 5
8 1 11 7
8 1 11 10
8 2 11 4
8 2 11 5
8 2 11 7
8 2 11 10
8 4 11 7
8 4 11 10
8 5 11 7
8 5 11 10
8 7 11 10
8 4 12 7
8 5 12 7
8 1 14 4
8 1 14 5
8 4 18 10
8 5 18 10
8 4 19 10
8 4 19 12
8 5 19 10
8 5 19 12
8 10 19 12
9 10 19 12
11 1 14 4
11 1 14 5
11 4 18 10
11 5 18 10
11 4 19 10
11 5 19 10
