13 20
11111111111111111100
11110000000000010100
11111111111111111100
11111111111111110000
01111111111111100000
11111111111111111111
11111111111111111111
11100100101111111111
11111111111111111111
11110000101001111111
11111111111111111111
11111111100001100100
11111111111111111100
511
1 1 3 16
1 1 3 18
1 2 3 16
1 2 3 18
1 3 3 16
1 3 3 18
1 4 3 16
1 4 3 18
1 16 3 18
1 1 4 16
1 2 4 16
1 3 4 16
1 4 4 16
3 2 9 6
3 2 9 9
3 2 9 11
3 2 9 12
3 2 9 13
3 2 9 14
3 2 9 15
3 3 9 6
3 3 9 9
3 3 9 11
3 3 9 12
3 3 9 13
3 3 9 14
3 3 9 15
3 6 9 9
3 6 9 11
3 6 9 12
3 6 9 13
3 6 9 14
3 6 9 15
3 9 9 11
3 9 9 12
3 9 9 13
3 9 9 14
3 9 9 15
3 2 11 9
3 2 11 11
3 2 11 14
3 2 11 15
3 3 11 9
3 3 11 11
3 3 11 14
3 3 11 15
3 9 11 11
3 9 11 14
3 9 11 15
3 11 11 14
3 11 11 15
3 2 12 9
3 3 12 9
3 2 13 9
3 2 13 14
3 2 13 15
3 3 13 9
3 3 13 14
3 3 13 15
3 9 13 14
3 9 13 15
4 2 9 6
4 2 9 9
4 2 9 11
4 2 9 12
4 2 9 13
4 2 9 14
4 2 9 15
4 3 9 6
4 3 9 9
4 3 9 11
4 3 9 12
4 3 9 13
4 3 9 14
4 3 9 15
4 6 9 9
4 6 9 11
4 6 9 12
4 6 9 13
4 6 9 14
4 6 9 15
4 9 9 11
4 9 9 12
4 9 9 13
4 9 9 14
4 9 9 15
4 2 11 9
4 2 11 11
4 2 11 14
4 2 11 15
4 3 11 9
4 3 11 11
4 3 11 14
4 3 11 15
4 9 11 11
4 9 11 14
4 9 11 15
4 11 11 14
4 11 11 15
4 2 12 9
4 3 12 9
4 2 13 9
4 2 13 14
4 2 13 15
4 3 13 9
4 3 13 14
4 3 13 15
4 9 13 14
4 9 13 15
5 2 9 6
5 2 9 9
5 2 9 11
5 2 9 12
5 2 9 13
5 2 9 14
5 2 9 15
5 3 9 6
5 3 9 9
5 3 9 11
5 3 9 12
5 3 9 13
5 3 9 14
5 3 9 15
5 6 9 9
5 6 9 11
5 6 9 12
5 6 9 13
5 6 9 14
5 6 9 15
5 9 9 11
5 9 9 12
5 9 9 13
5 9 9 14
5 9 9 15
5 2 11 9
5 2 11 11
5 2 11 14
5 2 11 15
5 3 11 9
5 3 11 11
5 3 11 14
5 3 11 15
5 9 11 11
5 9 11 14
5 9 11 15
5 11 11 14
5 11 11 15
5 2 12 9
5 3 12 9
5 2 13 9
5 2 13 14
5 2 13 15
5 3 13 9
5 3 13 14
5 3 13 15
5 9 13 14
5 9 13 15
6 1 9 6
6 1 9 9
6 1 9 11
6 1 9 12
6 1 9 13
6 1 9 14
6 1 9 15
6 1 9 16
6 1 9 17
6 1 9 18
6 1 9 19
6 1 9 20
6 2 9 6
6 2 9 9
6 2 9 11
6 2 9 12
6 2 9 13
6 2 9 14
6 2 9 15
6 2 9 16
6 2 9 17
6 2 9 18
6 2 9 19
6 2 9 20
6 3 9 6
6 3 9 9
6 3 9 11
6 3 9 12
6 3 9 13
6 3 9 14
6 3 9 15
6 3 9 16
6 3 9 17
6 3 9 18
6 3 9 19
6 3 9 20
6 6 9 9
6 6 9 11
6 6 9 12
6 6 9 13
6 6 9 14
6 6 9 15
6 6 9 16
6 6 9 17
6 6 9 18
6 6 9 19
6 6 9 20
6 9 9 11
6 9 9 12
6 9 9 13
6 9 9 14
6 9 9 15
6 9 9 16
6 9 9 17
6 9 9 18
6 9 9 19
6 9 9 20
6 1 11 9
6 1 11 11
6 1 11 14
6 1 11 15
6 1 11 16
6 1 11 17
6 1 11 18
6 1 11 19
6 1 11 20
6 2 11 9
6 2 11 11
6 2 11 14
6 2 11 15
6 2 11 16
6 2 11 17
6 2 11 18
6 2 11 19
6 2 11 20
6 3 11 9
6 3 11 11
6 3 11 14
6 3 11 15
6 3 11 16
6 3 11 17
6 3 11 18
6 3 11 19
6 3 11 20
6 9 11 11
6 9 11 14
6 9 11 15
6 9 11 16
6 9 11 17
6 9 11 18
6 9 11 19
6 9 11 20
6 11 11 14
6 11 11 15
6 11 11 16
6 11 11 17
6 11 11 18
6 11 11 19
6 11 11 20
6 1 12 9
6 2 12 9
6 3 12 9
6 1 13 9
6 1 13 14
6 1 13 15
6 1 13 18
6 2 13 9
6 2 13 14
6 2 13 15
6 2 13 18
6 3 13 9
6 3 13 14
6 3 13 15
6 3 13 18
6 9 13 14
6 9 13 15
6 9 13 18
6 14 13 18
6 15 13 18
7 1 9 6
7 1 9 9
7 1 9 11
7 1 9 12
7 1 9 13
7 1 9 14
7 1 9 15
7 1 9 16
7 1 9 17
7 1 9 18
7 1 9 19
7 1 9 20
7 2 9 6
7 2 9 9
7 2 9 11
7 2 9 12
7 2 9 13
7 2 9 14
7 2 9 15
7 2 9 16
7 2 9 17
7 2 9 18
7 2 9 19
7 2 9 20
7 3 9 6
7 3 9 9
7 3 9 11
7 3 9 12
7 3 9 13
7 3 9 14
7 3 9 15
7 3 9 16
7 3 9 17
7 3 9 18
7 3 9 19
7 3 9 20
7 6 9 9
7 6 9 11
7 6 9 12
7 6 9 13
7 6 9 14
7 6 9 15
7 6 9 16
7 6 9 17
7 6 9 18
7 6 9 19
7 6 9 20
7 9 9 11
7 9 9 12
7 9 9 13
7 9 9 14
7 9 9 15
7 9 9 16
7 9 9 17
7 9 9 18
7 9 9 19
7 9 9 20
7 1 11 9
7 1 11 11
7 1 11 14
7 1 11 15
7 1 11 16
7 1 11 17
7 1 11 18
7 1 11 19
7 1 11 20
7 2 11 9
7 2 11 11
7 2 11 14
7 2 11 15
7 2 11 16
7 2 11 17
7 2 11 18
7 2 11 19
7 2 11 20
7 3 11 9
7 3 11 11
7 3 11 14
7 3 11 15
7 3 11 16
7 3 11 17
7 3 11 18
7 3 11 19
7 3 11 20
7 9 11 11
7 9 11 14
7 9 11 15
7 9 11 16
7 9 11 17
7 9 11 18
7 9 11 19
7 9 11 20
7 11 11 14
7 11 11 15
7 11 11 16
7 11 11 17
7 11 11 18
7 11 11 19
7 11 11 20
7 1 12 9
7 2 12 9
7 3 12 9
7 1 13 9
7 1 13 14
7 1 13 15
7 1 13 18
7 2 13 9
7 2 13 14
7 2 13 15
7 2 13 18
7 3 13 9
7 3 13 14
7 3 13 15
7 3 13 18
7 9 13 14
7 9 13 15
7 9 13 18
7 14 13 18
7 15 13 18
8 11 11 14
8 11 11 15
8 11 11 16
8 11 11 17
8 11 11 18
8 11 11 19
8 11 11 20
8 14 13 18
8 15 13 18
9 1 11 9
9 1 11 11
9 1 11 14
9 1 11 15
9 1 11 16
9 1 11 17
9 1 11 18
9 1 11 19
9 1 11 20
9 2 11 9
9 2 11 11
9 2 11 14
9 2 11 15
9 2 11 16
9 2 11 17
9 2 11 18
9 2 11 19
9 2 11 20
9 3 11 9
9 3 11 11
9 3 11 14
9 3 11 15
9 3 11 16
9 3 11 17
9 3 11 18
9 3 11 19
9 3 11 20
9 4 11 9
9 4 11 11
9 4 11 14
9 4 11 15
9 4 11 16
9 4 11 17
9 4 11 18
9 4 11 19
9 4 11 20
9 9 11 11
9 9 11 14
9 9 11 15
9 9 11 16
9 9 11 17
9 9 11 18
9 9 11 19
9 9 11 20
9 11 11 14
9 11 11 15
9 11 11 16
9 11 11 17
9 11 11 18
9 11 11 19
9 11 11 20
9 1 12 9
9 2 12 9
9 3 12 9
9 4 12 9
9 1 13 9
9 1 13 14
9 1 13 15
9 1 13 18
9 2 13 9
9 2 13 14
9 2 13 15
9 2 13 18
9 3 13 9
9 3 13 14
9 3 13 15
9 3 13 18
9 4 13 9
9 4 13 14
9 4 13 15
9 4 13 18
9 9 13 14
9 9 13 15
9 9 13 18
9 14 13 18
9 15 13 18
10 14 13 18
10 15 13 18
11 1 13 14
11 1 13 15
11 1 13 18
11 2 13 14
11 2 13 15
11 2 13 18
11 3 13 14
11 3 13 15
11 3 13 18
11 4 13 14
11 4 13 15
11 4 13 18
11 5 13 14
11 5 13 15
11 5 13 18
11 6 13 14
11 6 13 15
11 6 13 18
11 7 13 14
11 7 13 15
11 7 13 18
11 8 13 14
11 8 13 15
11 8 13 18
11 9 13 14
11 9 13 15
11 9 13 18
11 14 13 18
11 15 13 18
