19 22
0000000000000000000000
0000000000000000000000
0000000000000000000000
1111111111111111100000
1000000000000000100000
1000000000000000100000
1000000000000000100000
1000000000000000100000
1000000000000000100000
1000000000011111111110
1000000000010000100010
1000000000111110100010
1000000000110010100010
1000000000110010100010
1000000000111110100010
1111111111111111100010
0000000000011111111110
0000000000000000000000
0000000000000000000000
10
4 1 16 17
10 12 16 17
10 12 17 17
10 12 17 21
10 17 17 21
12 11 15 15
12 12 15 15
12 11 16 15
12 12 16 15
12 12 17 15
