25 24
000000000000000000000000
000000000000000000000000
000000000000000000000000
000000000000000000000000
000000000000000000000000
000000000000000000000000
000011111111111100000000
000010000000000100000000
000010000000000100000000
000010000000000100000000
000010000000000100000000
000010000000000100000000
000010000000000100000000
000010000000000100000000
001111111111111111111100
001010000000000100000100
001010000000011111110100
001010000000010100010100
001010000000010100010100
001111111111111111111100
000010000000010100010000
000010000000010100010000
000010000000010100010000
000011111111111111110000
000000000000000000000000
22
7 5 15 16
7 5 20 16
7 5 24 16
15 3 20 5
15 3 20 16
15 3 20 22
15 5 20 16
15 5 20 22
15 16 20 22
15 5 24 16
17 14 20 16
17 14 20 20
17 16 20 20
17 14 24 16
17 14 24 20
17 16 24 20
20 5 24 14
20 5 24 16
20 5 24 20
20 14 24 16
20 14 24 20
20 16 24 20
