20 14
00000000000000
01111001111100
01001001000100
01001001000100
01001001111111
01001001000101
01111001000101
11111111111101
10011111111111
10010001001101
10010001001101
10010001001101
11111111111111
11010001001101
11010001111101
11010001001001
11010001001001
11111111111001
01111111000001
00011111111111
71
2 8 5 12
2 2 7 5
2 2 8 5
2 8 8 12
2 8 9 12
2 8 13 12
2 8 15 12
5 8 8 12
5 8 9 12
5 8 9 14
5 12 9 14
5 8 13 12
5 8 13 14
5 12 13 14
5 8 15 12
5 8 20 14
8 1 13 4
8 1 13 8
8 1 13 11
8 1 13 12
8 4 13 8
8 4 13 11
8 4 13 12
8 8 13 11
8 8 13 12
8 8 15 11
8 8 15 12
8 1 18 4
8 1 18 8
8 1 18 11
8 4 18 8
8 4 18 11
8 8 18 11
8 4 19 8
8 4 20 8
9 4 13 8
9 4 13 11
9 4 13 12
9 4 13 14
9 8 13 11
9 8 13 12
9 8 13 14
9 11 13 14
9 12 13 14
9 8 15 11
9 8 15 12
9 4 18 8
9 4 18 11
9 8 18 11
9 4 19 8
9 4 20 8
9 4 20 14
9 8 20 14
13 8 15 11
13 8 15 12
13 1 18 4
13 1 18 8
13 1 18 11
13 2 18 4
13 2 18 8
13 2 18 11
13 4 18 8
13 4 18 11
13 8 18 11
13 2 19 4
13 2 19 8
13 4 19 8
13 4 20 8
13 4 20 14
13 8 20 14
15 8 18 11
