17 24
111111111111111111111100
101111111111111111111100
101000000010000001001100
101000000010000001001100
101000000010000001001100
101000000010000001001100
101000000010000001001100
101000000010000001001100
111111111111111111111100
001000000000000000001000
001000000000000000001000
001111111111111111111000
000000000000000000000000
000000000000000000000000
000000000000000000000000
000000000000000000000000
000000000000000000000000
26
1 1 9 3
1 1 9 11
1 1 9 18
1 1 9 21
1 1 9 22
1 3 9 11
1 3 9 18
1 3 9 21
1 3 9 22
1 11 9 18
1 11 9 21
1 11 9 22
1 18 9 21
1 18 9 22
1 3 12 21
2 3 9 11
2 3 9 18
2 3 9 21
2 3 9 22
2 11 9 18
2 11 9 21
2 11 9 22
2 18 9 21
2 18 9 22
2 3 12 21
9 3 12 21
