10 14
01111111111111
01111111111001
01110111001001
01111111111111
00111111101001
00111111111111
00110001101000
00110001101000
00111111111000
00011111000000
127
1 2 4 6
1 2 4 7
1 2 4 8
1 2 4 11
1 2 4 14
1 3 4 6
1 3 4 7
1 3 4 8
1 3 4 11
1 3 4 14
1 4 4 6
1 4 4 7
1 4 4 8
1 4 4 11
1 4 4 14
1 6 4 11
1 6 4 14
1 7 4 11
1 7 4 14
1 8 4 11
1 8 4 14
1 11 4 14
1 3 5 6
1 3 5 7
1 3 5 8
1 4 5 6
1 4 5 7
1 4 5 8
1 3 6 6
1 3 6 7
1 3 6 8
1 3 6 11
1 3 6 14
1 4 6 6
1 4 6 7
1 4 6 8
1 4 6 11
1 4 6 14
1 6 6 11
1 6 6 14
1 7 6 11
1 7 6 14
1 8 6 11
1 8 6 14
1 11 6 14
1 3 9 8
1 3 9 11
1 4 9 8
1 4 9 11
1 8 9 11
1 4 10 8
2 2 4 6
2 2 4 7
2 2 4 8
2 2 4 11
2 3 4 6
2 3 4 7
2 3 4 8
2 3 4 11
2 4 4 6
2 4 4 7
2 4 4 8
2 4 4 11
2 6 4 11
2 7 4 11
2 8 4 11
2 3 5 6
2 3 5 7
2 3 5 8
2 4 5 6
2 4 5 7
2 4 5 8
2 3 6 6
2 3 6 7
2 3 6 8
2 3 6 11
2 4 6 6
2 4 6 7
2 4 6 8
2 4 6 11
2 6 6 11
2 7 6 11
2 8 6 11
2 3 9 8
2 3 9 11
2 4 9 8
2 4 9 11
2 8 9 11
2 4 10 8
4 3 6 11
4 3 6 14
4 4 6 11
4 4 6 14
4 5 6 11
4 5 6 14
4 6 6 11
4 6 6 14
4 7 6 11
4 7 6 14
4 8 6 11
4 8 6 14
4 9 6 11
4 9 6 14
4 11 6 14
4 3 9 8
4 3 9 9
4 3 9 11
4 4 9 8
4 4 9 9
4 4 9 11
4 8 9 11
4 9 9 11
4 4 10 8
5 3 9 8
5 3 9 9
5 4 9 8
5 4 9 9
5 4 10 8
6 3 9 8
6 3 9 9
6 3 9 11
6 4 9 8
6 4 9 9
6 4 9 11
6 8 9 11
6 9 9 11
6 4 10 8
