19 15
111111111000000
100011111100000
100011111111100
100111111111111
100111001100101
100111111111101
101111111111101
101111101100101
101111101100101
101111101100101
101111111111111
101111111100100
111111111111100
101111100100000
101111111100000
101111100100000
101111100100000
111111100100000
111111111100000
295
1 5 6 9
1 6 6 9
1 5 7 9
1 6 7 9
1 5 11 9
1 6 11 9
1 5 12 9
1 6 12 9
1 1 13 5
1 1 13 6
1 1 13 9
1 5 13 9
1 6 13 9
1 1 18 5
1 1 18 6
1 1 19 5
1 1 19 6
2 5 6 9
2 5 6 10
2 6 6 9
2 6 6 10
2 5 7 9
2 5 7 10
2 6 7 9
2 6 7 10
2 5 11 9
2 5 11 10
2 6 11 9
2 6 11 10
2 5 12 9
2 5 12 10
2 6 12 9
2 6 12 10
2 5 13 9
2 5 13 10
2 6 13 9
2 6 13 10
2 5 15 10
2 6 15 10
2 5 19 10
2 6 19 10
3 5 6 9
3 5 6 10
3 5 6 13
3 6 6 9
3 6 6 10
3 6 6 13
3 9 6 13
3 10 6 13
3 5 7 9
3 5 7 10
3 5 7 13
3 6 7 9
3 6 7 10
3 6 7 13
3 9 7 13
3 10 7 13
3 5 11 9
3 5 11 10
3 5 11 13
3 6 11 9
3 6 11 10
3 6 11 13
3 9 11 13
3 10 11 13
3 5 12 9
3 5 12 10
3 6 12 9
3 6 12 10
3 5 13 9
3 5 13 10
3 5 13 13
3 6 13 9
3 6 13 10
3 6 13 13
3 9 13 13
3 10 13 13
3 5 15 10
3 6 15 10
3 5 19 10
3 6 19 10
4 4 6 9
4 4 6 10
4 4 6 13
4 5 6 9
4 5 6 10
4 5 6 13
4 6 6 9
4 6 6 10
4 6 6 13
4 9 6 13
4 10 6 13
4 4 7 9
4 4 7 10
4 4 7 13
4 5 7 9
4 5 7 10
4 5 7 13
4 6 7 9
4 6 7 10
4 6 7 13
4 9 7 13
4 10 7 13
4 4 11 9
4 4 11 10
4 4 11 13
4 4 11 15
4 5 11 9
4 5 11 10
4 5 11 13
4 5 11 15
4 6 11 9
4 6 11 10
4 6 11 13
4 6 11 15
4 9 11 13
4 9 11 15
4 10 11 13
4 10 11 15
4 13 11 15
4 4 12 9
4 4 12 10
4 5 12 9
4 5 12 10
4 6 12 9
4 6 12 10
4 4 13 9
4 4 13 10
4 4 13 13
4 5 13 9
4 5 13 10
4 5 13 13
4 6 13 9
4 6 13 10
4 6 13 13
4 9 13 13
4 10 13 13
4 4 15 10
4 5 15 10
4 6 15 10
4 4 19 10
4 5 19 10
4 6 19 10
6 4 11 9
6 4 11 10
6 4 11 13
6 5 11 9
6 5 11 10
6 5 11 13
6 6 11 9
6 6 11 10
6 6 11 13
6 7 11 9
6 7 11 10
6 7 11 13
6 9 11 13
6 10 11 13
6 4 12 9
6 4 12 10
6 5 12 9
6 5 12 10
6 6 12 9
6 6 12 10
6 7 12 9
6 7 12 10
6 4 13 9
6 4 13 10
6 4 13 13
6 5 13 9
6 5 13 10
6 5 13 13
6 6 13 9
6 6 13 10
6 6 13 13
6 7 13 9
6 7 13 10
6 7 13 13
6 9 13 13
6 10 13 13
6 4 15 10
6 5 15 10
6 6 15 10
6 7 15 10
6 4 19 10
6 5 19 10
6 6 19 10
6 7 19 10
7 3 11 9
7 3 11 10
7 3 11 13
7 4 11 9
7 4 11 10
7 4 11 13
7 5 11 9
7 5 11 10
7 5 11 13
7 6 11 9
7 6 11 10
7 6 11 13
7 7 11 9
7 7 11 10
7 7 11 13
7 9 11 13
7 10 11 13
7 3 12 9
7 3 12 10
7 4 12 9
7 4 12 10
7 5 12 9
7 5 12 10
7 6 12 9
7 6 12 10
7 7 12 9
7 7 12 10
7 3 13 9
7 3 13 10
7 3 13 13
7 4 13 9
7 4 13 10
7 4 13 13
7 5 13 9
7 5 13 10
7 5 13 13
7 6 13 9
7 6 13 10
7 6 13 13
7 7 13 9
7 7 13 10
7 7 13 13
7 9 13 13
7 10 13 13
7 3 15 10
7 4 15 10
7 5 15 10
7 6 15 10
7 7 15 10
7 3 19 10
7 4 19 10
7 5 19 10
7 6 19 10
7 7 19 10
11 3 13 13
11 4 13 13
11 5 13 13
11 6 13 13
11 7 13 13
11 8 13 13
11 9 13 13
11 10 13 13
11 3 15 10
11 4 15 10
11 5 15 10
11 6 15 10
11 7 15 10
11 3 19 10
11 4 19 10
11 5 19 10
11 6 19 10
11 7 19 10
12 3 15 10
12 4 15 10
12 5 15 10
12 6 15 10
12 7 15 10
12 3 19 10
12 4 19 10
12 5 19 10
12 6 19 10
12 7 19 10
13 3 15 10
13 4 15 10
13 5 15 10
13 6 15 10
13 7 15 10
13 1 18 3
13 1 18 4
13 1 18 5
13 1 18 6
13 1 18 7
13 1 19 3
13 1 19 4
13 1 19 5
13 1 19 6
13 1 19 7
13 1 19 10
13 3 19 10
13 4 19 10
13 5 19 10
13 6 19 10
13 7 19 10
15 3 19 10
15 4 19 10
15 5 19 10
15 6 19 10
15 7 19 10
