12 12
001111111110
001110011110
001010010010
011111111111
011010011011
011110011011
011111111011
011110111011
011111111111
011111111111
011111111111
011111111111
180
1 3 4 5
1 3 4 8
1 3 4 11
1 5 4 8
1 5 4 11
1 8 4 11
1 3 6 5
1 3 7 5
1 3 7 8
1 5 7 8
1 3 8 5
1 3 9 5
1 3 9 8
1 3 9 11
1 5 9 8
1 5 9 11
1 8 9 11
1 3 10 5
1 3 10 8
1 3 10 11
1 5 10 8
1 5 10 11
1 8 10 11
1 3 11 5
1 3 11 8
1 3 11 11
1 5 11 8
1 5 11 11
1 8 11 11
1 3 12 5
1 3 12 8
1 3 12 11
1 5 12 8
1 5 12 11
1 8 12 11
2 3 4 5
2 8 4 11
2 3 6 5
2 3 7 5
2 3 8 5
2 3 9 5
2 8 9 11
2 3 10 5
2 8 10 11
2 3 11 5
2 8 11 11
2 3 12 5
2 8 12 11
4 2 6 5
4 3 6 5
4 2 7 5
4 2 7 8
4 2 7 9
4 3 7 5
4 3 7 8
4 3 7 9
4 5 7 8
4 5 7 9
4 2 8 5
4 3 8 5
4 2 9 5
4 2 9 8
4 2 9 9
4 2 9 11
4 2 9 12
4 3 9 5
4 3 9 8
4 3 9 9
4 3 9 11
4 3 9 12
4 5 9 8
4 5 9 9
4 5 9 11
4 5 9 12
4 8 9 11
4 8 9 12
4 9 9 11
4 9 9 12
4 2 10 5
4 2 10 8
4 2 10 9
4 2 10 11
4 2 10 12
4 3 10 5
4 3 10 8
4 3 10 9
4 3 10 11
4 3 10 12
4 5 10 8
4 5 10 9
4 5 10 11
4 5 10 12
4 8 10 11
4 8 10 12
4 9 10 11
4 9 10 12
4 2 11 5
4 2 11 8
4 2 11 9
4 2 11 11
4 2 11 12
4 3 11 5
4 3 11 8
4 3 11 9
4 3 11 11
4 3 11 12
4 5 11 8
4 5 11 9
4 5 11 11
4 5 11 12
4 8 11 11
4 8 11 12
4 9 11 11
4 9 11 12
4 2 12 5
4 2 12 8
4 2 12 9
4 2 12 11
4 2 12 12
4 3 12 5
4 3 12 8
4 3 12 9
4 3 12 11
4 3 12 12
4 5 12 8
4 5 12 9
4 5 12 11
4 5 12 12
4 8 12 11
4 8 12 12
4 9 12 11
4 9 12 12
7 2 9 7
7 2 9 8
7 2 9 9
7 3 9 7
7 3 9 8
7 3 9 9
7 4 9 7
7 4 9 8
7 4 9 9
7 5 9 7
7 5 9 8
7 5 9 9
7 2 10 7
7 2 10 8
7 2 10 9
7 3 10 7
7 3 10 8
7 3 10 9
7 4 10 7
7 4 10 8
7 4 10 9
7 5 10 7
7 5 10 8
7 5 10 9
7 2 11 7
7 2 11 8
7 2 11 9
7 3 11 7
7 3 11 8
7 3 11 9
7 4 11 7
7 4 11 8
7 4 11 9
7 5 11 7
7 5 11 8
7 5 11 9
7 2 12 7
7 2 12 8
7 2 12 9
7 3 12 7
7 3 12 8
7 3 12 9
7 4 12 7
7 4 12 8
7 4 12 9
7 5 12 7
7 5 12 8
7 5 12 9
