14 10
0000000000
1111000000
1001000000
1111111110
1101011111
1101011111
1111011011
0111111011
0000011011
0000011111
0000011011
0000011111
0000001111
0000000000
40
2 1 4 4
2 1 7 4
4 1 7 4
4 2 7 4
4 2 8 4
4 2 8 6
4 2 8 7
4 4 8 6
4 4 8 7
4 6 10 9
4 7 10 9
4 6 12 9
4 7 12 9
4 7 13 9
5 6 10 9
5 6 10 10
5 7 10 9
5 7 10 10
5 6 12 9
5 6 12 10
5 7 12 9
5 7 12 10
5 7 13 9
5 7 13 10
6 6 10 9
6 6 10 10
6 7 10 9
6 7 10 10
6 6 12 9
6 6 12 10
6 7 12 9
6 7 12 10
6 7 13 9
6 7 13 10
10 6 12 9
10 6 12 10
10 7 12 9
10 7 12 10
10 7 13 9
10 7 13 10
