14 13
0000011111100
0000010011100
0011111111100
0010010011100
0011111111100
0000011111111
0000111111101
0000111111111
1111111111101
1000111111101
1111111111111
0000111111000
0000101110000
0000111110000
97
1 6 3 9
1 6 3 10
1 6 3 11
1 6 5 9
1 6 5 10
1 6 5 11
1 6 6 9
1 6 6 10
1 6 6 11
1 6 7 9
1 6 7 10
1 6 7 11
1 6 8 9
1 6 8 10
1 6 8 11
1 6 9 9
1 6 9 10
1 6 9 11
1 6 10 9
1 6 10 10
1 6 10 11
1 6 11 9
1 6 11 10
1 6 11 11
1 6 12 9
1 6 12 10
3 3 5 6
3 3 5 9
3 3 5 10
3 3 5 11
3 6 5 9
3 6 5 10
3 6 5 11
3 6 6 9
3 6 6 10
3 6 6 11
3 6 7 9
3 6 7 10
3 6 7 11
3 6 8 9
3 6 8 10
3 6 8 11
3 6 9 9
3 6 9 10
3 6 9 11
3 6 10 9
3 6 10 10
3 6 10 11
3 6 11 9
3 6 11 10
3 6 11 11
3 6 12 9
3 6 12 10
6 6 8 13
6 7 8 13
6 8 8 13
6 9 8 13
6 10 8 13
6 11 8 13
6 6 11 13
6 7 11 13
6 8 11 13
6 9 11 13
6 10 11 13
6 11 11 13
7 5 14 7
7 5 14 8
7 5 14 9
8 5 11 13
8 6 11 13
8 7 11 13
8 8 11 13
8 9 11 13
8 10 11 13
8 11 11 13
8 5 14 7
8 5 14 8
8 5 14 9
9 1 11 5
9 1 11 6
9 1 11 7
9 1 11 8
9 1 11 9
9 1 11 10
9 1 11 11
9 5 14 7
9 5 14 8
9 5 14 9
10 5 14 7
10 5 14 8
10 5 14 9
11 5 14 7
11 5 14 8
11 5 14 9
12 5 14 7
12 5 14 8
12 5 14 9
