20 24
000000001111111111000000
001111001000011111000000
001001001000010001000000
001001001000010001000000
001001001000010001000000
001001111111111111111110
001001101000010001000010
001001101000010001000010
001001111111111111111110
001001101000010011000000
001001101000010011000000
001001101111111111000000
001001101111111111000000
001001101000010001000000
001001101111110001000000
001111111111111111000000
011111111111111111111111
010000000000000000000001
011111111111111111111111
000000000000000000000000
110
1 9 6 14
1 9 6 18
1 14 6 18
1 9 9 14
1 9 9 18
1 14 9 18
1 9 12 14
1 9 12 18
1 14 12 18
1 9 13 14
1 9 13 18
1 14 13 18
1 9 15 14
1 9 16 14
1 9 16 18
1 14 16 18
1 9 17 14
1 9 17 18
1 14 17 18
2 14 6 18
2 14 9 18
2 14 12 18
2 14 13 18
2 3 16 6
2 14 16 18
2 3 17 6
2 14 17 18
6 6 9 9
6 6 9 14
6 6 9 18
6 6 9 23
6 7 9 9
6 7 9 14
6 7 9 18
6 7 9 23
6 9 9 14
6 9 9 18
6 9 9 23
6 14 9 18
6 14 9 23
6 18 9 23
6 9 12 14
6 9 12 18
6 14 12 18
6 9 13 14
6 9 13 18
6 14 13 18
6 9 15 14
6 6 16 9
6 6 16 14
6 6 16 18
6 7 16 9
6 7 16 14
6 7 16 18
6 9 16 14
6 9 16 18
6 14 16 18
6 6 17 9
6 6 17 14
6 6 17 18
6 7 17 9
6 7 17 14
6 7 17 18
6 9 17 14
6 9 17 18
6 14 17 18
9 9 12 14
9 9 12 17
9 9 12 18
9 14 12 17
9 14 12 18
9 9 13 14
9 9 13 17
9 9 13 18
9 14 13 17
9 14 13 18
9 9 15 14
9 6 16 9
9 6 16 14
9 6 16 18
9 7 16 9
9 7 16 14
9 7 16 18
9 9 16 14
9 9 16 18
9 14 16 18
9 6 17 9
9 6 17 14
9 6 17 18
9 7 17 9
9 7 17 14
9 7 17 18
9 9 17 14
9 9 17 18
9 14 17 18
12 9 15 14
12 9 16 14
12 9 16 18
12 14 16 18
12 9 17 14
12 9 17 18
12 14 17 18
13 9 15 14
13 9 16 14
13 9 16 18
13 14 16 18
13 9 17 14
13 9 17 18
13 14 17 18
17 2 19 24
