15 15
000111111111111
000101111111011
000101101011111
000101101010010
000101101010010
001111111110010
011111111110010
011111111110010
011111111110010
011101111110010
011111111110010
011111111111010
000010110101010
000011111111110
000000000000000
255
1 11 3 14
1 11 3 15
1 12 3 14
1 12 3 15
1 4 6 6
1 4 6 7
1 4 6 9
1 4 6 11
1 6 6 9
1 6 6 11
1 7 6 9
1 7 6 11
1 9 6 11
1 4 7 6
1 4 7 7
1 4 7 9
1 4 7 11
1 6 7 9
1 6 7 11
1 7 7 9
1 7 7 11
1 9 7 11
1 4 8 6
1 4 8 7
1 4 8 9
1 4 8 11
1 6 8 9
1 6 8 11
1 7 8 9
1 7 8 11
1 9 8 11
1 4 9 6
1 4 9 7
1 4 9 9
1 4 9 11
1 6 9 9
1 6 9 11
1 7 9 9
1 7 9 11
1 9 9 11
1 6 10 9
1 6 10 11
1 7 10 9
1 7 10 11
1 9 10 11
1 4 11 6
1 4 11 7
1 4 11 9
1 4 11 11
1 6 11 9
1 6 11 11
1 7 11 9
1 7 11 11
1 9 11 11
1 4 12 6
1 4 12 7
1 4 12 9
1 4 12 11
1 6 12 9
1 6 12 11
1 7 12 9
1 7 12 11
1 9 12 11
1 7 14 14
2 6 6 9
2 6 6 11
2 7 6 9
2 7 6 11
2 9 6 11
2 6 7 9
2 6 7 11
2 7 7 9
2 7 7 11
2 9 7 11
2 6 8 9
2 6 8 11
2 7 8 9
2 7 8 11
2 9 8 11
2 6 9 9
2 6 9 11
2 7 9 9
2 7 9 11
2 9 9 11
2 6 10 9
2 6 10 11
2 7 10 9
2 7 10 11
2 9 10 11
2 6 11 9
2 6 11 11
2 7 11 9
2 7 11 11
2 9 11 11
2 6 12 9
2 6 12 11
2 7 12 9
2 7 12 11
2 9 12 11
6 3 11 6
6 3 11 7
6 3 11 8
6 3 11 9
6 3 11 10
6 3 11 11
6 4 11 6
6 4 11 7
6 4 11 8
6 4 11 9
6 4 11 10
6 4 11 11
6 3 12 6
6 3 12 7
6 3 12 8
6 3 12 9
6 3 12 10
6 3 12 11
6 4 12 6
6 4 12 7
6 4 12 8
6 4 12 9
6 4 12 10
6 4 12 11
6 7 14 10
6 8 14 10
7 2 11 6
7 2 11 7
7 2 11 8
7 2 11 9
7 2 11 10
7 2 11 11
7 3 11 6
7 3 11 7
7 3 11 8
7 3 11 9
7 3 11 10
7 3 11 11
7 4 11 6
7 4 11 7
7 4 11 8
7 4 11 9
7 4 11 10
7 4 11 11
7 2 12 6
7 2 12 7
7 2 12 8
7 2 12 9
7 2 12 10
7 2 12 11
7 3 12 6
7 3 12 7
7 3 12 8
7 3 12 9
7 3 12 10
7 3 12 11
7 4 12 6
7 4 12 7
7 4 12 8
7 4 12 9
7 4 12 10
7 4 12 11
7 7 14 10
7 8 14 10
8 2 11 6
8 2 11 7
8 2 11 8
8 2 11 9
8 2 11 10
8 2 11 11
8 3 11 6
8 3 11 7
8 3 11 8
8 3 11 9
8 3 11 10
8 3 11 11
8 4 11 6
8 4 11 7
8 4 11 8
8 4 11 9
8 4 11 10
8 4 11 11
8 2 12 6
8 2 12 7
8 2 12 8
8 2 12 9
8 2 12 10
8 2 12 11
8 3 12 6
8 3 12 7
8 3 12 8
8 3 12 9
8 3 12 10
8 3 12 11
8 4 12 6
8 4 12 7
8 4 12 8
8 4 12 9
8 4 12 10
8 4 12 11
8 7 14 10
8 8 14 10
9 2 11 6
9 2 11 7
9 2 11 8
9 2 11 9
9 2 11 10
9 2 11 11
9 3 11 6
9 3 11 7
9 3 11 8
9 3 11 9
9 3 11 10
9 3 11 11
9 4 11 6
9 4 11 7
9 4 11 8
9 4 11 9
9 4 11 10
9 4 11 11
9 2 12 6
9 2 12 7
9 2 12 8
9 2 12 9
9 2 12 10
9 2 12 11
9 3 12 6
9 3 12 7
9 3 12 8
9 3 12 9
9 3 12 10
9 3 12 11
9 4 12 6
9 4 12 7
9 4 12 8
9 4 12 9
9 4 12 10
9 4 12 11
9 7 14 10
9 8 14 10
10 7 14 10
10 8 14 10
11 5 14 7
11 5 14 8
11 5 14 10
11 7 14 10
11 8 14 10
12 5 14 7
12 5 14 8
12 5 14 10
12 5 14 12
12 7 14 10
12 7 14 12
12 8 14 10
12 8 14 12
12 10 14 12
