12 24
000000000000000000000000
000111111111111000000000
000111111111111000000000
000110000011111000000000
000110000011111000000000
000110000011111000000000
000111111111111000000000
000010000011111111111000
000011111111111110001000
000011111111111010001000
000011111111111111111000
000001111111111110000000
102
2 4 7 11
2 4 7 12
2 4 7 13
2 4 7 14
2 4 7 15
2 5 7 11
2 5 7 12
2 5 7 13
2 5 7 14
2 5 7 15
2 5 9 11
2 5 9 12
2 5 9 13
2 5 9 14
2 5 9 15
2 5 10 11
2 5 10 12
2 5 10 13
2 5 10 14
2 5 10 15
2 5 11 11
2 5 11 12
2 5 11 13
2 5 11 14
2 5 11 15
3 4 7 11
3 4 7 12
3 4 7 13
3 4 7 14
3 4 7 15
3 5 7 11
3 5 7 12
3 5 7 13
3 5 7 14
3 5 7 15
3 5 9 11
3 5 9 12
3 5 9 13
3 5 9 14
3 5 9 15
3 5 10 11
3 5 10 12
3 5 10 13
3 5 10 14
3 5 10 15
3 5 11 11
3 5 11 12
3 5 11 13
3 5 11 14
3 5 11 15
7 5 9 11
7 5 9 12
7 5 9 13
7 5 9 14
7 5 9 15
7 5 10 11
7 5 10 12
7 5 10 13
7 5 10 14
7 5 10 15
7 5 11 11
7 5 11 12
7 5 11 13
7 5 11 14
7 5 11 15
8 11 11 17
8 11 11 21
8 12 11 17
8 12 11 21
8 13 11 17
8 13 11 21
8 14 11 17
8 14 11 21
8 15 11 17
8 15 11 21
8 17 11 21
8 11 12 17
8 12 12 17
8 13 12 17
8 14 12 17
8 15 12 17
9 5 11 17
9 6 11 17
9 7 11 17
9 8 11 17
9 9 11 17
9 10 11 17
9 11 11 17
9 12 11 17
9 13 11 17
9 14 11 17
9 15 11 17
9 6 12 17
9 7 12 17
9 8 12 17
9 9 12 17
9 10 12 17
9 11 12 17
9 12 12 17
9 13 12 17
9 14 12 17
9 15 12 17
