13 20
00000000000000000000
00001111111111111000
00001111111111111000
00001010011001101000
01111111111101111000
01011111111111111000
01111111111111011000
01011000111111011000
01111111111111111110
01011111111111111010
01010110111111011010
01111111111111111010
00000000000011111110
398
2 5 5 7
2 5 5 10
2 5 5 11
2 7 5 10
2 7 5 11
2 14 5 17
2 15 5 17
2 5 6 7
2 5 6 10
2 5 6 11
2 5 6 14
2 5 6 15
2 5 6 17
2 7 6 10
2 7 6 11
2 7 6 14
2 7 6 15
2 7 6 17
2 10 6 14
2 10 6 15
2 10 6 17
2 11 6 14
2 11 6 15
2 11 6 17
2 14 6 17
2 15 6 17
2 5 7 7
2 5 7 10
2 5 7 11
2 5 7 14
2 7 7 10
2 7 7 11
2 7 7 14
2 10 7 14
2 11 7 14
2 10 8 14
2 11 8 14
2 5 9 10
2 5 9 11
2 5 9 14
2 5 9 17
2 10 9 14
2 10 9 17
2 11 9 14
2 11 9 17
2 14 9 17
2 5 10 10
2 5 10 11
2 5 10 14
2 5 10 17
2 10 10 14
2 10 10 17
2 11 10 14
2 11 10 17
2 14 10 17
2 10 11 14
2 11 11 14
2 10 12 14
2 10 12 17
2 11 12 14
2 11 12 17
2 14 12 17
2 14 13 17
3 5 5 7
3 5 5 10
3 5 5 11
3 7 5 10
3 7 5 11
3 14 5 17
3 15 5 17
3 5 6 7
3 5 6 10
3 5 6 11
3 5 6 14
3 5 6 15
3 5 6 17
3 7 6 10
3 7 6 11
3 7 6 14
3 7 6 15
3 7 6 17
3 10 6 14
3 10 6 15
3 10 6 17
3 11 6 14
3 11 6 15
3 11 6 17
3 14 6 17
3 15 6 17
3 5 7 7
3 5 7 10
3 5 7 11
3 5 7 14
3 7 7 10
3 7 7 11
3 7 7 14
3 10 7 14
3 11 7 14
3 10 8 14
3 11 8 14
3 5 9 10
3 5 9 11
3 5 9 14
3 5 9 17
3 10 9 14
3 10 9 17
3 11 9 14
3 11 9 17
3 14 9 17
3 5 10 10
3 5 10 11
3 5 10 14
3 5 10 17
3 10 10 14
3 10 10 17
3 11 10 14
3 11 10 17
3 14 10 17
3 10 11 14
3 11 11 14
3 10 12 14
3 10 12 17
3 11 12 14
3 11 12 17
3 14 12 17
3 14 13 17
5 2 7 4
5 2 7 5
5 2 7 6
5 2 7 7
5 2 7 8
5 2 7 9
5 2 7 10
5 2 7 11
5 2 7 12
5 2 9 4
5 2 9 5
5 2 9 9
5 2 9 10
5 2 9 11
5 2 9 12
5 4 9 9
5 4 9 10
5 4 9 11
5 4 9 12
5 5 9 9
5 5 9 10
5 5 9 11
5 5 9 12
5 14 9 16
5 14 9 17
5 4 10 9
5 4 10 10
5 4 10 11
5 4 10 12
5 5 10 9
5 5 10 10
5 5 10 11
5 5 10 12
5 14 10 16
5 14 10 17
5 2 12 4
5 2 12 9
5 2 12 10
5 2 12 11
5 2 12 12
5 4 12 9
5 4 12 10
5 4 12 11
5 4 12 12
5 14 12 16
5 14 12 17
5 14 13 16
5 14 13 17
6 4 9 9
6 4 9 10
6 4 9 11
6 4 9 12
6 4 9 13
6 4 9 14
6 4 9 16
6 4 9 17
6 5 9 9
6 5 9 10
6 5 9 11
6 5 9 12
6 5 9 13
6 5 9 14
6 5 9 16
6 5 9 17
6 9 9 16
6 9 9 17
6 10 9 16
6 10 9 17
6 11 9 16
6 11 9 17
6 12 9 16
6 12 9 17
6 13 9 16
6 13 9 17
6 14 9 16
6 14 9 17
6 4 10 9
6 4 10 10
6 4 10 11
6 4 10 12
6 4 10 13
6 4 10 14
6 4 10 16
6 4 10 17
6 5 10 9
6 5 10 10
6 5 10 11
6 5 10 12
6 5 10 13
6 5 10 14
6 5 10 16
6 5 10 17
6 9 10 16
6 9 10 17
6 10 10 16
6 10 10 17
6 11 10 16
6 11 10 17
6 12 10 16
6 12 10 17
6 13 10 16
6 13 10 17
6 14 10 16
6 14 10 17
6 4 12 9
6 4 12 10
6 4 12 11
6 4 12 12
6 4 12 13
6 4 12 14
6 4 12 16
6 4 12 17
6 9 12 16
6 9 12 17
6 10 12 16
6 10 12 17
6 11 12 16
6 11 12 17
6 12 12 16
6 12 12 17
6 13 12 16
6 13 12 17
6 14 12 16
6 14 12 17
6 13 13 16
6 13 13 17
6 14 13 16
6 14 13 17
7 2 9 4
7 2 9 5
7 2 9 9
7 2 9 10
7 2 9 11
7 2 9 12
7 2 9 13
7 2 9 14
7 4 9 9
7 4 9 10
7 4 9 11
7 4 9 12
7 4 9 13
7 4 9 14
7 5 9 9
7 5 9 10
7 5 9 11
7 5 9 12
7 5 9 13
7 5 9 14
7 4 10 9
7 4 10 10
7 4 10 11
7 4 10 12
7 4 10 13
7 4 10 14
7 5 10 9
7 5 10 10
7 5 10 11
7 5 10 12
7 5 10 13
7 5 10 14
7 2 12 4
7 2 12 9
7 2 12 10
7 2 12 11
7 2 12 12
7 2 12 13
7 2 12 14
7 4 12 9
7 4 12 10
7 4 12 11
7 4 12 12
7 4 12 13
7 4 12 14
9 2 12 4
9 2 12 6
9 2 12 7
9 2 12 9
9 2 12 10
9 2 12 11
9 2 12 12
9 2 12 13
9 2 12 14
9 2 12 16
9 2 12 17
9 4 12 6
9 4 12 7
9 4 12 9
9 4 12 10
9 4 12 11
9 4 12 12
9 4 12 13
9 4 12 14
9 4 12 16
9 4 12 17
9 6 12 9
9 6 12 10
9 6 12 11
9 6 12 12
9 6 12 13
9 6 12 14
9 6 12 16
9 6 12 17
9 7 12 9
9 7 12 10
9 7 12 11
9 7 12 12
9 7 12 13
9 7 12 14
9 7 12 16
9 7 12 17
9 9 12 16
9 9 12 17
9 10 12 16
9 10 12 17
9 11 12 16
9 11 12 17
9 12 12 16
9 12 12 17
9 13 12 16
9 13 12 17
9 14 12 16
9 14 12 17
9 13 13 16
9 13 13 17
9 13 13 19
9 14 13 16
9 14 13 17
9 14 13 19
9 16 13 19
9 17 13 19
10 4 12 6
10 4 12 7
10 4 12 9
10 4 12 10
10 4 12 11
10 4 12 12
10 4 12 13
10 4 12 14
10 4 12 16
10 4 12 17
10 6 12 9
10 6 12 10
10 6 12 11
10 6 12 12
10 6 12 13
10 6 12 14
10 6 12 16
10 6 12 17
10 7 12 9
10 7 12 10
10 7 12 11
10 7 12 12
10 7 12 13
10 7 12 14
10 7 12 16
10 7 12 17
10 9 12 16
10 9 12 17
10 10 12 16
10 10 12 17
10 11 12 16
10 11 12 17
10 12 12 16
10 12 12 17
10 13 12 16
10 13 12 17
10 14 12 16
10 14 12 17
10 13 13 16
10 13 13 17
10 14 13 16
10 14 13 17
