11 13
0011111111111
0111110001001
0111111111111
0100110001000
0100110001000
1111111111100
1100111111100
1111111111100
0000000000000
0000000000000
0000000000000
45
1 3 3 10
1 3 3 13
1 4 3 10
1 4 3 13
1 5 3 10
1 5 3 13
1 6 3 10
1 6 3 13
1 10 3 13
1 5 6 10
1 6 6 10
1 5 7 10
1 6 7 10
1 5 8 10
1 6 8 10
2 2 6 5
2 2 6 6
2 2 8 5
2 2 8 6
3 2 6 5
3 2 6 6
3 2 6 10
3 5 6 10
3 6 6 10
3 5 7 10
3 6 7 10
3 2 8 5
3 2 8 6
3 2 8 10
3 5 8 10
3 6 8 10
6 1 8 5
6 1 8 6
6 1 8 7
6 1 8 8
6 1 8 9
6 1 8 10
6 1 8 11
6 2 8 5
6 2 8 6
6 2 8 7
6 2 8 8
6 2 8 9
6 2 8 10
6 2 8 11
