21 14
00000000011110
00000011111111
00000010010011
00000010010011
00000010010011
00000010010011
00000010010011
00000010010011
00000010010011
00000011111111
00000111111110
00000100010010
00000100010010
00000100010010
00000100010010
00000111111110
00000000010010
00000000010010
00000000010010
00000000011110
00000000000000
21
1 10 10 13
1 10 11 13
1 10 16 13
1 10 20 13
2 7 10 10
2 7 10 13
2 7 10 14
2 10 10 13
2 10 10 14
2 7 11 10
2 7 11 13
2 10 11 13
2 10 16 13
2 10 20 13
10 10 16 13
10 10 20 13
11 6 16 10
11 6 16 13
11 10 16 13
11 10 20 13
16 10 20 13
