16 19
0000011111111000000
0000010100011000000
1111111111111000000
1011111111111111111
1111111111110000001
0010000000000000001
0011111111111111111
0111111111111111100
0100000001011000100
0101111111111000100
0101111111110000100
0101100011110000100
0101111111110000100
0111111111111111100
0001000001110001000
0001111111111111000
95
1 6 3 8
1 6 3 12
1 6 3 13
1 8 3 12
1 8 3 13
1 6 4 8
1 6 4 12
1 6 4 13
1 8 4 12
1 8 4 13
1 6 5 8
1 6 5 12
1 8 5 12
3 1 5 3
3 1 5 4
3 1 5 5
3 1 5 6
3 1 5 7
3 1 5 8
3 1 5 9
3 1 5 10
3 1 5 11
3 1 5 12
4 3 7 19
7 10 10 12
7 10 10 13
7 10 11 12
7 10 12 12
7 10 13 12
7 10 14 12
7 10 14 17
7 12 14 17
7 10 15 12
7 10 16 12
8 10 10 12
8 10 10 13
8 10 11 12
8 10 12 12
8 10 13 12
8 2 14 10
8 2 14 12
8 2 14 17
8 10 14 12
8 10 14 17
8 12 14 17
8 10 15 12
8 10 16 12
10 4 13 9
10 4 13 10
10 4 13 11
10 4 13 12
10 5 13 9
10 5 13 10
10 5 13 11
10 5 13 12
10 4 14 9
10 4 14 10
10 4 14 11
10 4 14 12
10 5 14 9
10 5 14 10
10 5 14 11
10 5 14 12
10 4 16 10
10 4 16 11
10 4 16 12
11 4 13 9
11 4 13 10
11 4 13 11
11 4 13 12
11 5 13 9
11 5 13 10
11 5 13 11
11 5 13 12
11 4 14 9
11 4 14 10
11 4 14 11
11 4 14 12
11 5 14 9
11 5 14 10
11 5 14 11
11 5 14 12
11 4 16 10
11 4 16 11
11 4 16 12
13 4 16 10
13 4 16 11
13 4 16 12
14 4 16 10
14 4 16 11
14 4 16 12
14 4 16 16
14 10 16 16
14 11 16 16
14 12 16 16
