13 14
00000000000000
00000000000000
00001111111111
00111011111111
11111111111111
10101111111111
10101110111111
10101110110111
11111111111111
00111010111101
00000010011111
00000011111111
00000000000000
178
3 5 5 7
3 5 5 8
3 5 5 9
3 5 5 10
3 5 5 11
3 5 5 12
3 5 5 13
3 5 5 14
3 5 6 7
3 5 6 8
3 5 6 9
3 5 6 10
3 5 6 11
3 5 6 12
3 5 6 13
3 5 6 14
3 5 7 7
3 5 8 7
3 5 9 7
3 5 9 9
3 5 9 10
3 5 9 12
3 5 9 13
3 5 9 14
3 7 9 9
3 7 9 10
3 7 9 12
3 7 9 13
3 7 9 14
3 9 9 12
3 9 9 13
3 9 9 14
3 10 9 12
3 10 9 13
3 10 9 14
3 9 10 12
3 10 10 12
3 10 11 12
3 10 11 14
3 12 11 14
3 7 12 10
3 7 12 12
3 7 12 14
3 10 12 12
3 10 12 14
3 12 12 14
4 3 9 5
4 7 9 9
4 7 9 10
4 7 9 12
4 7 9 13
4 7 9 14
4 9 9 12
4 9 9 13
4 9 9 14
4 10 9 12
4 10 9 13
4 10 9 14
4 3 10 5
4 9 10 12
4 10 10 12
4 10 11 12
4 10 11 14
4 12 11 14
4 7 12 10
4 7 12 12
4 7 12 14
4 10 12 12
4 10 12 14
4 12 12 14
5 1 9 3
5 1 9 5
5 1 9 6
5 1 9 7
5 1 9 9
5 1 9 10
5 1 9 12
5 1 9 13
5 1 9 14
5 3 9 5
5 3 9 6
5 3 9 7
5 3 9 9
5 3 9 10
5 3 9 12
5 3 9 13
5 3 9 14
5 5 9 9
5 5 9 10
5 5 9 12
5 5 9 13
5 5 9 14
5 6 9 9
5 6 9 10
5 6 9 12
5 6 9 13
5 6 9 14
5 7 9 9
5 7 9 10
5 7 9 12
5 7 9 13
5 7 9 14
5 9 9 12
5 9 9 13
5 9 9 14
5 10 9 12
5 10 9 13
5 10 9 14
5 3 10 5
5 9 10 12
5 10 10 12
5 10 11 12
5 10 11 14
5 12 11 14
5 7 12 10
5 7 12 12
5 7 12 14
5 10 12 12
5 10 12 14
5 12 12 14
6 5 9 9
6 5 9 10
6 5 9 12
6 5 9 13
6 5 9 14
6 6 9 9
6 6 9 10
6 6 9 12
6 6 9 13
6 6 9 14
6 7 9 9
6 7 9 10
6 7 9 12
6 7 9 13
6 7 9 14
6 9 9 12
6 9 9 13
6 9 9 14
6 10 9 12
6 10 9 13
6 10 9 14
6 9 10 12
6 10 10 12
6 10 11 12
6 10 11 14
6 12 11 14
6 7 12 10
6 7 12 12
6 7 12 14
6 10 12 12
6 10 12 14
6 12 12 14
7 9 9 12
7 9 9 13
7 9 9 14
7 10 9 12
7 10 9 13
7 10 9 14
7 9 10 12
7 10 10 12
7 10 11 12
7 10 11 14
7 12 11 14
7 10 12 12
7 10 12 14
7 12 12 14
8 12 11 14
8 12 12 14
9 10 11 14
9 11 11 14
9 12 11 14
9 7 12 10
9 7 12 11
9 7 12 12
9 7 12 14
9 10 12 14
9 11 12 14
9 12 12 14
