17 25
0000000000000000000000000
0000000000000000000000000
0000111111111111111110000
0000100000000000000010000
0000100000000000000010000
0000100011110000000010000
0000100010010011111110000
0000100010010010000110000
0000100010010010000110000
0000111111111111111110000
0000000010010010000100000
0111111111110010000100000
0100000010000010000100000
0100000010000010000100000
0100000010000010000100000
0111111110000010000100000
0000000000000011111100000
9
3 5 10 21
6 9 10 12
6 9 12 12
7 15 10 20
7 15 10 21
7 15 17 20
10 9 12 12
10 15 17 20
12 2 16 9
