19 19
0000000000000000000
0000000000000000000
0011100000000000000
0010100000000000000
0010100000000000000
0111111111111100000
0111111111100100000
0110100010100100000
0111111110100100000
0110101111100100000
0111111111111100000
0110101111100000000
0110101100100000000
0110101100100000000
0110101100100000000
0111111111100000000
0010100100100000000
0010100111100000000
0011100000000000000
98
3 3 6 5
3 3 7 5
3 3 9 5
3 3 11 5
3 3 16 5
3 3 19 5
6 2 9 5
6 2 9 9
6 3 9 5
6 3 9 9
6 5 9 9
6 9 10 11
6 2 11 5
6 2 11 9
6 2 11 11
6 2 11 14
6 3 11 5
6 3 11 9
6 3 11 11
6 3 11 14
6 5 11 9
6 5 11 11
6 5 11 14
6 9 11 11
6 9 11 14
6 11 11 14
6 9 12 11
6 2 16 5
6 2 16 11
6 3 16 5
6 3 16 11
6 5 16 11
6 3 19 5
7 2 9 5
7 2 9 9
7 3 9 5
7 3 9 9
7 5 9 9
7 9 10 11
7 2 11 5
7 2 11 9
7 2 11 11
7 3 11 5
7 3 11 9
7 3 11 11
7 5 11 9
7 5 11 11
7 9 11 11
7 9 12 11
7 2 16 5
7 2 16 11
7 3 16 5
7 3 16 11
7 5 16 11
7 3 19 5
9 2 11 5
9 2 11 7
9 2 11 8
9 2 11 9
9 3 11 5
9 3 11 7
9 3 11 8
9 3 11 9
9 5 11 7
9 5 11 8
9 5 11 9
9 2 16 5
9 2 16 7
9 2 16 8
9 3 16 5
9 3 16 7
9 3 16 8
9 5 16 7
9 5 16 8
9 3 19 5
10 7 16 11
10 8 16 11
10 8 18 11
11 2 16 5
11 2 16 7
11 2 16 8
11 2 16 11
11 3 16 5
11 3 16 7
11 3 16 8
11 3 16 11
11 5 16 7
11 5 16 8
11 5 16 11
11 7 16 11
11 8 16 11
11 8 18 11
11 3 19 5
12 7 16 11
12 8 16 11
12 8 18 11
16 8 18 11
16 3 19 5
