12 22
0011111111111111111111
0011111111111111111111
0111111111111111111011
0111101111111111111111
0111111111111100011111
0011111111111111111111
0011111111111111101011
0011111111111111111011
0011111111111111111111
0001111111111111111111
0001011111111111111111
0001111111111111111111
1359
1 7 4 21
1 7 4 22
1 8 4 21
1 8 4 22
1 9 4 21
1 9 4 22
1 10 4 21
1 10 4 22
1 11 4 21
1 11 4 22
1 12 4 21
1 12 4 22
1 13 4 21
1 13 4 22
1 14 4 21
1 14 4 22
1 15 4 21
1 15 4 22
1 16 4 21
1 16 4 22
1 17 4 21
1 17 4 22
1 18 4 21
1 18 4 22
1 19 4 21
1 19 4 22
1 3 5 7
1 3 5 8
1 3 5 9
1 3 5 10
1 3 5 11
1 3 5 12
1 3 5 13
1 3 5 14
1 4 5 7
1 4 5 8
1 4 5 9
1 4 5 10
1 4 5 11
1 4 5 12
1 4 5 13
1 4 5 14
1 5 5 7
1 5 5 8
1 5 5 9
1 5 5 10
1 5 5 11
1 5 5 12
1 5 5 13
1 5 5 14
1 18 5 21
1 18 5 22
1 19 5 21
1 19 5 22
1 3 6 7
1 3 6 8
1 3 6 9
1 3 6 10
1 3 6 11
1 3 6 12
1 3 6 13
1 3 6 14
1 3 6 18
1 3 6 19
1 3 6 21
1 3 6 22
1 4 6 7
1 4 6 8
1 4 6 9
1 4 6 10
1 4 6 11
1 4 6 12
1 4 6 13
1 4 6 14
1 4 6 18
1 4 6 19
1 4 6 21
1 4 6 22
1 5 6 7
1 5 6 8
1 5 6 9
1 5 6 10
1 5 6 11
1 5 6 12
1 5 6 13
1 5 6 14
1 5 6 18
1 5 6 19
1 5 6 21
1 5 6 22
1 7 6 18
1 7 6 19
1 7 6 21
1 7 6 22
1 8 6 18
1 8 6 19
1 8 6 21
1 8 6 22
1 9 6 18
1 9 6 19
1 9 6 21
1 9 6 22
1 10 6 18
1 10 6 19
1 10 6 21
1 10 6 22
1 11 6 18
1 11 6 19
1 11 6 21
1 11 6 22
1 12 6 18
1 12 6 19
1 12 6 21
1 12 6 22
1 13 6 18
1 13 6 19
1 13 6 21
1 13 6 22
1 14 6 18
1 14 6 19
1 14 6 21
1 14 6 22
1 18 6 21
1 18 6 22
1 19 6 21
1 19 6 22
1 3 7 7
1 3 7 8
1 3 7 9
1 3 7 10
1 3 7 11
1 3 7 12
1 3 7 13
1 3 7 14
1 4 7 7
1 4 7 8
1 4 7 9
1 4 7 10
1 4 7 11
1 4 7 12
1 4 7 13
1 4 7 14
1 5 7 7
1 5 7 8
1 5 7 9
1 5 7 10
1 5 7 11
1 5 7 12
1 5 7 13
1 5 7 14
1 3 8 7
1 3 8 8
1 3 8 9
1 3 8 10
1 3 8 11
1 3 8 12
1 3 8 13
1 3 8 14
1 3 8 19
1 4 8 7
1 4 8 8
1 4 8 9
1 4 8 10
1 4 8 11
1 4 8 12
1 4 8 13
1 4 8 14
1 4 8 19
1 5 8 7
1 5 8 8
1 5 8 9
1 5 8 10
1 5 8 11
1 5 8 12
1 5 8 13
1 5 8 14
1 5 8 19
1 7 8 19
1 8 8 19
1 9 8 19
1 10 8 19
1 11 8 19
1 12 8 19
1 13 8 19
1 14 8 19
1 3 9 7
1 3 9 8
1 3 9 9
1 3 9 10
1 3 9 11
1 3 9 12
1 3 9 13
1 3 9 14
1 3 9 19
1 3 9 21
1 3 9 22
1 4 9 7
1 4 9 8
1 4 9 9
1 4 9 10
1 4 9 11
1 4 9 12
1 4 9 13
1 4 9 14
1 4 9 19
1 4 9 21
1 4 9 22
1 5 9 7
1 5 9 8
1 5 9 9
1 5 9 10
1 5 9 11
1 5 9 12
1 5 9 13
1 5 9 14
1 5 9 19
1 5 9 21
1 5 9 22
1 7 9 19
1 7 9 21
1 7 9 22
1 8 9 19
1 8 9 21
1 8 9 22
1 9 9 19
1 9 9 21
1 9 9 22
1 10 9 19
1 10 9 21
1 10 9 22
1 11 9 19
1 11 9 21
1 11 9 22
1 12 9 19
1 12 9 21
1 12 9 22
1 13 9 19
1 13 9 21
1 13 9 22
1 14 9 19
1 14 9 21
1 14 9 22
1 19 9 21
1 19 9 22
1 4 10 7
1 4 10 8
1 4 10 9
1 4 10 10
1 4 10 11
1 4 10 12
1 4 10 13
1 4 10 14
1 4 10 19
1 4 10 21
1 4 10 22
1 5 10 7
1 5 10 8
1 5 10 9
1 5 10 10
1 5 10 11
1 5 10 12
1 5 10 13
1 5 10 14
1 5 10 19
1 5 10 21
1 5 10 22
1 7 10 19
1 7 10 21
1 7 10 22
1 8 10 19
1 8 10 21
1 8 10 22
1 9 10 19
1 9 10 21
1 9 10 22
1 10 10 19
1 10 10 21
1 10 10 22
1 11 10 19
1 11 10 21
1 11 10 22
1 12 10 19
1 12 10 21
1 12 10 22
1 13 10 19
1 13 10 21
1 13 10 22
1 14 10 19
1 14 10 21
1 14 10 22
1 19 10 21
1 19 10 22
1 7 11 19
1 7 11 21
1 7 11 22
1 8 11 19
1 8 11 21
1 8 11 22
1 9 11 19
1 9 11 21
1 9 11 22
1 10 11 19
1 10 11 21
1 10 11 22
1 11 11 19
1 11 11 21
1 11 11 22
1 12 11 19
1 12 11 21
1 12 11 22
1 13 11 19
1 13 11 21
1 13 11 22
1 14 11 19
1 14 11 21
1 14 11 22
1 19 11 21
1 19 11 22
1 4 12 7
1 4 12 8
1 4 12 9
1 4 12 10
1 4 12 11
1 4 12 12
1 4 12 13
1 4 12 14
1 4 12 19
1 4 12 21
1 4 12 22
1 7 12 19
1 7 12 21
1 7 12 22
1 8 12 19
1 8 12 21
1 8 12 22
1 9 12 19
1 9 12 21
1 9 12 22
1 10 12 19
1 10 12 21
1 10 12 22
1 11 12 19
1 11 12 21
1 11 12 22
1 12 12 19
1 12 12 21
1 12 12 22
1 13 12 19
1 13 12 21
1 13 12 22
1 14 12 19
1 14 12 21
1 14 12 22
1 19 12 21
1 19 12 22
2 7 4 21
2 7 4 22
2 8 4 21
2 8 4 22
2 9 4 21
2 9 4 22
2 10 4 21
2 10 4 22
2 11 4 21
2 11 4 22
2 12 4 21
2 12 4 22
2 13 4 21
2 13 4 22
2 14 4 21
2 14 4 22
2 15 4 21
2 15 4 22
2 16 4 21
2 16 4 22
2 17 4 21
2 17 4 22
2 18 4 21
2 18 4 22
2 19 4 21
2 19 4 22
2 3 5 7
2 3 5 8
2 3 5 9
2 3 5 10
2 3 5 11
2 3 5 12
2 3 5 13
2 3 5 14
2 4 5 7
2 4 5 8
2 4 5 9
2 4 5 10
2 4 5 11
2 4 5 12
2 4 5 13
2 4 5 14
2 5 5 7
2 5 5 8
2 5 5 9
2 5 5 10
2 5 5 11
2 5 5 12
2 5 5 13
2 5 5 14
2 18 5 21
2 18 5 22
2 19 5 21
2 19 5 22
2 3 6 7
2 3 6 8
2 3 6 9
2 3 6 10
2 3 6 11
2 3 6 12
2 3 6 13
2 3 6 14
2 3 6 18
2 3 6 19
2 3 6 21
2 3 6 22
2 4 6 7
2 4 6 8
2 4 6 9
2 4 6 10
2 4 6 11
2 4 6 12
2 4 6 13
2 4 6 14
2 4 6 18
2 4 6 19
2 4 6 21
2 4 6 22
2 5 6 7
2 5 6 8
2 5 6 9
2 5 6 10
2 5 6 11
2 5 6 12
2 5 6 13
2 5 6 14
2 5 6 18
2 5 6 19
2 5 6 21
2 5 6 22
2 7 6 18
2 7 6 19
2 7 6 21
2 7 6 22
2 8 6 18
2 8 6 19
2 8 6 21
2 8 6 22
2 9 6 18
2 9 6 19
2 9 6 21
2 9 6 22
2 10 6 18
2 10 6 19
2 10 6 21
2 10 6 22
2 11 6 18
2 11 6 19
2 11 6 21
2 11 6 22
2 12 6 18
2 12 6 19
2 12 6 21
2 12 6 22
2 13 6 18
2 13 6 19
2 13 6 21
2 13 6 22
2 14 6 18
2 14 6 19
2 14 6 21
2 14 6 22
2 18 6 21
2 18 6 22
2 19 6 21
2 19 6 22
2 3 7 7
2 3 7 8
2 3 7 9
2 3 7 10
2 3 7 11
2 3 7 12
2 3 7 13
2 3 7 14
2 4 7 7
2 4 7 8
2 4 7 9
2 4 7 10
2 4 7 11
2 4 7 12
2 4 7 13
2 4 7 14
2 5 7 7
2 5 7 8
2 5 7 9
2 5 7 10
2 5 7 11
2 5 7 12
2 5 7 13
2 5 7 14
2 3 8 7
2 3 8 8
2 3 8 9
2 3 8 10
2 3 8 11
2 3 8 12
2 3 8 13
2 3 8 14
2 3 8 19
2 4 8 7
2 4 8 8
2 4 8 9
2 4 8 10
2 4 8 11
2 4 8 12
2 4 8 13
2 4 8 14
2 4 8 19
2 5 8 7
2 5 8 8
2 5 8 9
2 5 8 10
2 5 8 11
2 5 8 12
2 5 8 13
2 5 8 14
2 5 8 19
2 7 8 19
2 8 8 19
2 9 8 19
2 10 8 19
2 11 8 19
2 12 8 19
2 13 8 19
2 14 8 19
2 3 9 7
2 3 9 8
2 3 9 9
2 3 9 10
2 3 9 11
2 3 9 12
2 3 9 13
2 3 9 14
2 3 9 19
2 3 9 21
2 3 9 22
2 4 9 7
2 4 9 8
2 4 9 9
2 4 9 10
2 4 9 11
2 4 9 12
2 4 9 13
2 4 9 14
2 4 9 19
2 4 9 21
2 4 9 22
2 5 9 7
2 5 9 8
2 5 9 9
2 5 9 10
2 5 9 11
2 5 9 12
2 5 9 13
2 5 9 14
2 5 9 19
2 5 9 21
2 5 9 22
2 7 9 19
2 7 9 21
2 7 9 22
2 8 9 19
2 8 9 21
2 8 9 22
2 9 9 19
2 9 9 21
2 9 9 22
2 10 9 19
2 10 9 21
2 10 9 22
2 11 9 19
2 11 9 21
2 11 9 22
2 12 9 19
2 12 9 21
2 12 9 22
2 13 9 19
2 13 9 21
2 13 9 22
2 14 9 19
2 14 9 21
2 14 9 22
2 19 9 21
2 19 9 22
2 4 10 7
2 4 10 8
2 4 10 9
2 4 10 10
2 4 10 11
2 4 10 12
2 4 10 13
2 4 10 14
2 4 10 19
2 4 10 21
2 4 10 22
2 5 10 7
2 5 10 8
2 5 10 9
2 5 10 10
2 5 10 11
2 5 10 12
2 5 10 13
2 5 10 14
2 5 10 19
2 5 10 21
2 5 10 22
2 7 10 19
2 7 10 21
2 7 10 22
2 8 10 19
2 8 10 21
2 8 10 22
2 9 10 19
2 9 10 21
2 9 10 22
2 10 10 19
2 10 10 21
2 10 10 22
2 11 10 19
2 11 10 21
2 11 10 22
2 12 10 19
2 12 10 21
2 12 10 22
2 13 10 19
2 13 10 21
2 13 10 22
2 14 10 19
2 14 10 21
2 14 10 22
2 19 10 21
2 19 10 22
2 7 11 19
2 7 11 21
2 7 11 22
2 8 11 19
2 8 11 21
2 8 11 22
2 9 11 19
2 9 11 21
2 9 11 22
2 10 11 19
2 10 11 21
2 10 11 22
2 11 11 19
2 11 11 21
2 11 11 22
2 12 11 19
2 12 11 21
2 12 11 22
2 13 11 19
2 13 11 21
2 13 11 22
2 14 11 19
2 14 11 21
2 14 11 22
2 19 11 21
2 19 11 22
2 4 12 7
2 4 12 8
2 4 12 9
2 4 12 10
2 4 12 11
2 4 12 12
2 4 12 13
2 4 12 14
2 4 12 19
2 4 12 21
2 4 12 22
2 7 12 19
2 7 12 21
2 7 12 22
2 8 12 19
2 8 12 21
2 8 12 22
2 9 12 19
2 9 12 21
2 9 12 22
2 10 12 19
2 10 12 21
2 10 12 22
2 11 12 19
2 11 12 21
2 11 12 22
2 12 12 19
2 12 12 21
2 12 12 22
2 13 12 19
2 13 12 21
2 13 12 22
2 14 12 19
2 14 12 21
2 14 12 22
2 19 12 21
2 19 12 22
3 2 5 7
3 2 5 8
3 2 5 9
3 2 5 10
3 2 5 11
3 2 5 12
3 2 5 13
3 2 5 14
3 3 5 7
3 3 5 8
3 3 5 9
3 3 5 10
3 3 5 11
3 3 5 12
3 3 5 13
3 3 5 14
3 4 5 7
3 4 5 8
3 4 5 9
3 4 5 10
3 4 5 11
3 4 5 12
3 4 5 13
3 4 5 14
3 5 5 7
3 5 5 8
3 5 5 9
3 5 5 10
3 5 5 11
3 5 5 12
3 5 5 13
3 5 5 14
3 3 6 7
3 3 6 8
3 3 6 9
3 3 6 10
3 3 6 11
3 3 6 12
3 3 6 13
3 3 6 14
3 3 6 18
3 3 6 19
3 4 6 7
3 4 6 8
3 4 6 9
3 4 6 10
3 4 6 11
3 4 6 12
3 4 6 13
3 4 6 14
3 4 6 18
3 4 6 19
3 5 6 7
3 5 6 8
3 5 6 9
3 5 6 10
3 5 6 11
3 5 6 12
3 5 6 13
3 5 6 14
3 5 6 18
3 5 6 19
3 7 6 18
3 7 6 19
3 8 6 18
3 8 6 19
3 9 6 18
3 9 6 19
3 10 6 18
3 10 6 19
3 11 6 18
3 11 6 19
3 12 6 18
3 12 6 19
3 13 6 18
3 13 6 19
3 14 6 18
3 14 6 19
3 3 7 7
3 3 7 8
3 3 7 9
3 3 7 10
3 3 7 11
3 3 7 12
3 3 7 13
3 3 7 14
3 4 7 7
3 4 7 8
3 4 7 9
3 4 7 10
3 4 7 11
3 4 7 12
3 4 7 13
3 4 7 14
3 5 7 7
3 5 7 8
3 5 7 9
3 5 7 10
3 5 7 11
3 5 7 12
3 5 7 13
3 5 7 14
3 3 8 7
3 3 8 8
3 3 8 9
3 3 8 10
3 3 8 11
3 3 8 12
3 3 8 13
3 3 8 14
3 3 8 19
3 4 8 7
3 4 8 8
3 4 8 9
3 4 8 10
3 4 8 11
3 4 8 12
3 4 8 13
3 4 8 14
3 4 8 19
3 5 8 7
3 5 8 8
3 5 8 9
3 5 8 10
3 5 8 11
3 5 8 12
3 5 8 13
3 5 8 14
3 5 8 19
3 7 8 19
3 8 8 19
3 9 8 19
3 10 8 19
3 11 8 19
3 12 8 19
3 13 8 19
3 14 8 19
3 3 9 7
3 3 9 8
3 3 9 9
3 3 9 10
3 3 9 11
3 3 9 12
3 3 9 13
3 3 9 14
3 3 9 19
3 4 9 7
3 4 9 8
3 4 9 9
3 4 9 10
3 4 9 11
3 4 9 12
3 4 9 13
3 4 9 14
3 4 9 19
3 5 9 7
3 5 9 8
3 5 9 9
3 5 9 10
3 5 9 11
3 5 9 12
3 5 9 13
3 5 9 14
3 5 9 19
3 7 9 19
3 8 9 19
3 9 9 19
3 10 9 19
3 11 9 19
3 12 9 19
3 13 9 19
3 14 9 19
3 4 10 7
3 4 10 8
3 4 10 9
3 4 10 10
3 4 10 11
3 4 10 12
3 4 10 13
3 4 10 14
3 4 10 19
3 5 10 7
3 5 10 8
3 5 10 9
3 5 10 10
3 5 10 11
3 5 10 12
3 5 10 13
3 5 10 14
3 5 10 19
3 7 10 19
3 8 10 19
3 9 10 19
3 10 10 19
3 11 10 19
3 12 10 19
3 13 10 19
3 14 10 19
3 7 11 19
3 8 11 19
3 9 11 19
3 10 11 19
3 11 11 19
3 12 11 19
3 13 11 19
3 14 11 19
3 4 12 7
3 4 12 8
3 4 12 9
3 4 12 10
3 4 12 11
3 4 12 12
3 4 12 13
3 4 12 14
3 4 12 19
3 7 12 19
3 8 12 19
3 9 12 19
3 10 12 19
3 11 12 19
3 12 12 19
3 13 12 19
3 14 12 19
4 7 6 18
4 7 6 19
4 7 6 20
4 7 6 21
4 7 6 22
4 8 6 18
4 8 6 19
4 8 6 20
4 8 6 21
4 8 6 22
4 9 6 18
4 9 6 19
4 9 6 20
4 9 6 21
4 9 6 22
4 10 6 18
4 10 6 19
4 10 6 20
4 10 6 21
4 10 6 22
4 11 6 18
4 11 6 19
4 11 6 20
4 11 6 21
4 11 6 22
4 12 6 18
4 12 6 19
4 12 6 20
4 12 6 21
4 12 6 22
4 13 6 18
4 13 6 19
4 13 6 20
4 13 6 21
4 13 6 22
4 14 6 18
4 14 6 19
4 14 6 20
4 14 6 21
4 14 6 22
4 7 8 19
4 8 8 19
4 9 8 19
4 10 8 19
4 11 8 19
4 12 8 19
4 13 8 19
4 14 8 19
4 7 9 19
4 7 9 21
4 7 9 22
4 8 9 19
4 8 9 21
4 8 9 22
4 9 9 19
4 9 9 21
4 9 9 22
4 10 9 19
4 10 9 21
4 10 9 22
4 11 9 19
4 11 9 21
4 11 9 22
4 12 9 19
4 12 9 21
4 12 9 22
4 13 9 19
4 13 9 21
4 13 9 22
4 14 9 19
4 14 9 21
4 14 9 22
4 19 9 21
4 19 9 22
4 7 10 19
4 7 10 21
4 7 10 22
4 8 10 19
4 8 10 21
4 8 10 22
4 9 10 19
4 9 10 21
4 9 10 22
4 10 10 19
4 10 10 21
4 10 10 22
4 11 10 19
4 11 10 21
4 11 10 22
4 12 10 19
4 12 10 21
4 12 10 22
4 13 10 19
4 13 10 21
4 13 10 22
4 14 10 19
4 14 10 21
4 14 10 22
4 19 10 21
4 19 10 22
4 7 11 19
4 7 11 21
4 7 11 22
4 8 11 19
4 8 11 21
4 8 11 22
4 9 11 19
4 9 11 21
4 9 11 22
4 10 11 19
4 10 11 21
4 10 11 22
4 11 11 19
4 11 11 21
4 11 11 22
4 12 11 19
4 12 11 21
4 12 11 22
4 13 11 19
4 13 11 21
4 13 11 22
4 14 11 19
4 14 11 21
4 14 11 22
4 19 11 21
4 19 11 22
4 7 12 19
4 7 12 21
4 7 12 22
4 8 12 19
4 8 12 21
4 8 12 22
4 9 12 19
4 9 12 21
4 9 12 22
4 10 12 19
4 10 12 21
4 10 12 22
4 11 12 19
4 11 12 21
4 11 12 22
4 12 12 19
4 12 12 21
4 12 12 22
4 13 12 19
4 13 12 21
4 13 12 22
4 14 12 19
4 14 12 21
4 14 12 22
4 19 12 21
4 19 12 22
5 19 9 21
5 19 9 22
5 19 10 21
5 19 10 22
5 19 11 21
5 19 11 22
5 4 12 6
5 4 12 7
5 4 12 8
5 4 12 9
5 4 12 10
5 4 12 11
5 4 12 12
5 4 12 13
5 4 12 14
5 19 12 21
5 19 12 22
6 3 8 19
6 4 8 19
6 5 8 19
6 6 8 19
6 7 8 19
6 8 8 19
6 9 8 19
6 10 8 19
6 11 8 19
6 12 8 19
6 13 8 19
6 14 8 19
6 15 8 19
6 16 8 19
6 17 8 19
6 3 9 19
6 3 9 21
6 3 9 22
6 4 9 19
6 4 9 21
6 4 9 22
6 5 9 19
6 5 9 21
6 5 9 22
6 6 9 19
6 6 9 21
6 6 9 22
6 7 9 19
6 7 9 21
6 7 9 22
6 8 9 19
6 8 9 21
6 8 9 22
6 9 9 19
6 9 9 21
6 9 9 22
6 10 9 19
6 10 9 21
6 10 9 22
6 11 9 19
6 11 9 21
6 11 9 22
6 12 9 19
6 12 9 21
6 12 9 22
6 13 9 19
6 13 9 21
6 13 9 22
6 14 9 19
6 14 9 21
6 14 9 22
6 15 9 19
6 15 9 21
6 15 9 22
6 16 9 19
6 16 9 21
6 16 9 22
6 17 9 19
6 17 9 21
6 17 9 22
6 19 9 21
6 19 9 22
6 4 10 19
6 4 10 21
6 4 10 22
6 5 10 19
6 5 10 21
6 5 10 22
6 6 10 19
6 6 10 21
6 6 10 22
6 7 10 19
6 7 10 21
6 7 10 22
6 8 10 19
6 8 10 21
6 8 10 22
6 9 10 19
6 9 10 21
6 9 10 22
6 10 10 19
6 10 10 21
6 10 10 22
6 11 10 19
6 11 10 21
6 11 10 22
6 12 10 19
6 12 10 21
6 12 10 22
6 13 10 19
6 13 10 21
6 13 10 22
6 14 10 19
6 14 10 21
6 14 10 22
6 15 10 19
6 15 10 21
6 15 10 22
6 16 10 19
6 16 10 21
6 16 10 22
6 17 10 19
6 17 10 21
6 17 10 22
6 19 10 21
6 19 10 22
6 6 11 19
6 6 11 21
6 6 11 22
6 7 11 19
6 7 11 21
6 7 11 22
6 8 11 19
6 8 11 21
6 8 11 22
6 9 11 19
6 9 11 21
6 9 11 22
6 10 11 19
6 10 11 21
6 10 11 22
6 11 11 19
6 11 11 21
6 11 11 22
6 12 11 19
6 12 11 21
6 12 11 22
6 13 11 19
6 13 11 21
6 13 11 22
6 14 11 19
6 14 11 21
6 14 11 22
6 15 11 19
6 15 11 21
6 15 11 22
6 16 11 19
6 16 11 21
6 16 11 22
6 17 11 19
6 17 11 21
6 17 11 22
6 19 11 21
6 19 11 22
6 4 12 6
6 4 12 7
6 4 12 8
6 4 12 9
6 4 12 10
6 4 12 11
6 4 12 12
6 4 12 13
6 4 12 14
6 4 12 15
6 4 12 16
6 4 12 17
6 4 12 19
6 4 12 21
6 4 12 22
6 6 12 19
6 6 12 21
6 6 12 22
6 7 12 19
6 7 12 21
6 7 12 22
6 8 12 19
6 8 12 21
6 8 12 22
6 9 12 19
6 9 12 21
6 9 12 22
6 10 12 19
6 10 12 21
6 10 12 22
6 11 12 19
6 11 12 21
6 11 12 22
6 12 12 19
6 12 12 21
6 12 12 22
6 13 12 19
6 13 12 21
6 13 12 22
6 14 12 19
6 14 12 21
6 14 12 22
6 15 12 19
6 15 12 21
6 15 12 22
6 16 12 19
6 16 12 21
6 16 12 22
6 17 12 19
6 17 12 21
6 17 12 22
6 19 12 21
6 19 12 22
7 4 12 6
7 4 12 7
7 4 12 8
7 4 12 9
7 4 12 10
7 4 12 11
7 4 12 12
7 4 12 13
7 4 12 14
7 4 12 15
7 4 12 16
7 4 12 17
8 4 12 6
8 4 12 7
8 4 12 8
8 4 12 9
8 4 12 10
8 4 12 11
8 4 12 12
8 4 12 13
8 4 12 14
8 4 12 15
8 4 12 16
8 4 12 17
8 4 12 18
8 4 12 19
9 4 12 6
9 4 12 7
9 4 12 8
9 4 12 9
9 4 12 10
9 4 12 11
9 4 12 12
9 4 12 13
9 4 12 14
9 4 12 15
9 4 12 16
9 4 12 17
9 4 12 18
9 4 12 19
9 4 12 20
9 4 12 21
9 4 12 22
10 4 12 6
10 4 12 7
10 4 12 8
10 4 12 9
10 4 12 10
10 4 12 11
10 4 12 12
10 4 12 13
10 4 12 14
10 4 12 15
10 4 12 16
10 4 12 17
10 4 12 18
10 4 12 19
10 4 12 20
10 4 12 21
10 4 12 22
