20 21
000000000000000000000
000000000000000111000
000000000000000101000
000000000000000101000
000000000000000101000
111111111111111111110
100000000000111111110
100000001110100101110
100000001010100101110
100000001010100111110
111111111111111111110
110100001010100001110
110100001110100001110
110111111111111111110
110000000000000001110
111111111111111111110
010000000000000000100
010000000000000000100
010000000000000000100
011111111111111111100
68
2 16 6 18
2 16 7 18
2 16 10 18
2 16 11 18
6 16 10 18
6 16 10 19
6 16 10 20
6 1 11 13
6 1 11 16
6 1 11 18
6 1 11 19
6 1 11 20
6 13 11 16
6 13 11 18
6 13 11 19
6 13 11 20
6 16 11 18
6 16 11 19
6 16 11 20
6 13 14 18
6 13 14 19
6 13 14 20
6 1 16 18
6 1 16 19
6 1 16 20
7 16 10 18
7 16 10 19
7 16 10 20
7 13 11 16
7 13 11 18
7 13 11 19
7 13 11 20
7 16 11 18
7 16 11 19
7 16 11 20
7 13 14 18
7 13 14 19
7 13 14 20
8 9 11 11
8 9 13 11
8 9 14 11
11 9 13 11
11 4 14 9
11 4 14 11
11 4 14 13
11 4 14 18
11 4 14 19
11 4 14 20
11 9 14 11
11 9 14 13
11 9 14 18
11 9 14 19
11 9 14 20
11 11 14 13
11 11 14 18
11 11 14 19
11 11 14 20
11 13 14 18
11 13 14 19
11 13 14 20
11 1 16 18
11 1 16 19
11 1 16 20
11 2 16 18
11 2 16 19
11 2 16 20
11 2 20 19
16 2 20 19
