20 13
0000000000000
0000000000000
1111111111100
1111110000100
1101111111100
1101010001100
1111111101111
1111111111101
1110010101101
1111111111111
1111111111110
1100010100110
1111111111110
1100010100010
1100010100010
1111111111111
1111111111111
1110000100011
1111111111111
0111111111111
299
3 4 5 11
3 5 5 11
3 6 5 11
3 1 7 4
3 1 7 6
3 2 7 4
3 2 7 6
3 4 7 6
3 1 8 4
3 1 8 6
3 1 8 11
3 2 8 4
3 2 8 6
3 2 8 11
3 4 8 6
3 4 8 11
3 6 8 11
3 1 10 6
3 1 10 11
3 2 10 6
3 2 10 11
3 6 10 11
3 1 11 6
3 1 11 11
3 2 11 6
3 2 11 11
3 6 11 11
3 1 13 6
3 1 13 11
3 2 13 6
3 2 13 11
3 6 13 11
3 1 16 6
3 2 16 6
3 1 17 6
3 2 17 6
4 1 7 4
4 1 7 6
4 2 7 4
4 2 7 6
4 4 7 6
4 1 8 4
4 1 8 6
4 2 8 4
4 2 8 6
4 4 8 6
4 1 10 6
4 2 10 6
4 1 11 6
4 2 11 6
4 1 13 6
4 2 13 6
4 1 16 6
4 2 16 6
4 1 17 6
4 2 17 6
5 4 7 6
5 4 8 6
5 4 8 10
5 4 8 11
5 6 8 10
5 6 8 11
5 6 10 10
5 6 10 11
5 6 11 10
5 6 11 11
5 6 13 11
7 1 10 6
7 1 10 8
7 2 10 6
7 2 10 8
7 3 10 6
7 3 10 8
7 6 10 8
7 10 10 13
7 11 10 13
7 1 11 6
7 1 11 8
7 2 11 6
7 2 11 8
7 3 11 6
7 3 11 8
7 6 11 8
7 1 13 6
7 1 13 8
7 2 13 6
7 2 13 8
7 6 13 8
7 1 16 6
7 1 16 8
7 2 16 6
7 2 16 8
7 6 16 8
7 1 17 6
7 1 17 8
7 2 17 6
7 2 17 8
7 6 17 8
7 1 19 8
7 2 19 8
7 2 20 8
8 1 10 6
8 1 10 8
8 1 10 10
8 1 10 11
8 2 10 6
8 2 10 8
8 2 10 10
8 2 10 11
8 3 10 6
8 3 10 8
8 3 10 10
8 3 10 11
8 6 10 8
8 6 10 10
8 6 10 11
8 8 10 10
8 8 10 11
8 1 11 6
8 1 11 8
8 1 11 10
8 1 11 11
8 2 11 6
8 2 11 8
8 2 11 10
8 2 11 11
8 3 11 6
8 3 11 8
8 3 11 10
8 3 11 11
8 6 11 8
8 6 11 10
8 6 11 11
8 8 11 10
8 8 11 11
8 1 13 6
8 1 13 8
8 1 13 11
8 2 13 6
8 2 13 8
8 2 13 11
8 6 13 8
8 6 13 11
8 8 13 11
8 1 16 6
8 1 16 8
8 2 16 6
8 2 16 8
8 6 16 8
8 1 17 6
8 1 17 8
8 2 17 6
8 2 17 8
8 6 17 8
8 1 19 8
8 2 19 8
8 2 20 8
10 1 13 6
10 1 13 8
10 1 13 11
10 1 13 12
10 2 13 6
10 2 13 8
10 2 13 11
10 2 13 12
10 6 13 8
10 6 13 11
10 6 13 12
10 8 13 11
10 8 13 12
10 1 16 6
10 1 16 8
10 1 16 12
10 2 16 6
10 2 16 8
10 2 16 12
10 6 16 8
10 6 16 12
10 8 16 12
10 1 17 6
10 1 17 8
10 1 17 12
10 2 17 6
10 2 17 8
10 2 17 12
10 6 17 8
10 6 17 12
10 8 17 12
10 1 19 8
10 1 19 12
10 2 19 8
10 2 19 12
10 8 19 12
10 2 20 8
10 2 20 12
10 8 20 12
11 1 13 6
11 1 13 8
11 1 13 11
11 1 13 12
11 2 13 6
11 2 13 8
11 2 13 11
11 2 13 12
11 6 13 8
11 6 13 11
11 6 13 12
11 8 13 11
11 8 13 12
11 1 16 6
11 1 16 8
11 1 16 12
11 2 16 6
11 2 16 8
11 2 16 12
11 6 16 8
11 6 16 12
11 8 16 12
11 1 17 6
11 1 17 8
11 1 17 12
11 2 17 6
11 2 17 8
11 2 17 12
11 6 17 8
11 6 17 12
11 8 17 12
11 1 19 8
11 1 19 12
11 2 19 8
11 2 19 12
11 8 19 12
11 2 20 8
11 2 20 12
11 8 20 12
13 1 16 6
13 1 16 8
13 1 16 12
13 2 16 6
13 2 16 8
13 2 16 12
13 6 16 8
13 6 16 12
13 8 16 12
13 1 17 6
13 1 17 8
13 1 17 12
13 2 17 6
13 2 17 8
13 2 17 12
13 6 17 8
13 6 17 12
13 8 17 12
13 1 19 8
13 1 19 12
13 2 19 8
13 2 19 12
13 8 19 12
13 2 20 8
13 2 20 12
13 8 20 12
16 1 19 8
16 1 19 12
16 1 19 13
16 2 19 8
16 2 19 12
16 2 19 13
16 3 19 8
16 3 19 12
16 3 19 13
16 8 19 12
16 8 19 13
16 2 20 8
16 2 20 12
16 2 20 13
16 3 20 8
16 3 20 12
16 3 20 13
16 8 20 12
16 8 20 13
17 1 19 8
17 1 19 12
17 1 19 13
17 2 19 8
17 2 19 12
17 2 19 13
17 3 19 8
17 3 19 12
17 3 19 13
17 8 19 12
17 8 19 13
17 2 20 8
17 2 20 12
17 2 20 13
17 3 20 8
17 3 20 12
17 3 20 13
17 8 20 12
17 8 20 13
