20 21
000000000000000000000
000000000000000000000
000000000001110000000
000000000001010000000
000000000001010000000
111111111111111100000
101010111111111111100
101010100011010100100
101010100011010100100
101011111111111111111
111111111111111100101
001010100011110100101
001111111111111111111
001010100010000100101
001010100010000100101
001111111111000100101
001011100001000100101
001011100001000100101
001011100001000111111
001111111111111111111
248
3 12 6 14
3 12 7 14
3 12 10 14
3 12 11 14
3 12 12 14
3 12 13 14
6 5 10 7
6 5 10 11
6 5 10 12
6 5 10 14
6 5 10 16
6 7 10 11
6 7 10 12
6 7 10 14
6 7 10 16
6 11 10 14
6 11 10 16
6 12 10 14
6 12 10 16
6 14 10 16
6 1 11 3
6 1 11 5
6 1 11 7
6 1 11 11
6 1 11 12
6 1 11 14
6 1 11 16
6 3 11 5
6 3 11 7
6 3 11 11
6 3 11 12
6 3 11 14
6 3 11 16
6 5 11 7
6 5 11 11
6 5 11 12
6 5 11 14
6 5 11 16
6 7 11 11
6 7 11 12
6 7 11 14
6 7 11 16
6 11 11 14
6 11 11 16
6 12 11 14
6 12 11 16
6 14 11 16
6 11 12 14
6 12 12 14
6 3 13 5
6 3 13 7
6 3 13 11
6 3 13 12
6 3 13 14
6 3 13 16
6 5 13 7
6 5 13 11
6 5 13 12
6 5 13 14
6 5 13 16
6 7 13 11
6 7 13 12
6 7 13 14
6 7 13 16
6 11 13 14
6 11 13 16
6 12 13 14
6 12 13 16
6 14 13 16
6 3 16 5
6 3 16 7
6 3 16 11
6 5 16 7
6 5 16 11
6 7 16 11
6 5 17 7
6 5 18 7
6 5 19 7
6 3 20 5
6 3 20 7
6 3 20 16
6 5 20 7
6 5 20 16
6 7 20 16
7 7 10 11
7 7 10 12
7 7 10 14
7 7 10 16
7 7 10 19
7 11 10 14
7 11 10 16
7 11 10 19
7 12 10 14
7 12 10 16
7 12 10 19
7 14 10 16
7 14 10 19
7 16 10 19
7 7 11 11
7 7 11 12
7 7 11 14
7 7 11 16
7 11 11 14
7 11 11 16
7 12 11 14
7 12 11 16
7 14 11 16
7 11 12 14
7 12 12 14
7 7 13 11
7 7 13 12
7 7 13 14
7 7 13 16
7 7 13 19
7 11 13 14
7 11 13 16
7 11 13 19
7 12 13 14
7 12 13 16
7 12 13 19
7 14 13 16
7 14 13 19
7 16 13 19
7 7 16 11
7 16 19 19
7 7 20 16
7 7 20 19
7 16 20 19
10 5 13 7
10 5 13 11
10 5 13 12
10 5 13 13
10 5 13 14
10 5 13 16
10 5 13 19
10 5 13 21
10 7 13 11
10 7 13 12
10 7 13 13
10 7 13 14
10 7 13 16
10 7 13 19
10 7 13 21
10 11 13 16
10 11 13 19
10 11 13 21
10 12 13 16
10 12 13 19
10 12 13 21
10 13 13 16
10 13 13 19
10 13 13 21
10 14 13 16
10 14 13 19
10 14 13 21
10 16 13 19
10 16 13 21
10 19 13 21
10 5 16 7
10 5 16 11
10 7 16 11
10 5 17 7
10 5 18 7
10 5 19 7
10 16 19 19
10 16 19 21
10 19 19 21
10 5 20 7
10 5 20 16
10 5 20 19
10 5 20 21
10 7 20 16
10 7 20 19
10 7 20 21
10 16 20 19
10 16 20 21
10 19 20 21
11 3 13 5
11 3 13 7
11 3 13 11
11 3 13 12
11 3 13 13
11 3 13 14
11 3 13 16
11 5 13 7
11 5 13 11
11 5 13 12
11 5 13 13
11 5 13 14
11 5 13 16
11 7 13 11
11 7 13 12
11 7 13 13
11 7 13 14
11 7 13 16
11 11 13 16
11 12 13 16
11 13 13 16
11 14 13 16
11 3 16 5
11 3 16 7
11 3 16 11
11 5 16 7
11 5 16 11
11 7 16 11
11 5 17 7
11 5 18 7
11 5 19 7
11 3 20 5
11 3 20 7
11 3 20 16
11 5 20 7
11 5 20 16
11 7 20 16
13 3 16 5
13 3 16 7
13 3 16 11
13 5 16 7
13 5 16 11
13 7 16 11
13 5 17 7
13 5 18 7
13 5 19 7
13 16 19 19
13 16 19 21
13 19 19 21
13 3 20 5
13 3 20 7
13 3 20 16
13 3 20 19
13 3 20 21
13 5 20 7
13 5 20 16
13 5 20 19
13 5 20 21
13 7 20 16
13 7 20 19
13 7 20 21
13 16 20 19
13 16 20 21
13 19 20 21
16 3 20 5
16 3 20 6
16 3 20 7
16 3 20 12
16 5 20 12
16 6 20 12
16 7 20 12
