15 15
111111111111110
101100010001110
101100010001110
101100010001110
101100011111110
101111111001110
101100011001110
101111111001110
101111111111110
100100010000110
111111111111110
000100010000010
000111110000010
000100011111110
000111110000000
65
1 8 5 12
1 8 5 13
1 8 5 14
1 3 6 8
1 4 6 8
1 3 8 8
1 4 8 8
1 3 9 8
1 3 9 12
1 3 9 13
1 3 9 14
1 4 9 8
1 4 9 12
1 4 9 13
1 4 9 14
1 8 9 12
1 8 9 13
1 8 9 14
1 1 11 4
1 1 11 8
1 1 11 13
1 1 11 14
1 4 11 8
1 4 11 13
1 4 11 14
1 8 11 13
1 8 11 14
1 4 13 8
1 8 14 14
1 4 15 8
5 8 9 12
5 8 9 13
5 8 9 14
5 9 9 12
5 9 9 13
5 9 9 14
5 8 11 13
5 8 11 14
5 8 14 14
6 3 8 8
6 3 8 9
6 4 8 8
6 4 8 9
6 3 9 8
6 3 9 9
6 4 9 8
6 4 9 9
6 4 11 8
6 4 13 8
6 4 15 8
8 4 11 8
8 4 13 8
8 4 15 8
9 4 11 8
9 4 11 13
9 4 11 14
9 8 11 13
9 8 11 14
9 4 13 8
9 8 14 14
9 4 15 8
11 4 13 8
11 8 14 14
11 4 15 8
13 4 15 8
