23 21
000000000000000000000
000000000001111100000
000000000001000100000
000000000001000100000
001110000001000100000
001010000001000100000
001010000001000100000
001010000001000100000
001010000001000100000
001010000001000100000
001010000001000100000
001010000001000100000
001010000001000100000
001010000001000100000
001010000001000100000
001010000001000100000
001110011111111100000
000000010001000000000
000000010001000000000
000000011111000000000
000000000000000000000
000000000000000000000
000000000000000000000
3
2 12 17 16
5 3 17 5
17 8 20 12
