21 25
0000011110000111111111111
0000010010000100000000001
0000010010000100000000001
0000010010000111111111111
0000010010000000000000000
0000011111111000000000000
1111111111001000000000000
1000011011111000000000000
1000011011001000000000000
1000011011001000000000000
1000011011111000000000000
1000011011111000000000000
1000011011001000000000000
1000011111001000000000000
1111111111001000000000000
0000001001001000000000000
0000001001001000000000000
0000001001001000000000000
0000001001001000000000000
0000001001001000000000000
0000001111111000000000000
44
1 14 4 25
1 6 6 9
1 6 7 9
1 6 14 9
1 6 15 9
6 9 8 13
6 10 8 13
6 9 11 13
6 10 11 13
6 9 12 13
6 10 12 13
6 6 14 9
6 6 14 10
6 7 14 9
6 7 14 10
6 6 15 9
6 6 15 10
6 7 15 9
6 7 15 10
6 7 21 10
6 7 21 13
6 10 21 13
7 6 14 9
7 6 14 10
7 7 14 9
7 7 14 10
7 1 15 6
7 1 15 7
7 1 15 9
7 1 15 10
7 6 15 9
7 6 15 10
7 7 15 9
7 7 15 10
7 7 21 10
8 9 11 13
8 10 11 13
8 9 12 13
8 10 12 13
8 10 21 13
11 10 21 13
12 10 21 13
14 7 21 10
15 7 21 10
