16 18
111111000000000000
100001000000000000
111111111111000000
111111000001000000
111111111101110000
111111111111111111
110011000101010001
110011000111111111
111111111111111111
111111000011110010
011110000011100010
011000000011100010
011000111111111110
011111111111101000
010000111111111000
011111111111000000
119
1 1 3 6
1 1 4 6
1 1 5 6
1 1 6 6
1 1 9 6
1 1 10 6
3 1 6 12
3 2 6 12
3 3 6 12
3 4 6 12
3 5 6 12
3 6 6 12
3 1 9 5
3 1 9 6
3 1 9 12
3 2 9 5
3 2 9 6
3 2 9 12
3 5 9 12
3 6 9 12
3 1 10 5
3 1 10 6
3 2 10 5
3 2 10 6
3 2 11 5
3 2 14 12
3 2 16 12
4 1 9 5
4 1 9 6
4 2 9 5
4 2 9 6
4 1 10 5
4 1 10 6
4 2 10 5
4 2 10 6
4 2 11 5
5 12 8 14
5 1 9 5
5 1 9 6
5 1 9 10
5 2 9 5
5 2 9 6
5 2 9 10
5 5 9 10
5 6 9 10
5 12 9 14
5 1 10 5
5 1 10 6
5 2 10 5
5 2 10 6
5 12 10 14
5 2 11 5
6 10 8 12
6 10 8 14
6 10 8 18
6 12 8 14
6 12 8 18
6 14 8 18
6 1 9 5
6 1 9 6
6 1 9 10
6 1 9 12
6 1 9 14
6 1 9 18
6 2 9 5
6 2 9 6
6 2 9 10
6 2 9 12
6 2 9 14
6 2 9 18
6 5 9 10
6 5 9 12
6 5 9 14
6 5 9 18
6 6 9 10
6 6 9 12
6 6 9 14
6 6 9 18
6 10 9 12
6 10 9 14
6 10 9 18
6 12 9 14
6 12 9 18
6 14 9 18
6 1 10 5
6 1 10 6
6 2 10 5
6 2 10 6
6 12 10 14
6 2 11 5
6 2 14 12
6 2 16 12
8 11 13 17
8 12 13 17
8 13 13 17
9 11 13 17
9 12 13 17
9 13 13 17
9 2 14 11
9 2 14 12
9 2 14 13
9 3 14 11
9 3 14 12
9 3 14 13
9 2 16 11
9 2 16 12
13 7 15 15
13 8 15 15
13 9 15 15
13 10 15 15
13 11 15 15
13 12 15 15
13 13 15 15
14 2 16 7
14 2 16 8
14 2 16 9
14 2 16 10
14 2 16 11
14 2 16 12
