23 16
0000000000000000
0000000000000000
0000000000000000
0000000000000000
0000000000000000
0000000001110000
0011111111111100
0010000001010100
0011111111111100
0000000001010000
0000000001010000
0000000001010000
0000000001010000
0000000011111110
0000000011010010
0000000011110010
0000000010000010
0000000010000010
0000000010000010
0000000010000010
0000000011111110
0000000000000000
0000000000000000
16
6 10 9 12
6 10 14 12
6 10 16 12
7 3 9 10
7 3 9 12
7 3 9 14
7 10 9 12
7 10 9 14
7 12 9 14
7 10 14 12
7 10 16 12
9 10 14 12
9 10 16 12
14 9 16 12
14 10 16 12
14 9 21 15
