22 22
0000000000000000000000
0000000000000000000000
0000000000000000000000
0000000000000000000000
0000000000000000000000
0000000000000000000000
0000000000000000000000
0000000000000000000000
0000000000000000000000
0000000000000000000000
0111111111111111111110
0100000000000000000010
0100000000000000000010
0100000000000000000010
0100000000000000000010
0100000000000000000010
0111111111111111111110
0000001111111111100000
0000001000000000100000
0000001111111111100000
0000000000000000000000
0000000000000000000000
3
11 2 17 21
17 7 20 17
18 7 20 17
