14 11
00000000000
00111110000
11111110000
10110110000
11111111000
10110111000
10111111000
10111111000
11111111000
10111111100
10100001100
10100001100
10100001100
11111111100
88
2 3 5 6
2 3 5 7
2 4 5 6
2 4 5 7
2 3 7 6
2 3 7 7
2 4 7 6
2 4 7 7
2 3 8 6
2 3 8 7
2 4 8 6
2 4 8 7
2 3 9 6
2 3 9 7
2 4 9 6
2 4 9 7
2 3 10 6
2 3 10 7
2 4 10 6
2 4 10 7
3 1 5 3
3 1 5 4
3 1 5 6
3 1 5 7
3 3 5 6
3 3 5 7
3 4 5 6
3 4 5 7
3 3 7 6
3 3 7 7
3 4 7 6
3 4 7 7
3 3 8 6
3 3 8 7
3 4 8 6
3 4 8 7
3 1 9 3
3 1 9 4
3 1 9 6
3 1 9 7
3 3 9 6
3 3 9 7
3 4 9 6
3 4 9 7
3 3 10 6
3 3 10 7
3 4 10 6
3 4 10 7
3 1 14 3
5 3 7 6
5 3 7 7
5 3 7 8
5 4 7 6
5 4 7 7
5 4 7 8
5 3 8 6
5 3 8 7
5 3 8 8
5 4 8 6
5 4 8 7
5 4 8 8
5 1 9 3
5 1 9 4
5 1 9 6
5 1 9 7
5 1 9 8
5 3 9 6
5 3 9 7
5 3 9 8
5 4 9 6
5 4 9 7
5 4 9 8
5 3 10 6
5 3 10 7
5 3 10 8
5 4 10 6
5 4 10 7
5 4 10 8
5 1 14 3
5 1 14 8
5 3 14 8
7 3 14 8
8 3 14 8
9 1 14 3
9 1 14 8
9 3 14 8
10 3 14 8
10 3 14 9
