22 25
0000000111000111111111100
0000000101000100000000100
0000000101000100000000100
0000000101000100000000100
0000000101000100000000100
0000000101000111111111100
0000000101000000100000100
0011111111111111111110100
0011000101011000111010100
0011000101011000111010100
0011000101011000111010100
0011000101011111111010100
0011111111111111111110100
0001000111001000101000100
0001000001001000101000100
0001000001001111111000100
0001000001000000100000100
0001000001000000100000100
0001111111000000100000100
0000000000000000111111100
0000000000000000000000000
0000000000000000000000000
66
1 14 6 23
1 8 8 10
1 8 13 10
1 8 14 10
6 17 20 23
8 12 12 17
8 12 12 18
8 12 12 19
8 13 12 17
8 13 12 18
8 13 12 19
8 3 13 8
8 3 13 10
8 3 13 12
8 3 13 13
8 3 13 17
8 3 13 18
8 3 13 19
8 3 13 21
8 4 13 8
8 4 13 10
8 4 13 12
8 4 13 13
8 4 13 17
8 4 13 18
8 4 13 19
8 4 13 21
8 8 13 10
8 8 13 12
8 8 13 13
8 8 13 17
8 8 13 18
8 8 13 19
8 8 13 21
8 10 13 12
8 10 13 13
8 10 13 17
8 10 13 18
8 10 13 19
8 10 13 21
8 12 13 17
8 12 13 18
8 12 13 19
8 12 13 21
8 13 13 17
8 13 13 18
8 13 13 19
8 13 13 21
8 17 13 21
8 18 13 21
8 19 13 21
8 8 14 10
8 13 16 17
8 13 16 19
8 17 16 19
8 4 19 10
9 17 16 19
10 17 16 19
11 17 16 19
12 13 16 17
12 13 16 19
12 17 16 19
13 13 16 17
13 13 16 19
13 17 16 19
13 4 19 10
