20 17
00000000000111000
00000000000101000
00000011110101000
00000010010101000
00000010010101000
00000010010101000
00000111111111000
00000110010111000
00000110010010000
01111111111111000
01000011010001000
01111111111111000
00000011010001000
11111111111111000
10001111011111110
10001011011100010
11111111111100010
00001111000111110
00000000000000000
00000000000000000
64
1 12 7 14
1 12 8 14
3 7 7 10
3 7 10 10
3 7 12 10
3 7 14 10
3 7 17 10
7 6 10 10
7 6 10 13
7 7 10 10
7 7 10 13
7 10 10 13
7 7 12 10
7 7 14 10
7 7 17 10
10 2 12 7
10 2 12 8
10 2 12 10
10 2 12 14
10 7 12 10
10 7 12 14
10 8 12 10
10 8 12 14
10 10 12 14
10 7 14 10
10 7 14 14
10 8 14 10
10 8 14 14
10 10 14 14
10 10 15 14
10 7 17 10
10 8 17 10
12 7 14 10
12 7 14 14
12 8 14 10
12 8 14 14
12 10 14 14
12 10 15 14
12 7 17 10
12 8 17 10
14 1 17 5
14 1 17 7
14 1 17 8
14 1 17 10
14 1 17 11
14 1 17 12
14 5 17 7
14 5 17 8
14 5 17 10
14 5 17 11
14 5 17 12
14 7 17 10
14 7 17 11
14 7 17 12
14 8 17 10
14 8 17 11
14 8 17 12
14 5 18 7
14 5 18 8
15 5 17 7
15 5 17 8
15 5 18 7
15 5 18 8
15 12 18 16
