11 10
1111111110
1101111111
1111100111
1111111111
1111100111
1111100111
1111111111
1111111111
1111100111
1111111111
1111111100
188
1 1 3 4
1 1 3 5
1 2 3 4
1 2 3 5
1 1 4 4
1 1 4 5
1 1 4 8
1 1 4 9
1 2 4 4
1 2 4 5
1 2 4 8
1 2 4 9
1 4 4 8
1 4 4 9
1 5 4 8
1 5 4 9
1 1 5 4
1 1 5 5
1 2 5 4
1 2 5 5
1 1 6 4
1 1 6 5
1 2 6 4
1 2 6 5
1 1 7 4
1 1 7 5
1 1 7 8
1 1 7 9
1 2 7 4
1 2 7 5
1 2 7 8
1 2 7 9
1 4 7 8
1 4 7 9
1 5 7 8
1 5 7 9
1 1 8 4
1 1 8 5
1 1 8 8
1 1 8 9
1 2 8 4
1 2 8 5
1 2 8 8
1 2 8 9
1 4 8 8
1 4 8 9
1 5 8 8
1 5 8 9
1 1 9 4
1 1 9 5
1 2 9 4
1 2 9 5
1 1 10 4
1 1 10 5
1 1 10 8
1 1 10 9
1 2 10 4
1 2 10 5
1 2 10 8
1 2 10 9
1 4 10 8
1 4 10 9
1 5 10 8
1 5 10 9
1 1 11 4
1 1 11 5
1 1 11 8
1 2 11 4
1 2 11 5
1 2 11 8
1 4 11 8
1 5 11 8
2 4 4 8
2 4 4 9
2 4 4 10
2 5 4 8
2 5 4 9
2 5 4 10
2 4 7 8
2 4 7 9
2 4 7 10
2 5 7 8
2 5 7 9
2 5 7 10
2 4 8 8
2 4 8 9
2 4 8 10
2 5 8 8
2 5 8 9
2 5 8 10
2 4 10 8
2 4 10 9
2 4 10 10
2 5 10 8
2 5 10 9
2 5 10 10
2 4 11 8
2 5 11 8
4 1 7 8
4 1 7 9
4 1 7 10
4 2 7 8
4 2 7 9
4 2 7 10
4 3 7 8
4 3 7 9
4 3 7 10
4 4 7 8
4 4 7 9
4 4 7 10
4 5 7 8
4 5 7 9
4 5 7 10
4 1 8 8
4 1 8 9
4 1 8 10
4 2 8 8
4 2 8 9
4 2 8 10
4 3 8 8
4 3 8 9
4 3 8 10
4 4 8 8
4 4 8 9
4 4 8 10
4 5 8 8
4 5 8 9
4 5 8 10
4 1 10 8
4 1 10 9
4 1 10 10
4 2 10 8
4 2 10 9
4 2 10 10
4 3 10 8
4 3 10 9
4 3 10 10
4 4 10 8
4 4 10 9
4 4 10 10
4 5 10 8
4 5 10 9
4 5 10 10
4 1 11 8
4 2 11 8
4 3 11 8
4 4 11 8
4 5 11 8
7 1 10 8
7 1 10 9
7 1 10 10
7 2 10 8
7 2 10 9
7 2 10 10
7 3 10 8
7 3 10 9
7 3 10 10
7 4 10 8
7 4 10 9
7 4 10 10
7 5 10 8
7 5 10 9
7 5 10 10
7 1 11 8
7 2 11 8
7 3 11 8
7 4 11 8
7 5 11 8
8 1 10 8
8 1 10 9
8 1 10 10
8 2 10 8
8 2 10 9
8 2 10 10
8 3 10 8
8 3 10 9
8 3 10 10
8 4 10 8
8 4 10 9
8 4 10 10
8 5 10 8
8 5 10 9
8 5 10 10
8 1 11 8
8 2 11 8
8 3 11 8
8 4 11 8
8 5 11 8
