12 23
01111110111111111000000
01000010111000001000000
01000011111111111111100
01011111111111111111100
01010010000000000011110
01011111111111111111110
01010010000000000010010
01010010000000000010010
01010010000000000011110
01011111111111111111110
01111110000000000000000
00000000000000000000000
32
1 9 3 17
1 10 3 17
1 11 3 17
1 9 4 17
1 10 4 17
1 11 4 17
1 2 11 7
3 7 6 19
3 7 6 20
3 7 6 21
3 7 10 19
4 4 6 7
4 4 6 19
4 4 6 20
4 4 6 21
4 7 6 19
4 7 6 20
4 7 6 21
4 4 10 7
4 4 10 19
4 7 10 19
4 4 11 7
5 19 9 22
5 19 10 22
6 19 9 22
6 4 10 7
6 4 10 19
6 4 10 22
6 7 10 19
6 7 10 22
6 19 10 22
6 4 11 7
