23 17
00000000000000000
00000000000000000
00000000000000000
00000000000000000
00000001111000000
00000001011110000
00000001011010000
00000001011010000
00000001011010000
00000001011010000
00000001011111110
00001111111111110
00001001011000010
00001001011000010
00001001011000010
00011111111000010
00011001011000010
00011001011000010
00011111111111110
00011111111000010
00010001111000010
00010001011111110
00011111000000000
64
5 8 12 10
5 8 12 11
5 8 16 10
5 8 16 11
5 8 19 10
5 8 19 11
5 8 20 10
5 8 20 11
5 8 21 10
5 8 21 11
6 10 11 13
6 11 11 13
6 10 12 13
6 11 12 13
11 10 19 16
11 11 19 16
11 10 22 16
11 11 22 16
12 5 16 8
12 5 16 10
12 5 16 11
12 8 16 10
12 8 16 11
12 5 19 8
12 5 19 10
12 5 19 11
12 5 19 16
12 8 19 10
12 8 19 11
12 8 19 16
12 10 19 16
12 11 19 16
12 5 20 8
12 5 20 10
12 5 20 11
12 8 20 10
12 8 20 11
12 8 21 10
12 8 21 11
12 10 22 16
12 11 22 16
16 4 19 8
16 4 19 10
16 4 19 11
16 5 19 8
16 5 19 10
16 5 19 11
16 8 19 10
16 8 19 11
16 4 20 8
16 4 20 10
16 4 20 11
16 5 20 8
16 5 20 10
16 5 20 11
16 8 20 10
16 8 20 11
16 8 21 10
16 8 21 11
16 4 23 8
19 10 22 16
19 11 22 16
19 4 23 8
20 4 23 8
