18 12
001111111111
001110111011
001010101011
011111111011
011010111011
011010111011
011111111011
001110111011
001110111011
001111111011
001100111111
001111110001
001111111111
000000000000
000000000000
000000000000
000000000000
000000000000
97
1 3 4 5
1 3 4 7
1 3 4 9
1 5 4 7
1 5 4 9
1 7 4 9
1 7 5 9
1 7 6 9
1 3 7 5
1 3 7 7
1 3 7 9
1 5 7 7
1 5 7 9
1 7 7 9
1 3 8 5
1 7 8 9
1 3 9 5
1 7 9 9
1 3 10 5
1 3 10 7
1 3 10 9
1 5 10 7
1 5 10 9
1 7 10 9
1 7 11 9
1 7 11 11
1 7 11 12
1 9 11 11
1 9 11 12
1 3 12 7
1 3 13 7
1 3 13 12
1 7 13 12
2 3 4 5
2 7 4 9
2 7 5 9
2 7 6 9
2 3 7 5
2 7 7 9
2 3 8 5
2 7 8 9
2 3 9 5
2 7 9 9
2 3 10 5
2 7 10 9
2 7 11 9
4 2 7 5
4 2 7 7
4 2 7 8
4 2 7 9
4 3 7 5
4 3 7 7
4 3 7 8
4 3 7 9
4 5 7 7
4 5 7 8
4 5 7 9
4 3 8 5
4 3 9 5
4 3 10 5
4 3 10 7
4 3 10 8
4 3 10 9
4 5 10 7
4 5 10 8
4 5 10 9
4 3 12 7
4 3 12 8
4 3 13 7
4 3 13 8
7 3 10 7
7 3 10 8
7 3 10 9
7 4 10 7
7 4 10 8
7 4 10 9
7 5 10 7
7 5 10 8
7 5 10 9
7 3 12 7
7 3 12 8
7 4 12 7
7 4 12 8
7 3 13 7
7 3 13 8
7 4 13 7
7 4 13 8
10 3 12 7
10 3 12 8
10 4 12 7
10 4 12 8
10 3 13 7
10 3 13 8
10 4 13 7
10 4 13 8
11 7 13 12
11 8 13 12
