24 17
00000000000000000
00000000000000000
00000000000000000
00000000000000000
00111111111111111
00100100100000001
00100100100000001
01111111111111001
01111111111111111
01000100100001000
01000100100001000
01000100100001000
01110100100001000
01010100111001000
01010100101001000
01110100101001000
01000100101001000
01000100101001000
01111111111111000
00000100101000000
00000100111000000
00000100100000000
00000111100000000
00000000000000000
30
5 3 8 6
5 3 8 9
5 6 8 9
5 3 9 6
5 3 9 9
5 3 9 17
5 6 9 9
5 6 9 17
5 9 9 17
5 6 19 9
5 6 23 9
8 2 19 6
8 2 19 9
8 2 19 14
8 6 19 9
8 6 19 14
8 9 19 14
8 6 23 9
9 2 19 6
9 2 19 9
9 2 19 14
9 6 19 9
9 6 19 14
9 9 19 14
9 6 23 9
13 2 16 4
14 9 19 11
14 9 21 11
19 9 21 11
19 6 23 9
