23 17
00000000000000000
00000000000000000
00000000001111000
00011111101001000
00010000101001000
00010000101111111
00010000101101001
00010000101101111
00011111101111111
00000000001001010
00000000001001010
00000000001011110
00000000001011110
00000000001011110
11111111111111110
11111111111111110
11010001001111110
11010001001010110
11010001001010110
11011111111111110
11000001001010010
11111111001010010
11111111111111110
118
3 11 6 14
3 11 9 14
3 11 15 14
3 11 16 14
3 11 17 14
4 4 9 9
6 14 8 17
6 11 9 14
6 11 9 17
6 12 9 14
6 12 9 17
6 14 9 17
6 11 15 14
6 11 16 14
6 11 17 14
8 14 12 16
8 14 13 16
8 14 14 16
8 14 15 16
8 14 16 16
8 14 17 16
9 14 12 16
9 14 13 16
9 14 14 16
9 11 15 14
9 11 15 16
9 14 15 16
9 11 16 14
9 11 16 16
9 14 16 16
9 11 17 14
9 11 17 16
9 14 17 16
9 11 20 16
9 11 23 16
12 13 20 15
12 13 20 16
12 13 23 16
13 13 20 15
13 13 20 16
13 13 23 16
14 13 20 15
14 13 20 16
14 13 23 16
15 4 20 8
15 4 20 11
15 4 20 13
15 4 20 15
15 4 20 16
15 8 20 11
15 8 20 13
15 8 20 15
15 8 20 16
15 11 20 13
15 11 20 15
15 11 20 16
15 13 20 15
15 13 20 16
15 1 22 8
15 2 22 8
15 1 23 8
15 1 23 11
15 1 23 13
15 1 23 16
15 2 23 8
15 2 23 11
15 2 23 13
15 2 23 16
15 8 23 11
15 8 23 13
15 8 23 16
15 11 23 13
15 11 23 16
15 13 23 16
16 4 20 8
16 4 20 11
16 4 20 13
16 4 20 15
16 4 20 16
16 8 20 11
16 8 20 13
16 8 20 15
16 8 20 16
16 11 20 13
16 11 20 15
16 11 20 16
16 13 20 15
16 13 20 16
16 1 22 8
16 2 22 8
16 1 23 8
16 1 23 11
16 1 23 13
16 1 23 16
16 2 23 8
16 2 23 11
16 2 23 13
16 2 23 16
16 8 23 11
16 8 23 13
16 8 23 16
16 11 23 13
16 11 23 16
16 13 23 16
17 11 20 13
17 11 20 15
17 11 20 16
17 13 20 15
17 13 20 16
17 11 23 13
17 11 23 16
17 13 23 16
20 8 23 11
20 8 23 13
20 8 23 16
20 11 23 13
20 11 23 16
20 13 23 16
