17 17
00000000000000000
00000011100000000
11111111111111111
11111111111111111
10001010110000011
10001010111100011
11111110110100011
11111111110100011
10001111111111111
10000110110000001
10000110110000001
11111111111111111
11111111111111110
11111111111000010
00111111111111110
00100011101000000
00111111111000000
210
2 7 8 9
2 7 9 9
2 7 12 9
2 7 13 9
2 7 14 9
2 7 15 9
2 7 16 9
2 7 17 9
3 1 7 5
3 1 7 7
3 5 7 7
3 1 8 5
3 1 8 7
3 1 8 9
3 1 8 10
3 5 8 7
3 5 8 9
3 5 8 10
3 7 8 9
3 7 8 10
3 5 9 7
3 5 9 9
3 5 9 10
3 5 9 16
3 5 9 17
3 7 9 9
3 7 9 10
3 7 9 16
3 7 9 17
3 9 9 16
3 9 9 17
3 10 9 16
3 10 9 17
3 1 12 7
3 1 12 9
3 1 12 10
3 1 12 17
3 7 12 9
3 7 12 10
3 7 12 17
3 9 12 17
3 10 12 17
3 1 13 7
3 1 13 9
3 1 13 10
3 7 13 9
3 7 13 10
3 1 14 7
3 1 14 9
3 1 14 10
3 7 14 9
3 7 14 10
3 7 15 9
3 7 15 10
3 7 16 9
3 7 17 9
4 1 7 5
4 1 7 7
4 5 7 7
4 1 8 5
4 1 8 7
4 1 8 9
4 1 8 10
4 5 8 7
4 5 8 9
4 5 8 10
4 7 8 9
4 7 8 10
4 5 9 7
4 5 9 9
4 5 9 10
4 5 9 16
4 5 9 17
4 7 9 9
4 7 9 10
4 7 9 16
4 7 9 17
4 9 9 16
4 9 9 17
4 10 9 16
4 10 9 17
4 1 12 7
4 1 12 9
4 1 12 10
4 1 12 17
4 7 12 9
4 7 12 10
4 7 12 17
4 9 12 17
4 10 12 17
4 1 13 7
4 1 13 9
4 1 13 10
4 7 13 9
4 7 13 10
4 1 14 7
4 1 14 9
4 1 14 10
4 7 14 9
4 7 14 10
4 7 15 9
4 7 15 10
4 7 16 9
4 7 17 9
6 9 9 12
6 10 9 12
7 1 12 6
7 1 12 7
7 1 13 6
7 1 13 7
7 1 14 6
7 1 14 7
8 1 12 6
8 1 12 7
8 1 12 9
8 1 12 10
8 6 12 9
8 6 12 10
8 7 12 9
8 7 12 10
8 1 13 6
8 1 13 7
8 1 13 9
8 1 13 10
8 6 13 9
8 6 13 10
8 7 13 9
8 7 13 10
8 1 14 6
8 1 14 7
8 1 14 9
8 1 14 10
8 6 14 9
8 6 14 10
8 7 14 9
8 7 14 10
8 6 15 9
8 6 15 10
8 7 15 9
8 7 15 10
8 7 16 9
8 7 17 9
9 6 12 9
9 6 12 10
9 6 12 17
9 7 12 9
9 7 12 10
9 7 12 17
9 9 12 17
9 10 12 17
9 6 13 9
9 6 13 10
9 7 13 9
9 7 13 10
9 6 14 9
9 6 14 10
9 7 14 9
9 7 14 10
9 6 15 9
9 6 15 10
9 7 15 9
9 7 15 10
9 7 16 9
9 7 17 9
12 3 15 16
12 4 15 16
12 5 15 16
12 6 15 16
12 7 15 16
12 8 15 16
12 9 15 16
12 10 15 16
12 11 15 16
12 3 17 7
12 3 17 8
12 3 17 9
12 3 17 11
12 7 17 11
12 8 17 11
12 9 17 11
13 3 15 16
13 4 15 16
13 5 15 16
13 6 15 16
13 7 15 16
13 8 15 16
13 9 15 16
13 10 15 16
13 11 15 16
13 3 17 7
13 3 17 8
13 3 17 9
13 3 17 11
13 7 17 11
13 8 17 11
13 9 17 11
14 3 17 7
14 3 17 8
14 3 17 9
14 3 17 11
14 7 17 11
14 8 17 11
14 9 17 11
15 3 17 7
15 3 17 8
15 3 17 9
15 3 17 11
15 7 17 11
15 8 17 11
15 9 17 11
