21 21
000000000000000000000
000000011111000000000
000000010011111111110
000000010011000100010
000000011111111100010
000000000010000001110
000000111111111001010
000000101110001111110
000000101010001100010
000000101010001100010
000000101011111111110
011111111111101100010
010000101010101100010
010000101110101111110
011111111111111111100
000100100000001000100
000100100000001000100
000100111111111000100
000100000000000000100
000100000000000000100
000111111111111111100
45
2 8 5 11
2 8 5 12
3 11 5 16
3 12 5 16
3 11 11 20
6 18 8 20
7 11 11 15
7 7 12 9
7 7 12 11
7 9 12 11
7 9 14 11
7 7 15 9
7 7 15 11
7 7 15 15
7 9 15 11
7 9 15 15
7 11 15 15
7 7 18 15
8 15 11 20
8 16 11 20
8 9 12 11
8 9 14 11
8 15 14 20
8 16 14 20
8 9 15 11
11 15 14 20
11 16 14 20
11 11 15 13
11 11 15 15
11 11 15 16
11 13 15 15
11 13 15 16
12 9 14 11
12 2 15 7
12 2 15 9
12 2 15 11
12 2 15 13
12 7 15 9
12 7 15 11
12 7 15 13
12 9 15 11
12 9 15 13
12 11 15 13
15 7 18 15
15 4 21 19
