19 18
000000011111110000
011111110000010000
010010010000010000
010010010000010000
011111111100010000
010010010100010000
010010010100010000
010011110100010000
010000010100010000
011111111111111100
010101111111110100
011111111111110100
010111111111111100
010001010100110000
010001010100110000
011111111111110000
000000011111110000
000000000000000000
000000000000000000
130
1 8 10 14
1 8 11 14
1 8 12 14
1 8 13 14
1 8 16 14
1 8 17 14
2 2 5 5
2 2 5 8
2 5 5 8
2 5 8 8
2 2 10 8
2 2 12 8
2 2 16 8
5 5 8 8
5 2 10 8
5 2 10 10
5 8 10 10
5 8 11 10
5 2 12 8
5 2 12 10
5 8 12 10
5 8 13 10
5 2 16 8
5 2 16 10
5 8 16 10
5 8 17 10
10 2 12 4
10 2 12 6
10 2 12 7
10 2 12 8
10 2 12 9
10 2 12 10
10 2 12 11
10 2 12 12
10 2 12 13
10 2 12 14
10 4 12 6
10 4 12 7
10 4 12 8
10 4 12 9
10 4 12 10
10 4 12 11
10 4 12 12
10 4 12 13
10 4 12 14
10 4 13 6
10 4 13 7
10 4 13 8
10 4 13 9
10 4 13 10
10 4 13 11
10 4 13 12
10 4 13 13
10 4 13 14
10 4 13 16
10 6 13 16
10 7 13 16
10 8 13 16
10 9 13 16
10 10 13 16
10 11 13 16
10 12 13 16
10 13 13 16
10 14 13 16
10 2 16 6
10 2 16 8
10 2 16 10
10 2 16 13
10 2 16 14
10 6 16 8
10 6 16 10
10 6 16 13
10 6 16 14
10 8 16 10
10 8 16 13
10 8 16 14
10 10 16 13
10 10 16 14
10 8 17 10
10 8 17 13
10 8 17 14
10 10 17 13
10 10 17 14
11 6 16 8
11 6 16 10
11 6 16 13
11 6 16 14
11 8 16 10
11 8 16 13
11 8 16 14
11 10 16 13
11 10 16 14
11 8 17 10
11 8 17 13
11 8 17 14
11 10 17 13
11 10 17 14
12 2 16 6
12 2 16 8
12 2 16 10
12 2 16 13
12 2 16 14
12 6 16 8
12 6 16 10
12 6 16 13
12 6 16 14
12 8 16 10
12 8 16 13
12 8 16 14
12 10 16 13
12 10 16 14
12 8 17 10
12 8 17 13
12 8 17 14
12 10 17 13
12 10 17 14
13 6 16 8
13 6 16 10
13 6 16 13
13 6 16 14
13 8 16 10
13 8 16 13
13 8 16 14
13 10 16 13
13 10 16 14
13 8 17 10
13 8 17 13
13 8 17 14
13 10 17 13
13 10 17 14
