18 22
0000000000000000000000
0001111111111111111110
0001111111111111111110
0111111111111111111110
0101101000100100001110
0111111111111111111110
0111111111111111111110
0111111111100100000110
0001000000000100000110
0001111111111111111110
0000000000000100000100
0000000000000100000100
0000000000000100000100
0000000000000111111100
0000000000000000000000
0000000000000000000000
0000000000000000000000
0000000000000000000000
210
2 4 6 7
2 4 6 11
2 4 6 14
2 4 6 19
2 4 6 20
2 4 6 21
2 5 6 7
2 5 6 11
2 5 6 14
2 5 6 19
2 5 6 20
2 5 6 21
2 7 6 11
2 7 6 14
2 7 6 19
2 7 6 20
2 7 6 21
2 11 6 14
2 11 6 19
2 11 6 20
2 11 6 21
2 14 6 19
2 14 6 20
2 14 6 21
2 4 7 7
2 4 7 11
2 4 7 14
2 4 7 19
2 4 7 20
2 4 7 21
2 5 7 7
2 5 7 11
2 5 7 14
2 5 7 19
2 5 7 20
2 5 7 21
2 7 7 11
2 7 7 14
2 7 7 19
2 7 7 20
2 7 7 21
2 11 7 14
2 11 7 19
2 11 7 20
2 11 7 21
2 14 7 19
2 14 7 20
2 14 7 21
2 4 8 7
2 4 8 11
2 5 8 7
2 5 8 11
2 7 8 11
2 4 10 14
2 4 10 20
2 4 10 21
2 14 10 20
2 14 10 21
2 14 14 20
3 4 6 7
3 4 6 11
3 4 6 14
3 4 6 19
3 4 6 20
3 4 6 21
3 5 6 7
3 5 6 11
3 5 6 14
3 5 6 19
3 5 6 20
3 5 6 21
3 7 6 11
3 7 6 14
3 7 6 19
3 7 6 20
3 7 6 21
3 11 6 14
3 11 6 19
3 11 6 20
3 11 6 21
3 14 6 19
3 14 6 20
3 14 6 21
3 4 7 7
3 4 7 11
3 4 7 14
3 4 7 19
3 4 7 20
3 4 7 21
3 5 7 7
3 5 7 11
3 5 7 14
3 5 7 19
3 5 7 20
3 5 7 21
3 7 7 11
3 7 7 14
3 7 7 19
3 7 7 20
3 7 7 21
3 11 7 14
3 11 7 19
3 11 7 20
3 11 7 21
3 14 7 19
3 14 7 20
3 14 7 21
3 4 8 7
3 4 8 11
3 5 8 7
3 5 8 11
3 7 8 11
3 4 10 14
3 4 10 20
3 4 10 21
3 14 10 20
3 14 10 21
3 14 14 20
4 2 6 4
4 2 6 5
4 2 6 7
4 2 6 11
4 2 6 14
4 2 6 19
4 2 6 20
4 2 6 21
4 4 6 7
4 4 6 11
4 4 6 14
4 4 6 19
4 4 6 20
4 4 6 21
4 5 6 7
4 5 6 11
4 5 6 14
4 5 6 19
4 5 6 20
4 5 6 21
4 7 6 11
4 7 6 14
4 7 6 19
4 7 6 20
4 7 6 21
4 11 6 14
4 11 6 19
4 11 6 20
4 11 6 21
4 14 6 19
4 14 6 20
4 14 6 21
4 2 7 4
4 2 7 5
4 2 7 7
4 2 7 11
4 2 7 14
4 2 7 19
4 2 7 20
4 2 7 21
4 4 7 7
4 4 7 11
4 4 7 14
4 4 7 19
4 4 7 20
4 4 7 21
4 5 7 7
4 5 7 11
4 5 7 14
4 5 7 19
4 5 7 20
4 5 7 21
4 7 7 11
4 7 7 14
4 7 7 19
4 7 7 20
4 7 7 21
4 11 7 14
4 11 7 19
4 11 7 20
4 11 7 21
4 14 7 19
4 14 7 20
4 14 7 21
4 2 8 4
4 2 8 5
4 2 8 7
4 2 8 11
4 4 8 7
4 4 8 11
4 5 8 7
4 5 8 11
4 7 8 11
4 4 10 14
4 4 10 20
4 4 10 21
4 14 10 20
4 14 10 21
4 14 14 20
6 4 10 14
6 4 10 20
6 4 10 21
6 14 10 20
6 14 10 21
6 14 14 20
7 4 10 14
7 4 10 20
7 4 10 21
7 14 10 20
7 14 10 21
7 14 14 20
10 14 14 20
