21 24
000000000000000000000000
001111111111111111111110
001000000000010010000010
001000000000010010000010
001000000000010010000010
001000000000010010000010
001000000000010010000010
001000000000010010000010
001000000000010010000010
001111111111111110000010
111111111111111000000010
100000000000011000000010
100000000000011111111110
100000000000001000000000
100000000000001000000000
100000000000001000000000
100000000000001000000000
100000000000001000000000
100000000000001000000000
100000000000001000000000
111111111111111000000000
6
2 3 10 14
2 3 10 17
2 14 10 17
2 3 11 14
2 14 13 23
11 1 21 15
