19 20
00000001111111111111
00000001000000000001
00000001000000000001
00000001000000000001
00000001000000000001
00000001000000000001
00000001000000000001
00000001000000000001
00000001111111111111
00000000000001111111
00000000111111111111
00000000111111111111
00000000110001000111
00000000110001000111
00000011110001000111
00000010110001000111
00000011111111111111
00000000011111111111
00000000000000000000
51
1 8 9 20
9 14 17 18
9 14 17 19
9 14 17 20
9 14 18 18
9 14 18 19
9 14 18 20
10 14 17 18
10 14 17 19
10 14 17 20
10 14 18 18
10 14 18 19
10 14 18 20
11 9 17 14
11 9 17 18
11 9 17 19
11 9 17 20
11 10 17 14
11 10 17 18
11 10 17 19
11 10 17 20
11 14 17 18
11 14 17 19
11 14 17 20
11 10 18 14
11 10 18 18
11 10 18 19
11 10 18 20
11 14 18 18
11 14 18 19
11 14 18 20
12 9 17 14
12 9 17 18
12 9 17 19
12 9 17 20
12 10 17 14
12 10 17 18
12 10 17 19
12 10 17 20
12 14 17 18
12 14 17 19
12 14 17 20
12 10 18 14
12 10 18 18
12 10 18 19
12 10 18 20
12 14 18 18
12 14 18 19
12 14 18 20
15 7 17 9
15 7 17 10
