22 17
00000111111111111
01111111111111101
01111111111111111
01111111111110101
01000110111110101
01011111111111111
01010111111110101
01111111111110101
01011111111111111
01011111111110111
01011111111110101
01111111111110111
01111111011110101
01111111111110101
01111111111110101
01111111111110101
01111111001010101
00111111111111111
00011111111111101
00011111001000001
00000001001111111
00000001111111111
1476
1 6 3 17
1 7 3 17
1 8 3 17
1 9 3 17
1 10 3 17
1 11 3 17
1 12 3 17
1 13 3 17
1 14 3 17
1 15 3 17
1 6 6 9
1 6 6 10
1 6 6 11
1 6 6 12
1 6 6 13
1 6 6 15
1 6 6 17
1 7 6 9
1 7 6 10
1 7 6 11
1 7 6 12
1 7 6 13
1 7 6 15
1 7 6 17
1 9 6 15
1 9 6 17
1 10 6 15
1 10 6 17
1 11 6 15
1 11 6 17
1 12 6 15
1 12 6 17
1 13 6 15
1 13 6 17
1 15 6 17
1 6 7 9
1 6 7 10
1 6 7 11
1 6 7 12
1 6 7 13
1 7 7 9
1 7 7 10
1 7 7 11
1 7 7 12
1 7 7 13
1 6 8 9
1 6 8 10
1 6 8 11
1 6 8 12
1 6 8 13
1 7 8 9
1 7 8 10
1 7 8 11
1 7 8 12
1 7 8 13
1 6 9 9
1 6 9 10
1 6 9 11
1 6 9 12
1 6 9 13
1 6 9 15
1 6 9 17
1 7 9 9
1 7 9 10
1 7 9 11
1 7 9 12
1 7 9 13
1 7 9 15
1 7 9 17
1 9 9 15
1 9 9 17
1 10 9 15
1 10 9 17
1 11 9 15
1 11 9 17
1 12 9 15
1 12 9 17
1 13 9 15
1 13 9 17
1 15 9 17
1 6 10 9
1 6 10 10
1 6 10 11
1 6 10 12
1 6 10 13
1 7 10 9
1 7 10 10
1 7 10 11
1 7 10 12
1 7 10 13
1 15 10 17
1 6 11 9
1 6 11 10
1 6 11 11
1 6 11 12
1 6 11 13
1 7 11 9
1 7 11 10
1 7 11 11
1 7 11 12
1 7 11 13
1 6 12 9
1 6 12 10
1 6 12 11
1 6 12 12
1 6 12 13
1 7 12 9
1 7 12 10
1 7 12 11
1 7 12 12
1 7 12 13
1 15 12 17
1 6 14 10
1 6 14 11
1 6 14 12
1 6 14 13
1 7 14 10
1 7 14 11
1 7 14 12
1 7 14 13
1 6 15 10
1 6 15 11
1 6 15 12
1 6 15 13
1 7 15 10
1 7 15 11
1 7 15 12
1 7 15 13
1 6 16 10
1 6 16 11
1 6 16 12
1 6 16 13
1 7 16 10
1 7 16 11
1 7 16 12
1 7 16 13
1 6 18 11
1 6 18 13
1 6 18 15
1 6 18 17
1 7 18 11
1 7 18 13
1 7 18 15
1 7 18 17
1 11 18 13
1 11 18 15
1 11 18 17
1 13 18 15
1 13 18 17
1 15 18 17
1 6 19 11
1 6 19 13
1 6 19 15
1 7 19 11
1 7 19 13
1 7 19 15
1 11 19 13
1 11 19 15
1 13 19 15
1 11 21 17
1 11 22 17
2 6 6 9
2 6 6 10
2 6 6 11
2 6 6 12
2 6 6 13
2 6 6 15
2 7 6 9
2 7 6 10
2 7 6 11
2 7 6 12
2 7 6 13
2 7 6 15
2 9 6 15
2 10 6 15
2 11 6 15
2 12 6 15
2 13 6 15
2 6 7 9
2 6 7 10
2 6 7 11
2 6 7 12
2 6 7 13
2 7 7 9
2 7 7 10
2 7 7 11
2 7 7 12
2 7 7 13
2 2 8 6
2 2 8 7
2 2 8 9
2 2 8 10
2 2 8 11
2 2 8 12
2 2 8 13
2 6 8 9
2 6 8 10
2 6 8 11
2 6 8 12
2 6 8 13
2 7 8 9
2 7 8 10
2 7 8 11
2 7 8 12
2 7 8 13
2 6 9 9
2 6 9 10
2 6 9 11
2 6 9 12
2 6 9 13
2 6 9 15
2 7 9 9
2 7 9 10
2 7 9 11
2 7 9 12
2 7 9 13
2 7 9 15
2 9 9 15
2 10 9 15
2 11 9 15
2 12 9 15
2 13 9 15
2 6 10 9
2 6 10 10
2 6 10 11
2 6 10 12
2 6 10 13
2 7 10 9
2 7 10 10
2 7 10 11
2 7 10 12
2 7 10 13
2 6 11 9
2 6 11 10
2 6 11 11
2 6 11 12
2 6 11 13
2 7 11 9
2 7 11 10
2 7 11 11
2 7 11 12
2 7 11 13
2 2 12 6
2 2 12 7
2 2 12 9
2 2 12 10
2 2 12 11
2 2 12 12
2 2 12 13
2 6 12 9
2 6 12 10
2 6 12 11
2 6 12 12
2 6 12 13
2 7 12 9
2 7 12 10
2 7 12 11
2 7 12 12
2 7 12 13
2 2 13 6
2 2 13 7
2 2 14 6
2 2 14 7
2 2 14 10
2 2 14 11
2 2 14 12
2 2 14 13
2 6 14 10
2 6 14 11
2 6 14 12
2 6 14 13
2 7 14 10
2 7 14 11
2 7 14 12
2 7 14 13
2 2 15 6
2 2 15 7
2 2 15 10
2 2 15 11
2 2 15 12
2 2 15 13
2 6 15 10
2 6 15 11
2 6 15 12
2 6 15 13
2 7 15 10
2 7 15 11
2 7 15 12
2 7 15 13
2 2 16 6
2 2 16 7
2 2 16 10
2 2 16 11
2 2 16 12
2 2 16 13
2 6 16 10
2 6 16 11
2 6 16 12
2 6 16 13
2 7 16 10
2 7 16 11
2 7 16 12
2 7 16 13
2 2 17 6
2 2 17 7
2 6 18 11
2 6 18 13
2 6 18 15
2 7 18 11
2 7 18 13
2 7 18 15
2 11 18 13
2 11 18 15
2 13 18 15
2 6 19 11
2 6 19 13
2 6 19 15
2 7 19 11
2 7 19 13
2 7 19 15
2 11 19 13
2 11 19 15
2 13 19 15
3 6 6 9
3 6 6 10
3 6 6 11
3 6 6 12
3 6 6 13
3 6 6 15
3 6 6 17
3 7 6 9
3 7 6 10
3 7 6 11
3 7 6 12
3 7 6 13
3 7 6 15
3 7 6 17
3 9 6 15
3 9 6 17
3 10 6 15
3 10 6 17
3 11 6 15
3 11 6 17
3 12 6 15
3 12 6 17
3 13 6 15
3 13 6 17
3 15 6 17
3 6 7 9
3 6 7 10
3 6 7 11
3 6 7 12
3 6 7 13
3 7 7 9
3 7 7 10
3 7 7 11
3 7 7 12
3 7 7 13
3 2 8 6
3 2 8 7
3 2 8 9
3 2 8 10
3 2 8 11
3 2 8 12
3 2 8 13
3 6 8 9
3 6 8 10
3 6 8 11
3 6 8 12
3 6 8 13
3 7 8 9
3 7 8 10
3 7 8 11
3 7 8 12
3 7 8 13
3 6 9 9
3 6 9 10
3 6 9 11
3 6 9 12
3 6 9 13
3 6 9 15
3 6 9 17
3 7 9 9
3 7 9 10
3 7 9 11
3 7 9 12
3 7 9 13
3 7 9 15
3 7 9 17
3 9 9 15
3 9 9 17
3 10 9 15
3 10 9 17
3 11 9 15
3 11 9 17
3 12 9 15
3 12 9 17
3 13 9 15
3 13 9 17
3 15 9 17
3 6 10 9
3 6 10 10
3 6 10 11
3 6 10 12
3 6 10 13
3 7 10 9
3 7 10 10
3 7 10 11
3 7 10 12
3 7 10 13
3 15 10 17
3 6 11 9
3 6 11 10
3 6 11 11
3 6 11 12
3 6 11 13
3 7 11 9
3 7 11 10
3 7 11 11
3 7 11 12
3 7 11 13
3 2 12 6
3 2 12 7
3 2 12 9
3 2 12 10
3 2 12 11
3 2 12 12
3 2 12 13
3 6 12 9
3 6 12 10
3 6 12 11
3 6 12 12
3 6 12 13
3 7 12 9
3 7 12 10
3 7 12 11
3 7 12 12
3 7 12 13
3 15 12 17
3 2 13 6
3 2 13 7
3 2 14 6
3 2 14 7
3 2 14 10
3 2 14 11
3 2 14 12
3 2 14 13
3 6 14 10
3 6 14 11
3 6 14 12
3 6 14 13
3 7 14 10
3 7 14 11
3 7 14 12
3 7 14 13
3 2 15 6
3 2 15 7
3 2 15 10
3 2 15 11
3 2 15 12
3 2 15 13
3 6 15 10
3 6 15 11
3 6 15 12
3 6 15 13
3 7 15 10
3 7 15 11
3 7 15 12
3 7 15 13
3 2 16 6
3 2 16 7
3 2 16 10
3 2 16 11
3 2 16 12
3 2 16 13
3 6 16 10
3 6 16 11
3 6 16 12
3 6 16 13
3 7 16 10
3 7 16 11
3 7 16 12
3 7 16 13
3 2 17 6
3 2 17 7
3 6 18 11
3 6 18 13
3 6 18 15
3 6 18 17
3 7 18 11
3 7 18 13
3 7 18 15
3 7 18 17
3 11 18 13
3 11 18 15
3 11 18 17
3 13 18 15
3 13 18 17
3 15 18 17
3 6 19 11
3 6 19 13
3 6 19 15
3 7 19 11
3 7 19 13
3 7 19 15
3 11 19 13
3 11 19 15
3 13 19 15
3 11 21 17
3 11 22 17
4 6 6 9
4 6 6 10
4 6 6 11
4 6 6 12
4 6 6 13
4 7 6 9
4 7 6 10
4 7 6 11
4 7 6 12
4 7 6 13
4 6 7 9
4 6 7 10
4 6 7 11
4 6 7 12
4 6 7 13
4 7 7 9
4 7 7 10
4 7 7 11
4 7 7 12
4 7 7 13
4 2 8 6
4 2 8 7
4 2 8 9
4 2 8 10
4 2 8 11
4 2 8 12
4 2 8 13
4 6 8 9
4 6 8 10
4 6 8 11
4 6 8 12
4 6 8 13
4 7 8 9
4 7 8 10
4 7 8 11
4 7 8 12
4 7 8 13
4 6 9 9
4 6 9 10
4 6 9 11
4 6 9 12
4 6 9 13
4 7 9 9
4 7 9 10
4 7 9 11
4 7 9 12
4 7 9 13
4 6 10 9
4 6 10 10
4 6 10 11
4 6 10 12
4 6 10 13
4 7 10 9
4 7 10 10
4 7 10 11
4 7 10 12
4 7 10 13
4 6 11 9
4 6 11 10
4 6 11 11
4 6 11 12
4 6 11 13
4 7 11 9
4 7 11 10
4 7 11 11
4 7 11 12
4 7 11 13
4 2 12 6
4 2 12 7
4 2 12 9
4 2 12 10
4 2 12 11
4 2 12 12
4 2 12 13
4 6 12 9
4 6 12 10
4 6 12 11
4 6 12 12
4 6 12 13
4 7 12 9
4 7 12 10
4 7 12 11
4 7 12 12
4 7 12 13
4 2 13 6
4 2 13 7
4 2 14 6
4 2 14 7
4 2 14 10
4 2 14 11
4 2 14 12
4 2 14 13
4 6 14 10
4 6 14 11
4 6 14 12
4 6 14 13
4 7 14 10
4 7 14 11
4 7 14 12
4 7 14 13
4 2 15 6
4 2 15 7
4 2 15 10
4 2 15 11
4 2 15 12
4 2 15 13
4 6 15 10
4 6 15 11
4 6 15 12
4 6 15 13
4 7 15 10
4 7 15 11
4 7 15 12
4 7 15 13
4 2 16 6
4 2 16 7
4 2 16 10
4 2 16 11
4 2 16 12
4 2 16 13
4 6 16 10
4 6 16 11
4 6 16 12
4 6 16 13
4 7 16 10
4 7 16 11
4 7 16 12
4 7 16 13
4 2 17 6
4 2 17 7
4 6 18 11
4 6 18 13
4 7 18 11
4 7 18 13
4 11 18 13
4 6 19 11
4 6 19 13
4 7 19 11
4 7 19 13
4 11 19 13
5 11 18 13
5 11 19 13
6 4 8 6
6 4 8 7
6 4 8 8
6 4 8 9
6 4 8 10
6 4 8 11
6 4 8 12
6 4 8 13
6 4 9 6
6 4 9 7
6 4 9 8
6 4 9 9
6 4 9 10
6 4 9 11
6 4 9 12
6 4 9 13
6 4 9 15
6 4 9 17
6 6 9 15
6 6 9 17
6 7 9 15
6 7 9 17
6 8 9 15
6 8 9 17
6 9 9 15
6 9 9 17
6 10 9 15
6 10 9 17
6 11 9 15
6 11 9 17
6 12 9 15
6 12 9 17
6 13 9 15
6 13 9 17
6 15 9 17
6 4 10 6
6 4 10 7
6 4 10 8
6 4 10 9
6 4 10 10
6 4 10 11
6 4 10 12
6 4 10 13
6 15 10 17
6 4 11 6
6 4 11 7
6 4 11 8
6 4 11 9
6 4 11 10
6 4 11 11
6 4 11 12
6 4 11 13
6 4 12 6
6 4 12 7
6 4 12 8
6 4 12 9
6 4 12 10
6 4 12 11
6 4 12 12
6 4 12 13
6 15 12 17
6 4 13 6
6 4 13 7
6 4 13 8
6 4 14 6
6 4 14 7
6 4 14 8
6 4 14 10
6 4 14 11
6 4 14 12
6 4 14 13
6 6 14 10
6 6 14 11
6 6 14 12
6 6 14 13
6 7 14 10
6 7 14 11
6 7 14 12
6 7 14 13
6 8 14 10
6 8 14 11
6 8 14 12
6 8 14 13
6 4 15 6
6 4 15 7
6 4 15 8
6 4 15 10
6 4 15 11
6 4 15 12
6 4 15 13
6 6 15 10
6 6 15 11
6 6 15 12
6 6 15 13
6 7 15 10
6 7 15 11
6 7 15 12
6 7 15 13
6 8 15 10
6 8 15 11
6 8 15 12
6 8 15 13
6 4 16 6
6 4 16 7
6 4 16 8
6 4 16 10
6 4 16 11
6 4 16 12
6 4 16 13
6 6 16 10
6 6 16 11
6 6 16 12
6 6 16 13
6 7 16 10
6 7 16 11
6 7 16 12
6 7 16 13
6 8 16 10
6 8 16 11
6 8 16 12
6 8 16 13
6 4 17 6
6 4 17 7
6 4 17 8
6 4 18 6
6 4 18 7
6 4 18 8
6 4 18 11
6 4 18 13
6 4 18 15
6 4 18 17
6 6 18 11
6 6 18 13
6 6 18 15
6 6 18 17
6 7 18 11
6 7 18 13
6 7 18 15
6 7 18 17
6 8 18 11
6 8 18 13
6 8 18 15
6 8 18 17
6 11 18 13
6 11 18 15
6 11 18 17
6 13 18 15
6 13 18 17
6 15 18 17
6 4 19 6
6 4 19 7
6 4 19 8
6 4 19 11
6 4 19 13
6 4 19 15
6 6 19 11
6 6 19 13
6 6 19 15
6 7 19 11
6 7 19 13
6 7 19 15
6 8 19 11
6 8 19 13
6 8 19 15
6 11 19 13
6 11 19 15
6 13 19 15
6 4 20 6
6 4 20 7
6 4 20 8
6 11 21 17
6 8 22 11
6 8 22 17
6 11 22 17
7 6 14 10
7 6 14 11
7 6 14 12
7 6 14 13
7 7 14 10
7 7 14 11
7 7 14 12
7 7 14 13
7 8 14 10
7 8 14 11
7 8 14 12
7 8 14 13
7 6 15 10
7 6 15 11
7 6 15 12
7 6 15 13
7 7 15 10
7 7 15 11
7 7 15 12
7 7 15 13
7 8 15 10
7 8 15 11
7 8 15 12
7 8 15 13
7 6 16 10
7 6 16 11
7 6 16 12
7 6 16 13
7 7 16 10
7 7 16 11
7 7 16 12
7 7 16 13
7 8 16 10
7 8 16 11
7 8 16 12
7 8 16 13
7 6 18 11
7 6 18 13
7 7 18 11
7 7 18 13
7 8 18 11
7 8 18 13
7 11 18 13
7 6 19 11
7 6 19 13
7 7 19 11
7 7 19 13
7 8 19 11
7 8 19 13
7 11 19 13
7 8 22 11
8 2 12 4
8 2 12 5
8 2 12 6
8 2 12 7
8 2 12 8
8 2 12 9
8 2 12 10
8 2 12 11
8 2 12 12
8 2 12 13
8 2 13 4
8 2 13 5
8 2 13 6
8 2 13 7
8 2 13 8
8 2 14 4
8 2 14 5
8 2 14 6
8 2 14 7
8 2 14 8
8 2 14 10
8 2 14 11
8 2 14 12
8 2 14 13
8 4 14 10
8 4 14 11
8 4 14 12
8 4 14 13
8 5 14 10
8 5 14 11
8 5 14 12
8 5 14 13
8 6 14 10
8 6 14 11
8 6 14 12
8 6 14 13
8 7 14 10
8 7 14 11
8 7 14 12
8 7 14 13
8 8 14 10
8 8 14 11
8 8 14 12
8 8 14 13
8 2 15 4
8 2 15 5
8 2 15 6
8 2 15 7
8 2 15 8
8 2 15 10
8 2 15 11
8 2 15 12
8 2 15 13
8 4 15 10
8 4 15 11
8 4 15 12
8 4 15 13
8 5 15 10
8 5 15 11
8 5 15 12
8 5 15 13
8 6 15 10
8 6 15 11
8 6 15 12
8 6 15 13
8 7 15 10
8 7 15 11
8 7 15 12
8 7 15 13
8 8 15 10
8 8 15 11
8 8 15 12
8 8 15 13
8 2 16 4
8 2 16 5
8 2 16 6
8 2 16 7
8 2 16 8
8 2 16 10
8 2 16 11
8 2 16 12
8 2 16 13
8 4 16 10
8 4 16 11
8 4 16 12
8 4 16 13
8 5 16 10
8 5 16 11
8 5 16 12
8 5 16 13
8 6 16 10
8 6 16 11
8 6 16 12
8 6 16 13
8 7 16 10
8 7 16 11
8 7 16 12
8 7 16 13
8 8 16 10
8 8 16 11
8 8 16 12
8 8 16 13
8 2 17 4
8 2 17 5
8 2 17 6
8 2 17 7
8 2 17 8
8 4 18 11
8 4 18 13
8 5 18 11
8 5 18 13
8 6 18 11
8 6 18 13
8 7 18 11
8 7 18 13
8 8 18 11
8 8 18 13
8 11 18 13
8 4 19 11
8 4 19 13
8 5 19 11
8 5 19 13
8 6 19 11
8 6 19 13
8 7 19 11
8 7 19 13
8 8 19 11
8 8 19 13
8 11 19 13
8 8 22 11
9 15 12 17
9 4 14 10
9 4 14 11
9 4 14 12
9 4 14 13
9 5 14 10
9 5 14 11
9 5 14 12
9 5 14 13
9 6 14 10
9 6 14 11
9 6 14 12
9 6 14 13
9 7 14 10
9 7 14 11
9 7 14 12
9 7 14 13
9 8 14 10
9 8 14 11
9 8 14 12
9 8 14 13
9 4 15 10
9 4 15 11
9 4 15 12
9 4 15 13
9 5 15 10
9 5 15 11
9 5 15 12
9 5 15 13
9 6 15 10
9 6 15 11
9 6 15 12
9 6 15 13
9 7 15 10
9 7 15 11
9 7 15 12
9 7 15 13
9 8 15 10
9 8 15 11
9 8 15 12
9 8 15 13
9 4 16 10
9 4 16 11
9 4 16 12
9 4 16 13
9 5 16 10
9 5 16 11
9 5 16 12
9 5 16 13
9 6 16 10
9 6 16 11
9 6 16 12
9 6 16 13
9 7 16 10
9 7 16 11
9 7 16 12
9 7 16 13
9 8 16 10
9 8 16 11
9 8 16 12
9 8 16 13
9 4 18 11
9 4 18 13
9 4 18 15
9 4 18 17
9 5 18 11
9 5 18 13
9 5 18 15
9 5 18 17
9 6 18 11
9 6 18 13
9 6 18 15
9 6 18 17
9 7 18 11
9 7 18 13
9 7 18 15
9 7 18 17
9 8 18 11
9 8 18 13
9 8 18 15
9 8 18 17
9 11 18 13
9 11 18 15
9 11 18 17
9 13 18 15
9 13 18 17
9 15 18 17
9 4 19 11
9 4 19 13
9 4 19 15
9 5 19 11
9 5 19 13
9 5 19 15
9 6 19 11
9 6 19 13
9 6 19 15
9 7 19 11
9 7 19 13
9 7 19 15
9 8 19 11
9 8 19 13
9 8 19 15
9 11 19 13
9 11 19 15
9 13 19 15
9 11 21 17
9 8 22 11
9 8 22 17
9 11 22 17
10 15 12 17
10 4 14 10
10 4 14 11
10 4 14 12
10 4 14 13
10 5 14 10
10 5 14 11
10 5 14 12
10 5 14 13
10 6 14 10
10 6 14 11
10 6 14 12
10 6 14 13
10 7 14 10
10 7 14 11
10 7 14 12
10 7 14 13
10 8 14 10
10 8 14 11
10 8 14 12
10 8 14 13
10 4 15 10
10 4 15 11
10 4 15 12
10 4 15 13
10 5 15 10
10 5 15 11
10 5 15 12
10 5 15 13
10 6 15 10
10 6 15 11
10 6 15 12
10 6 15 13
10 7 15 10
10 7 15 11
10 7 15 12
10 7 15 13
10 8 15 10
10 8 15 11
10 8 15 12
10 8 15 13
10 4 16 10
10 4 16 11
10 4 16 12
10 4 16 13
10 5 16 10
10 5 16 11
10 5 16 12
10 5 16 13
10 6 16 10
10 6 16 11
10 6 16 12
10 6 16 13
10 7 16 10
10 7 16 11
10 7 16 12
10 7 16 13
10 8 16 10
10 8 16 11
10 8 16 12
10 8 16 13
10 4 18 11
10 4 18 13
10 5 18 11
10 5 18 13
10 6 18 11
10 6 18 13
10 7 18 11
10 7 18 13
10 8 18 11
10 8 18 13
10 11 18 13
10 15 18 17
10 4 19 11
10 4 19 13
10 5 19 11
10 5 19 13
10 6 19 11
10 6 19 13
10 7 19 11
10 7 19 13
10 8 19 11
10 8 19 13
10 11 19 13
10 8 22 11
11 4 14 10
11 4 14 11
11 4 14 12
11 4 14 13
11 5 14 10
11 5 14 11
11 5 14 12
11 5 14 13
11 6 14 10
11 6 14 11
11 6 14 12
11 6 14 13
11 7 14 10
11 7 14 11
11 7 14 12
11 7 14 13
11 8 14 10
11 8 14 11
11 8 14 12
11 8 14 13
11 4 15 10
11 4 15 11
11 4 15 12
11 4 15 13
11 5 15 10
11 5 15 11
11 5 15 12
11 5 15 13
11 6 15 10
11 6 15 11
11 6 15 12
11 6 15 13
11 7 15 10
11 7 15 11
11 7 15 12
11 7 15 13
11 8 15 10
11 8 15 11
11 8 15 12
11 8 15 13
11 4 16 10
11 4 16 11
11 4 16 12
11 4 16 13
11 5 16 10
11 5 16 11
11 5 16 12
11 5 16 13
11 6 16 10
11 6 16 11
11 6 16 12
11 6 16 13
11 7 16 10
11 7 16 11
11 7 16 12
11 7 16 13
11 8 16 10
11 8 16 11
11 8 16 12
11 8 16 13
11 4 18 11
11 4 18 13
11 5 18 11
11 5 18 13
11 6 18 11
11 6 18 13
11 7 18 11
11 7 18 13
11 8 18 11
11 8 18 13
11 11 18 13
11 4 19 11
11 4 19 13
11 5 19 11
11 5 19 13
11 6 19 11
11 6 19 13
11 7 19 11
11 7 19 13
11 8 19 11
11 8 19 13
11 11 19 13
11 8 22 11
12 2 14 10
12 2 14 11
12 2 14 12
12 2 14 13
12 3 14 10
12 3 14 11
12 3 14 12
12 3 14 13
12 4 14 10
12 4 14 11
12 4 14 12
12 4 14 13
12 5 14 10
12 5 14 11
12 5 14 12
12 5 14 13
12 6 14 10
12 6 14 11
12 6 14 12
12 6 14 13
12 7 14 10
12 7 14 11
12 7 14 12
12 7 14 13
12 8 14 10
12 8 14 11
12 8 14 12
12 8 14 13
12 2 15 10
12 2 15 11
12 2 15 12
12 2 15 13
12 3 15 10
12 3 15 11
12 3 15 12
12 3 15 13
12 4 15 10
12 4 15 11
12 4 15 12
12 4 15 13
12 5 15 10
12 5 15 11
12 5 15 12
12 5 15 13
12 6 15 10
12 6 15 11
12 6 15 12
12 6 15 13
12 7 15 10
12 7 15 11
12 7 15 12
12 7 15 13
12 8 15 10
12 8 15 11
12 8 15 12
12 8 15 13
12 2 16 10
12 2 16 11
12 2 16 12
12 2 16 13
12 3 16 10
12 3 16 11
12 3 16 12
12 3 16 13
12 4 16 10
12 4 16 11
12 4 16 12
12 4 16 13
12 5 16 10
12 5 16 11
12 5 16 12
12 5 16 13
12 6 16 10
12 6 16 11
12 6 16 12
12 6 16 13
12 7 16 10
12 7 16 11
12 7 16 12
12 7 16 13
12 8 16 10
12 8 16 11
12 8 16 12
12 8 16 13
12 3 18 11
12 3 18 13
12 4 18 11
12 4 18 13
12 5 18 11
12 5 18 13
12 6 18 11
12 6 18 13
12 7 18 11
12 7 18 13
12 8 18 11
12 8 18 13
12 11 18 13
12 15 18 17
12 4 19 11
12 4 19 13
12 5 19 11
12 5 19 13
12 6 19 11
12 6 19 13
12 7 19 11
12 7 19 13
12 8 19 11
12 8 19 13
12 11 19 13
12 8 22 11
13 11 18 13
13 11 19 13
14 3 18 11
14 3 18 13
14 4 18 11
14 4 18 13
14 5 18 11
14 5 18 13
14 6 18 11
14 6 18 13
14 7 18 11
14 7 18 13
14 8 18 11
14 8 18 13
14 11 18 13
14 4 19 11
14 4 19 13
14 5 19 11
14 5 19 13
14 6 19 11
14 6 19 13
14 7 19 11
14 7 19 13
14 8 19 11
14 8 19 13
14 11 19 13
14 8 22 11
15 3 18 11
15 3 18 13
15 4 18 11
15 4 18 13
15 5 18 11
15 5 18 13
15 6 18 11
15 6 18 13
15 7 18 11
15 7 18 13
15 8 18 11
15 8 18 13
15 11 18 13
15 4 19 11
15 4 19 13
15 5 19 11
15 5 19 13
15 6 19 11
15 6 19 13
15 7 19 11
15 7 19 13
15 8 19 11
15 8 19 13
15 11 19 13
15 8 22 11
16 3 18 11
16 3 18 13
16 4 18 11
16 4 18 13
16 5 18 11
16 5 18 13
16 6 18 11
16 6 18 13
16 7 18 11
16 7 18 13
16 8 18 11
16 8 18 13
16 11 18 13
16 4 19 11
16 4 19 13
16 5 19 11
16 5 19 13
16 6 19 11
16 6 19 13
16 7 19 11
16 7 19 13
16 8 19 11
16 8 19 13
16 11 19 13
16 8 22 11
18 11 21 17
18 8 22 11
18 8 22 17
18 11 22 17
19 8 22 11
