21 17
00111111111000000
00100000001000000
00111111101000000
00111000101000000
00111000101000000
00111000101000000
00111000101000000
00111000101000000
01111111111000000
01111000111111111
01111000111000001
01111000111000001
01111111111000001
01011000111000001
01011000111000001
01011000111000001
01111111111000001
00011000110000001
00011000110000001
00011000111111111
00011111100000000
60
1 3 9 11
1 3 13 11
3 3 9 9
3 4 9 9
3 5 9 9
3 3 13 9
3 4 13 9
3 5 13 9
3 4 17 9
3 5 17 9
3 4 21 9
3 5 21 9
9 2 13 9
9 2 13 10
9 2 13 11
9 3 13 9
9 3 13 10
9 3 13 11
9 4 13 9
9 4 13 10
9 4 13 11
9 5 13 9
9 5 13 10
9 5 13 11
9 2 17 4
9 2 17 5
9 2 17 9
9 2 17 10
9 2 17 11
9 4 17 9
9 4 17 10
9 4 17 11
9 5 17 9
9 5 17 10
9 5 17 11
9 4 21 9
9 5 21 9
10 2 17 4
10 2 17 5
10 9 20 17
10 10 20 17
11 2 17 4
11 2 17 5
12 2 17 4
12 2 17 5
13 2 17 4
13 2 17 5
13 2 17 9
13 2 17 10
13 2 17 11
13 4 17 9
13 4 17 10
13 4 17 11
13 5 17 9
13 5 17 10
13 5 17 11
13 4 21 9
13 5 21 9
17 4 21 9
17 5 21 9
