17 13
0011111111110
1111011111110
1011111111110
1111111111111
1111111111111
1111111111111
1111111111111
1111111111111
1111111111111
1111111111111
1111111111111
1111111111111
1111111111111
1111011111111
1111111111111
1111111111111
1111111111111
1226
1 3 3 6
1 3 3 7
1 3 3 8
1 3 3 9
1 3 3 10
1 3 3 11
1 3 3 12
1 4 3 6
1 4 3 7
1 4 3 8
1 4 3 9
1 4 3 10
1 4 3 11
1 4 3 12
1 3 4 6
1 3 4 7
1 3 4 8
1 3 4 9
1 3 4 10
1 3 4 11
1 3 4 12
1 4 4 6
1 4 4 7
1 4 4 8
1 4 4 9
1 4 4 10
1 4 4 11
1 4 4 12
1 3 5 6
1 3 5 7
1 3 5 8
1 3 5 9
1 3 5 10
1 3 5 11
1 3 5 12
1 4 5 6
1 4 5 7
1 4 5 8
1 4 5 9
1 4 5 10
1 4 5 11
1 4 5 12
1 3 6 6
1 3 6 7
1 3 6 8
1 3 6 9
1 3 6 10
1 3 6 11
1 3 6 12
1 4 6 6
1 4 6 7
1 4 6 8
1 4 6 9
1 4 6 10
1 4 6 11
1 4 6 12
1 3 7 6
1 3 7 7
1 3 7 8
1 3 7 9
1 3 7 10
1 3 7 11
1 3 7 12
1 4 7 6
1 4 7 7
1 4 7 8
1 4 7 9
1 4 7 10
1 4 7 11
1 4 7 12
1 3 8 6
1 3 8 7
1 3 8 8
1 3 8 9
1 3 8 10
1 3 8 11
1 3 8 12
1 4 8 6
1 4 8 7
1 4 8 8
1 4 8 9
1 4 8 10
1 4 8 11
1 4 8 12
1 3 9 6
1 3 9 7
1 3 9 8
1 3 9 9
1 3 9 10
1 3 9 11
1 3 9 12
1 4 9 6
1 4 9 7
1 4 9 8
1 4 9 9
1 4 9 10
1 4 9 11
1 4 9 12
1 3 10 6
1 3 10 7
1 3 10 8
1 3 10 9
1 3 10 10
1 3 10 11
1 3 10 12
1 4 10 6
1 4 10 7
1 4 10 8
1 4 10 9
1 4 10 10
1 4 10 11
1 4 10 12
1 3 11 6
1 3 11 7
1 3 11 8
1 3 11 9
1 3 11 10
1 3 11 11
1 3 11 12
1 4 11 6
1 4 11 7
1 4 11 8
1 4 11 9
1 4 11 10
1 4 11 11
1 4 11 12
1 3 12 6
1 3 12 7
1 3 12 8
1 3 12 9
1 3 12 10
1 3 12 11
1 3 12 12
1 4 12 6
1 4 12 7
1 4 12 8
1 4 12 9
1 4 12 10
1 4 12 11
1 4 12 12
1 3 13 6
1 3 13 7
1 3 13 8
1 3 13 9
1 3 13 10
1 3 13 11
1 3 13 12
1 4 13 6
1 4 13 7
1 4 13 8
1 4 13 9
1 4 13 10
1 4 13 11
1 4 13 12
1 3 15 6
1 3 15 7
1 3 15 8
1 3 15 9
1 3 15 10
1 3 15 11
1 3 15 12
1 4 15 6
1 4 15 7
1 4 15 8
1 4 15 9
1 4 15 10
1 4 15 11
1 4 15 12
1 3 16 6
1 3 16 7
1 3 16 8
1 3 16 9
1 3 16 10
1 3 16 11
1 3 16 12
1 4 16 6
1 4 16 7
1 4 16 8
1 4 16 9
1 4 16 10
1 4 16 11
1 4 16 12
1 3 17 6
1 3 17 7
1 3 17 8
1 3 17 9
1 3 17 10
1 3 17 11
1 3 17 12
1 4 17 6
1 4 17 7
1 4 17 8
1 4 17 9
1 4 17 10
1 4 17 11
1 4 17 12
2 1 4 3
2 1 4 4
2 1 5 3
2 1 5 4
2 1 6 3
2 1 6 4
2 1 7 3
2 1 7 4
2 1 8 3
2 1 8 4
2 1 9 3
2 1 9 4
2 1 10 3
2 1 10 4
2 1 11 3
2 1 11 4
2 1 12 3
2 1 12 4
2 1 13 3
2 1 13 4
2 1 14 3
2 1 14 4
2 1 15 3
2 1 15 4
2 1 16 3
2 1 16 4
2 1 17 3
2 1 17 4
3 3 15 6
3 3 15 7
3 3 15 8
3 3 15 9
3 3 15 10
3 3 15 11
3 3 15 12
3 4 15 6
3 4 15 7
3 4 15 8
3 4 15 9
3 4 15 10
3 4 15 11
3 4 15 12
3 3 16 6
3 3 16 7
3 3 16 8
3 3 16 9
3 3 16 10
3 3 16 11
3 3 16 12
3 4 16 6
3 4 16 7
3 4 16 8
3 4 16 9
3 4 16 10
3 4 16 11
3 4 16 12
3 3 17 6
3 3 17 7
3 3 17 8
3 3 17 9
3 3 17 10
3 3 17 11
3 3 17 12
3 4 17 6
3 4 17 7
3 4 17 8
3 4 17 9
3 4 17 10
3 4 17 11
3 4 17 12
4 1 15 6
4 1 15 7
4 1 15 8
4 1 15 9
4 1 15 10
4 1 15 11
4 1 15 12
4 1 15 13
4 2 15 6
4 2 15 7
4 2 15 8
4 2 15 9
4 2 15 10
4 2 15 11
4 2 15 12
4 2 15 13
4 3 15 6
4 3 15 7
4 3 15 8
4 3 15 9
4 3 15 10
4 3 15 11
4 3 15 12
4 3 15 13
4 4 15 6
4 4 15 7
4 4 15 8
4 4 15 9
4 4 15 10
4 4 15 11
4 4 15 12
4 4 15 13
4 1 16 6
4 1 16 7
4 1 16 8
4 1 16 9
4 1 16 10
4 1 16 11
4 1 16 12
4 1 16 13
4 2 16 6
4 2 16 7
4 2 16 8
4 2 16 9
4 2 16 10
4 2 16 11
4 2 16 12
4 2 16 13
4 3 16 6
4 3 16 7
4 3 16 8
4 3 16 9
4 3 16 10
4 3 16 11
4 3 16 12
4 3 16 13
4 4 16 6
4 4 16 7
4 4 16 8
4 4 16 9
4 4 16 10
4 4 16 11
4 4 16 12
4 4 16 13
4 1 17 6
4 1 17 7
4 1 17 8
4 1 17 9
4 1 17 10
4 1 17 11
4 1 17 12
4 1 17 13
4 2 17 6
4 2 17 7
4 2 17 8
4 2 17 9
4 2 17 10
4 2 17 11
4 2 17 12
4 2 17 13
4 3 17 6
4 3 17 7
4 3 17 8
4 3 17 9
4 3 17 10
4 3 17 11
4 3 17 12
4 3 17 13
4 4 17 6
4 4 17 7
4 4 17 8
4 4 17 9
4 4 17 10
4 4 17 11
4 4 17 12
4 4 17 13
5 1 15 6
5 1 15 7
5 1 15 8
5 1 15 9
5 1 15 10
5 1 15 11
5 1 15 12
5 1 15 13
5 2 15 6
5 2 15 7
5 2 15 8
5 2 15 9
5 2 15 10
5 2 15 11
5 2 15 12
5 2 15 13
5 3 15 6
5 3 15 7
5 3 15 8
5 3 15 9
5 3 15 10
5 3 15 11
5 3 15 12
5 3 15 13
5 4 15 6
5 4 15 7
5 4 15 8
5 4 15 9
5 4 15 10
5 4 15 11
5 4 15 12
5 4 15 13
5 1 16 6
5 1 16 7
5 1 16 8
5 1 16 9
5 1 16 10
5 1 16 11
5 1 16 12
5 1 16 13
5 2 16 6
5 2 16 7
5 2 16 8
5 2 16 9
5 2 16 10
5 2 16 11
5 2 16 12
5 2 16 13
5 3 16 6
5 3 16 7
5 3 16 8
5 3 16 9
5 3 16 10
5 3 16 11
5 3 16 12
5 3 16 13
5 4 16 6
5 4 16 7
5 4 16 8
5 4 16 9
5 4 16 10
5 4 16 11
5 4 16 12
5 4 16 13
5 1 17 6
5 1 17 7
5 1 17 8
5 1 17 9
5 1 17 10
5 1 17 11
5 1 17 12
5 1 17 13
5 2 17 6
5 2 17 7
5 2 17 8
5 2 17 9
5 2 17 10
5 2 17 11
5 2 17 12
5 2 17 13
5 3 17 6
5 3 17 7
5 3 17 8
5 3 17 9
5 3 17 10
5 3 17 11
5 3 17 12
5 3 17 13
5 4 17 6
5 4 17 7
5 4 17 8
5 4 17 9
5 4 17 10
5 4 17 11
5 4 17 12
5 4 17 13
6 1 15 6
6 1 15 7
6 1 15 8
6 1 15 9
6 1 15 10
6 1 15 11
6 1 15 12
6 1 15 13
6 2 15 6
6 2 15 7
6 2 15 8
6 2 15 9
6 2 15 10
6 2 15 11
6 2 15 12
6 2 15 13
6 3 15 6
6 3 15 7
6 3 15 8
6 3 15 9
6 3 15 10
6 3 15 11
6 3 15 12
6 3 15 13
6 4 15 6
6 4 15 7
6 4 15 8
6 4 15 9
6 4 15 10
6 4 15 11
6 4 15 12
6 4 15 13
6 1 16 6
6 1 16 7
6 1 16 8
6 1 16 9
6 1 16 10
6 1 16 11
6 1 16 12
6 1 16 13
6 2 16 6
6 2 16 7
6 2 16 8
6 2 16 9
6 2 16 10
6 2 16 11
6 2 16 12
6 2 16 13
6 3 16 6
6 3 16 7
6 3 16 8
6 3 16 9
6 3 16 10
6 3 16 11
6 3 16 12
6 3 16 13
6 4 16 6
6 4 16 7
6 4 16 8
6 4 16 9
6 4 16 10
6 4 16 11
6 4 16 12
6 4 16 13
6 1 17 6
6 1 17 7
6 1 17 8
6 1 17 9
6 1 17 10
6 1 17 11
6 1 17 12
6 1 17 13
6 2 17 6
6 2 17 7
6 2 17 8
6 2 17 9
6 2 17 10
6 2 17 11
6 2 17 12
6 2 17 13
6 3 17 6
6 3 17 7
6 3 17 8
6 3 17 9
6 3 17 10
6 3 17 11
6 3 17 12
6 3 17 13
6 4 17 6
6 4 17 7
6 4 17 8
6 4 17 9
6 4 17 10
6 4 17 11
6 4 17 12
6 4 17 13
7 1 15 6
7 1 15 7
7 1 15 8
7 1 15 9
7 1 15 10
7 1 15 11
7 1 15 12
7 1 15 13
7 2 15 6
7 2 15 7
7 2 15 8
7 2 15 9
7 2 15 10
7 2 15 11
7 2 15 12
7 2 15 13
7 3 15 6
7 3 15 7
7 3 15 8
7 3 15 9
7 3 15 10
7 3 15 11
7 3 15 12
7 3 15 13
7 4 15 6
7 4 15 7
7 4 15 8
7 4 15 9
7 4 15 10
7 4 15 11
7 4 15 12
7 4 15 13
7 1 16 6
7 1 16 7
7 1 16 8
7 1 16 9
7 1 16 10
7 1 16 11
7 1 16 12
7 1 16 13
7 2 16 6
7 2 16 7
7 2 16 8
7 2 16 9
7 2 16 10
7 2 16 11
7 2 16 12
7 2 16 13
7 3 16 6
7 3 16 7
7 3 16 8
7 3 16 9
7 3 16 10
7 3 16 11
7 3 16 12
7 3 16 13
7 4 16 6
7 4 16 7
7 4 16 8
7 4 16 9
7 4 16 10
7 4 16 11
7 4 16 12
7 4 16 13
7 1 17 6
7 1 17 7
7 1 17 8
7 1 17 9
7 1 17 10
7 1 17 11
7 1 17 12
7 1 17 13
7 2 17 6
7 2 17 7
7 2 17 8
7 2 17 9
7 2 17 10
7 2 17 11
7 2 17 12
7 2 17 13
7 3 17 6
7 3 17 7
7 3 17 8
7 3 17 9
7 3 17 10
7 3 17 11
7 3 17 12
7 3 17 13
7 4 17 6
7 4 17 7
7 4 17 8
7 4 17 9
7 4 17 10
7 4 17 11
7 4 17 12
7 4 17 13
8 1 15 6
8 1 15 7
8 1 15 8
8 1 15 9
8 1 15 10
8 1 15 11
8 1 15 12
8 1 15 13
8 2 15 6
8 2 15 7
8 2 15 8
8 2 15 9
8 2 15 10
8 2 15 11
8 2 15 12
8 2 15 13
8 3 15 6
8 3 15 7
8 3 15 8
8 3 15 9
8 3 15 10
8 3 15 11
8 3 15 12
8 3 15 13
8 4 15 6
8 4 15 7
8 4 15 8
8 4 15 9
8 4 15 10
8 4 15 11
8 4 15 12
8 4 15 13
8 1 16 6
8 1 16 7
8 1 16 8
8 1 16 9
8 1 16 10
8 1 16 11
8 1 16 12
8 1 16 13
8 2 16 6
8 2 16 7
8 2 16 8
8 2 16 9
8 2 16 10
8 2 16 11
8 2 16 12
8 2 16 13
8 3 16 6
8 3 16 7
8 3 16 8
8 3 16 9
8 3 16 10
8 3 16 11
8 3 16 12
8 3 16 13
8 4 16 6
8 4 16 7
8 4 16 8
8 4 16 9
8 4 16 10
8 4 16 11
8 4 16 12
8 4 16 13
8 1 17 6
8 1 17 7
8 1 17 8
8 1 17 9
8 1 17 10
8 1 17 11
8 1 17 12
8 1 17 13
8 2 17 6
8 2 17 7
8 2 17 8
8 2 17 9
8 2 17 10
8 2 17 11
8 2 17 12
8 2 17 13
8 3 17 6
8 3 17 7
8 3 17 8
8 3 17 9
8 3 17 10
8 3 17 11
8 3 17 12
8 3 17 13
8 4 17 6
8 4 17 7
8 4 17 8
8 4 17 9
8 4 17 10
8 4 17 11
8 4 17 12
8 4 17 13
9 1 15 6
9 1 15 7
9 1 15 8
9 1 15 9
9 1 15 10
9 1 15 11
9 1 15 12
9 1 15 13
9 2 15 6
9 2 15 7
9 2 15 8
9 2 15 9
9 2 15 10
9 2 15 11
9 2 15 12
9 2 15 13
9 3 15 6
9 3 15 7
9 3 15 8
9 3 15 9
9 3 15 10
9 3 15 11
9 3 15 12
9 3 15 13
9 4 15 6
9 4 15 7
9 4 15 8
9 4 15 9
9 4 15 10
9 4 15 11
9 4 15 12
9 4 15 13
9 1 16 6
9 1 16 7
9 1 16 8
9 1 16 9
9 1 16 10
9 1 16 11
9 1 16 12
9 1 16 13
9 2 16 6
9 2 16 7
9 2 16 8
9 2 16 9
9 2 16 10
9 2 16 11
9 2 16 12
9 2 16 13
9 3 16 6
9 3 16 7
9 3 16 8
9 3 16 9
9 3 16 10
9 3 16 11
9 3 16 12
9 3 16 13
9 4 16 6
9 4 16 7
9 4 16 8
9 4 16 9
9 4 16 10
9 4 16 11
9 4 16 12
9 4 16 13
9 1 17 6
9 1 17 7
9 1 17 8
9 1 17 9
9 1 17 10
9 1 17 11
9 1 17 12
9 1 17 13
9 2 17 6
9 2 17 7
9 2 17 8
9 2 17 9
9 2 17 10
9 2 17 11
9 2 17 12
9 2 17 13
9 3 17 6
9 3 17 7
9 3 17 8
9 3 17 9
9 3 17 10
9 3 17 11
9 3 17 12
9 3 17 13
9 4 17 6
9 4 17 7
9 4 17 8
9 4 17 9
9 4 17 10
9 4 17 11
9 4 17 12
9 4 17 13
10 1 15 6
10 1 15 7
10 1 15 8
10 1 15 9
10 1 15 10
10 1 15 11
10 1 15 12
10 1 15 13
10 2 15 6
10 2 15 7
10 2 15 8
10 2 15 9
10 2 15 10
10 2 15 11
10 2 15 12
10 2 15 13
10 3 15 6
10 3 15 7
10 3 15 8
10 3 15 9
10 3 15 10
10 3 15 11
10 3 15 12
10 3 15 13
10 4 15 6
10 4 15 7
10 4 15 8
10 4 15 9
10 4 15 10
10 4 15 11
10 4 15 12
10 4 15 13
10 1 16 6
10 1 16 7
10 1 16 8
10 1 16 9
10 1 16 10
10 1 16 11
10 1 16 12
10 1 16 13
10 2 16 6
10 2 16 7
10 2 16 8
10 2 16 9
10 2 16 10
10 2 16 11
10 2 16 12
10 2 16 13
10 3 16 6
10 3 16 7
10 3 16 8
10 3 16 9
10 3 16 10
10 3 16 11
10 3 16 12
10 3 16 13
10 4 16 6
10 4 16 7
10 4 16 8
10 4 16 9
10 4 16 10
10 4 16 11
10 4 16 12
10 4 16 13
10 1 17 6
10 1 17 7
10 1 17 8
10 1 17 9
10 1 17 10
10 1 17 11
10 1 17 12
10 1 17 13
10 2 17 6
10 2 17 7
10 2 17 8
10 2 17 9
10 2 17 10
10 2 17 11
10 2 17 12
10 2 17 13
10 3 17 6
10 3 17 7
10 3 17 8
10 3 17 9
10 3 17 10
10 3 17 11
10 3 17 12
10 3 17 13
10 4 17 6
10 4 17 7
10 4 17 8
10 4 17 9
10 4 17 10
10 4 17 11
10 4 17 12
10 4 17 13
11 1 15 6
11 1 15 7
11 1 15 8
11 1 15 9
11 1 15 10
11 1 15 11
11 1 15 12
11 1 15 13
11 2 15 6
11 2 15 7
11 2 15 8
11 2 15 9
11 2 15 10
11 2 15 11
11 2 15 12
11 2 15 13
11 3 15 6
11 3 15 7
11 3 15 8
11 3 15 9
11 3 15 10
11 3 15 11
11 3 15 12
11 3 15 13
11 4 15 6
11 4 15 7
11 4 15 8
11 4 15 9
11 4 15 10
11 4 15 11
11 4 15 12
11 4 15 13
11 1 16 6
11 1 16 7
11 1 16 8
11 1 16 9
11 1 16 10
11 1 16 11
11 1 16 12
11 1 16 13
11 2 16 6
11 2 16 7
11 2 16 8
11 2 16 9
11 2 16 10
11 2 16 11
11 2 16 12
11 2 16 13
11 3 16 6
11 3 16 7
11 3 16 8
11 3 16 9
11 3 16 10
11 3 16 11
11 3 16 12
11 3 16 13
11 4 16 6
11 4 16 7
11 4 16 8
11 4 16 9
11 4 16 10
11 4 16 11
11 4 16 12
11 4 16 13
11 1 17 6
11 1 17 7
11 1 17 8
11 1 17 9
11 1 17 10
11 1 17 11
11 1 17 12
11 1 17 13
11 2 17 6
11 2 17 7
11 2 17 8
11 2 17 9
11 2 17 10
11 2 17 11
11 2 17 12
11 2 17 13
11 3 17 6
11 3 17 7
11 3 17 8
11 3 17 9
11 3 17 10
11 3 17 11
11 3 17 12
11 3 17 13
11 4 17 6
11 4 17 7
11 4 17 8
11 4 17 9
11 4 17 10
11 4 17 11
11 4 17 12
11 4 17 13
12 1 15 6
12 1 15 7
12 1 15 8
12 1 15 9
12 1 15 10
12 1 15 11
12 1 15 12
12 1 15 13
12 2 15 6
12 2 15 7
12 2 15 8
12 2 15 9
12 2 15 10
12 2 15 11
12 2 15 12
12 2 15 13
12 3 15 6
12 3 15 7
12 3 15 8
12 3 15 9
12 3 15 10
12 3 15 11
12 3 15 12
12 3 15 13
12 4 15 6
12 4 15 7
12 4 15 8
12 4 15 9
12 4 15 10
12 4 15 11
12 4 15 12
12 4 15 13
12 1 16 6
12 1 16 7
12 1 16 8
12 1 16 9
12 1 16 10
12 1 16 11
12 1 16 12
12 1 16 13
12 2 16 6
12 2 16 7
12 2 16 8
12 2 16 9
12 2 16 10
12 2 16 11
12 2 16 12
12 2 16 13
12 3 16 6
12 3 16 7
12 3 16 8
12 3 16 9
12 3 16 10
12 3 16 11
12 3 16 12
12 3 16 13
12 4 16 6
12 4 16 7
12 4 16 8
12 4 16 9
12 4 16 10
12 4 16 11
12 4 16 12
12 4 16 13
12 1 17 6
12 1 17 7
12 1 17 8
12 1 17 9
12 1 17 10
12 1 17 11
12 1 17 12
12 1 17 13
12 2 17 6
12 2 17 7
12 2 17 8
12 2 17 9
12 2 17 10
12 2 17 11
12 2 17 12
12 2 17 13
12 3 17 6
12 3 17 7
12 3 17 8
12 3 17 9
12 3 17 10
12 3 17 11
12 3 17 12
12 3 17 13
12 4 17 6
12 4 17 7
12 4 17 8
12 4 17 9
12 4 17 10
12 4 17 11
12 4 17 12
12 4 17 13
13 1 15 6
13 1 15 7
13 1 15 8
13 1 15 9
13 1 15 10
13 1 15 11
13 1 15 12
13 1 15 13
13 2 15 6
13 2 15 7
13 2 15 8
13 2 15 9
13 2 15 10
13 2 15 11
13 2 15 12
13 2 15 13
13 3 15 6
13 3 15 7
13 3 15 8
13 3 15 9
13 3 15 10
13 3 15 11
13 3 15 12
13 3 15 13
13 4 15 6
13 4 15 7
13 4 15 8
13 4 15 9
13 4 15 10
13 4 15 11
13 4 15 12
13 4 15 13
13 1 16 6
13 1 16 7
13 1 16 8
13 1 16 9
13 1 16 10
13 1 16 11
13 1 16 12
13 1 16 13
13 2 16 6
13 2 16 7
13 2 16 8
13 2 16 9
13 2 16 10
13 2 16 11
13 2 16 12
13 2 16 13
13 3 16 6
13 3 16 7
13 3 16 8
13 3 16 9
13 3 16 10
13 3 16 11
13 3 16 12
13 3 16 13
13 4 16 6
13 4 16 7
13 4 16 8
13 4 16 9
13 4 16 10
13 4 16 11
13 4 16 12
13 4 16 13
13 1 17 6
13 1 17 7
13 1 17 8
13 1 17 9
13 1 17 10
13 1 17 11
13 1 17 12
13 1 17 13
13 2 17 6
13 2 17 7
13 2 17 8
13 2 17 9
13 2 17 10
13 2 17 11
13 2 17 12
13 2 17 13
13 3 17 6
13 3 17 7
13 3 17 8
13 3 17 9
13 3 17 10
13 3 17 11
13 3 17 12
13 3 17 13
13 4 17 6
13 4 17 7
13 4 17 8
13 4 17 9
13 4 17 10
13 4 17 11
13 4 17 12
13 4 17 13
