19 18
111111111111110000
100000001000010000
100000001000010000
111111111111110000
111111111111111100
111000001010010100
111000001010010100
111001111111110100
111001111110010100
111001001010010100
111111111111111100
111111111010010000
101111111111111100
111001000010010100
001111111111110100
001111111111110100
001100000000100100
001111111111111100
000111111111100000
165
1 1 4 9
1 1 4 14
1 9 4 14
1 1 5 9
1 1 5 14
1 9 5 14
1 9 8 14
1 1 11 9
1 1 11 14
1 9 11 14
1 1 12 9
1 9 13 14
4 9 8 11
4 9 8 14
4 11 8 14
4 9 9 11
4 1 11 9
4 1 11 11
4 1 11 14
4 2 11 9
4 2 11 11
4 2 11 14
4 3 11 9
4 3 11 11
4 3 11 14
4 9 11 11
4 9 11 14
4 11 11 14
4 1 12 9
4 2 12 9
4 3 12 9
4 3 13 9
4 3 13 11
4 3 13 14
4 9 13 11
4 9 13 14
4 11 13 14
4 1 14 3
4 3 15 11
4 3 15 14
4 11 15 14
4 3 16 11
4 3 16 14
4 11 16 14
5 9 8 11
5 9 8 14
5 11 8 14
5 9 9 11
5 1 11 9
5 1 11 11
5 1 11 14
5 1 11 16
5 2 11 9
5 2 11 11
5 2 11 14
5 2 11 16
5 3 11 9
5 3 11 11
5 3 11 14
5 3 11 16
5 9 11 11
5 9 11 14
5 9 11 16
5 11 11 14
5 11 11 16
5 14 11 16
5 1 12 9
5 2 12 9
5 3 12 9
5 3 13 9
5 3 13 11
5 3 13 14
5 9 13 11
5 9 13 14
5 11 13 14
5 1 14 3
5 3 15 11
5 3 15 14
5 11 15 14
5 3 16 11
5 3 16 14
5 11 16 14
6 1 14 3
7 1 14 3
8 6 11 9
8 6 11 11
8 6 11 14
8 9 11 11
8 9 11 14
8 11 11 14
8 6 12 9
8 6 13 9
8 6 13 11
8 6 13 14
8 9 13 11
8 9 13 14
8 11 13 14
8 1 14 3
8 6 15 11
8 6 15 14
8 11 15 14
8 6 16 11
8 6 16 14
8 11 16 14
9 6 11 9
9 6 11 11
9 9 11 11
9 6 12 9
9 6 13 9
9 6 13 11
9 9 13 11
9 1 14 3
9 6 15 11
9 6 16 11
10 1 14 3
11 3 13 11
11 3 13 14
11 4 13 11
11 4 13 14
11 5 13 11
11 5 13 14
11 6 13 11
11 6 13 14
11 7 13 11
11 7 13 14
11 8 13 11
11 8 13 14
11 9 13 11
11 9 13 14
11 11 13 14
11 1 14 3
11 3 15 6
11 3 15 11
11 3 15 14
11 6 15 11
11 6 15 14
11 11 15 14
11 3 16 6
11 3 16 11
11 3 16 14
11 6 16 11
11 6 16 14
11 11 16 14
12 1 14 3
12 3 15 6
12 3 16 6
13 3 15 6
13 3 15 11
13 3 15 14
13 6 15 11
13 6 15 14
13 11 15 14
13 3 16 6
13 3 16 11
13 3 16 14
13 6 16 11
13 6 16 14
13 11 16 14
13 3 18 16
15 3 18 13
15 4 18 13
15 4 19 13
16 3 18 13
16 4 18 13
16 4 19 13
