23 20
00000000000000000000
00000000000000000000
00011110000000000000
00010010000000000000
11111111111111000000
10010010000001000000
10010010000001000000
10111110000001000000
10110111111111000000
10110110000001000000
10111110000001000000
10011111111111111111
10010010000001001001
10010010000001001001
11111111111111111001
00010011111101000001
00010010000101000001
00010010000101000001
00010010000101000001
00010010000101000001
00010011111111000001
00011110000100000001
00000011111111111111
51
3 4 5 7
3 4 8 7
3 4 11 7
3 4 12 7
3 4 15 7
3 4 22 7
5 4 8 7
5 7 9 14
5 4 11 7
5 4 12 7
5 4 12 14
5 7 12 14
5 1 15 4
5 1 15 7
5 1 15 14
5 4 15 7
5 4 15 14
5 7 15 14
5 7 21 14
5 4 22 7
8 3 11 6
8 3 11 7
8 4 11 6
8 4 11 7
8 4 12 6
8 4 12 7
8 4 15 7
8 4 22 7
9 6 12 14
9 7 12 14
9 7 15 14
9 7 21 14
11 4 15 7
11 4 22 7
12 4 15 7
12 4 15 14
12 4 15 17
12 7 15 14
12 7 15 17
12 14 15 17
12 7 21 14
12 4 22 7
12 7 23 20
15 7 21 12
15 7 21 14
15 12 21 14
15 4 22 7
15 7 23 12
16 7 21 12
16 7 23 12
21 7 23 12
