23 21
000000000000000000000
000000000111111111110
000000111100000000010
000000100100011111010
000000100100010001010
000000100100010001010
000000100100011111010
000000100100000000010
000111111100000000010
000111111111110000010
000100101100010000010
000100101111010000010
000111111101010000010
000100101101010000010
000100101101010000010
000100111111111111110
000111111111110000000
000000111101000000000
000000101101000000000
000000101111000000000
000000100100000000000
000000100100000000000
000000111100000000000
69
2 10 16 20
3 7 9 10
3 7 10 10
3 7 13 10
3 7 16 10
3 7 17 10
3 7 18 10
3 7 23 10
4 14 7 18
9 4 13 7
9 4 13 9
9 4 13 10
9 7 13 9
9 7 13 10
9 7 16 9
9 7 16 10
9 4 17 7
9 4 17 9
9 4 17 10
9 7 17 9
9 7 17 10
9 7 18 9
9 7 18 10
9 7 23 10
10 4 13 7
10 4 13 9
10 4 13 10
10 7 13 9
10 7 13 10
10 7 16 9
10 7 16 10
10 7 16 14
10 9 16 14
10 10 16 14
10 4 17 7
10 4 17 9
10 4 17 10
10 4 17 14
10 7 17 9
10 7 17 10
10 7 17 14
10 9 17 14
10 10 17 14
10 7 18 9
10 7 18 10
10 7 23 10
12 9 16 12
12 10 16 12
12 9 17 12
12 10 17 12
12 9 20 12
12 10 20 12
13 7 16 9
13 7 16 10
13 4 17 7
13 4 17 9
13 4 17 10
13 7 17 9
13 7 17 10
13 7 18 9
13 7 18 10
13 7 23 10
16 9 20 12
16 10 20 12
16 7 23 10
17 9 20 12
17 10 20 12
17 7 23 10
18 7 23 10
