11 25
0000011111111111111100000
0111111111111111111100000
0111111111111111011100000
0110111111111111111100000
0110111111111111110000000
0110101000001001000000000
0110101001111111111000000
0110101001001001111111000
0111111111111111111001000
0010111000000001000001000
0011111111111111111111000
180
1 6 4 18
1 6 4 19
1 6 4 20
1 7 4 18
1 7 4 19
1 7 4 20
1 8 4 18
1 8 4 19
1 8 4 20
1 9 4 18
1 9 4 19
1 9 4 20
1 10 4 18
1 10 4 19
1 10 4 20
1 11 4 18
1 11 4 19
1 11 4 20
1 12 4 18
1 12 4 19
1 12 4 20
1 13 4 18
1 13 4 19
1 13 4 20
1 14 4 18
1 14 4 19
1 14 4 20
1 15 4 18
1 15 4 19
1 15 4 20
1 16 4 18
1 16 4 19
1 16 4 20
1 6 5 18
1 7 5 18
1 8 5 18
1 9 5 18
1 10 5 18
1 11 5 18
1 12 5 18
1 13 5 18
1 14 5 18
1 15 5 18
1 16 5 18
1 13 7 16
1 7 9 13
1 7 9 16
1 13 9 16
1 7 11 16
2 5 4 18
2 5 4 19
2 5 4 20
2 6 4 18
2 6 4 19
2 6 4 20
2 7 4 18
2 7 4 19
2 7 4 20
2 8 4 18
2 8 4 19
2 8 4 20
2 9 4 18
2 9 4 19
2 9 4 20
2 10 4 18
2 10 4 19
2 10 4 20
2 11 4 18
2 11 4 19
2 11 4 20
2 12 4 18
2 12 4 19
2 12 4 20
2 13 4 18
2 13 4 19
2 13 4 20
2 14 4 18
2 14 4 19
2 14 4 20
2 15 4 18
2 15 4 19
2 15 4 20
2 16 4 18
2 16 4 19
2 16 4 20
2 5 5 18
2 6 5 18
2 7 5 18
2 8 5 18
2 9 5 18
2 10 5 18
2 11 5 18
2 12 5 18
2 13 5 18
2 14 5 18
2 15 5 18
2 16 5 18
2 13 7 16
2 2 9 5
2 2 9 7
2 2 9 13
2 2 9 16
2 3 9 5
2 3 9 7
2 3 9 13
2 3 9 16
2 5 9 7
2 5 9 13
2 5 9 16
2 7 9 13
2 7 9 16
2 13 9 16
2 5 10 7
2 3 11 5
2 3 11 7
2 3 11 16
2 5 11 7
2 5 11 16
2 7 11 16
3 13 7 16
3 2 9 5
3 2 9 7
3 2 9 13
3 2 9 16
3 3 9 5
3 3 9 7
3 3 9 13
3 3 9 16
3 5 9 7
3 5 9 13
3 5 9 16
3 7 9 13
3 7 9 16
3 13 9 16
3 5 10 7
3 3 11 5
3 3 11 7
3 3 11 16
3 5 11 7
3 5 11 16
3 7 11 16
4 13 7 16
4 5 9 7
4 5 9 13
4 5 9 16
4 7 9 13
4 7 9 16
4 13 9 16
4 5 10 7
4 5 11 7
4 5 11 16
4 7 11 16
5 13 7 16
5 5 9 7
5 5 9 13
5 5 9 16
5 7 9 13
5 7 9 16
5 13 9 16
5 5 10 7
5 5 11 7
5 5 11 16
5 7 11 16
7 10 9 13
7 10 9 16
7 10 9 17
7 10 9 18
7 10 9 19
7 13 9 16
7 13 9 17
7 13 9 18
7 13 9 19
8 16 11 22
9 3 11 5
9 3 11 6
9 3 11 7
9 3 11 16
9 5 11 16
9 6 11 16
9 7 11 16
