16 11
00000000000
00111111111
00100111111
00101111111
00101101011
11101101011
10101101011
10101101011
11111101011
11111111111
11111111111
11101111111
01111101110
01001000000
01001000000
01111000000
87
2 3 9 6
2 3 10 6
2 3 10 8
2 3 10 10
2 3 10 11
2 6 10 8
2 6 10 10
2 6 10 11
2 8 10 10
2 8 10 11
2 3 11 6
2 3 11 8
2 3 11 10
2 3 11 11
2 6 11 8
2 6 11 10
2 6 11 11
2 8 11 10
2 8 11 11
2 6 12 8
2 6 12 10
2 6 12 11
2 8 12 10
2 8 12 11
2 3 13 6
2 8 13 10
3 6 10 8
3 6 10 10
3 6 10 11
3 8 10 10
3 8 10 11
3 6 11 8
3 6 11 10
3 6 11 11
3 8 11 10
3 8 11 11
3 6 12 8
3 6 12 10
3 6 12 11
3 8 12 10
3 8 12 11
3 8 13 10
4 5 10 8
4 5 10 10
4 5 10 11
4 6 10 8
4 6 10 10
4 6 10 11
4 8 10 10
4 8 10 11
4 5 11 8
4 5 11 10
4 5 11 11
4 6 11 8
4 6 11 10
4 6 11 11
4 8 11 10
4 8 11 11
4 5 12 8
4 5 12 10
4 5 12 11
4 6 12 8
4 6 12 10
4 6 12 11
4 8 12 10
4 8 12 11
4 8 13 10
6 1 9 3
6 1 10 3
6 1 11 3
6 1 12 3
9 2 13 5
9 2 13 6
9 3 13 5
9 3 13 6
9 2 16 5
10 2 13 5
10 2 13 6
10 3 13 5
10 3 13 6
10 2 16 5
11 2 13 5
11 2 13 6
11 3 13 5
11 3 13 6
11 2 16 5
13 2 16 5
