10 13
0001111100000
0001111100000
0001001100000
1111111111100
1001001100100
1111001111100
1001001111111
1111111111101
1111111111111
0000000000000
42
1 4 4 7
1 4 4 8
1 4 8 7
1 4 8 8
1 4 9 7
1 4 9 8
2 4 4 7
2 4 4 8
2 4 8 7
2 4 8 8
2 4 9 7
2 4 9 8
4 1 6 4
4 7 6 11
4 8 6 11
4 7 7 11
4 8 7 11
4 1 8 4
4 1 8 7
4 1 8 8
4 1 8 11
4 4 8 7
4 4 8 8
4 4 8 11
4 7 8 11
4 8 8 11
4 1 9 4
4 1 9 7
4 1 9 8
4 1 9 11
4 4 9 7
4 4 9 8
4 4 9 11
4 7 9 11
4 8 9 11
6 1 8 4
6 1 9 4
7 7 9 13
7 8 9 13
7 9 9 13
7 10 9 13
7 11 9 13
