13 11
01111111110
11111111111
11111111111
11111111111
11111111111
11111111111
11111101111
11111111111
11111111111
11111111011
11111111111
11111111111
11111111110
688
1 2 8 8
1 2 8 9
1 2 8 10
1 3 8 8
1 3 8 9
1 3 8 10
1 4 8 8
1 4 8 9
1 4 8 10
1 5 8 8
1 5 8 9
1 5 8 10
1 6 8 8
1 6 8 9
1 6 8 10
1 2 9 8
1 2 9 9
1 2 9 10
1 3 9 8
1 3 9 9
1 3 9 10
1 4 9 8
1 4 9 9
1 4 9 10
1 5 9 8
1 5 9 9
1 5 9 10
1 6 9 8
1 6 9 9
1 6 9 10
1 2 10 8
1 3 10 8
1 4 10 8
1 5 10 8
1 6 10 8
1 2 11 8
1 2 11 10
1 3 11 8
1 3 11 10
1 4 11 8
1 4 11 10
1 5 11 8
1 5 11 10
1 6 11 8
1 6 11 10
1 8 11 10
1 2 12 8
1 2 12 10
1 3 12 8
1 3 12 10
1 4 12 8
1 4 12 10
1 5 12 8
1 5 12 10
1 6 12 8
1 6 12 10
1 8 12 10
1 2 13 8
1 2 13 10
1 3 13 8
1 3 13 10
1 4 13 8
1 4 13 10
1 5 13 8
1 5 13 10
1 6 13 8
1 6 13 10
1 8 13 10
2 1 8 8
2 1 8 9
2 1 8 10
2 1 8 11
2 2 8 8
2 2 8 9
2 2 8 10
2 2 8 11
2 3 8 8
2 3 8 9
2 3 8 10
2 3 8 11
2 4 8 8
2 4 8 9
2 4 8 10
2 4 8 11
2 5 8 8
2 5 8 9
2 5 8 10
2 5 8 11
2 6 8 8
2 6 8 9
2 6 8 10
2 6 8 11
2 1 9 8
2 1 9 9
2 1 9 10
2 1 9 11
2 2 9 8
2 2 9 9
2 2 9 10
2 2 9 11
2 3 9 8
2 3 9 9
2 3 9 10
2 3 9 11
2 4 9 8
2 4 9 9
2 4 9 10
2 4 9 11
2 5 9 8
2 5 9 9
2 5 9 10
2 5 9 11
2 6 9 8
2 6 9 9
2 6 9 10
2 6 9 11
2 1 10 8
2 2 10 8
2 3 10 8
2 4 10 8
2 5 10 8
2 6 10 8
2 1 11 8
2 1 11 10
2 1 11 11
2 2 11 8
2 2 11 10
2 2 11 11
2 3 11 8
2 3 11 10
2 3 11 11
2 4 11 8
2 4 11 10
2 4 11 11
2 5 11 8
2 5 11 10
2 5 11 11
2 6 11 8
2 6 11 10
2 6 11 11
2 8 11 10
2 8 11 11
2 1 12 8
2 1 12 10
2 1 12 11
2 2 12 8
2 2 12 10
2 2 12 11
2 3 12 8
2 3 12 10
2 3 12 11
2 4 12 8
2 4 12 10
2 4 12 11
2 5 12 8
2 5 12 10
2 5 12 11
2 6 12 8
2 6 12 10
2 6 12 11
2 8 12 10
2 8 12 11
2 1 13 8
2 1 13 10
2 2 13 8
2 2 13 10
2 3 13 8
2 3 13 10
2 4 13 8
2 4 13 10
2 5 13 8
2 5 13 10
2 6 13 8
2 6 13 10
2 8 13 10
3 1 8 8
3 1 8 9
3 1 8 10
3 1 8 11
3 2 8 8
3 2 8 9
3 2 8 10
3 2 8 11
3 3 8 8
3 3 8 9
3 3 8 10
3 3 8 11
3 4 8 8
3 4 8 9
3 4 8 10
3 4 8 11
3 5 8 8
3 5 8 9
3 5 8 10
3 5 8 11
3 6 8 8
3 6 8 9
3 6 8 10
3 6 8 11
3 1 9 8
3 1 9 9
3 1 9 10
3 1 9 11
3 2 9 8
3 2 9 9
3 2 9 10
3 2 9 11
3 3 9 8
3 3 9 9
3 3 9 10
3 3 9 11
3 4 9 8
3 4 9 9
3 4 9 10
3 4 9 11
3 5 9 8
3 5 9 9
3 5 9 10
3 5 9 11
3 6 9 8
3 6 9 9
3 6 9 10
3 6 9 11
3 1 10 8
3 2 10 8
3 3 10 8
3 4 10 8
3 5 10 8
3 6 10 8
3 1 11 8
3 1 11 10
3 1 11 11
3 2 11 8
3 2 11 10
3 2 11 11
3 3 11 8
3 3 11 10
3 3 11 11
3 4 11 8
3 4 11 10
3 4 11 11
3 5 11 8
3 5 11 10
3 5 11 11
3 6 11 8
3 6 11 10
3 6 11 11
3 8 11 10
3 8 11 11
3 1 12 8
3 1 12 10
3 1 12 11
3 2 12 8
3 2 12 10
3 2 12 11
3 3 12 8
3 3 12 10
3 3 12 11
3 4 12 8
3 4 12 10
3 4 12 11
3 5 12 8
3 5 12 10
3 5 12 11
3 6 12 8
3 6 12 10
3 6 12 11
3 8 12 10
3 8 12 11
3 1 13 8
3 1 13 10
3 2 13 8
3 2 13 10
3 3 13 8
3 3 13 10
3 4 13 8
3 4 13 10
3 5 13 8
3 5 13 10
3 6 13 8
3 6 13 10
3 8 13 10
4 1 8 8
4 1 8 9
4 1 8 10
4 1 8 11
4 2 8 8
4 2 8 9
4 2 8 10
4 2 8 11
4 3 8 8
4 3 8 9
4 3 8 10
4 3 8 11
4 4 8 8
4 4 8 9
4 4 8 10
4 4 8 11
4 5 8 8
4 5 8 9
4 5 8 10
4 5 8 11
4 6 8 8
4 6 8 9
4 6 8 10
4 6 8 11
4 1 9 8
4 1 9 9
4 1 9 10
4 1 9 11
4 2 9 8
4 2 9 9
4 2 9 10
4 2 9 11
4 3 9 8
4 3 9 9
4 3 9 10
4 3 9 11
4 4 9 8
4 4 9 9
4 4 9 10
4 4 9 11
4 5 9 8
4 5 9 9
4 5 9 10
4 5 9 11
4 6 9 8
4 6 9 9
4 6 9 10
4 6 9 11
4 1 10 8
4 2 10 8
4 3 10 8
4 4 10 8
4 5 10 8
4 6 10 8
4 1 11 8
4 1 11 10
4 1 11 11
4 2 11 8
4 2 11 10
4 2 11 11
4 3 11 8
4 3 11 10
4 3 11 11
4 4 11 8
4 4 11 10
4 4 11 11
4 5 11 8
4 5 11 10
4 5 11 11
4 6 11 8
4 6 11 10
4 6 11 11
4 8 11 10
4 8 11 11
4 1 12 8
4 1 12 10
4 1 12 11
4 2 12 8
4 2 12 10
4 2 12 11
4 3 12 8
4 3 12 10
4 3 12 11
4 4 12 8
4 4 12 10
4 4 12 11
4 5 12 8
4 5 12 10
4 5 12 11
4 6 12 8
4 6 12 10
4 6 12 11
4 8 12 10
4 8 12 11
4 1 13 8
4 1 13 10
4 2 13 8
4 2 13 10
4 3 13 8
4 3 13 10
4 4 13 8
4 4 13 10
4 5 13 8
4 5 13 10
4 6 13 8
4 6 13 10
4 8 13 10
5 1 8 8
5 1 8 9
5 1 8 10
5 1 8 11
5 2 8 8
5 2 8 9
5 2 8 10
5 2 8 11
5 3 8 8
5 3 8 9
5 3 8 10
5 3 8 11
5 4 8 8
5 4 8 9
5 4 8 10
5 4 8 11
5 5 8 8
5 5 8 9
5 5 8 10
5 5 8 11
5 6 8 8
5 6 8 9
5 6 8 10
5 6 8 11
5 1 9 8
5 1 9 9
5 1 9 10
5 1 9 11
5 2 9 8
5 2 9 9
5 2 9 10
5 2 9 11
5 3 9 8
5 3 9 9
5 3 9 10
5 3 9 11
5 4 9 8
5 4 9 9
5 4 9 10
5 4 9 11
5 5 9 8
5 5 9 9
5 5 9 10
5 5 9 11
5 6 9 8
5 6 9 9
5 6 9 10
5 6 9 11
5 1 10 8
5 2 10 8
5 3 10 8
5 4 10 8
5 5 10 8
5 6 10 8
5 1 11 8
5 1 11 10
5 1 11 11
5 2 11 8
5 2 11 10
5 2 11 11
5 3 11 8
5 3 11 10
5 3 11 11
5 4 11 8
5 4 11 10
5 4 11 11
5 5 11 8
5 5 11 10
5 5 11 11
5 6 11 8
5 6 11 10
5 6 11 11
5 8 11 10
5 8 11 11
5 1 12 8
5 1 12 10
5 1 12 11
5 2 12 8
5 2 12 10
5 2 12 11
5 3 12 8
5 3 12 10
5 3 12 11
5 4 12 8
5 4 12 10
5 4 12 11
5 5 12 8
5 5 12 10
5 5 12 11
5 6 12 8
5 6 12 10
5 6 12 11
5 8 12 10
5 8 12 11
5 1 13 8
5 1 13 10
5 2 13 8
5 2 13 10
5 3 13 8
5 3 13 10
5 4 13 8
5 4 13 10
5 5 13 8
5 5 13 10
5 6 13 8
5 6 13 10
5 8 13 10
6 1 8 8
6 1 8 9
6 1 8 10
6 1 8 11
6 2 8 8
6 2 8 9
6 2 8 10
6 2 8 11
6 3 8 8
6 3 8 9
6 3 8 10
6 3 8 11
6 4 8 8
6 4 8 9
6 4 8 10
6 4 8 11
6 5 8 8
6 5 8 9
6 5 8 10
6 5 8 11
6 6 8 8
6 6 8 9
6 6 8 10
6 6 8 11
6 1 9 8
6 1 9 9
6 1 9 10
6 1 9 11
6 2 9 8
6 2 9 9
6 2 9 10
6 2 9 11
6 3 9 8
6 3 9 9
6 3 9 10
6 3 9 11
6 4 9 8
6 4 9 9
6 4 9 10
6 4 9 11
6 5 9 8
6 5 9 9
6 5 9 10
6 5 9 11
6 6 9 8
6 6 9 9
6 6 9 10
6 6 9 11
6 1 10 8
6 2 10 8
6 3 10 8
6 4 10 8
6 5 10 8
6 6 10 8
6 1 11 8
6 1 11 10
6 1 11 11
6 2 11 8
6 2 11 10
6 2 11 11
6 3 11 8
6 3 11 10
6 3 11 11
6 4 11 8
6 4 11 10
6 4 11 11
6 5 11 8
6 5 11 10
6 5 11 11
6 6 11 8
6 6 11 10
6 6 11 11
6 8 11 10
6 8 11 11
6 1 12 8
6 1 12 10
6 1 12 11
6 2 12 8
6 2 12 10
6 2 12 11
6 3 12 8
6 3 12 10
6 3 12 11
6 4 12 8
6 4 12 10
6 4 12 11
6 5 12 8
6 5 12 10
6 5 12 11
6 6 12 8
6 6 12 10
6 6 12 11
6 8 12 10
6 8 12 11
6 1 13 8
6 1 13 10
6 2 13 8
6 2 13 10
6 3 13 8
6 3 13 10
6 4 13 8
6 4 13 10
6 5 13 8
6 5 13 10
6 6 13 8
6 6 13 10
6 8 13 10
7 8 11 10
7 8 11 11
7 8 12 10
7 8 12 11
7 8 13 10
8 1 11 10
8 1 11 11
8 2 11 10
8 2 11 11
8 3 11 10
8 3 11 11
8 4 11 10
8 4 11 11
8 5 11 10
8 5 11 11
8 6 11 10
8 6 11 11
8 7 11 10
8 7 11 11
8 8 11 10
8 8 11 11
8 1 12 10
8 1 12 11
8 2 12 10
8 2 12 11
8 3 12 10
8 3 12 11
8 4 12 10
8 4 12 11
8 5 12 10
8 5 12 11
8 6 12 10
8 6 12 11
8 7 12 10
8 7 12 11
8 8 12 10
8 8 12 11
8 1 13 10
8 2 13 10
8 3 13 10
8 4 13 10
8 5 13 10
8 6 13 10
8 7 13 10
8 8 13 10
9 1 11 10
9 1 11 11
9 2 11 10
9 2 11 11
9 3 11 10
9 3 11 11
9 4 11 10
9 4 11 11
9 5 11 10
9 5 11 11
9 6 11 10
9 6 11 11
9 7 11 10
9 7 11 11
9 8 11 10
9 8 11 11
9 1 12 10
9 1 12 11
9 2 12 10
9 2 12 11
9 3 12 10
9 3 12 11
9 4 12 10
9 4 12 11
9 5 12 10
9 5 12 11
9 6 12 10
9 6 12 11
9 7 12 10
9 7 12 11
9 8 12 10
9 8 12 11
9 1 13 10
9 2 13 10
9 3 13 10
9 4 13 10
9 5 13 10
9 6 13 10
9 7 13 10
9 8 13 10
