15 12
000000000000
000000000000
111111111110
101000000010
101111111010
111111111010
001000001111
001111111011
001111111111
001000001011
001001111111
001001001011
001111111111
001111111111
000000000000
44
3 1 6 3
3 3 9 11
3 3 13 11
3 3 14 11
5 3 8 9
5 3 9 9
5 3 13 9
5 3 14 9
6 3 8 9
6 3 9 9
6 3 13 9
6 3 14 9
7 9 9 11
7 9 9 12
7 9 11 11
7 9 11 12
7 9 13 11
7 9 13 12
7 9 14 11
7 9 14 12
8 3 13 9
8 3 14 9
9 9 11 11
9 9 11 12
9 3 13 9
9 3 13 11
9 3 13 12
9 9 13 11
9 9 13 12
9 3 14 9
9 3 14 11
9 3 14 12
9 9 14 11
9 9 14 12
11 6 13 9
11 6 13 11
11 6 13 12
11 9 13 11
11 9 13 12
11 6 14 9
11 6 14 11
11 6 14 12
11 9 14 11
11 9 14 12
