20 18
011110000000111000
010010000000101000
011111111100101000
011010000100101000
011111111111111111
011110000100101001
011110000100101001
011111111111111111
011110000100101100
011110000100101100
011111111111111110
010110000000101110
010110000000111110
010110000000000110
011110000000000110
010111111111111110
011111111111110010
010110000000010010
010110000000010010
011111111111111110
170
1 2 3 5
1 2 5 5
1 13 5 15
1 2 6 5
1 2 7 5
1 2 8 5
1 13 8 15
1 2 9 5
1 2 10 5
1 2 11 5
1 13 11 15
1 13 13 15
1 2 15 5
1 2 17 5
1 2 20 5
3 2 5 5
3 2 5 10
3 3 5 5
3 3 5 10
3 5 5 10
3 2 6 5
3 3 6 5
3 2 7 5
3 3 7 5
3 2 8 5
3 2 8 10
3 3 8 5
3 3 8 10
3 5 8 10
3 2 9 5
3 3 9 5
3 2 10 5
3 3 10 5
3 2 11 5
3 2 11 10
3 3 11 5
3 3 11 10
3 5 11 10
3 2 15 5
3 2 17 5
3 2 20 5
5 2 8 10
5 2 8 13
5 2 8 15
5 2 8 18
5 3 8 10
5 3 8 13
5 3 8 15
5 3 8 18
5 4 8 10
5 4 8 13
5 4 8 15
5 4 8 18
5 5 8 10
5 5 8 13
5 5 8 15
5 5 8 18
5 10 8 13
5 10 8 15
5 10 8 18
5 13 8 15
5 13 8 18
5 15 8 18
5 2 11 10
5 2 11 13
5 2 11 15
5 3 11 10
5 3 11 13
5 3 11 15
5 4 11 10
5 4 11 13
5 4 11 15
5 5 11 10
5 5 11 13
5 5 11 15
5 10 11 13
5 10 11 15
5 13 11 15
5 13 13 15
5 2 15 4
5 2 15 5
5 2 17 4
5 2 17 5
5 2 20 4
5 2 20 5
6 2 15 4
6 2 15 5
6 2 17 4
6 2 17 5
6 2 20 4
6 2 20 5
7 2 15 4
7 2 15 5
7 2 17 4
7 2 17 5
7 2 20 4
7 2 20 5
8 2 11 10
8 2 11 13
8 2 11 15
8 2 11 16
8 3 11 10
8 3 11 13
8 3 11 15
8 3 11 16
8 4 11 10
8 4 11 13
8 4 11 15
8 4 11 16
8 5 11 10
8 5 11 13
8 5 11 15
8 5 11 16
8 10 11 13
8 10 11 15
8 10 11 16
8 13 11 15
8 13 11 16
8 13 13 15
8 13 13 16
8 2 15 4
8 2 15 5
8 4 16 16
8 5 16 16
8 2 17 4
8 2 17 5
8 2 20 4
8 2 20 5
9 2 15 4
9 2 15 5
9 2 17 4
9 2 17 5
9 2 20 4
9 2 20 5
10 2 15 4
10 2 15 5
10 2 17 4
10 2 17 5
10 2 20 4
10 2 20 5
11 13 13 15
11 13 13 16
11 13 13 17
11 2 15 4
11 2 15 5
11 4 16 16
11 4 16 17
11 5 16 16
11 5 16 17
11 2 17 4
11 2 17 5
11 2 20 4
11 2 20 5
11 2 20 17
11 4 20 17
11 5 20 17
15 2 17 4
15 2 17 5
15 2 20 4
15 2 20 5
16 4 20 14
16 4 20 17
16 5 20 14
16 5 20 17
16 14 20 17
17 2 20 4
17 2 20 5
17 2 20 14
17 4 20 14
17 5 20 14
