15 15
111111111111000
111000000001000
111001111111000
111111111111100
110101000001100
110101000001100
111111111111110
100011000001010
100011111111010
100011111111010
100011111111110
111111111111110
001001111111000
001111000000000
000000000000000
52
1 1 4 12
1 2 4 12
1 3 4 12
1 1 7 12
1 2 7 12
1 1 12 12
3 6 7 12
3 6 9 12
3 6 10 12
3 6 11 12
3 6 12 12
3 6 13 12
4 1 7 4
4 1 7 6
4 1 7 12
4 1 7 13
4 2 7 4
4 2 7 6
4 2 7 12
4 2 7 13
4 4 7 6
4 4 7 12
4 4 7 13
4 6 7 12
4 6 7 13
4 6 9 12
4 6 10 12
4 6 11 12
4 1 12 6
4 1 12 12
4 6 12 12
4 6 13 12
7 5 9 12
7 6 9 12
7 5 10 12
7 6 10 12
7 5 11 12
7 5 11 14
7 6 11 12
7 6 11 14
7 12 11 14
7 1 12 5
7 1 12 6
7 1 12 12
7 1 12 14
7 5 12 12
7 5 12 14
7 6 12 12
7 6 12 14
7 12 12 14
7 6 13 12
12 3 14 6
