23 25
0000000111111111111111100
0000000111110000000000100
0000000100010000000000100
0000000100010000000000100
0000000100010000000000100
0000000100010000000000100
0000000100010000000000100
0000000100010000000000100
0000000100010000000000100
0000000100010000000000100
0000000100010000011111100
0000000100010000010000100
0000000100010000010000100
0000000100111100011111100
0000000100110100000000100
0000000111111111111111100
0000000111110100000000000
0000000000100100000000000
0000000000100100000000000
0000000000100100000000000
0000111111111111000000000
0000100000100101000000000
0000111111111111000000000
19
1 8 16 12
1 8 16 23
1 12 16 23
1 8 17 12
2 8 16 12
2 8 17 12
11 18 14 23
14 11 16 14
14 12 16 14
14 11 21 14
14 11 23 14
16 11 21 14
16 11 23 14
21 5 23 11
21 5 23 14
21 5 23 16
21 11 23 14
21 11 23 16
21 14 23 16
