21 14
00000000000000
00000000000000
00000000000000
00000000000000
01111111110000
01001111111111
01001000010001
11111111110001
11111100010001
11101100010001
11111111110001
11101100110001
11111111110001
11111100010001
10001000010001
10001000010001
10001000010001
11111111110001
01011000000001
01111000000001
00001111111111
98
5 2 8 5
5 2 8 10
5 5 8 10
5 2 9 5
5 2 11 5
5 2 11 10
5 5 11 10
5 2 13 5
5 2 13 10
5 5 13 10
5 2 14 5
5 5 18 10
6 5 8 10
6 5 11 10
6 5 13 10
6 5 18 10
6 5 21 14
8 1 11 5
8 1 11 6
8 1 11 10
8 2 11 5
8 2 11 6
8 2 11 10
8 3 11 5
8 3 11 6
8 3 11 10
8 5 11 10
8 6 11 10
8 1 13 5
8 1 13 6
8 1 13 10
8 2 13 5
8 2 13 6
8 2 13 10
8 3 13 5
8 3 13 6
8 3 13 10
8 5 13 10
8 6 13 10
8 1 14 5
8 1 14 6
8 2 14 5
8 2 14 6
8 3 14 5
8 3 14 6
8 1 18 5
8 1 18 10
8 5 18 10
9 1 11 5
9 1 11 6
9 2 11 5
9 2 11 6
9 3 11 5
9 3 11 6
9 1 13 5
9 1 13 6
9 2 13 5
9 2 13 6
9 3 13 5
9 3 13 6
9 1 14 5
9 1 14 6
9 2 14 5
9 2 14 6
9 3 14 5
9 3 14 6
9 1 18 5
11 1 13 5
11 1 13 6
11 1 13 9
11 1 13 10
11 2 13 5
11 2 13 6
11 2 13 9
11 2 13 10
11 3 13 5
11 3 13 6
11 3 13 9
11 3 13 10
11 5 13 9
11 5 13 10
11 6 13 9
11 6 13 10
11 1 14 5
11 1 14 6
11 2 14 5
11 2 14 6
11 3 14 5
11 3 14 6
11 1 18 5
11 1 18 10
11 5 18 10
13 1 18 5
13 1 18 10
13 5 18 10
14 1 18 5
18 2 20 4
18 2 20 5
