18 22
0000000000000000000000
0000000000000000000000
0000000000000000000000
0000000000000000000000
0011111110000000000000
0010000010000000111000
0010000010111111111100
0010000010100000101100
0010000010100000101100
0010000010100000101100
0010000010100000101100
0010000010100000101100
0011111110100000101100
0000000000111111111100
0000111111111111111000
0000100000000000111000
0000100000000000010000
0000111111111111110000
14
5 3 13 9
6 17 14 19
6 17 15 19
6 17 16 19
7 11 14 17
7 11 14 19
7 11 14 20
7 17 14 19
7 17 14 20
7 11 15 17
7 11 15 19
7 17 15 19
7 17 16 19
15 5 18 18
