25 21
000000000000000000000
000000000000000000000
000111111000000000000
000100001000000000000
000100001000000000000
000100001000000000000
000100001000000000000
000100001000000000000
000100001000000000000
000100001000000000000
000100001000000000000
000111111000000000000
000000000000000000000
000000011111111000000
000000010000001000000
000000010000001000000
000000010000001000000
000000010000001000000
000000010000001000000
000000010000001000000
000000010000001000000
000000011111111000000
000000000000000000000
000000000000000000000
000000000000000000000
2
3 4 12 9
14 8 22 15
