20 18
000000111110000000
000000100010000000
000000100011111000
000000100010001000
000000100010001000
000000111111101000
111111111111111000
100011110010100000
100011111111100000
100111111010000000
111111111110000000
000101111000111111
000101111000100001
000101111000100001
000101111000111111
000101111000000111
000111111000000101
000000101000000111
000000101000000000
000000111000000000
55
1 7 6 11
1 7 7 11
1 7 9 11
1 7 11 11
3 11 7 15
6 7 9 11
6 7 9 13
6 8 9 11
6 8 9 13
6 11 9 13
6 7 11 11
6 8 11 11
7 5 9 11
7 5 9 13
7 6 9 11
7 6 9 13
7 7 9 11
7 7 9 13
7 8 9 11
7 8 9 13
7 11 9 13
7 1 11 5
7 1 11 6
7 1 11 7
7 1 11 8
7 1 11 11
7 5 11 11
7 6 11 11
7 7 11 11
7 8 11 11
9 5 11 11
9 6 11 11
9 7 11 11
9 8 11 11
9 9 11 11
9 7 20 9
10 4 17 6
10 4 17 7
10 4 17 8
10 4 17 9
10 7 20 9
11 4 17 6
11 4 17 7
11 4 17 8
11 4 17 9
11 7 20 9
12 13 15 18
12 7 20 9
13 7 20 9
14 7 20 9
15 16 18 18
15 7 20 9
16 16 18 18
16 7 20 9
17 7 20 9
