23 19
0000000000000000000
1111110111111100000
1000011111111111110
1111111111111111110
1100011100001100010
1100011100001100010
1111111111111111110
1110011100011010010
1111111100011010010
0110001111111010010
0110001000010010010
0110001000010010010
0111111111111110010
0101001010010000010
0111111111111111110
0101001010011111110
0101001010000000000
0101001010000000000
1111111010000000000
1111111010000000000
1001001010000000000
1001001010000000000
1111111110000000000
129
2 1 4 6
2 1 7 6
2 8 7 13
2 8 7 14
2 1 9 6
2 8 10 13
3 6 7 13
3 6 7 14
3 6 7 18
3 7 7 13
3 7 7 14
3 7 7 18
3 8 7 13
3 8 7 14
3 8 7 18
3 13 7 18
3 14 7 18
3 7 10 13
3 8 10 13
3 7 15 18
4 1 7 6
4 1 7 7
4 1 7 8
4 1 7 13
4 1 7 14
4 1 7 18
4 2 7 6
4 2 7 7
4 2 7 8
4 2 7 13
4 2 7 14
4 2 7 18
4 6 7 13
4 6 7 14
4 6 7 18
4 7 7 13
4 7 7 14
4 7 7 18
4 8 7 13
4 8 7 14
4 8 7 18
4 13 7 18
4 14 7 18
4 1 9 6
4 1 9 7
4 1 9 8
4 2 9 6
4 2 9 7
4 2 9 8
4 7 10 13
4 8 10 13
4 2 13 7
4 2 15 7
4 2 15 18
4 7 15 18
4 2 19 7
4 2 20 7
7 1 9 6
7 1 9 7
7 1 9 8
7 2 9 6
7 2 9 7
7 2 9 8
7 3 9 6
7 3 9 7
7 3 9 8
7 7 10 12
7 7 10 13
7 8 10 12
7 8 10 13
7 2 13 7
7 2 13 12
7 2 13 15
7 3 13 7
7 3 13 12
7 3 13 15
7 7 13 12
7 7 13 15
7 12 13 15
7 2 15 7
7 2 15 12
7 2 15 18
7 7 15 12
7 7 15 18
7 12 15 18
7 12 16 18
7 2 19 7
7 2 20 7
9 2 13 7
9 3 13 7
9 2 15 7
9 2 19 7
9 2 20 7
10 7 13 12
10 7 15 12
13 2 15 4
13 2 15 7
13 2 15 9
13 2 15 12
13 4 15 7
13 4 15 9
13 4 15 12
13 7 15 9
13 7 15 12
13 9 15 12
13 2 19 4
13 2 19 7
13 4 19 7
13 2 20 4
13 2 20 7
13 4 20 7
13 4 23 7
13 4 23 9
13 7 23 9
15 2 19 4
15 2 19 7
15 4 19 7
15 2 20 4
15 2 20 7
15 4 20 7
15 4 23 7
15 4 23 9
15 7 23 9
19 1 23 4
19 1 23 7
19 4 23 7
20 1 23 4
20 1 23 7
20 4 23 7
