16 22
0000000111111110000000
0001111111111111111100
0111111111111111111111
0101010101111111111111
0111111111111111111111
0111110111111111111111
0101000101010010111111
0101000101010010111111
0101000101010010111111
0101000101010010110111
0111111111110010110111
0101000111111111111111
0101000111111110111111
0111111111111111111111
0001111111111111111110
0000000000000000000000
881
1 8 5 10
1 8 5 11
1 8 5 12
1 8 5 13
1 8 5 14
1 8 5 15
1 8 6 10
1 8 6 11
1 8 6 12
1 8 6 13
1 8 6 14
1 8 6 15
1 8 11 10
1 8 11 12
1 10 11 12
1 8 12 10
1 8 12 12
1 8 12 15
1 10 12 12
1 10 12 15
1 12 12 15
1 8 13 10
1 8 13 12
1 8 13 15
1 10 13 12
1 10 13 15
1 12 13 15
1 8 14 10
1 8 14 12
1 8 14 15
1 10 14 12
1 10 14 15
1 12 14 15
1 8 15 10
1 8 15 12
1 8 15 15
1 10 15 12
1 10 15 15
1 12 15 15
2 4 5 6
2 4 5 8
2 4 5 10
2 4 5 11
2 4 5 12
2 4 5 13
2 4 5 14
2 4 5 15
2 4 5 16
2 4 5 17
2 4 5 18
2 4 5 19
2 4 5 20
2 6 5 8
2 6 5 10
2 6 5 11
2 6 5 12
2 6 5 13
2 6 5 14
2 6 5 15
2 6 5 16
2 6 5 17
2 6 5 18
2 6 5 19
2 6 5 20
2 8 5 10
2 8 5 11
2 8 5 12
2 8 5 13
2 8 5 14
2 8 5 15
2 8 5 16
2 8 5 17
2 8 5 18
2 8 5 19
2 8 5 20
2 4 6 6
2 8 6 10
2 8 6 11
2 8 6 12
2 8 6 13
2 8 6 14
2 8 6 15
2 8 6 16
2 8 6 17
2 8 6 18
2 8 6 19
2 8 6 20
2 4 11 8
2 4 11 10
2 4 11 12
2 8 11 10
2 8 11 12
2 10 11 12
2 8 12 10
2 8 12 12
2 8 12 15
2 8 12 17
2 8 12 18
2 8 12 20
2 10 12 12
2 10 12 15
2 10 12 17
2 10 12 18
2 10 12 20
2 12 12 15
2 12 12 17
2 12 12 18
2 12 12 20
2 15 12 17
2 15 12 18
2 15 12 20
2 17 12 20
2 18 12 20
2 8 13 10
2 8 13 12
2 8 13 15
2 10 13 12
2 10 13 15
2 12 13 15
2 17 13 20
2 18 13 20
2 4 14 8
2 4 14 10
2 4 14 12
2 4 14 15
2 4 14 17
2 4 14 18
2 4 14 20
2 8 14 10
2 8 14 12
2 8 14 15
2 8 14 17
2 8 14 18
2 8 14 20
2 10 14 12
2 10 14 15
2 10 14 17
2 10 14 18
2 10 14 20
2 12 14 15
2 12 14 17
2 12 14 18
2 12 14 20
2 15 14 17
2 15 14 18
2 15 14 20
2 17 14 20
2 18 14 20
2 4 15 8
2 4 15 10
2 4 15 12
2 4 15 15
2 4 15 17
2 4 15 18
2 4 15 20
2 8 15 10
2 8 15 12
2 8 15 15
2 8 15 17
2 8 15 18
2 8 15 20
2 10 15 12
2 10 15 15
2 10 15 17
2 10 15 18
2 10 15 20
2 12 15 15
2 12 15 17
2 12 15 18
2 12 15 20
2 15 15 17
2 15 15 18
2 15 15 20
2 17 15 20
2 18 15 20
3 2 5 4
3 2 5 6
3 2 5 8
3 2 5 10
3 2 5 11
3 2 5 12
3 2 5 13
3 2 5 14
3 2 5 15
3 2 5 16
3 2 5 17
3 2 5 18
3 2 5 19
3 2 5 20
3 2 5 21
3 2 5 22
3 4 5 6
3 4 5 8
3 4 5 10
3 4 5 11
3 4 5 12
3 4 5 13
3 4 5 14
3 4 5 15
3 4 5 16
3 4 5 17
3 4 5 18
3 4 5 19
3 4 5 20
3 4 5 21
3 4 5 22
3 6 5 8
3 6 5 10
3 6 5 11
3 6 5 12
3 6 5 13
3 6 5 14
3 6 5 15
3 6 5 16
3 6 5 17
3 6 5 18
3 6 5 19
3 6 5 20
3 6 5 21
3 6 5 22
3 8 5 10
3 8 5 11
3 8 5 12
3 8 5 13
3 8 5 14
3 8 5 15
3 8 5 16
3 8 5 17
3 8 5 18
3 8 5 19
3 8 5 20
3 8 5 21
3 8 5 22
3 2 6 4
3 2 6 6
3 4 6 6
3 8 6 10
3 8 6 11
3 8 6 12
3 8 6 13
3 8 6 14
3 8 6 15
3 8 6 16
3 8 6 17
3 8 6 18
3 8 6 19
3 8 6 20
3 8 6 21
3 8 6 22
3 2 11 4
3 2 11 8
3 2 11 10
3 2 11 12
3 4 11 8
3 4 11 10
3 4 11 12
3 8 11 10
3 8 11 12
3 10 11 12
3 8 12 10
3 8 12 12
3 8 12 15
3 8 12 17
3 8 12 18
3 8 12 20
3 8 12 21
3 8 12 22
3 10 12 12
3 10 12 15
3 10 12 17
3 10 12 18
3 10 12 20
3 10 12 21
3 10 12 22
3 12 12 15
3 12 12 17
3 12 12 18
3 12 12 20
3 12 12 21
3 12 12 22
3 15 12 17
3 15 12 18
3 15 12 20
3 15 12 21
3 15 12 22
3 17 12 20
3 17 12 21
3 17 12 22
3 18 12 20
3 18 12 21
3 18 12 22
3 8 13 10
3 8 13 12
3 8 13 15
3 10 13 12
3 10 13 15
3 12 13 15
3 17 13 20
3 17 13 21
3 17 13 22
3 18 13 20
3 18 13 21
3 18 13 22
3 2 14 4
3 2 14 8
3 2 14 10
3 2 14 12
3 2 14 15
3 2 14 17
3 2 14 18
3 2 14 20
3 2 14 21
3 2 14 22
3 4 14 8
3 4 14 10
3 4 14 12
3 4 14 15
3 4 14 17
3 4 14 18
3 4 14 20
3 4 14 21
3 4 14 22
3 8 14 10
3 8 14 12
3 8 14 15
3 8 14 17
3 8 14 18
3 8 14 20
3 8 14 21
3 8 14 22
3 10 14 12
3 10 14 15
3 10 14 17
3 10 14 18
3 10 14 20
3 10 14 21
3 10 14 22
3 12 14 15
3 12 14 17
3 12 14 18
3 12 14 20
3 12 14 21
3 12 14 22
3 15 14 17
3 15 14 18
3 15 14 20
3 15 14 21
3 15 14 22
3 17 14 20
3 17 14 21
3 17 14 22
3 18 14 20
3 18 14 21
3 18 14 22
3 4 15 8
3 4 15 10
3 4 15 12
3 4 15 15
3 4 15 17
3 4 15 18
3 4 15 20
3 4 15 21
3 8 15 10
3 8 15 12
3 8 15 15
3 8 15 17
3 8 15 18
3 8 15 20
3 8 15 21
3 10 15 12
3 10 15 15
3 10 15 17
3 10 15 18
3 10 15 20
3 10 15 21
3 12 15 15
3 12 15 17
3 12 15 18
3 12 15 20
3 12 15 21
3 15 15 17
3 15 15 18
3 15 15 20
3 15 15 21
3 17 15 20
3 17 15 21
3 18 15 20
3 18 15 21
4 10 11 12
4 10 12 12
4 10 12 15
4 10 12 17
4 10 12 18
4 10 12 20
4 10 12 21
4 10 12 22
4 12 12 15
4 12 12 17
4 12 12 18
4 12 12 20
4 12 12 21
4 12 12 22
4 15 12 17
4 15 12 18
4 15 12 20
4 15 12 21
4 15 12 22
4 17 12 20
4 17 12 21
4 17 12 22
4 18 12 20
4 18 12 21
4 18 12 22
4 10 13 12
4 10 13 15
4 12 13 15
4 17 13 20
4 17 13 21
4 17 13 22
4 18 13 20
4 18 13 21
4 18 13 22
4 10 14 12
4 10 14 15
4 10 14 17
4 10 14 18
4 10 14 20
4 10 14 21
4 10 14 22
4 12 14 15
4 12 14 17
4 12 14 18
4 12 14 20
4 12 14 21
4 12 14 22
4 15 14 17
4 15 14 18
4 15 14 20
4 15 14 21
4 15 14 22
4 17 14 20
4 17 14 21
4 17 14 22
4 18 14 20
4 18 14 21
4 18 14 22
4 10 15 12
4 10 15 15
4 10 15 17
4 10 15 18
4 10 15 20
4 10 15 21
4 12 15 15
4 12 15 17
4 12 15 18
4 12 15 20
4 12 15 21
4 15 15 17
4 15 15 18
4 15 15 20
4 15 15 21
4 17 15 20
4 17 15 21
4 18 15 20
4 18 15 21
5 2 11 4
5 2 11 8
5 2 11 10
5 2 11 12
5 4 11 8
5 4 11 10
5 4 11 12
5 8 11 10
5 8 11 12
5 10 11 12
5 8 12 10
5 8 12 12
5 8 12 15
5 8 12 17
5 8 12 18
5 8 12 20
5 8 12 21
5 8 12 22
5 10 12 12
5 10 12 15
5 10 12 17
5 10 12 18
5 10 12 20
5 10 12 21
5 10 12 22
5 12 12 15
5 12 12 17
5 12 12 18
5 12 12 20
5 12 12 21
5 12 12 22
5 15 12 17
5 15 12 18
5 15 12 20
5 15 12 21
5 15 12 22
5 17 12 20
5 17 12 21
5 17 12 22
5 18 12 20
5 18 12 21
5 18 12 22
5 8 13 10
5 8 13 12
5 8 13 15
5 10 13 12
5 10 13 15
5 12 13 15
5 17 13 20
5 17 13 21
5 17 13 22
5 18 13 20
5 18 13 21
5 18 13 22
5 2 14 4
5 2 14 8
5 2 14 10
5 2 14 12
5 2 14 15
5 2 14 17
5 2 14 18
5 2 14 20
5 2 14 21
5 2 14 22
5 4 14 8
5 4 14 10
5 4 14 12
5 4 14 15
5 4 14 17
5 4 14 18
5 4 14 20
5 4 14 21
5 4 14 22
5 8 14 10
5 8 14 12
5 8 14 15
5 8 14 17
5 8 14 18
5 8 14 20
5 8 14 21
5 8 14 22
5 10 14 12
5 10 14 15
5 10 14 17
5 10 14 18
5 10 14 20
5 10 14 21
5 10 14 22
5 12 14 15
5 12 14 17
5 12 14 18
5 12 14 20
5 12 14 21
5 12 14 22
5 15 14 17
5 15 14 18
5 15 14 20
5 15 14 21
5 15 14 22
5 17 14 20
5 17 14 21
5 17 14 22
5 18 14 20
5 18 14 21
5 18 14 22
5 4 15 8
5 4 15 10
5 4 15 12
5 4 15 15
5 4 15 17
5 4 15 18
5 4 15 20
5 4 15 21
5 8 15 10
5 8 15 12
5 8 15 15
5 8 15 17
5 8 15 18
5 8 15 20
5 8 15 21
5 10 15 12
5 10 15 15
5 10 15 17
5 10 15 18
5 10 15 20
5 10 15 21
5 12 15 15
5 12 15 17
5 12 15 18
5 12 15 20
5 12 15 21
5 15 15 17
5 15 15 18
5 15 15 20
5 15 15 21
5 17 15 20
5 17 15 21
5 18 15 20
5 18 15 21
6 2 11 4
6 8 11 10
6 8 11 12
6 10 11 12
6 8 12 10
6 8 12 12
6 8 12 15
6 8 12 17
6 8 12 18
6 8 12 20
6 8 12 21
6 8 12 22
6 10 12 12
6 10 12 15
6 10 12 17
6 10 12 18
6 10 12 20
6 10 12 21
6 10 12 22
6 12 12 15
6 12 12 17
6 12 12 18
6 12 12 20
6 12 12 21
6 12 12 22
6 15 12 17
6 15 12 18
6 15 12 20
6 15 12 21
6 15 12 22
6 17 12 20
6 17 12 21
6 17 12 22
6 18 12 20
6 18 12 21
6 18 12 22
6 8 13 10
6 8 13 12
6 8 13 15
6 10 13 12
6 10 13 15
6 12 13 15
6 17 13 20
6 17 13 21
6 17 13 22
6 18 13 20
6 18 13 21
6 18 13 22
6 2 14 4
6 8 14 10
6 8 14 12
6 8 14 15
6 8 14 17
6 8 14 18
6 8 14 20
6 8 14 21
6 8 14 22
6 10 14 12
6 10 14 15
6 10 14 17
6 10 14 18
6 10 14 20
6 10 14 21
6 10 14 22
6 12 14 15
6 12 14 17
6 12 14 18
6 12 14 20
6 12 14 21
6 12 14 22
6 15 14 17
6 15 14 18
6 15 14 20
6 15 14 21
6 15 14 22
6 17 14 20
6 17 14 21
6 17 14 22
6 18 14 20
6 18 14 21
6 18 14 22
6 8 15 10
6 8 15 12
6 8 15 15
6 8 15 17
6 8 15 18
6 8 15 20
6 8 15 21
6 10 15 12
6 10 15 15
6 10 15 17
6 10 15 18
6 10 15 20
6 10 15 21
6 12 15 15
6 12 15 17
6 12 15 18
6 12 15 20
6 12 15 21
6 15 15 17
6 15 15 18
6 15 15 20
6 15 15 21
6 17 15 20
6 17 15 21
6 18 15 20
6 18 15 21
7 17 12 20
7 17 12 21
7 17 12 22
7 18 12 20
7 18 12 21
7 18 12 22
7 17 13 20
7 17 13 21
7 17 13 22
7 18 13 20
7 18 13 21
7 18 13 22
7 17 14 20
7 17 14 21
7 17 14 22
7 18 14 20
7 18 14 21
7 18 14 22
7 17 15 20
7 17 15 21
7 18 15 20
7 18 15 21
8 17 12 20
8 17 12 21
8 17 12 22
8 18 12 20
8 18 12 21
8 18 12 22
8 17 13 20
8 17 13 21
8 17 13 22
8 18 13 20
8 18 13 21
8 18 13 22
8 17 14 20
8 17 14 21
8 17 14 22
8 18 14 20
8 18 14 21
8 18 14 22
8 17 15 20
8 17 15 21
8 18 15 20
8 18 15 21
9 17 12 20
9 17 12 21
9 17 12 22
9 18 12 20
9 18 12 21
9 18 12 22
9 17 13 20
9 17 13 21
9 17 13 22
9 18 13 20
9 18 13 21
9 18 13 22
9 17 14 20
9 17 14 21
9 17 14 22
9 18 14 20
9 18 14 21
9 18 14 22
9 17 15 20
9 17 15 21
9 18 15 20
9 18 15 21
11 2 14 4
11 2 14 8
11 2 14 9
11 2 14 10
11 2 14 11
11 2 14 12
11 4 14 8
11 4 14 9
11 4 14 10
11 4 14 11
11 4 14 12
11 4 15 8
11 4 15 9
11 4 15 10
11 4 15 11
11 4 15 12
12 8 14 17
12 8 14 18
12 8 14 19
12 8 14 20
12 8 14 21
12 8 14 22
12 9 14 17
12 9 14 18
12 9 14 19
12 9 14 20
12 9 14 21
12 9 14 22
12 10 14 17
12 10 14 18
12 10 14 19
12 10 14 20
12 10 14 21
12 10 14 22
12 11 14 17
12 11 14 18
12 11 14 19
12 11 14 20
12 11 14 21
12 11 14 22
12 12 14 17
12 12 14 18
12 12 14 19
12 12 14 20
12 12 14 21
12 12 14 22
12 13 14 17
12 13 14 18
12 13 14 19
12 13 14 20
12 13 14 21
12 13 14 22
12 14 14 17
12 14 14 18
12 14 14 19
12 14 14 20
12 14 14 21
12 14 14 22
12 15 14 17
12 15 14 18
12 15 14 19
12 15 14 20
12 15 14 21
12 15 14 22
12 8 15 17
12 8 15 18
12 8 15 19
12 8 15 20
12 8 15 21
12 9 15 17
12 9 15 18
12 9 15 19
12 9 15 20
12 9 15 21
12 10 15 17
12 10 15 18
12 10 15 19
12 10 15 20
12 10 15 21
12 11 15 17
12 11 15 18
12 11 15 19
12 11 15 20
12 11 15 21
12 12 15 17
12 12 15 18
12 12 15 19
12 12 15 20
12 12 15 21
12 13 15 17
12 13 15 18
12 13 15 19
12 13 15 20
12 13 15 21
12 14 15 17
12 14 15 18
12 14 15 19
12 14 15 20
12 14 15 21
12 15 15 17
12 15 15 18
12 15 15 19
12 15 15 20
12 15 15 21
