21 22
0000000000000000000000
0000000000000000000000
0000000000000000000000
0000000000000000000000
0000000000000000000000
1111111111111111111100
1110000000000000000100
1010000000000000000100
1110011111111111111100
1000010000000000101100
1000010000000000101100
1111111111111111111100
0001111111111111111110
0001010000000000100010
0001111111111111111110
0000010000000000100000
0000010000000000100000
0000010000000000100000
0000010000000000100000
0000010000000000100000
0000011111111111100000
27
6 1 9 3
6 1 12 20
7 1 9 3
9 6 12 17
9 6 12 19
9 6 12 20
9 17 12 19
9 17 12 20
9 6 13 17
9 6 13 19
9 6 13 20
9 17 13 19
9 17 13 20
9 6 15 17
9 6 21 17
12 4 15 6
12 4 15 17
12 6 15 17
12 6 21 17
13 4 15 6
13 4 15 17
13 4 15 21
13 6 15 17
13 6 15 21
13 17 15 21
13 6 21 17
15 6 21 17
