20 21
000000000000000000000
000011111111111111100
000010011110000000100
011111111111111110100
010011111111111111100
011111111111111110000
000000010010100010000
000000010111111110000
000000010110100010000
000000010110100010000
000000010110100010000
000000010110111110000
000000010111111110000
000000010010000000000
000000010010000000000
000000010010000000000
000000011110000000000
000000000000000000000
000000000000000000000
000000000000000000000
62
2 5 4 8
2 5 4 9
2 5 4 10
2 5 4 11
2 5 5 8
2 5 5 9
2 5 5 10
2 5 5 11
2 5 5 19
2 8 5 19
2 9 5 19
2 10 5 19
2 11 5 19
2 5 6 8
2 5 6 9
2 5 6 10
2 5 6 11
2 8 17 11
3 8 17 11
4 2 6 5
4 2 6 6
4 2 6 7
4 2 6 8
4 2 6 9
4 2 6 10
4 2 6 11
4 2 6 12
4 2 6 13
4 2 6 14
4 2 6 15
4 2 6 16
4 2 6 17
4 11 8 13
4 11 8 17
4 13 8 17
4 13 12 17
4 11 13 13
4 11 13 17
4 13 13 17
4 8 17 11
5 11 8 13
5 11 8 17
5 13 8 17
5 13 12 17
5 11 13 13
5 11 13 17
5 13 13 17
5 8 17 11
6 11 8 13
6 11 8 17
6 13 8 17
6 13 12 17
6 11 13 13
6 11 13 17
6 13 13 17
6 8 17 11
8 13 12 17
8 10 13 13
8 10 13 17
8 11 13 13
8 11 13 17
8 13 13 17
