21 19
0000000000000000000
0000001111111000000
1111111111111111110
1111111111101000010
1011111111111110010
1010111101101010010
1010111101101010010
1011111101101010010
1010101101101010010
1011111111101010010
1010101111001010010
1010101111111010010
1111111111111111110
1000000001011100000
1111111111010100000
1000000011010100000
1000111111010100000
1000100011010100000
1111111111111111100
1000100011000000100
1111111111111111100
220
2 7 5 13
2 8 5 13
2 9 5 13
2 10 5 13
2 11 5 13
2 7 10 10
2 7 10 11
2 8 10 10
2 8 10 11
2 7 11 10
2 8 11 10
2 7 12 10
2 7 12 13
2 8 12 10
2 8 12 13
2 10 12 13
2 7 13 10
2 7 13 13
2 8 13 10
2 8 13 13
2 10 13 13
3 3 5 13
3 4 5 13
3 5 5 13
3 6 5 13
3 7 5 13
3 8 5 13
3 9 5 13
3 10 5 13
3 11 5 13
3 3 8 5
3 3 8 6
3 3 8 7
3 3 8 8
3 3 10 5
3 3 10 7
3 3 10 8
3 3 10 10
3 3 10 11
3 5 10 7
3 5 10 8
3 5 10 10
3 5 10 11
3 7 10 10
3 7 10 11
3 8 10 10
3 8 10 11
3 7 11 10
3 8 11 10
3 7 12 10
3 7 12 13
3 8 12 10
3 8 12 13
3 10 12 13
3 1 13 3
3 1 13 5
3 1 13 7
3 1 13 8
3 1 13 10
3 1 13 13
3 1 13 18
3 3 13 5
3 3 13 7
3 3 13 8
3 3 13 10
3 3 13 13
3 3 13 18
3 5 13 7
3 5 13 8
3 5 13 10
3 5 13 13
3 5 13 18
3 7 13 10
3 7 13 13
3 7 13 18
3 8 13 10
3 8 13 13
3 8 13 18
3 10 13 13
3 10 13 18
3 13 13 18
3 1 15 10
3 1 19 10
3 1 21 10
4 3 8 5
4 3 8 6
4 3 8 7
4 3 8 8
4 3 10 5
4 3 10 7
4 3 10 8
4 3 10 10
4 3 10 11
4 5 10 7
4 5 10 8
4 5 10 10
4 5 10 11
4 7 10 10
4 7 10 11
4 8 10 10
4 8 10 11
4 7 11 10
4 8 11 10
4 7 12 10
4 8 12 10
4 1 13 3
4 1 13 5
4 1 13 7
4 1 13 8
4 1 13 10
4 3 13 5
4 3 13 7
4 3 13 8
4 3 13 10
4 5 13 7
4 5 13 8
4 5 13 10
4 7 13 10
4 8 13 10
4 1 15 10
4 1 19 10
4 1 21 10
5 3 8 5
5 3 8 6
5 3 8 7
5 3 8 8
5 3 10 5
5 3 10 7
5 3 10 8
5 3 10 10
5 3 10 11
5 5 10 7
5 5 10 8
5 5 10 10
5 5 10 11
5 7 10 10
5 7 10 11
5 8 10 10
5 8 10 11
5 7 11 10
5 8 11 10
5 7 12 10
5 7 12 13
5 8 12 10
5 8 12 13
5 10 12 13
5 3 13 5
5 3 13 7
5 3 13 8
5 3 13 10
5 3 13 13
5 3 13 15
5 5 13 7
5 5 13 8
5 5 13 10
5 5 13 13
5 5 13 15
5 7 13 10
5 7 13 13
5 7 13 15
5 8 13 10
5 8 13 13
5 8 13 15
5 10 13 13
5 10 13 15
5 13 13 15
6 5 10 7
6 5 10 8
6 5 13 7
6 5 13 8
7 5 10 7
7 5 10 8
7 5 13 7
7 5 13 8
8 3 10 5
8 3 10 7
8 3 10 8
8 5 10 7
8 5 10 8
8 3 13 5
8 3 13 7
8 3 13 8
8 5 13 7
8 5 13 8
10 3 13 5
10 3 13 7
10 3 13 8
10 3 13 9
10 3 13 10
10 5 13 7
10 5 13 8
10 5 13 9
10 5 13 10
12 10 19 12
13 1 15 10
13 1 19 10
13 1 19 12
13 1 19 14
13 10 19 12
13 10 19 14
13 12 19 14
13 1 21 10
14 12 19 14
15 1 19 9
15 1 19 10
15 1 21 9
15 1 21 10
17 5 19 9
17 5 19 10
17 5 21 9
17 5 21 10
19 1 21 5
19 1 21 9
19 1 21 10
19 1 21 17
19 5 21 9
19 5 21 10
19 5 21 17
19 9 21 17
19 10 21 17
