13 23
00000000000000000000000
00000000000000000000000
00000000000111111111110
00000000001111111000010
00000000001101101000010
00000000001111111111110
00000000001101111111110
00111111111111111100100
00100000000111100100100
00111111111111111100100
00100000000100100000100
00111111111111111111100
00000000000000000000000
86
3 12 6 14
3 12 6 15
3 12 6 17
3 12 6 22
3 14 6 17
3 14 6 22
3 15 6 17
3 15 6 22
3 17 6 22
3 14 7 17
3 14 7 22
3 15 7 17
3 15 7 22
3 17 7 22
3 12 8 14
3 12 8 15
3 12 8 17
3 14 8 17
3 15 8 17
3 12 9 14
3 12 9 15
3 12 10 14
3 12 10 15
3 12 12 15
4 11 6 14
4 11 6 15
4 11 6 17
4 12 6 14
4 12 6 15
4 12 6 17
4 14 6 17
4 15 6 17
4 14 7 17
4 15 7 17
4 11 8 14
4 11 8 15
4 11 8 17
4 12 8 14
4 12 8 15
4 12 8 17
4 14 8 17
4 15 8 17
4 12 9 14
4 12 9 15
4 12 10 14
4 12 10 15
4 12 12 15
6 11 8 14
6 11 8 15
6 11 8 16
6 11 8 17
6 11 8 18
6 12 8 14
6 12 8 15
6 12 8 16
6 12 8 17
6 12 8 18
6 12 9 14
6 12 9 15
6 12 10 14
6 12 10 15
6 12 10 18
6 14 10 18
6 15 10 18
6 12 12 15
6 12 12 21
6 15 12 21
7 14 10 18
7 15 10 18
7 15 12 21
8 3 10 12
8 3 10 13
8 3 10 14
8 3 10 15
8 3 10 18
8 12 10 18
8 13 10 18
8 14 10 18
8 15 10 18
8 3 12 12
8 3 12 15
8 12 12 15
9 12 12 15
10 3 12 12
10 3 12 15
10 12 12 15
