24 19
0000000000000000000
0000000000111000000
0000000000101000000
0000000000101000000
0111111111111111111
0100000100111000001
0100000100111000001
0100000100111000001
0100000100111000001
0100000111111000001
0100000000101000001
0111111111111111111
0000000000101000000
0000000000101000000
0000000000101000000
1111111111101000000
1000000000101000000
1000000000101000000
1000000000101000000
1000000011111110000
1000000010111010000
1111111111100010000
0000000011111110000
0000000000000000000
42
2 11 5 13
2 11 6 13
2 11 7 13
2 11 8 13
2 11 9 13
2 11 10 13
2 11 12 13
2 11 20 13
2 11 21 13
5 8 10 11
5 8 10 12
5 8 10 13
5 2 12 11
5 2 12 13
5 2 12 19
5 11 12 13
5 11 12 19
5 13 12 19
5 11 20 13
5 11 21 13
6 11 12 13
6 11 20 13
6 11 21 13
7 11 12 13
7 11 20 13
7 11 21 13
8 11 12 13
8 11 20 13
8 11 21 13
9 11 12 13
9 11 20 13
9 11 21 13
10 11 12 13
10 11 20 13
10 11 21 13
12 11 20 13
12 11 21 13
16 1 22 11
20 9 22 11
20 9 23 11
20 9 23 15
20 11 23 15
