18 19
1111111111111111100
1011000001100000100
1111111111111111111
1111111111111111111
1111111111110101111
1111111111111111111
1111111111111111111
1111111111111111111
1111111111111111111
1111111111111111111
1111111111111111111
0111111111111111111
0110111110011111111
0110111110010111111
0111111111111111111
0111111111111111111
0101111111111111010
0111111111110001110
2581
1 1 3 3
1 1 3 4
1 1 3 10
1 1 3 11
1 1 3 17
1 3 3 10
1 3 3 11
1 3 3 17
1 4 3 10
1 4 3 11
1 4 3 17
1 10 3 17
1 11 3 17
1 1 4 3
1 1 4 4
1 1 4 10
1 1 4 11
1 1 4 17
1 3 4 10
1 3 4 11
1 3 4 17
1 4 4 10
1 4 4 11
1 4 4 17
1 10 4 17
1 11 4 17
1 1 5 3
1 1 5 4
1 1 5 10
1 1 5 11
1 3 5 10
1 3 5 11
1 4 5 10
1 4 5 11
1 1 6 3
1 1 6 4
1 1 6 10
1 1 6 11
1 1 6 17
1 3 6 10
1 3 6 11
1 3 6 17
1 4 6 10
1 4 6 11
1 4 6 17
1 10 6 17
1 11 6 17
1 1 7 3
1 1 7 4
1 1 7 10
1 1 7 11
1 1 7 17
1 3 7 10
1 3 7 11
1 3 7 17
1 4 7 10
1 4 7 11
1 4 7 17
1 10 7 17
1 11 7 17
1 1 8 3
1 1 8 4
1 1 8 10
1 1 8 11
1 1 8 17
1 3 8 10
1 3 8 11
1 3 8 17
1 4 8 10
1 4 8 11
1 4 8 17
1 10 8 17
1 11 8 17
1 1 9 3
1 1 9 4
1 1 9 10
1 1 9 11
1 1 9 17
1 3 9 10
1 3 9 11
1 3 9 17
1 4 9 10
1 4 9 11
1 4 9 17
1 10 9 17
1 11 9 17
1 1 10 3
1 1 10 4
1 1 10 10
1 1 10 11
1 1 10 17
1 3 10 10
1 3 10 11
1 3 10 17
1 4 10 10
1 4 10 11
1 4 10 17
1 10 10 17
1 11 10 17
1 1 11 3
1 1 11 4
1 1 11 10
1 1 11 11
1 1 11 17
1 3 11 10
1 3 11 11
1 3 11 17
1 4 11 10
1 4 11 11
1 4 11 17
1 10 11 17
1 11 11 17
1 3 12 10
1 3 12 11
1 3 12 17
1 4 12 10
1 4 12 11
1 4 12 17
1 10 12 17
1 11 12 17
1 3 15 17
1 3 16 17
3 1 6 14
3 1 6 16
3 1 6 17
3 1 6 18
3 1 6 19
3 2 6 14
3 2 6 16
3 2 6 17
3 2 6 18
3 2 6 19
3 3 6 14
3 3 6 16
3 3 6 17
3 3 6 18
3 3 6 19
3 4 6 14
3 4 6 16
3 4 6 17
3 4 6 18
3 4 6 19
3 5 6 14
3 5 6 16
3 5 6 17
3 5 6 18
3 5 6 19
3 6 6 14
3 6 6 16
3 6 6 17
3 6 6 18
3 6 6 19
3 7 6 14
3 7 6 16
3 7 6 17
3 7 6 18
3 7 6 19
3 8 6 14
3 8 6 16
3 8 6 17
3 8 6 18
3 8 6 19
3 9 6 14
3 9 6 16
3 9 6 17
3 9 6 18
3 9 6 19
3 10 6 14
3 10 6 16
3 10 6 17
3 10 6 18
3 10 6 19
3 11 6 14
3 11 6 16
3 11 6 17
3 11 6 18
3 11 6 19
3 12 6 14
3 12 6 16
3 12 6 17
3 12 6 18
3 12 6 19
3 14 6 16
3 14 6 17
3 14 6 18
3 14 6 19
3 1 7 14
3 1 7 16
3 1 7 17
3 1 7 18
3 1 7 19
3 2 7 14
3 2 7 16
3 2 7 17
3 2 7 18
3 2 7 19
3 3 7 14
3 3 7 16
3 3 7 17
3 3 7 18
3 3 7 19
3 4 7 14
3 4 7 16
3 4 7 17
3 4 7 18
3 4 7 19
3 5 7 14
3 5 7 16
3 5 7 17
3 5 7 18
3 5 7 19
3 6 7 14
3 6 7 16
3 6 7 17
3 6 7 18
3 6 7 19
3 7 7 14
3 7 7 16
3 7 7 17
3 7 7 18
3 7 7 19
3 8 7 14
3 8 7 16
3 8 7 17
3 8 7 18
3 8 7 19
3 9 7 14
3 9 7 16
3 9 7 17
3 9 7 18
3 9 7 19
3 10 7 14
3 10 7 16
3 10 7 17
3 10 7 18
3 10 7 19
3 11 7 14
3 11 7 16
3 11 7 17
3 11 7 18
3 11 7 19
3 12 7 14
3 12 7 16
3 12 7 17
3 12 7 18
3 12 7 19
3 14 7 16
3 14 7 17
3 14 7 18
3 14 7 19
3 1 8 14
3 1 8 16
3 1 8 17
3 1 8 18
3 1 8 19
3 2 8 14
3 2 8 16
3 2 8 17
3 2 8 18
3 2 8 19
3 3 8 14
3 3 8 16
3 3 8 17
3 3 8 18
3 3 8 19
3 4 8 14
3 4 8 16
3 4 8 17
3 4 8 18
3 4 8 19
3 5 8 14
3 5 8 16
3 5 8 17
3 5 8 18
3 5 8 19
3 6 8 14
3 6 8 16
3 6 8 17
3 6 8 18
3 6 8 19
3 7 8 14
3 7 8 16
3 7 8 17
3 7 8 18
3 7 8 19
3 8 8 14
3 8 8 16
3 8 8 17
3 8 8 18
3 8 8 19
3 9 8 14
3 9 8 16
3 9 8 17
3 9 8 18
3 9 8 19
3 10 8 14
3 10 8 16
3 10 8 17
3 10 8 18
3 10 8 19
3 11 8 14
3 11 8 16
3 11 8 17
3 11 8 18
3 11 8 19
3 12 8 14
3 12 8 16
3 12 8 17
3 12 8 18
3 12 8 19
3 14 8 16
3 14 8 17
3 14 8 18
3 14 8 19
3 1 9 14
3 1 9 16
3 1 9 17
3 1 9 18
3 1 9 19
3 2 9 14
3 2 9 16
3 2 9 17
3 2 9 18
3 2 9 19
3 3 9 14
3 3 9 16
3 3 9 17
3 3 9 18
3 3 9 19
3 4 9 14
3 4 9 16
3 4 9 17
3 4 9 18
3 4 9 19
3 5 9 14
3 5 9 16
3 5 9 17
3 5 9 18
3 5 9 19
3 6 9 14
3 6 9 16
3 6 9 17
3 6 9 18
3 6 9 19
3 7 9 14
3 7 9 16
3 7 9 17
3 7 9 18
3 7 9 19
3 8 9 14
3 8 9 16
3 8 9 17
3 8 9 18
3 8 9 19
3 9 9 14
3 9 9 16
3 9 9 17
3 9 9 18
3 9 9 19
3 10 9 14
3 10 9 16
3 10 9 17
3 10 9 18
3 10 9 19
3 11 9 14
3 11 9 16
3 11 9 17
3 11 9 18
3 11 9 19
3 12 9 14
3 12 9 16
3 12 9 17
3 12 9 18
3 12 9 19
3 14 9 16
3 14 9 17
3 14 9 18
3 14 9 19
3 1 10 14
3 1 10 16
3 1 10 17
3 1 10 18
3 1 10 19
3 2 10 14
3 2 10 16
3 2 10 17
3 2 10 18
3 2 10 19
3 3 10 14
3 3 10 16
3 3 10 17
3 3 10 18
3 3 10 19
3 4 10 14
3 4 10 16
3 4 10 17
3 4 10 18
3 4 10 19
3 5 10 14
3 5 10 16
3 5 10 17
3 5 10 18
3 5 10 19
3 6 10 14
3 6 10 16
3 6 10 17
3 6 10 18
3 6 10 19
3 7 10 14
3 7 10 16
3 7 10 17
3 7 10 18
3 7 10 19
3 8 10 14
3 8 10 16
3 8 10 17
3 8 10 18
3 8 10 19
3 9 10 14
3 9 10 16
3 9 10 17
3 9 10 18
3 9 10 19
3 10 10 14
3 10 10 16
3 10 10 17
3 10 10 18
3 10 10 19
3 11 10 14
3 11 10 16
3 11 10 17
3 11 10 18
3 11 10 19
3 12 10 14
3 12 10 16
3 12 10 17
3 12 10 18
3 12 10 19
3 14 10 16
3 14 10 17
3 14 10 18
3 14 10 19
3 1 11 14
3 1 11 16
3 1 11 17
3 1 11 18
3 1 11 19
3 2 11 14
3 2 11 16
3 2 11 17
3 2 11 18
3 2 11 19
3 3 11 14
3 3 11 16
3 3 11 17
3 3 11 18
3 3 11 19
3 4 11 14
3 4 11 16
3 4 11 17
3 4 11 18
3 4 11 19
3 5 11 14
3 5 11 16
3 5 11 17
3 5 11 18
3 5 11 19
3 6 11 14
3 6 11 16
3 6 11 17
3 6 11 18
3 6 11 19
3 7 11 14
3 7 11 16
3 7 11 17
3 7 11 18
3 7 11 19
3 8 11 14
3 8 11 16
3 8 11 17
3 8 11 18
3 8 11 19
3 9 11 14
3 9 11 16
3 9 11 17
3 9 11 18
3 9 11 19
3 10 11 14
3 10 11 16
3 10 11 17
3 10 11 18
3 10 11 19
3 11 11 14
3 11 11 16
3 11 11 17
3 11 11 18
3 11 11 19
3 12 11 14
3 12 11 16
3 12 11 17
3 12 11 18
3 12 11 19
3 14 11 16
3 14 11 17
3 14 11 18
3 14 11 19
3 2 12 14
3 2 12 16
3 2 12 17
3 2 12 18
3 2 12 19
3 3 12 14
3 3 12 16
3 3 12 17
3 3 12 18
3 3 12 19
3 4 12 14
3 4 12 16
3 4 12 17
3 4 12 18
3 4 12 19
3 5 12 14
3 5 12 16
3 5 12 17
3 5 12 18
3 5 12 19
3 6 12 14
3 6 12 16
3 6 12 17
3 6 12 18
3 6 12 19
3 7 12 14
3 7 12 16
3 7 12 17
3 7 12 18
3 7 12 19
3 8 12 14
3 8 12 16
3 8 12 17
3 8 12 18
3 8 12 19
3 9 12 14
3 9 12 16
3 9 12 17
3 9 12 18
3 9 12 19
3 10 12 14
3 10 12 16
3 10 12 17
3 10 12 18
3 10 12 19
3 11 12 14
3 11 12 16
3 11 12 17
3 11 12 18
3 11 12 19
3 12 12 14
3 12 12 16
3 12 12 17
3 12 12 18
3 12 12 19
3 14 12 16
3 14 12 17
3 14 12 18
3 14 12 19
3 12 13 14
3 12 13 16
3 12 13 17
3 12 13 18
3 12 13 19
3 14 13 16
3 14 13 17
3 14 13 18
3 14 13 19
3 14 14 16
3 14 14 17
3 14 14 18
3 14 14 19
3 2 15 5
3 2 15 6
3 2 15 7
3 2 15 8
3 2 15 9
3 2 15 12
3 2 15 14
3 2 15 16
3 2 15 17
3 2 15 18
3 2 15 19
3 3 15 5
3 3 15 6
3 3 15 7
3 3 15 8
3 3 15 9
3 3 15 12
3 3 15 14
3 3 15 16
3 3 15 17
3 3 15 18
3 3 15 19
3 5 15 12
3 5 15 14
3 5 15 16
3 5 15 17
3 5 15 18
3 5 15 19
3 6 15 12
3 6 15 14
3 6 15 16
3 6 15 17
3 6 15 18
3 6 15 19
3 7 15 12
3 7 15 14
3 7 15 16
3 7 15 17
3 7 15 18
3 7 15 19
3 8 15 12
3 8 15 14
3 8 15 16
3 8 15 17
3 8 15 18
3 8 15 19
3 9 15 12
3 9 15 14
3 9 15 16
3 9 15 17
3 9 15 18
3 9 15 19
3 12 15 14
3 12 15 16
3 12 15 17
3 12 15 18
3 12 15 19
3 14 15 16
3 14 15 17
3 14 15 18
3 14 15 19
3 2 16 5
3 2 16 6
3 2 16 7
3 2 16 8
3 2 16 9
3 2 16 12
3 2 16 14
3 2 16 16
3 2 16 17
3 2 16 18
3 2 16 19
3 3 16 5
3 3 16 6
3 3 16 7
3 3 16 8
3 3 16 9
3 3 16 12
3 3 16 14
3 3 16 16
3 3 16 17
3 3 16 18
3 3 16 19
3 5 16 12
3 5 16 14
3 5 16 16
3 5 16 17
3 5 16 18
3 5 16 19
3 6 16 12
3 6 16 14
3 6 16 16
3 6 16 17
3 6 16 18
3 6 16 19
3 7 16 12
3 7 16 14
3 7 16 16
3 7 16 17
3 7 16 18
3 7 16 19
3 8 16 12
3 8 16 14
3 8 16 16
3 8 16 17
3 8 16 18
3 8 16 19
3 9 16 12
3 9 16 14
3 9 16 16
3 9 16 17
3 9 16 18
3 9 16 19
3 12 16 14
3 12 16 16
3 12 16 17
3 12 16 18
3 12 16 19
3 14 16 16
3 14 16 17
3 14 16 18
3 14 16 19
3 5 17 12
3 5 17 14
3 5 17 16
3 6 17 12
3 6 17 14
3 6 17 16
3 7 17 12
3 7 17 14
3 7 17 16
3 8 17 12
3 8 17 14
3 8 17 16
3 9 17 12
3 9 17 14
3 9 17 16
3 12 17 14
3 12 17 16
3 14 17 16
3 2 18 5
3 2 18 6
3 2 18 7
3 2 18 8
3 2 18 9
3 2 18 12
3 5 18 12
3 6 18 12
3 7 18 12
3 8 18 12
3 9 18 12
3 16 18 18
4 1 6 14
4 1 6 16
4 1 6 17
4 1 6 18
4 1 6 19
4 2 6 14
4 2 6 16
4 2 6 17
4 2 6 18
4 2 6 19
4 3 6 14
4 3 6 16
4 3 6 17
4 3 6 18
4 3 6 19
4 4 6 14
4 4 6 16
4 4 6 17
4 4 6 18
4 4 6 19
4 5 6 14
4 5 6 16
4 5 6 17
4 5 6 18
4 5 6 19
4 6 6 14
4 6 6 16
4 6 6 17
4 6 6 18
4 6 6 19
4 7 6 14
4 7 6 16
4 7 6 17
4 7 6 18
4 7 6 19
4 8 6 14
4 8 6 16
4 8 6 17
4 8 6 18
4 8 6 19
4 9 6 14
4 9 6 16
4 9 6 17
4 9 6 18
4 9 6 19
4 10 6 14
4 10 6 16
4 10 6 17
4 10 6 18
4 10 6 19
4 11 6 14
4 11 6 16
4 11 6 17
4 11 6 18
4 11 6 19
4 12 6 14
4 12 6 16
4 12 6 17
4 12 6 18
4 12 6 19
4 14 6 16
4 14 6 17
4 14 6 18
4 14 6 19
4 1 7 14
4 1 7 16
4 1 7 17
4 1 7 18
4 1 7 19
4 2 7 14
4 2 7 16
4 2 7 17
4 2 7 18
4 2 7 19
4 3 7 14
4 3 7 16
4 3 7 17
4 3 7 18
4 3 7 19
4 4 7 14
4 4 7 16
4 4 7 17
4 4 7 18
4 4 7 19
4 5 7 14
4 5 7 16
4 5 7 17
4 5 7 18
4 5 7 19
4 6 7 14
4 6 7 16
4 6 7 17
4 6 7 18
4 6 7 19
4 7 7 14
4 7 7 16
4 7 7 17
4 7 7 18
4 7 7 19
4 8 7 14
4 8 7 16
4 8 7 17
4 8 7 18
4 8 7 19
4 9 7 14
4 9 7 16
4 9 7 17
4 9 7 18
4 9 7 19
4 10 7 14
4 10 7 16
4 10 7 17
4 10 7 18
4 10 7 19
4 11 7 14
4 11 7 16
4 11 7 17
4 11 7 18
4 11 7 19
4 12 7 14
4 12 7 16
4 12 7 17
4 12 7 18
4 12 7 19
4 14 7 16
4 14 7 17
4 14 7 18
4 14 7 19
4 1 8 14
4 1 8 16
4 1 8 17
4 1 8 18
4 1 8 19
4 2 8 14
4 2 8 16
4 2 8 17
4 2 8 18
4 2 8 19
4 3 8 14
4 3 8 16
4 3 8 17
4 3 8 18
4 3 8 19
4 4 8 14
4 4 8 16
4 4 8 17
4 4 8 18
4 4 8 19
4 5 8 14
4 5 8 16
4 5 8 17
4 5 8 18
4 5 8 19
4 6 8 14
4 6 8 16
4 6 8 17
4 6 8 18
4 6 8 19
4 7 8 14
4 7 8 16
4 7 8 17
4 7 8 18
4 7 8 19
4 8 8 14
4 8 8 16
4 8 8 17
4 8 8 18
4 8 8 19
4 9 8 14
4 9 8 16
4 9 8 17
4 9 8 18
4 9 8 19
4 10 8 14
4 10 8 16
4 10 8 17
4 10 8 18
4 10 8 19
4 11 8 14
4 11 8 16
4 11 8 17
4 11 8 18
4 11 8 19
4 12 8 14
4 12 8 16
4 12 8 17
4 12 8 18
4 12 8 19
4 14 8 16
4 14 8 17
4 14 8 18
4 14 8 19
4 1 9 14
4 1 9 16
4 1 9 17
4 1 9 18
4 1 9 19
4 2 9 14
4 2 9 16
4 2 9 17
4 2 9 18
4 2 9 19
4 3 9 14
4 3 9 16
4 3 9 17
4 3 9 18
4 3 9 19
4 4 9 14
4 4 9 16
4 4 9 17
4 4 9 18
4 4 9 19
4 5 9 14
4 5 9 16
4 5 9 17
4 5 9 18
4 5 9 19
4 6 9 14
4 6 9 16
4 6 9 17
4 6 9 18
4 6 9 19
4 7 9 14
4 7 9 16
4 7 9 17
4 7 9 18
4 7 9 19
4 8 9 14
4 8 9 16
4 8 9 17
4 8 9 18
4 8 9 19
4 9 9 14
4 9 9 16
4 9 9 17
4 9 9 18
4 9 9 19
4 10 9 14
4 10 9 16
4 10 9 17
4 10 9 18
4 10 9 19
4 11 9 14
4 11 9 16
4 11 9 17
4 11 9 18
4 11 9 19
4 12 9 14
4 12 9 16
4 12 9 17
4 12 9 18
4 12 9 19
4 14 9 16
4 14 9 17
4 14 9 18
4 14 9 19
4 1 10 14
4 1 10 16
4 1 10 17
4 1 10 18
4 1 10 19
4 2 10 14
4 2 10 16
4 2 10 17
4 2 10 18
4 2 10 19
4 3 10 14
4 3 10 16
4 3 10 17
4 3 10 18
4 3 10 19
4 4 10 14
4 4 10 16
4 4 10 17
4 4 10 18
4 4 10 19
4 5 10 14
4 5 10 16
4 5 10 17
4 5 10 18
4 5 10 19
4 6 10 14
4 6 10 16
4 6 10 17
4 6 10 18
4 6 10 19
4 7 10 14
4 7 10 16
4 7 10 17
4 7 10 18
4 7 10 19
4 8 10 14
4 8 10 16
4 8 10 17
4 8 10 18
4 8 10 19
4 9 10 14
4 9 10 16
4 9 10 17
4 9 10 18
4 9 10 19
4 10 10 14
4 10 10 16
4 10 10 17
4 10 10 18
4 10 10 19
4 11 10 14
4 11 10 16
4 11 10 17
4 11 10 18
4 11 10 19
4 12 10 14
4 12 10 16
4 12 10 17
4 12 10 18
4 12 10 19
4 14 10 16
4 14 10 17
4 14 10 18
4 14 10 19
4 1 11 14
4 1 11 16
4 1 11 17
4 1 11 18
4 1 11 19
4 2 11 14
4 2 11 16
4 2 11 17
4 2 11 18
4 2 11 19
4 3 11 14
4 3 11 16
4 3 11 17
4 3 11 18
4 3 11 19
4 4 11 14
4 4 11 16
4 4 11 17
4 4 11 18
4 4 11 19
4 5 11 14
4 5 11 16
4 5 11 17
4 5 11 18
4 5 11 19
4 6 11 14
4 6 11 16
4 6 11 17
4 6 11 18
4 6 11 19
4 7 11 14
4 7 11 16
4 7 11 17
4 7 11 18
4 7 11 19
4 8 11 14
4 8 11 16
4 8 11 17
4 8 11 18
4 8 11 19
4 9 11 14
4 9 11 16
4 9 11 17
4 9 11 18
4 9 11 19
4 10 11 14
4 10 11 16
4 10 11 17
4 10 11 18
4 10 11 19
4 11 11 14
4 11 11 16
4 11 11 17
4 11 11 18
4 11 11 19
4 12 11 14
4 12 11 16
4 12 11 17
4 12 11 18
4 12 11 19
4 14 11 16
4 14 11 17
4 14 11 18
4 14 11 19
4 2 12 14
4 2 12 16
4 2 12 17
4 2 12 18
4 2 12 19
4 3 12 14
4 3 12 16
4 3 12 17
4 3 12 18
4 3 12 19
4 4 12 14
4 4 12 16
4 4 12 17
4 4 12 18
4 4 12 19
4 5 12 14
4 5 12 16
4 5 12 17
4 5 12 18
4 5 12 19
4 6 12 14
4 6 12 16
4 6 12 17
4 6 12 18
4 6 12 19
4 7 12 14
4 7 12 16
4 7 12 17
4 7 12 18
4 7 12 19
4 8 12 14
4 8 12 16
4 8 12 17
4 8 12 18
4 8 12 19
4 9 12 14
4 9 12 16
4 9 12 17
4 9 12 18
4 9 12 19
4 10 12 14
4 10 12 16
4 10 12 17
4 10 12 18
4 10 12 19
4 11 12 14
4 11 12 16
4 11 12 17
4 11 12 18
4 11 12 19
4 12 12 14
4 12 12 16
4 12 12 17
4 12 12 18
4 12 12 19
4 14 12 16
4 14 12 17
4 14 12 18
4 14 12 19
4 12 13 14
4 12 13 16
4 12 13 17
4 12 13 18
4 12 13 19
4 14 13 16
4 14 13 17
4 14 13 18
4 14 13 19
4 14 14 16
4 14 14 17
4 14 14 18
4 14 14 19
4 2 15 5
4 2 15 6
4 2 15 7
4 2 15 8
4 2 15 9
4 2 15 12
4 2 15 14
4 2 15 16
4 2 15 17
4 2 15 18
4 2 15 19
4 3 15 5
4 3 15 6
4 3 15 7
4 3 15 8
4 3 15 9
4 3 15 12
4 3 15 14
4 3 15 16
4 3 15 17
4 3 15 18
4 3 15 19
4 5 15 12
4 5 15 14
4 5 15 16
4 5 15 17
4 5 15 18
4 5 15 19
4 6 15 12
4 6 15 14
4 6 15 16
4 6 15 17
4 6 15 18
4 6 15 19
4 7 15 12
4 7 15 14
4 7 15 16
4 7 15 17
4 7 15 18
4 7 15 19
4 8 15 12
4 8 15 14
4 8 15 16
4 8 15 17
4 8 15 18
4 8 15 19
4 9 15 12
4 9 15 14
4 9 15 16
4 9 15 17
4 9 15 18
4 9 15 19
4 12 15 14
4 12 15 16
4 12 15 17
4 12 15 18
4 12 15 19
4 14 15 16
4 14 15 17
4 14 15 18
4 14 15 19
4 2 16 5
4 2 16 6
4 2 16 7
4 2 16 8
4 2 16 9
4 2 16 12
4 2 16 14
4 2 16 16
4 2 16 17
4 2 16 18
4 2 16 19
4 3 16 5
4 3 16 6
4 3 16 7
4 3 16 8
4 3 16 9
4 3 16 12
4 3 16 14
4 3 16 16
4 3 16 17
4 3 16 18
4 3 16 19
4 5 16 12
4 5 16 14
4 5 16 16
4 5 16 17
4 5 16 18
4 5 16 19
4 6 16 12
4 6 16 14
4 6 16 16
4 6 16 17
4 6 16 18
4 6 16 19
4 7 16 12
4 7 16 14
4 7 16 16
4 7 16 17
4 7 16 18
4 7 16 19
4 8 16 12
4 8 16 14
4 8 16 16
4 8 16 17
4 8 16 18
4 8 16 19
4 9 16 12
4 9 16 14
4 9 16 16
4 9 16 17
4 9 16 18
4 9 16 19
4 12 16 14
4 12 16 16
4 12 16 17
4 12 16 18
4 12 16 19
4 14 16 16
4 14 16 17
4 14 16 18
4 14 16 19
4 5 17 12
4 5 17 14
4 5 17 16
4 6 17 12
4 6 17 14
4 6 17 16
4 7 17 12
4 7 17 14
4 7 17 16
4 8 17 12
4 8 17 14
4 8 17 16
4 9 17 12
4 9 17 14
4 9 17 16
4 12 17 14
4 12 17 16
4 14 17 16
4 2 18 5
4 2 18 6
4 2 18 7
4 2 18 8
4 2 18 9
4 2 18 12
4 5 18 12
4 6 18 12
4 7 18 12
4 8 18 12
4 9 18 12
4 16 18 18
5 2 15 5
5 2 15 6
5 2 15 7
5 2 15 8
5 2 15 9
5 2 15 12
5 3 15 5
5 3 15 6
5 3 15 7
5 3 15 8
5 3 15 9
5 3 15 12
5 5 15 12
5 6 15 12
5 7 15 12
5 8 15 12
5 9 15 12
5 2 16 5
5 2 16 6
5 2 16 7
5 2 16 8
5 2 16 9
5 2 16 12
5 3 16 5
5 3 16 6
5 3 16 7
5 3 16 8
5 3 16 9
5 3 16 12
5 5 16 12
5 6 16 12
5 7 16 12
5 8 16 12
5 9 16 12
5 5 17 12
5 6 17 12
5 7 17 12
5 8 17 12
5 9 17 12
5 2 18 5
5 2 18 6
5 2 18 7
5 2 18 8
5 2 18 9
5 2 18 12
5 5 18 12
5 6 18 12
5 7 18 12
5 8 18 12
5 9 18 12
5 16 18 18
6 2 15 5
6 2 15 6
6 2 15 7
6 2 15 8
6 2 15 9
6 2 15 12
6 2 15 14
6 2 15 15
6 2 15 16
6 2 15 17
6 2 15 18
6 2 15 19
6 3 15 5
6 3 15 6
6 3 15 7
6 3 15 8
6 3 15 9
6 3 15 12
6 3 15 14
6 3 15 15
6 3 15 16
6 3 15 17
6 3 15 18
6 3 15 19
6 5 15 12
6 5 15 14
6 5 15 15
6 5 15 16
6 5 15 17
6 5 15 18
6 5 15 19
6 6 15 12
6 6 15 14
6 6 15 15
6 6 15 16
6 6 15 17
6 6 15 18
6 6 15 19
6 7 15 12
6 7 15 14
6 7 15 15
6 7 15 16
6 7 15 17
6 7 15 18
6 7 15 19
6 8 15 12
6 8 15 14
6 8 15 15
6 8 15 16
6 8 15 17
6 8 15 18
6 8 15 19
6 9 15 12
6 9 15 14
6 9 15 15
6 9 15 16
6 9 15 17
6 9 15 18
6 9 15 19
6 12 15 14
6 12 15 15
6 12 15 16
6 12 15 17
6 12 15 18
6 12 15 19
6 2 16 5
6 2 16 6
6 2 16 7
6 2 16 8
6 2 16 9
6 2 16 12
6 2 16 14
6 2 16 15
6 2 16 16
6 2 16 17
6 2 16 18
6 2 16 19
6 3 16 5
6 3 16 6
6 3 16 7
6 3 16 8
6 3 16 9
6 3 16 12
6 3 16 14
6 3 16 15
6 3 16 16
6 3 16 17
6 3 16 18
6 3 16 19
6 5 16 12
6 5 16 14
6 5 16 15
6 5 16 16
6 5 16 17
6 5 16 18
6 5 16 19
6 6 16 12
6 6 16 14
6 6 16 15
6 6 16 16
6 6 16 17
6 6 16 18
6 6 16 19
6 7 16 12
6 7 16 14
6 7 16 15
6 7 16 16
6 7 16 17
6 7 16 18
6 7 16 19
6 8 16 12
6 8 16 14
6 8 16 15
6 8 16 16
6 8 16 17
6 8 16 18
6 8 16 19
6 9 16 12
6 9 16 14
6 9 16 15
6 9 16 16
6 9 16 17
6 9 16 18
6 9 16 19
6 12 16 14
6 12 16 15
6 12 16 16
6 12 16 17
6 12 16 18
6 12 16 19
6 5 17 12
6 5 17 14
6 5 17 15
6 5 17 16
6 6 17 12
6 6 17 14
6 6 17 15
6 6 17 16
6 7 17 12
6 7 17 14
6 7 17 15
6 7 17 16
6 8 17 12
6 8 17 14
6 8 17 15
6 8 17 16
6 9 17 12
6 9 17 14
6 9 17 15
6 9 17 16
6 12 17 14
6 12 17 15
6 12 17 16
6 2 18 5
6 2 18 6
6 2 18 7
6 2 18 8
6 2 18 9
6 2 18 12
6 5 18 12
6 6 18 12
6 7 18 12
6 8 18 12
6 9 18 12
6 16 18 18
7 2 15 5
7 2 15 6
7 2 15 7
7 2 15 8
7 2 15 9
7 2 15 12
7 2 15 14
7 2 15 15
7 2 15 16
7 2 15 17
7 2 15 18
7 2 15 19
7 3 15 5
7 3 15 6
7 3 15 7
7 3 15 8
7 3 15 9
7 3 15 12
7 3 15 14
7 3 15 15
7 3 15 16
7 3 15 17
7 3 15 18
7 3 15 19
7 5 15 12
7 5 15 14
7 5 15 15
7 5 15 16
7 5 15 17
7 5 15 18
7 5 15 19
7 6 15 12
7 6 15 14
7 6 15 15
7 6 15 16
7 6 15 17
7 6 15 18
7 6 15 19
7 7 15 12
7 7 15 14
7 7 15 15
7 7 15 16
7 7 15 17
7 7 15 18
7 7 15 19
7 8 15 12
7 8 15 14
7 8 15 15
7 8 15 16
7 8 15 17
7 8 15 18
7 8 15 19
7 9 15 12
7 9 15 14
7 9 15 15
7 9 15 16
7 9 15 17
7 9 15 18
7 9 15 19
7 12 15 14
7 12 15 15
7 12 15 16
7 12 15 17
7 12 15 18
7 12 15 19
7 2 16 5
7 2 16 6
7 2 16 7
7 2 16 8
7 2 16 9
7 2 16 12
7 2 16 14
7 2 16 15
7 2 16 16
7 2 16 17
7 2 16 18
7 2 16 19
7 3 16 5
7 3 16 6
7 3 16 7
7 3 16 8
7 3 16 9
7 3 16 12
7 3 16 14
7 3 16 15
7 3 16 16
7 3 16 17
7 3 16 18
7 3 16 19
7 5 16 12
7 5 16 14
7 5 16 15
7 5 16 16
7 5 16 17
7 5 16 18
7 5 16 19
7 6 16 12
7 6 16 14
7 6 16 15
7 6 16 16
7 6 16 17
7 6 16 18
7 6 16 19
7 7 16 12
7 7 16 14
7 7 16 15
7 7 16 16
7 7 16 17
7 7 16 18
7 7 16 19
7 8 16 12
7 8 16 14
7 8 16 15
7 8 16 16
7 8 16 17
7 8 16 18
7 8 16 19
7 9 16 12
7 9 16 14
7 9 16 15
7 9 16 16
7 9 16 17
7 9 16 18
7 9 16 19
7 12 16 14
7 12 16 15
7 12 16 16
7 12 16 17
7 12 16 18
7 12 16 19
7 5 17 12
7 5 17 14
7 5 17 15
7 5 17 16
7 6 17 12
7 6 17 14
7 6 17 15
7 6 17 16
7 7 17 12
7 7 17 14
7 7 17 15
7 7 17 16
7 8 17 12
7 8 17 14
7 8 17 15
7 8 17 16
7 9 17 12
7 9 17 14
7 9 17 15
7 9 17 16
7 12 17 14
7 12 17 15
7 12 17 16
7 2 18 5
7 2 18 6
7 2 18 7
7 2 18 8
7 2 18 9
7 2 18 12
7 5 18 12
7 6 18 12
7 7 18 12
7 8 18 12
7 9 18 12
7 16 18 18
8 2 15 5
8 2 15 6
8 2 15 7
8 2 15 8
8 2 15 9
8 2 15 12
8 2 15 14
8 2 15 15
8 2 15 16
8 2 15 17
8 2 15 18
8 2 15 19
8 3 15 5
8 3 15 6
8 3 15 7
8 3 15 8
8 3 15 9
8 3 15 12
8 3 15 14
8 3 15 15
8 3 15 16
8 3 15 17
8 3 15 18
8 3 15 19
8 5 15 12
8 5 15 14
8 5 15 15
8 5 15 16
8 5 15 17
8 5 15 18
8 5 15 19
8 6 15 12
8 6 15 14
8 6 15 15
8 6 15 16
8 6 15 17
8 6 15 18
8 6 15 19
8 7 15 12
8 7 15 14
8 7 15 15
8 7 15 16
8 7 15 17
8 7 15 18
8 7 15 19
8 8 15 12
8 8 15 14
8 8 15 15
8 8 15 16
8 8 15 17
8 8 15 18
8 8 15 19
8 9 15 12
8 9 15 14
8 9 15 15
8 9 15 16
8 9 15 17
8 9 15 18
8 9 15 19
8 12 15 14
8 12 15 15
8 12 15 16
8 12 15 17
8 12 15 18
8 12 15 19
8 2 16 5
8 2 16 6
8 2 16 7
8 2 16 8
8 2 16 9
8 2 16 12
8 2 16 14
8 2 16 15
8 2 16 16
8 2 16 17
8 2 16 18
8 2 16 19
8 3 16 5
8 3 16 6
8 3 16 7
8 3 16 8
8 3 16 9
8 3 16 12
8 3 16 14
8 3 16 15
8 3 16 16
8 3 16 17
8 3 16 18
8 3 16 19
8 5 16 12
8 5 16 14
8 5 16 15
8 5 16 16
8 5 16 17
8 5 16 18
8 5 16 19
8 6 16 12
8 6 16 14
8 6 16 15
8 6 16 16
8 6 16 17
8 6 16 18
8 6 16 19
8 7 16 12
8 7 16 14
8 7 16 15
8 7 16 16
8 7 16 17
8 7 16 18
8 7 16 19
8 8 16 12
8 8 16 14
8 8 16 15
8 8 16 16
8 8 16 17
8 8 16 18
8 8 16 19
8 9 16 12
8 9 16 14
8 9 16 15
8 9 16 16
8 9 16 17
8 9 16 18
8 9 16 19
8 12 16 14
8 12 16 15
8 12 16 16
8 12 16 17
8 12 16 18
8 12 16 19
8 5 17 12
8 5 17 14
8 5 17 15
8 5 17 16
8 6 17 12
8 6 17 14
8 6 17 15
8 6 17 16
8 7 17 12
8 7 17 14
8 7 17 15
8 7 17 16
8 8 17 12
8 8 17 14
8 8 17 15
8 8 17 16
8 9 17 12
8 9 17 14
8 9 17 15
8 9 17 16
8 12 17 14
8 12 17 15
8 12 17 16
8 2 18 5
8 2 18 6
8 2 18 7
8 2 18 8
8 2 18 9
8 2 18 12
8 5 18 12
8 6 18 12
8 7 18 12
8 8 18 12
8 9 18 12
8 16 18 18
9 2 15 5
9 2 15 6
9 2 15 7
9 2 15 8
9 2 15 9
9 2 15 12
9 2 15 14
9 2 15 15
9 2 15 16
9 2 15 17
9 2 15 18
9 2 15 19
9 3 15 5
9 3 15 6
9 3 15 7
9 3 15 8
9 3 15 9
9 3 15 12
9 3 15 14
9 3 15 15
9 3 15 16
9 3 15 17
9 3 15 18
9 3 15 19
9 5 15 12
9 5 15 14
9 5 15 15
9 5 15 16
9 5 15 17
9 5 15 18
9 5 15 19
9 6 15 12
9 6 15 14
9 6 15 15
9 6 15 16
9 6 15 17
9 6 15 18
9 6 15 19
9 7 15 12
9 7 15 14
9 7 15 15
9 7 15 16
9 7 15 17
9 7 15 18
9 7 15 19
9 8 15 12
9 8 15 14
9 8 15 15
9 8 15 16
9 8 15 17
9 8 15 18
9 8 15 19
9 9 15 12
9 9 15 14
9 9 15 15
9 9 15 16
9 9 15 17
9 9 15 18
9 9 15 19
9 12 15 14
9 12 15 15
9 12 15 16
9 12 15 17
9 12 15 18
9 12 15 19
9 2 16 5
9 2 16 6
9 2 16 7
9 2 16 8
9 2 16 9
9 2 16 12
9 2 16 14
9 2 16 15
9 2 16 16
9 2 16 17
9 2 16 18
9 2 16 19
9 3 16 5
9 3 16 6
9 3 16 7
9 3 16 8
9 3 16 9
9 3 16 12
9 3 16 14
9 3 16 15
9 3 16 16
9 3 16 17
9 3 16 18
9 3 16 19
9 5 16 12
9 5 16 14
9 5 16 15
9 5 16 16
9 5 16 17
9 5 16 18
9 5 16 19
9 6 16 12
9 6 16 14
9 6 16 15
9 6 16 16
9 6 16 17
9 6 16 18
9 6 16 19
9 7 16 12
9 7 16 14
9 7 16 15
9 7 16 16
9 7 16 17
9 7 16 18
9 7 16 19
9 8 16 12
9 8 16 14
9 8 16 15
9 8 16 16
9 8 16 17
9 8 16 18
9 8 16 19
9 9 16 12
9 9 16 14
9 9 16 15
9 9 16 16
9 9 16 17
9 9 16 18
9 9 16 19
9 12 16 14
9 12 16 15
9 12 16 16
9 12 16 17
9 12 16 18
9 12 16 19
9 5 17 12
9 5 17 14
9 5 17 15
9 5 17 16
9 6 17 12
9 6 17 14
9 6 17 15
9 6 17 16
9 7 17 12
9 7 17 14
9 7 17 15
9 7 17 16
9 8 17 12
9 8 17 14
9 8 17 15
9 8 17 16
9 9 17 12
9 9 17 14
9 9 17 15
9 9 17 16
9 12 17 14
9 12 17 15
9 12 17 16
9 2 18 5
9 2 18 6
9 2 18 7
9 2 18 8
9 2 18 9
9 2 18 12
9 5 18 12
9 6 18 12
9 7 18 12
9 8 18 12
9 9 18 12
9 16 18 18
10 2 15 5
10 2 15 6
10 2 15 7
10 2 15 8
10 2 15 9
10 2 15 12
10 2 15 14
10 2 15 15
10 2 15 16
10 2 15 17
10 2 15 18
10 2 15 19
10 3 15 5
10 3 15 6
10 3 15 7
10 3 15 8
10 3 15 9
10 3 15 12
10 3 15 14
10 3 15 15
10 3 15 16
10 3 15 17
10 3 15 18
10 3 15 19
10 5 15 12
10 5 15 14
10 5 15 15
10 5 15 16
10 5 15 17
10 5 15 18
10 5 15 19
10 6 15 12
10 6 15 14
10 6 15 15
10 6 15 16
10 6 15 17
10 6 15 18
10 6 15 19
10 7 15 12
10 7 15 14
10 7 15 15
10 7 15 16
10 7 15 17
10 7 15 18
10 7 15 19
10 8 15 12
10 8 15 14
10 8 15 15
10 8 15 16
10 8 15 17
10 8 15 18
10 8 15 19
10 9 15 12
10 9 15 14
10 9 15 15
10 9 15 16
10 9 15 17
10 9 15 18
10 9 15 19
10 12 15 14
10 12 15 15
10 12 15 16
10 12 15 17
10 12 15 18
10 12 15 19
10 2 16 5
10 2 16 6
10 2 16 7
10 2 16 8
10 2 16 9
10 2 16 12
10 2 16 14
10 2 16 15
10 2 16 16
10 2 16 17
10 2 16 18
10 2 16 19
10 3 16 5
10 3 16 6
10 3 16 7
10 3 16 8
10 3 16 9
10 3 16 12
10 3 16 14
10 3 16 15
10 3 16 16
10 3 16 17
10 3 16 18
10 3 16 19
10 5 16 12
10 5 16 14
10 5 16 15
10 5 16 16
10 5 16 17
10 5 16 18
10 5 16 19
10 6 16 12
10 6 16 14
10 6 16 15
10 6 16 16
10 6 16 17
10 6 16 18
10 6 16 19
10 7 16 12
10 7 16 14
10 7 16 15
10 7 16 16
10 7 16 17
10 7 16 18
10 7 16 19
10 8 16 12
10 8 16 14
10 8 16 15
10 8 16 16
10 8 16 17
10 8 16 18
10 8 16 19
10 9 16 12
10 9 16 14
10 9 16 15
10 9 16 16
10 9 16 17
10 9 16 18
10 9 16 19
10 12 16 14
10 12 16 15
10 12 16 16
10 12 16 17
10 12 16 18
10 12 16 19
10 5 17 12
10 5 17 14
10 5 17 15
10 5 17 16
10 6 17 12
10 6 17 14
10 6 17 15
10 6 17 16
10 7 17 12
10 7 17 14
10 7 17 15
10 7 17 16
10 8 17 12
10 8 17 14
10 8 17 15
10 8 17 16
10 9 17 12
10 9 17 14
10 9 17 15
10 9 17 16
10 12 17 14
10 12 17 15
10 12 17 16
10 2 18 5
10 2 18 6
10 2 18 7
10 2 18 8
10 2 18 9
10 2 18 12
10 5 18 12
10 6 18 12
10 7 18 12
10 8 18 12
10 9 18 12
10 16 18 18
11 2 15 5
11 2 15 6
11 2 15 7
11 2 15 8
11 2 15 9
11 2 15 12
11 2 15 14
11 2 15 15
11 2 15 16
11 2 15 17
11 2 15 18
11 2 15 19
11 3 15 5
11 3 15 6
11 3 15 7
11 3 15 8
11 3 15 9
11 3 15 12
11 3 15 14
11 3 15 15
11 3 15 16
11 3 15 17
11 3 15 18
11 3 15 19
11 5 15 12
11 5 15 14
11 5 15 15
11 5 15 16
11 5 15 17
11 5 15 18
11 5 15 19
11 6 15 12
11 6 15 14
11 6 15 15
11 6 15 16
11 6 15 17
11 6 15 18
11 6 15 19
11 7 15 12
11 7 15 14
11 7 15 15
11 7 15 16
11 7 15 17
11 7 15 18
11 7 15 19
11 8 15 12
11 8 15 14
11 8 15 15
11 8 15 16
11 8 15 17
11 8 15 18
11 8 15 19
11 9 15 12
11 9 15 14
11 9 15 15
11 9 15 16
11 9 15 17
11 9 15 18
11 9 15 19
11 12 15 14
11 12 15 15
11 12 15 16
11 12 15 17
11 12 15 18
11 12 15 19
11 2 16 5
11 2 16 6
11 2 16 7
11 2 16 8
11 2 16 9
11 2 16 12
11 2 16 14
11 2 16 15
11 2 16 16
11 2 16 17
11 2 16 18
11 2 16 19
11 3 16 5
11 3 16 6
11 3 16 7
11 3 16 8
11 3 16 9
11 3 16 12
11 3 16 14
11 3 16 15
11 3 16 16
11 3 16 17
11 3 16 18
11 3 16 19
11 5 16 12
11 5 16 14
11 5 16 15
11 5 16 16
11 5 16 17
11 5 16 18
11 5 16 19
11 6 16 12
11 6 16 14
11 6 16 15
11 6 16 16
11 6 16 17
11 6 16 18
11 6 16 19
11 7 16 12
11 7 16 14
11 7 16 15
11 7 16 16
11 7 16 17
11 7 16 18
11 7 16 19
11 8 16 12
11 8 16 14
11 8 16 15
11 8 16 16
11 8 16 17
11 8 16 18
11 8 16 19
11 9 16 12
11 9 16 14
11 9 16 15
11 9 16 16
11 9 16 17
11 9 16 18
11 9 16 19
11 12 16 14
11 12 16 15
11 12 16 16
11 12 16 17
11 12 16 18
11 12 16 19
11 5 17 12
11 5 17 14
11 5 17 15
11 5 17 16
11 6 17 12
11 6 17 14
11 6 17 15
11 6 17 16
11 7 17 12
11 7 17 14
11 7 17 15
11 7 17 16
11 8 17 12
11 8 17 14
11 8 17 15
11 8 17 16
11 9 17 12
11 9 17 14
11 9 17 15
11 9 17 16
11 12 17 14
11 12 17 15
11 12 17 16
11 2 18 5
11 2 18 6
11 2 18 7
11 2 18 8
11 2 18 9
11 2 18 12
11 5 18 12
11 6 18 12
11 7 18 12
11 8 18 12
11 9 18 12
11 16 18 18
12 2 15 5
12 2 15 6
12 2 15 7
12 2 15 8
12 2 15 9
12 2 15 12
12 2 15 14
12 2 15 15
12 2 15 16
12 2 15 17
12 2 15 18
12 2 15 19
12 3 15 5
12 3 15 6
12 3 15 7
12 3 15 8
12 3 15 9
12 3 15 12
12 3 15 14
12 3 15 15
12 3 15 16
12 3 15 17
12 3 15 18
12 3 15 19
12 5 15 12
12 5 15 14
12 5 15 15
12 5 15 16
12 5 15 17
12 5 15 18
12 5 15 19
12 6 15 12
12 6 15 14
12 6 15 15
12 6 15 16
12 6 15 17
12 6 15 18
12 6 15 19
12 7 15 12
12 7 15 14
12 7 15 15
12 7 15 16
12 7 15 17
12 7 15 18
12 7 15 19
12 8 15 12
12 8 15 14
12 8 15 15
12 8 15 16
12 8 15 17
12 8 15 18
12 8 15 19
12 9 15 12
12 9 15 14
12 9 15 15
12 9 15 16
12 9 15 17
12 9 15 18
12 9 15 19
12 12 15 14
12 12 15 15
12 12 15 16
12 12 15 17
12 12 15 18
12 12 15 19
12 2 16 5
12 2 16 6
12 2 16 7
12 2 16 8
12 2 16 9
12 2 16 12
12 2 16 14
12 2 16 15
12 2 16 16
12 2 16 17
12 2 16 18
12 2 16 19
12 3 16 5
12 3 16 6
12 3 16 7
12 3 16 8
12 3 16 9
12 3 16 12
12 3 16 14
12 3 16 15
12 3 16 16
12 3 16 17
12 3 16 18
12 3 16 19
12 5 16 12
12 5 16 14
12 5 16 15
12 5 16 16
12 5 16 17
12 5 16 18
12 5 16 19
12 6 16 12
12 6 16 14
12 6 16 15
12 6 16 16
12 6 16 17
12 6 16 18
12 6 16 19
12 7 16 12
12 7 16 14
12 7 16 15
12 7 16 16
12 7 16 17
12 7 16 18
12 7 16 19
12 8 16 12
12 8 16 14
12 8 16 15
12 8 16 16
12 8 16 17
12 8 16 18
12 8 16 19
12 9 16 12
12 9 16 14
12 9 16 15
12 9 16 16
12 9 16 17
12 9 16 18
12 9 16 19
12 12 16 14
12 12 16 15
12 12 16 16
12 12 16 17
12 12 16 18
12 12 16 19
12 5 17 12
12 5 17 14
12 5 17 15
12 5 17 16
12 6 17 12
12 6 17 14
12 6 17 15
12 6 17 16
12 7 17 12
12 7 17 14
12 7 17 15
12 7 17 16
12 8 17 12
12 8 17 14
12 8 17 15
12 8 17 16
12 9 17 12
12 9 17 14
12 9 17 15
12 9 17 16
12 12 17 14
12 12 17 15
12 12 17 16
12 2 18 5
12 2 18 6
12 2 18 7
12 2 18 8
12 2 18 9
12 2 18 12
12 5 18 12
12 6 18 12
12 7 18 12
12 8 18 12
12 9 18 12
12 16 18 18
13 12 15 14
13 12 15 15
13 12 15 16
13 12 15 17
13 12 15 18
13 12 15 19
13 12 16 14
13 12 16 15
13 12 16 16
13 12 16 17
13 12 16 18
13 12 16 19
13 12 17 14
13 12 17 15
13 12 17 16
13 16 18 18
14 16 18 18
15 2 18 4
15 2 18 5
15 2 18 6
15 2 18 7
15 2 18 8
15 2 18 9
15 2 18 10
15 2 18 11
15 2 18 12
15 16 18 18
16 2 18 4
16 2 18 5
16 2 18 6
16 2 18 7
16 2 18 8
16 2 18 9
16 2 18 10
16 2 18 11
16 2 18 12
16 16 18 18
