17 23
00011111111111111000000
00010001111111111100000
00010001000001111111110
00010011111111111110010
00010011000001101110010
00010011000001101110010
00011111111111111110010
00000011010001101110010
00000011011111111110010
00000011111111111110010
00000001000001001110010
11111111111111111110010
11111111111111111010010
11000000000001011010010
11111111111111111010010
11111111111111111110010
00000000000001111111110
283
1 8 4 14
1 8 4 15
1 8 4 16
1 8 4 17
1 4 7 8
1 4 7 14
1 4 7 15
1 4 7 17
1 8 7 14
1 8 7 15
1 8 7 17
1 14 7 17
1 15 7 17
1 14 9 17
1 15 9 17
1 8 10 14
1 8 10 15
1 8 10 17
1 14 10 17
1 15 10 17
1 8 12 14
1 8 12 17
1 14 12 17
1 8 13 14
1 8 13 17
1 14 13 17
1 14 15 17
1 14 16 17
1 14 17 17
2 8 4 14
2 8 4 15
2 8 4 16
2 8 4 17
2 8 4 18
2 8 7 14
2 8 7 15
2 8 7 17
2 8 7 18
2 14 7 17
2 14 7 18
2 15 7 17
2 15 7 18
2 14 9 17
2 14 9 18
2 15 9 17
2 15 9 18
2 8 10 14
2 8 10 15
2 8 10 17
2 8 10 18
2 14 10 17
2 14 10 18
2 15 10 17
2 15 10 18
2 8 12 14
2 8 12 17
2 8 12 18
2 14 12 17
2 14 12 18
2 8 13 14
2 8 13 17
2 14 13 17
2 14 15 17
2 14 16 17
2 14 17 17
3 14 7 17
3 14 7 18
3 14 7 19
3 15 7 17
3 15 7 18
3 15 7 19
3 14 9 17
3 14 9 18
3 14 9 19
3 15 9 17
3 15 9 18
3 15 9 19
3 14 10 17
3 14 10 18
3 14 10 19
3 15 10 17
3 15 10 18
3 15 10 19
3 14 12 17
3 14 12 18
3 14 12 19
3 14 13 17
3 14 15 17
3 14 16 17
3 14 16 19
3 17 16 19
3 14 17 17
3 14 17 19
3 14 17 22
3 17 17 19
3 17 17 22
3 19 17 22
4 7 7 14
4 7 7 15
4 7 7 17
4 7 7 18
4 7 7 19
4 8 7 14
4 8 7 15
4 8 7 17
4 8 7 18
4 8 7 19
4 14 7 17
4 14 7 18
4 14 7 19
4 15 7 17
4 15 7 18
4 15 7 19
4 14 9 17
4 14 9 18
4 14 9 19
4 15 9 17
4 15 9 18
4 15 9 19
4 7 10 14
4 7 10 15
4 7 10 17
4 7 10 18
4 7 10 19
4 8 10 14
4 8 10 15
4 8 10 17
4 8 10 18
4 8 10 19
4 14 10 17
4 14 10 18
4 14 10 19
4 15 10 17
4 15 10 18
4 15 10 19
4 8 12 14
4 8 12 17
4 8 12 18
4 8 12 19
4 14 12 17
4 14 12 18
4 14 12 19
4 8 13 14
4 8 13 17
4 14 13 17
4 14 15 17
4 14 16 17
4 14 16 19
4 17 16 19
4 14 17 17
4 14 17 19
4 17 17 19
5 17 16 19
5 17 17 19
6 17 16 19
6 17 17 19
7 10 9 14
7 10 9 15
7 10 9 17
7 10 9 18
7 10 9 19
7 14 9 17
7 14 9 18
7 14 9 19
7 15 9 17
7 15 9 18
7 15 9 19
7 7 10 10
7 7 10 14
7 7 10 15
7 7 10 17
7 7 10 18
7 7 10 19
7 8 10 10
7 8 10 14
7 8 10 15
7 8 10 17
7 8 10 18
7 8 10 19
7 10 10 14
7 10 10 15
7 10 10 17
7 10 10 18
7 10 10 19
7 14 10 17
7 14 10 18
7 14 10 19
7 15 10 17
7 15 10 18
7 15 10 19
7 8 12 14
7 8 12 17
7 8 12 18
7 8 12 19
7 14 12 17
7 14 12 18
7 14 12 19
7 8 13 14
7 8 13 17
7 14 13 17
7 14 15 17
7 14 16 17
7 14 16 19
7 17 16 19
7 14 17 17
7 14 17 19
7 17 17 19
8 17 16 19
8 17 17 19
9 14 12 17
9 14 12 18
9 14 12 19
9 14 13 17
9 14 15 17
9 14 16 17
9 14 16 19
9 17 16 19
9 14 17 17
9 14 17 19
9 17 17 19
10 8 12 14
10 8 12 17
10 8 12 18
10 8 12 19
10 14 12 17
10 14 12 18
10 14 12 19
10 8 13 14
10 8 13 17
10 14 13 17
10 14 15 17
10 14 16 17
10 14 16 19
10 17 16 19
10 14 17 17
10 14 17 19
10 17 17 19
11 17 16 19
11 17 17 19
12 1 15 14
12 1 15 16
12 1 15 17
12 2 15 14
12 2 15 16
12 2 15 17
12 14 15 16
12 14 15 17
12 1 16 14
12 1 16 16
12 1 16 17
12 1 16 19
12 2 16 14
12 2 16 16
12 2 16 17
12 2 16 19
12 14 16 16
12 14 16 17
12 14 16 19
12 16 16 19
12 17 16 19
12 14 17 16
12 14 17 17
12 14 17 19
12 16 17 19
12 17 17 19
13 1 15 14
13 1 15 16
13 1 15 17
13 2 15 14
13 2 15 16
13 2 15 17
13 14 15 16
13 14 15 17
13 1 16 14
13 1 16 16
13 1 16 17
13 2 16 14
13 2 16 16
13 2 16 17
13 14 16 16
13 14 16 17
13 14 17 16
13 14 17 17
