23 14
01111111111110
01111111111110
01100000000110
01100000000110
01111111111110
01111111111110
01010000000010
01011111111110
11111111111111
11111111111111
11010000000111
11111111111111
11011111111111
11111111111111
11111111111111
10001000000001
10111111111111
10101111111111
10100000000011
11111111111111
01101000000010
01111111111110
01111000000000
207
1 2 5 12
1 2 5 13
1 3 5 12
1 3 5 13
1 2 6 12
1 2 6 13
1 3 6 12
1 3 6 13
1 2 9 13
1 2 10 13
1 2 12 13
1 2 14 13
1 2 15 13
2 2 5 12
2 2 5 13
2 3 5 12
2 3 5 13
2 2 6 12
2 2 6 13
2 3 6 12
2 3 6 13
2 2 9 13
2 2 10 13
2 2 12 13
2 2 14 13
2 2 15 13
5 4 8 13
5 2 9 4
5 2 9 13
5 4 9 13
5 2 10 4
5 2 10 13
5 4 10 13
5 2 12 4
5 2 12 13
5 4 12 13
5 4 13 13
5 2 14 4
5 2 14 13
5 4 14 13
5 2 15 4
5 2 15 13
5 4 15 13
6 4 8 13
6 2 9 4
6 2 9 13
6 4 9 13
6 2 10 4
6 2 10 13
6 4 10 13
6 2 12 4
6 2 12 13
6 4 12 13
6 4 13 13
6 2 14 4
6 2 14 13
6 4 14 13
6 2 15 4
6 2 15 13
6 4 15 13
8 4 12 12
8 4 12 13
8 4 13 12
8 4 13 13
8 4 14 12
8 4 14 13
8 4 15 12
8 4 15 13
9 1 12 4
9 1 12 12
9 1 12 13
9 1 12 14
9 2 12 4
9 2 12 12
9 2 12 13
9 2 12 14
9 4 12 12
9 4 12 13
9 4 12 14
9 4 13 12
9 4 13 13
9 4 13 14
9 1 14 4
9 1 14 12
9 1 14 13
9 1 14 14
9 2 14 4
9 2 14 12
9 2 14 13
9 2 14 14
9 4 14 12
9 4 14 13
9 4 14 14
9 1 15 4
9 1 15 12
9 1 15 13
9 1 15 14
9 2 15 4
9 2 15 12
9 2 15 13
9 2 15 14
9 4 15 12
9 4 15 13
9 4 15 14
9 1 20 14
10 1 12 4
10 1 12 12
10 1 12 13
10 1 12 14
10 2 12 4
10 2 12 12
10 2 12 13
10 2 12 14
10 4 12 12
10 4 12 13
10 4 12 14
10 4 13 12
10 4 13 13
10 4 13 14
10 1 14 4
10 1 14 12
10 1 14 13
10 1 14 14
10 2 14 4
10 2 14 12
10 2 14 13
10 2 14 14
10 4 14 12
10 4 14 13
10 4 14 14
10 1 15 4
10 1 15 12
10 1 15 13
10 1 15 14
10 2 15 4
10 2 15 12
10 2 15 13
10 2 15 14
10 4 15 12
10 4 15 13
10 4 15 14
10 1 20 14
12 1 14 4
12 1 14 5
12 1 14 6
12 1 14 7
12 1 14 8
12 1 14 9
12 1 14 10
12 1 14 11
12 1 14 12
12 1 14 13
12 1 14 14
12 2 14 4
12 2 14 5
12 2 14 6
12 2 14 7
12 2 14 8
12 2 14 9
12 2 14 10
12 2 14 11
12 2 14 12
12 2 14 13
12 2 14 14
12 1 15 4
12 1 15 5
12 1 15 6
12 1 15 7
12 1 15 8
12 1 15 9
12 1 15 10
12 1 15 11
12 1 15 12
12 1 15 13
12 1 15 14
12 2 15 4
12 2 15 5
12 2 15 6
12 2 15 7
12 2 15 8
12 2 15 9
12 2 15 10
12 2 15 11
12 2 15 12
12 2 15 13
12 2 15 14
12 5 17 14
12 5 18 14
12 1 20 14
13 5 17 14
13 5 18 14
14 5 17 14
14 5 18 14
14 1 20 14
15 5 17 14
15 5 18 14
15 1 20 14
17 3 20 13
17 3 20 14
17 3 22 13
20 2 22 5
20 2 22 13
20 3 22 5
20 3 22 13
20 5 22 13
20 2 23 5
20 3 23 5
