19 17
00000000000000000
00011111111111110
00011001000000010
01111001000000010
01011111100000010
01011101100000010
01111101100000010
00011101100000010
00011101100000010
00011101100000010
00011101100000010
00011101100000010
11111111111111110
10001101100100000
11111111111100000
00000100100000000
00000111100000000
00000000000000000
00000000000000000
36
2 4 5 8
2 5 5 8
2 4 13 8
2 4 13 16
2 5 13 8
2 5 13 16
2 8 13 16
2 5 15 8
4 2 7 4
4 2 7 5
5 4 13 8
5 4 13 9
5 5 13 8
5 5 13 9
5 6 13 8
5 6 13 9
5 5 15 8
5 5 15 9
5 6 15 8
5 6 15 9
5 6 17 9
13 1 15 5
13 1 15 6
13 1 15 8
13 1 15 9
13 1 15 12
13 5 15 8
13 5 15 9
13 5 15 12
13 6 15 8
13 6 15 9
13 6 15 12
13 8 15 12
13 9 15 12
13 6 17 9
15 6 17 9
