19 20
00000000000000000000
00000000000000111111
00000000000000100001
00000000000000100001
00111111111111100001
00100000001101100001
00100000001101100001
00111111111111100001
00000000001111111001
00000111111111111111
00000100001000101011
00000100111111111111
00000100101000101111
00000100101000101111
00000100111111111111
00000111111111111111
00000000101000111001
00000000101111111111
00000000111111110000
155
2 15 10 20
2 15 12 20
2 15 15 20
2 15 16 20
2 15 18 20
5 3 8 11
5 3 8 12
5 3 8 14
5 3 8 15
5 11 8 14
5 11 8 15
5 12 8 14
5 12 8 15
5 11 9 14
5 11 9 15
5 12 9 14
5 12 9 15
5 11 10 14
5 11 10 15
5 12 10 14
5 12 10 15
5 11 12 15
5 11 15 15
5 11 16 15
5 11 18 15
5 11 19 15
8 11 12 15
8 11 15 15
8 11 16 15
8 11 18 15
8 11 19 15
9 11 12 15
9 11 12 17
9 15 12 17
9 11 15 15
9 11 15 17
9 15 15 17
9 11 16 15
9 11 16 17
9 15 16 17
9 15 17 17
9 11 18 15
9 11 18 17
9 15 18 17
9 11 19 15
10 11 12 15
10 11 12 17
10 11 12 19
10 11 12 20
10 15 12 17
10 15 12 19
10 15 12 20
10 17 12 19
10 17 12 20
10 17 13 19
10 17 13 20
10 17 14 19
10 17 14 20
10 11 15 15
10 11 15 17
10 11 15 19
10 11 15 20
10 15 15 17
10 15 15 19
10 15 15 20
10 17 15 19
10 17 15 20
10 6 16 11
10 6 16 15
10 6 16 17
10 6 16 19
10 6 16 20
10 11 16 15
10 11 16 17
10 11 16 19
10 11 16 20
10 15 16 17
10 15 16 19
10 15 16 20
10 17 16 19
10 17 16 20
10 15 17 17
10 11 18 15
10 11 18 17
10 11 18 20
10 15 18 17
10 15 18 20
10 17 18 20
10 11 19 15
12 9 15 11
12 9 15 15
12 9 15 17
12 9 15 18
12 9 15 19
12 9 15 20
12 11 15 15
12 11 15 17
12 11 15 18
12 11 15 19
12 11 15 20
12 15 15 17
12 15 15 18
12 15 15 19
12 15 15 20
12 9 16 11
12 9 16 15
12 9 16 17
12 9 16 18
12 9 16 19
12 9 16 20
12 11 16 15
12 11 16 17
12 11 16 18
12 11 16 19
12 11 16 20
12 15 16 17
12 15 16 18
12 15 16 19
12 15 16 20
12 15 17 17
12 11 18 15
12 11 18 17
12 11 18 20
12 15 18 17
12 15 18 20
12 17 18 20
12 9 19 11
12 9 19 15
12 11 19 15
13 17 18 20
14 17 18 20
15 11 18 15
15 11 18 16
15 11 18 17
15 11 18 20
15 15 18 20
15 16 18 20
15 17 18 20
15 9 19 11
15 9 19 15
15 9 19 16
15 11 19 15
15 11 19 16
16 11 18 15
16 11 18 16
16 11 18 17
16 11 18 20
16 15 18 20
16 16 18 20
16 17 18 20
16 9 19 11
16 9 19 15
16 9 19 16
16 11 19 15
16 11 19 16
