21 22
0000000000000011111111
0000000000111111111001
0000000000100010011001
0000000000100010011001
0000000000100010011001
0000000011111111111111
0000000010100010011011
0001111111111111111111
0001000010111111111111
0001000010001010001011
0001000010001011111011
0001000010001010000011
0001111111111111111111
0000000010001111111111
0000000010000011111111
0000000010000010000011
0000000010000011111111
0000000010000010000011
0000000010000010000011
0000000010000010000011
0000000011111111111111
149
1 15 6 18
1 15 6 19
1 15 6 22
1 18 6 22
1 19 6 22
1 15 8 18
1 15 8 19
1 15 8 22
1 18 8 22
1 19 8 22
1 15 9 18
1 15 9 19
1 15 9 22
1 18 9 22
1 19 9 22
1 15 11 19
1 15 13 22
1 15 14 22
1 15 15 22
1 15 17 22
1 15 21 22
2 11 6 15
2 11 6 18
2 11 6 19
2 15 6 18
2 15 6 19
2 11 8 15
2 11 8 18
2 11 8 19
2 15 8 18
2 15 8 19
2 11 9 15
2 11 9 18
2 11 9 19
2 15 9 18
2 15 9 19
2 15 11 19
6 9 8 11
6 9 8 15
6 9 8 18
6 9 8 19
6 9 8 21
6 9 8 22
6 11 8 15
6 11 8 18
6 11 8 19
6 11 8 21
6 11 8 22
6 15 8 18
6 15 8 19
6 15 8 21
6 15 8 22
6 18 8 21
6 18 8 22
6 19 8 21
6 19 8 22
6 11 9 15
6 11 9 18
6 11 9 19
6 11 9 21
6 11 9 22
6 15 9 18
6 15 9 19
6 15 9 21
6 15 9 22
6 18 9 21
6 18 9 22
6 19 9 21
6 19 9 22
6 15 11 19
6 9 13 15
6 9 13 21
6 9 13 22
6 15 13 21
6 15 13 22
6 15 14 21
6 15 14 22
6 15 15 21
6 15 15 22
6 15 17 21
6 15 17 22
6 9 21 15
6 9 21 21
6 9 21 22
6 15 21 21
6 15 21 22
8 15 11 19
8 4 13 9
8 4 13 13
8 4 13 15
8 4 13 21
8 4 13 22
8 9 13 13
8 9 13 15
8 9 13 21
8 9 13 22
8 13 13 15
8 13 13 21
8 13 13 22
8 15 13 21
8 15 13 22
8 13 14 15
8 13 14 21
8 13 14 22
8 15 14 21
8 15 14 22
8 15 15 21
8 15 15 22
8 15 17 21
8 15 17 22
8 9 21 15
8 9 21 21
8 9 21 22
8 15 21 21
8 15 21 22
9 15 11 19
9 13 13 15
9 13 13 21
9 13 13 22
9 15 13 21
9 15 13 22
9 13 14 15
9 13 14 21
9 13 14 22
9 15 14 21
9 15 14 22
9 15 15 21
9 15 15 22
9 15 17 21
9 15 17 22
9 15 21 21
9 15 21 22
13 15 17 21
13 15 17 22
13 9 21 15
13 9 21 21
13 9 21 22
13 15 21 21
13 15 21 22
14 15 17 21
14 15 17 22
14 15 21 21
14 15 21 22
15 15 17 21
15 15 17 22
15 15 21 21
15 15 21 22
17 15 21 21
17 15 21 22
