18 25
0111111011111000111111110
0100001010001000100000010
0100001010001000111111110
0100001010001000000000000
0100001010001000000000000
0100001010001000000000000
0111111010001000000000000
0000000010001000000000000
0000000010001000000000000
0000000111111111111110000
0000000100000000000010000
0000000100000000000010000
0000000100000000000010000
0000000100000000000010000
0000000100000000000010000
0000000111111111111110000
0000000100000001000000000
0000000111111111000000000
5
1 17 3 24
1 2 7 7
1 9 10 13
10 8 16 21
16 8 18 16
