12 14
00000000000000
00000000000000
01111111111100
01111110000100
01110110000100
01010110000100
01111111111111
01111111111101
01111111111111
01010011111100
01111111111000
00000000000000
97
3 2 7 4
3 2 7 6
3 2 7 7
3 2 7 12
3 4 7 6
3 4 7 7
3 4 7 12
3 6 7 12
3 7 7 12
3 2 8 4
3 2 8 6
3 2 8 7
3 2 8 12
3 4 8 6
3 4 8 7
3 4 8 12
3 6 8 12
3 7 8 12
3 2 9 4
3 2 9 6
3 2 9 7
3 2 9 12
3 4 9 6
3 4 9 7
3 4 9 12
3 6 9 12
3 7 9 12
3 7 10 12
3 2 11 4
3 2 11 7
3 4 11 7
4 2 7 4
4 2 7 6
4 2 7 7
4 4 7 6
4 4 7 7
4 2 8 4
4 2 8 6
4 2 8 7
4 4 8 6
4 4 8 7
4 2 9 4
4 2 9 6
4 2 9 7
4 4 9 6
4 4 9 7
4 2 11 4
4 2 11 7
4 4 11 7
5 2 7 4
5 2 8 4
5 2 9 4
5 2 11 4
7 2 9 14
7 3 9 14
7 4 9 14
7 5 9 14
7 6 9 14
7 7 9 14
7 8 9 14
7 9 9 14
7 10 9 14
7 11 9 14
7 12 9 14
7 2 11 4
7 2 11 7
7 2 11 8
7 2 11 9
7 2 11 10
7 2 11 11
7 4 11 7
7 4 11 8
7 4 11 9
7 4 11 10
7 4 11 11
8 2 11 4
8 2 11 7
8 2 11 8
8 2 11 9
8 2 11 10
8 2 11 11
8 4 11 7
8 4 11 8
8 4 11 9
8 4 11 10
8 4 11 11
9 2 11 4
9 2 11 7
9 2 11 8
9 2 11 9
9 2 11 10
9 2 11 11
9 4 11 7
9 4 11 8
9 4 11 9
9 4 11 10
9 4 11 11
