15 20
00000000000000000000
01111111111111111110
01000000111111100010
11111111111111111110
11000000100000100010
11000000100000100010
11111111111111110010
11111111111111111111
11100110101100111011
11100110101100111011
11111111111111111011
11111111111111111011
11111111111111111111
10111111111111111111
11111111111111111110
577
2 2 4 9
2 2 4 10
2 2 4 11
2 2 4 12
2 2 4 13
2 2 4 14
2 2 4 15
2 2 4 19
2 9 4 19
2 10 4 19
2 11 4 19
2 12 4 19
2 13 4 19
2 14 4 19
2 15 4 19
2 2 7 9
2 2 7 15
2 9 7 15
2 2 8 9
2 2 8 15
2 2 8 19
2 9 8 15
2 9 8 19
2 15 8 19
2 2 11 9
2 2 11 15
2 9 11 15
2 2 12 9
2 2 12 15
2 9 12 15
2 2 13 9
2 2 13 15
2 2 13 19
2 9 13 15
2 9 13 19
2 15 13 19
2 9 14 15
2 9 14 19
2 15 14 19
2 9 15 15
2 9 15 19
2 15 15 19
3 9 7 15
3 9 8 15
3 9 11 15
3 9 12 15
3 9 13 15
3 9 14 15
3 9 15 15
4 1 7 9
4 1 7 15
4 2 7 9
4 2 7 15
4 9 7 15
4 1 8 9
4 1 8 15
4 1 8 19
4 2 8 9
4 2 8 15
4 2 8 19
4 9 8 15
4 9 8 19
4 15 8 19
4 1 11 9
4 1 11 15
4 2 11 9
4 2 11 15
4 9 11 15
4 1 12 9
4 1 12 15
4 2 12 9
4 2 12 15
4 9 12 15
4 1 13 9
4 1 13 15
4 1 13 19
4 2 13 9
4 2 13 15
4 2 13 19
4 9 13 15
4 9 13 19
4 15 13 19
4 9 14 15
4 9 14 19
4 15 14 19
4 1 15 9
4 1 15 15
4 1 15 19
4 9 15 15
4 9 15 19
4 15 15 19
7 1 11 6
7 1 11 7
7 1 11 9
7 1 11 11
7 1 11 12
7 1 11 15
7 1 11 16
7 2 11 6
7 2 11 7
7 2 11 9
7 2 11 11
7 2 11 12
7 2 11 15
7 2 11 16
7 3 11 6
7 3 11 7
7 3 11 9
7 3 11 11
7 3 11 12
7 3 11 15
7 3 11 16
7 6 11 9
7 6 11 11
7 6 11 12
7 6 11 15
7 6 11 16
7 7 11 9
7 7 11 11
7 7 11 12
7 7 11 15
7 7 11 16
7 9 11 11
7 9 11 12
7 9 11 15
7 9 11 16
7 11 11 15
7 11 11 16
7 12 11 15
7 12 11 16
7 1 12 6
7 1 12 7
7 1 12 9
7 1 12 11
7 1 12 12
7 1 12 15
7 1 12 16
7 2 12 6
7 2 12 7
7 2 12 9
7 2 12 11
7 2 12 12
7 2 12 15
7 2 12 16
7 3 12 6
7 3 12 7
7 3 12 9
7 3 12 11
7 3 12 12
7 3 12 15
7 3 12 16
7 6 12 9
7 6 12 11
7 6 12 12
7 6 12 15
7 6 12 16
7 7 12 9
7 7 12 11
7 7 12 12
7 7 12 15
7 7 12 16
7 9 12 11
7 9 12 12
7 9 12 15
7 9 12 16
7 11 12 15
7 11 12 16
7 12 12 15
7 12 12 16
7 1 13 6
7 1 13 7
7 1 13 9
7 1 13 11
7 1 13 12
7 1 13 15
7 1 13 16
7 2 13 6
7 2 13 7
7 2 13 9
7 2 13 11
7 2 13 12
7 2 13 15
7 2 13 16
7 3 13 6
7 3 13 7
7 3 13 9
7 3 13 11
7 3 13 12
7 3 13 15
7 3 13 16
7 6 13 9
7 6 13 11
7 6 13 12
7 6 13 15
7 6 13 16
7 7 13 9
7 7 13 11
7 7 13 12
7 7 13 15
7 7 13 16
7 9 13 11
7 9 13 12
7 9 13 15
7 9 13 16
7 11 13 15
7 11 13 16
7 12 13 15
7 12 13 16
7 3 14 6
7 3 14 7
7 3 14 9
7 3 14 11
7 3 14 12
7 3 14 15
7 3 14 16
7 6 14 9
7 6 14 11
7 6 14 12
7 6 14 15
7 6 14 16
7 7 14 9
7 7 14 11
7 7 14 12
7 7 14 15
7 7 14 16
7 9 14 11
7 9 14 12
7 9 14 15
7 9 14 16
7 11 14 15
7 11 14 16
7 12 14 15
7 12 14 16
7 1 15 3
7 1 15 6
7 1 15 7
7 1 15 9
7 1 15 11
7 1 15 12
7 1 15 15
7 1 15 16
7 3 15 6
7 3 15 7
7 3 15 9
7 3 15 11
7 3 15 12
7 3 15 15
7 3 15 16
7 6 15 9
7 6 15 11
7 6 15 12
7 6 15 15
7 6 15 16
7 7 15 9
7 7 15 11
7 7 15 12
7 7 15 15
7 7 15 16
7 9 15 11
7 9 15 12
7 9 15 15
7 9 15 16
7 11 15 15
7 11 15 16
7 12 15 15
7 12 15 16
8 1 11 6
8 1 11 7
8 1 11 9
8 1 11 11
8 1 11 12
8 1 11 15
8 1 11 16
8 1 11 17
8 2 11 6
8 2 11 7
8 2 11 9
8 2 11 11
8 2 11 12
8 2 11 15
8 2 11 16
8 2 11 17
8 3 11 6
8 3 11 7
8 3 11 9
8 3 11 11
8 3 11 12
8 3 11 15
8 3 11 16
8 3 11 17
8 6 11 9
8 6 11 11
8 6 11 12
8 6 11 15
8 6 11 16
8 6 11 17
8 7 11 9
8 7 11 11
8 7 11 12
8 7 11 15
8 7 11 16
8 7 11 17
8 9 11 11
8 9 11 12
8 9 11 15
8 9 11 16
8 9 11 17
8 11 11 15
8 11 11 16
8 11 11 17
8 12 11 15
8 12 11 16
8 12 11 17
8 1 12 6
8 1 12 7
8 1 12 9
8 1 12 11
8 1 12 12
8 1 12 15
8 1 12 16
8 1 12 17
8 2 12 6
8 2 12 7
8 2 12 9
8 2 12 11
8 2 12 12
8 2 12 15
8 2 12 16
8 2 12 17
8 3 12 6
8 3 12 7
8 3 12 9
8 3 12 11
8 3 12 12
8 3 12 15
8 3 12 16
8 3 12 17
8 6 12 9
8 6 12 11
8 6 12 12
8 6 12 15
8 6 12 16
8 6 12 17
8 7 12 9
8 7 12 11
8 7 12 12
8 7 12 15
8 7 12 16
8 7 12 17
8 9 12 11
8 9 12 12
8 9 12 15
8 9 12 16
8 9 12 17
8 11 12 15
8 11 12 16
8 11 12 17
8 12 12 15
8 12 12 16
8 12 12 17
8 1 13 6
8 1 13 7
8 1 13 9
8 1 13 11
8 1 13 12
8 1 13 15
8 1 13 16
8 1 13 17
8 1 13 19
8 1 13 20
8 2 13 6
8 2 13 7
8 2 13 9
8 2 13 11
8 2 13 12
8 2 13 15
8 2 13 16
8 2 13 17
8 2 13 19
8 2 13 20
8 3 13 6
8 3 13 7
8 3 13 9
8 3 13 11
8 3 13 12
8 3 13 15
8 3 13 16
8 3 13 17
8 3 13 19
8 3 13 20
8 6 13 9
8 6 13 11
8 6 13 12
8 6 13 15
8 6 13 16
8 6 13 17
8 6 13 19
8 6 13 20
8 7 13 9
8 7 13 11
8 7 13 12
8 7 13 15
8 7 13 16
8 7 13 17
8 7 13 19
8 7 13 20
8 9 13 11
8 9 13 12
8 9 13 15
8 9 13 16
8 9 13 17
8 9 13 19
8 9 13 20
8 11 13 15
8 11 13 16
8 11 13 17
8 11 13 19
8 11 13 20
8 12 13 15
8 12 13 16
8 12 13 17
8 12 13 19
8 12 13 20
8 15 13 19
8 15 13 20
8 16 13 19
8 16 13 20
8 17 13 19
8 17 13 20
8 3 14 6
8 3 14 7
8 3 14 9
8 3 14 11
8 3 14 12
8 3 14 15
8 3 14 16
8 3 14 17
8 3 14 19
8 3 14 20
8 6 14 9
8 6 14 11
8 6 14 12
8 6 14 15
8 6 14 16
8 6 14 17
8 6 14 19
8 6 14 20
8 7 14 9
8 7 14 11
8 7 14 12
8 7 14 15
8 7 14 16
8 7 14 17
8 7 14 19
8 7 14 20
8 9 14 11
8 9 14 12
8 9 14 15
8 9 14 16
8 9 14 17
8 9 14 19
8 9 14 20
8 11 14 15
8 11 14 16
8 11 14 17
8 11 14 19
8 11 14 20
8 12 14 15
8 12 14 16
8 12 14 17
8 12 14 19
8 12 14 20
8 15 14 19
8 15 14 20
8 16 14 19
8 16 14 20
8 17 14 19
8 17 14 20
8 1 15 3
8 1 15 6
8 1 15 7
8 1 15 9
8 1 15 11
8 1 15 12
8 1 15 15
8 1 15 16
8 1 15 17
8 1 15 19
8 3 15 6
8 3 15 7
8 3 15 9
8 3 15 11
8 3 15 12
8 3 15 15
8 3 15 16
8 3 15 17
8 3 15 19
8 6 15 9
8 6 15 11
8 6 15 12
8 6 15 15
8 6 15 16
8 6 15 17
8 6 15 19
8 7 15 9
8 7 15 11
8 7 15 12
8 7 15 15
8 7 15 16
8 7 15 17
8 7 15 19
8 9 15 11
8 9 15 12
8 9 15 15
8 9 15 16
8 9 15 17
8 9 15 19
8 11 15 15
8 11 15 16
8 11 15 17
8 11 15 19
8 12 15 15
8 12 15 16
8 12 15 17
8 12 15 19
8 15 15 19
8 16 15 19
8 17 15 19
9 1 15 3
10 1 15 3
11 1 15 3
11 1 15 4
11 1 15 5
11 1 15 6
11 1 15 7
11 1 15 8
11 1 15 9
11 1 15 10
11 1 15 11
11 1 15 12
11 1 15 13
11 1 15 14
11 1 15 15
11 1 15 16
11 1 15 17
12 1 15 3
12 1 15 4
12 1 15 5
12 1 15 6
12 1 15 7
12 1 15 8
12 1 15 9
12 1 15 10
12 1 15 11
12 1 15 12
12 1 15 13
12 1 15 14
12 1 15 15
12 1 15 16
12 1 15 17
13 1 15 3
13 1 15 4
13 1 15 5
13 1 15 6
13 1 15 7
13 1 15 8
13 1 15 9
13 1 15 10
13 1 15 11
13 1 15 12
13 1 15 13
13 1 15 14
13 1 15 15
13 1 15 16
13 1 15 17
13 1 15 18
13 1 15 19
