11 15
000111111110000
000111111111111
000100110010001
000100110010001
000111110010001
001111111111111
001111111101011
001111111111111
001010111111110
001010100110010
001111111111110
100
1 4 5 7
1 4 5 8
1 4 6 7
1 4 6 8
1 4 6 11
1 7 6 11
1 8 6 11
1 4 7 7
1 4 7 8
1 4 8 7
1 4 8 8
2 4 5 7
2 4 5 8
2 4 6 7
2 4 6 8
2 4 6 11
2 4 6 15
2 7 6 11
2 7 6 15
2 8 6 11
2 8 6 15
2 11 6 15
2 4 7 7
2 4 7 8
2 4 8 7
2 4 8 8
2 4 8 15
2 7 8 15
2 8 8 15
5 5 11 7
6 3 8 12
6 3 8 14
6 3 8 15
6 4 8 12
6 4 8 14
6 4 8 15
6 5 8 12
6 5 8 14
6 5 8 15
6 6 8 12
6 6 8 14
6 6 8 15
6 7 8 12
6 7 8 14
6 7 8 15
6 8 8 12
6 8 8 14
6 8 8 15
6 9 8 12
6 9 8 14
6 9 8 15
6 10 8 12
6 10 8 14
6 10 8 15
6 12 8 14
6 12 8 15
6 7 9 12
6 7 9 14
6 8 9 12
6 8 9 14
6 9 9 12
6 9 9 14
6 10 9 12
6 10 9 14
6 12 9 14
6 3 11 5
6 3 11 7
6 3 11 10
6 3 11 14
6 5 11 7
6 5 11 10
6 5 11 14
6 7 11 10
6 7 11 14
6 10 11 14
7 3 11 5
7 3 11 7
7 3 11 10
7 5 11 7
7 5 11 10
7 7 11 10
8 3 11 5
8 3 11 7
8 3 11 10
8 3 11 11
8 3 11 14
8 5 11 7
8 5 11 10
8 5 11 11
8 5 11 14
8 7 11 10
8 7 11 11
8 7 11 14
8 10 11 14
8 11 11 14
9 7 11 10
9 7 11 11
9 7 11 14
9 10 11 14
9 11 11 14
