14 17
00000111111111100
00000110000010100
00001111111111111
00001110110000101
00001110110111111
00001110110100101
00001110110100101
00001110110100101
01111111111111101
01001111110111111
11111111111111111
11111111111110011
10000000100010011
11111111111111111
128
1 6 3 13
1 6 3 15
1 7 3 13
1 7 3 15
1 13 3 15
1 6 9 15
1 7 9 15
1 6 11 15
1 7 11 15
3 15 5 17
3 5 9 9
3 5 9 10
3 5 9 15
3 6 9 9
3 6 9 10
3 6 9 15
3 7 9 9
3 7 9 10
3 7 9 15
3 9 9 15
3 10 9 15
3 5 10 9
3 5 10 10
3 6 10 9
3 6 10 10
3 7 10 9
3 7 10 10
3 15 10 17
3 5 11 9
3 5 11 10
3 5 11 15
3 5 11 17
3 6 11 9
3 6 11 10
3 6 11 15
3 6 11 17
3 7 11 9
3 7 11 10
3 7 11 15
3 7 11 17
3 9 11 15
3 9 11 17
3 10 11 15
3 10 11 17
3 15 11 17
3 5 12 9
3 5 12 10
3 6 12 9
3 6 12 10
3 7 12 9
3 7 12 10
3 9 14 17
5 12 9 15
5 12 10 15
5 12 10 17
5 15 10 17
5 12 11 15
5 12 11 17
5 15 11 17
9 2 11 5
9 2 11 6
9 2 11 7
9 2 11 8
9 2 11 9
9 2 11 10
9 2 11 12
9 2 11 13
9 2 11 14
9 2 11 15
9 5 11 12
9 5 11 13
9 5 11 14
9 5 11 15
9 6 11 12
9 6 11 13
9 6 11 14
9 6 11 15
9 7 11 12
9 7 11 13
9 7 11 14
9 7 11 15
9 8 11 12
9 8 11 13
9 8 11 14
9 8 11 15
9 9 11 12
9 9 11 13
9 9 11 14
9 9 11 15
9 10 11 12
9 10 11 13
9 10 11 14
9 10 11 15
9 2 12 5
9 2 12 6
9 2 12 7
9 2 12 8
9 2 12 9
9 2 12 10
9 2 12 12
9 2 12 13
9 5 12 12
9 5 12 13
9 6 12 12
9 6 12 13
9 7 12 12
9 7 12 13
9 8 12 12
9 8 12 13
9 9 12 12
9 9 12 13
9 10 12 12
9 10 12 13
9 9 14 13
10 13 14 16
10 13 14 17
11 1 14 9
11 1 14 13
11 1 14 16
11 1 14 17
11 9 14 13
11 9 14 16
11 9 14 17
11 13 14 16
11 13 14 17
12 1 14 9
12 1 14 13
12 9 14 13
