24 20
00000000000000000000
00000000000000000000
00000000111000000000
00000000101000000000
00000000101000000000
00000000101000000000
00000000101000000000
00000000101000000000
00000000111000000000
01111111111111111110
01000000000000000010
01000000000011111111
01000000000011000011
01111111111111111111
00111111111111110011
00100000000111111111
00100000111111111111
00100011111111110111
00100010100111111111
00100010100100010101
00111111111111110101
00000000100100000101
00000000111111111111
00000000000000000000
112
3 9 9 11
3 9 10 11
10 2 14 19
12 13 14 19
12 13 14 20
12 14 14 19
12 14 14 20
12 13 16 19
12 13 16 20
12 14 16 19
12 14 16 20
12 13 17 19
12 13 17 20
12 14 17 19
12 14 17 20
12 13 19 19
12 13 19 20
12 14 19 19
12 14 19 20
14 12 16 19
14 12 16 20
14 13 16 19
14 13 16 20
14 14 16 19
14 14 16 20
14 15 16 19
14 15 16 20
14 16 16 19
14 16 16 20
14 12 17 19
14 12 17 20
14 13 17 19
14 13 17 20
14 14 17 19
14 14 17 20
14 15 17 19
14 15 17 20
14 16 17 19
14 16 17 20
14 12 19 19
14 12 19 20
14 13 19 19
14 13 19 20
14 14 19 19
14 14 19 20
14 15 19 19
14 15 19 20
14 16 19 19
14 16 19 20
14 3 21 12
14 3 21 16
14 12 21 16
14 12 23 20
15 3 21 12
15 3 21 16
15 12 21 16
16 12 19 18
16 12 19 19
16 12 19 20
16 13 19 18
16 13 19 19
16 13 19 20
16 14 19 18
16 14 19 19
16 14 19 20
16 15 19 18
16 15 19 19
16 15 19 20
16 16 19 18
16 16 19 19
16 16 19 20
16 12 21 16
16 12 23 18
16 12 23 20
16 18 23 20
17 12 19 18
17 12 19 19
17 12 19 20
17 13 19 18
17 13 19 19
17 13 19 20
17 14 19 18
17 14 19 19
17 14 19 20
17 15 19 18
17 15 19 19
17 15 19 20
17 16 19 18
17 16 19 19
17 16 19 20
17 9 21 12
17 9 21 16
17 12 21 16
17 9 23 12
17 9 23 18
17 9 23 20
17 12 23 18
17 12 23 20
17 18 23 20
18 7 21 9
18 7 21 12
18 7 21 16
18 9 21 12
18 9 21 16
18 12 21 16
18 9 23 12
18 18 23 20
19 12 21 16
19 12 23 18
19 12 23 20
19 18 23 20
21 9 23 12
