21 17
00111111111000000
00111111111111111
11111100001101001
10111111111111111
10111100001111111
10111100001111111
10111100001111111
10111100001111111
10111100001111111
10111111111111111
10111100001111111
10111100001100111
11111111111100111
00011000000100111
00011111111111111
00001000000100011
00001111111111111
00000000000111111
00000000000000000
00000000000000000
00000000000000000
237
1 3 4 11
1 4 4 11
1 5 4 11
1 6 4 11
1 3 10 11
1 4 10 11
1 5 10 11
1 6 10 11
1 3 13 11
1 4 13 11
1 5 13 11
1 6 13 11
2 3 4 11
2 3 4 12
2 3 4 14
2 3 4 17
2 4 4 11
2 4 4 12
2 4 4 14
2 4 4 17
2 5 4 11
2 5 4 12
2 5 4 14
2 5 4 17
2 6 4 11
2 6 4 12
2 6 4 14
2 6 4 17
2 11 4 14
2 11 4 17
2 12 4 14
2 12 4 17
2 14 4 17
2 11 5 14
2 11 5 17
2 12 5 14
2 12 5 17
2 14 5 17
2 11 6 14
2 11 6 17
2 12 6 14
2 12 6 17
2 14 6 17
2 11 7 14
2 11 7 17
2 12 7 14
2 12 7 17
2 14 7 17
2 11 8 14
2 11 8 17
2 12 8 14
2 12 8 17
2 14 8 17
2 11 9 14
2 11 9 17
2 12 9 14
2 12 9 17
2 14 9 17
2 3 10 11
2 3 10 12
2 3 10 14
2 3 10 17
2 4 10 11
2 4 10 12
2 4 10 14
2 4 10 17
2 5 10 11
2 5 10 12
2 5 10 14
2 5 10 17
2 6 10 11
2 6 10 12
2 6 10 14
2 6 10 17
2 11 10 14
2 11 10 17
2 12 10 14
2 12 10 17
2 14 10 17
2 11 11 14
2 11 11 17
2 12 11 14
2 12 11 17
2 14 11 17
2 3 13 11
2 3 13 12
2 4 13 11
2 4 13 12
2 5 13 11
2 5 13 12
2 6 13 11
2 6 13 12
2 4 15 12
2 4 15 17
2 5 15 12
2 5 15 17
2 12 15 17
2 5 17 12
2 5 17 17
2 12 17 17
2 12 18 17
3 1 13 3
3 1 13 4
3 1 13 5
3 1 13 6
4 3 10 11
4 3 10 12
4 3 10 13
4 3 10 14
4 3 10 15
4 3 10 16
4 3 10 17
4 4 10 11
4 4 10 12
4 4 10 13
4 4 10 14
4 4 10 15
4 4 10 16
4 4 10 17
4 5 10 11
4 5 10 12
4 5 10 13
4 5 10 14
4 5 10 15
4 5 10 16
4 5 10 17
4 6 10 11
4 6 10 12
4 6 10 13
4 6 10 14
4 6 10 15
4 6 10 16
4 6 10 17
4 3 13 11
4 3 13 12
4 4 13 11
4 4 13 12
4 5 13 11
4 5 13 12
4 6 13 11
4 6 13 12
4 4 15 12
4 4 15 15
4 4 15 16
4 4 15 17
4 5 15 12
4 5 15 15
4 5 15 16
4 5 15 17
4 12 15 15
4 12 15 16
4 12 15 17
4 5 17 12
4 5 17 16
4 5 17 17
4 12 17 16
4 12 17 17
4 12 18 16
4 12 18 17
5 12 15 15
5 12 15 16
5 12 15 17
5 12 17 16
5 12 17 17
5 12 18 16
5 12 18 17
6 12 15 15
6 12 15 16
6 12 15 17
6 12 17 16
6 12 17 17
6 12 18 16
6 12 18 17
7 12 15 15
7 12 15 16
7 12 15 17
7 12 17 16
7 12 17 17
7 12 18 16
7 12 18 17
8 12 15 15
8 12 15 16
8 12 15 17
8 12 17 16
8 12 17 17
8 12 18 16
8 12 18 17
9 12 15 15
9 12 15 16
9 12 15 17
9 12 17 16
9 12 17 17
9 12 18 16
9 12 18 17
10 3 13 11
10 3 13 12
10 4 13 11
10 4 13 12
10 5 13 11
10 5 13 12
10 6 13 11
10 6 13 12
10 4 15 12
10 4 15 15
10 4 15 16
10 4 15 17
10 5 15 12
10 5 15 15
10 5 15 16
10 5 15 17
10 12 15 15
10 12 15 16
10 12 15 17
10 5 17 12
10 5 17 16
10 5 17 17
10 12 17 16
10 12 17 17
10 12 18 16
10 12 18 17
11 12 15 15
11 12 15 16
11 12 15 17
11 12 17 16
11 12 17 17
11 12 18 16
11 12 18 17
13 4 15 12
13 5 15 12
13 5 17 12
15 5 17 12
15 5 17 16
15 5 17 17
15 12 17 16
15 12 17 17
15 12 18 16
15 12 18 17
