16 15
111111100000000
100000100000000
100000100000000
100000100000000
111111100000000
111111110000000
100000010000000
100000010000000
100111111111110
100100011111111
100100011000011
100111111111111
100111111111111
100111111111110
111111110000000
000000000000000
29
1 1 5 7
1 1 6 7
6 1 15 8
9 4 12 8
9 4 12 9
9 4 12 14
9 8 12 14
9 9 12 14
9 4 13 8
9 4 13 9
9 4 13 14
9 8 13 14
9 9 13 14
9 4 14 8
9 4 14 9
9 4 14 14
9 8 14 14
9 9 14 14
9 4 15 8
10 8 12 14
10 8 12 15
10 9 12 14
10 9 12 15
10 8 13 14
10 8 13 15
10 9 13 14
10 9 13 15
10 8 14 14
10 9 14 14
