17 17
00111111111110000
00101000100010000
00101000100010000
00101000100010000
00101000100010000
00111111111110000
01111111111110000
01101001000010000
01101001000010000
01101001000010000
01101001111111100
01111111111110100
01001101000010100
01001111111111100
01111111000010000
00000100000010000
00000111111110000
58
1 3 6 5
1 3 6 9
1 3 6 13
1 5 6 9
1 5 6 13
1 9 6 13
1 3 7 5
1 3 7 9
1 3 7 13
1 5 7 9
1 5 7 13
1 9 7 13
1 3 12 5
1 3 12 13
1 5 12 13
1 5 14 13
6 8 11 13
6 3 12 5
6 3 12 8
6 3 12 13
6 5 12 8
6 5 12 13
6 8 12 13
6 5 14 8
6 5 14 13
6 8 14 13
6 5 15 8
7 8 11 13
7 2 12 5
7 2 12 8
7 2 12 13
7 3 12 5
7 3 12 8
7 3 12 13
7 5 12 8
7 5 12 13
7 8 12 13
7 5 14 8
7 5 14 13
7 8 14 13
7 2 15 5
7 2 15 8
7 5 15 8
11 8 14 13
11 8 14 15
11 13 14 15
12 5 14 8
12 5 14 13
12 6 14 8
12 6 14 13
12 8 14 13
12 2 15 5
12 2 15 6
12 2 15 8
12 5 15 8
12 6 15 8
12 6 17 13
14 6 17 13
