10 10
0000011110
0000010010
0000111111
0111111111
0101111111
0111111101
0111111111
1111111101
1001100101
1111111111
58
1 6 3 9
1 6 4 9
1 6 5 9
3 5 7 10
3 6 7 10
3 7 7 10
3 8 7 10
3 5 10 8
3 5 10 10
3 8 10 10
4 2 6 4
4 2 6 5
4 2 6 6
4 2 6 7
4 2 6 8
4 2 7 4
4 2 7 5
4 2 7 6
4 2 7 7
4 2 7 8
4 2 7 10
4 4 7 10
4 5 7 10
4 6 7 10
4 7 7 10
4 8 7 10
4 2 8 4
4 2 8 5
4 2 8 6
4 2 8 7
4 2 8 8
4 4 10 8
4 4 10 10
4 5 10 8
4 5 10 10
4 8 10 10
5 4 7 10
5 5 7 10
5 6 7 10
5 7 7 10
5 8 7 10
5 4 10 8
5 4 10 10
5 5 10 8
5 5 10 10
5 8 10 10
6 4 10 8
6 5 10 8
7 4 10 8
7 4 10 10
7 5 10 8
7 5 10 10
7 8 10 10
8 1 10 4
8 1 10 5
8 1 10 8
8 4 10 8
8 5 10 8
