19 15
000000000000000
000000000000000
000001111111100
011111111111111
010001000010101
010001110010101
010001010010101
010001010010111
010001010010101
111101010010101
110101111111101
111101010010111
011111111111101
000001110011001
000001111111001
000001110010001
000000000010001
000000000010001
000000000011111
46
3 6 11 11
3 6 11 13
3 11 11 13
3 6 13 11
3 6 13 13
3 11 13 13
3 6 15 11
4 13 8 15
4 6 11 11
4 6 11 13
4 11 11 13
4 13 12 15
4 2 13 6
4 2 13 11
4 2 13 13
4 6 13 11
4 6 13 13
4 11 13 13
4 6 15 11
4 11 19 15
6 6 11 8
6 6 13 8
6 6 14 8
6 6 15 8
6 6 16 8
8 13 12 15
10 1 12 4
10 2 12 4
10 2 13 4
11 6 13 8
11 6 13 11
11 6 13 13
11 8 13 11
11 8 13 13
11 11 13 13
11 6 14 8
11 6 15 8
11 6 15 11
11 8 15 11
11 6 16 8
13 6 15 11
13 6 15 12
13 7 15 11
13 7 15 12
13 8 15 11
13 8 15 12
