17 25
0000000000000000000000000
0000000000000000000000000
0000000000000000000000000
0000000000000011111111100
0000000000000010000000100
0001111111111010000000100
1111111111111111111100100
1001111111111111111111100
1001000100101010010100100
1001111111111111010100100
1001000100111111111111100
1001111111111011010100100
1001000100000011010100100
1001000111111111111100100
1111111111111111110000100
0001111111111111110000100
0001111111111111111111100
173
4 15 8 23
4 15 11 23
4 15 17 23
6 4 10 8
6 4 10 11
6 4 10 13
6 8 10 11
6 8 10 13
6 11 10 13
6 11 11 13
6 4 12 8
6 4 12 11
6 4 12 13
6 8 12 11
6 8 12 13
6 11 12 13
6 4 15 8
6 4 16 8
6 4 17 8
7 4 10 8
7 4 10 11
7 4 10 13
7 4 10 15
7 8 10 11
7 8 10 13
7 8 10 15
7 11 10 13
7 11 10 15
7 13 10 15
7 11 11 13
7 11 11 15
7 11 11 18
7 11 11 20
7 13 11 15
7 13 11 18
7 13 11 20
7 15 11 18
7 15 11 20
7 18 11 20
7 4 12 8
7 4 12 11
7 4 12 13
7 8 12 11
7 8 12 13
7 11 12 13
7 8 14 15
7 8 14 18
7 8 14 20
7 15 14 18
7 15 14 20
7 18 14 20
7 1 15 4
7 1 15 8
7 1 15 15
7 1 15 18
7 4 15 8
7 4 15 15
7 4 15 18
7 8 15 15
7 8 15 18
7 15 15 18
7 4 16 8
7 4 16 15
7 4 16 18
7 8 16 15
7 8 16 18
7 15 16 18
7 4 17 8
7 4 17 15
7 4 17 18
7 8 17 15
7 8 17 18
7 15 17 18
8 4 10 8
8 4 10 11
8 4 10 13
8 4 10 15
8 8 10 11
8 8 10 13
8 8 10 15
8 11 10 13
8 11 10 15
8 13 10 15
8 11 11 13
8 11 11 15
8 11 11 18
8 11 11 20
8 11 11 23
8 13 11 15
8 13 11 18
8 13 11 20
8 13 11 23
8 15 11 18
8 15 11 20
8 15 11 23
8 18 11 20
8 18 11 23
8 20 11 23
8 4 12 8
8 4 12 11
8 4 12 13
8 8 12 11
8 8 12 13
8 11 12 13
8 8 14 15
8 8 14 18
8 8 14 20
8 15 14 18
8 15 14 20
8 18 14 20
8 4 15 8
8 4 15 15
8 4 15 18
8 8 15 15
8 8 15 18
8 15 15 18
8 4 16 8
8 4 16 15
8 4 16 18
8 8 16 15
8 8 16 18
8 15 16 18
8 4 17 8
8 4 17 15
8 4 17 18
8 4 17 23
8 8 17 15
8 8 17 18
8 8 17 23
8 15 17 18
8 15 17 23
8 18 17 23
10 4 12 8
10 4 12 11
10 4 12 12
10 4 12 13
10 8 12 11
10 8 12 12
10 8 12 13
10 8 14 15
10 8 14 16
10 4 15 8
10 4 15 15
10 4 15 16
10 8 15 15
10 8 15 16
10 4 16 8
10 4 16 15
10 4 16 16
10 8 16 15
10 8 16 16
10 4 17 8
10 4 17 15
10 4 17 16
10 8 17 15
10 8 17 16
11 15 14 18
11 15 14 20
11 16 14 18
11 16 14 20
11 18 14 20
11 15 15 18
11 16 15 18
11 15 16 18
11 16 16 18
11 15 17 18
11 15 17 23
11 16 17 18
11 16 17 23
11 18 17 23
12 4 15 8
12 4 16 8
12 4 17 8
