13 12
000000000000
000000000000
000000000000
000111111000
111111111111
100111111001
100110101001
111111101001
100111111001
111111111001
110000111001
111111111001
111111111111
77
4 4 8 7
4 5 8 7
4 4 9 7
4 4 9 9
4 5 9 7
4 5 9 9
4 7 9 9
4 4 10 7
4 4 10 9
4 5 10 7
4 5 10 9
4 7 10 9
4 7 11 9
4 7 12 9
4 7 13 9
5 1 8 4
5 1 8 5
5 1 8 7
5 4 8 7
5 5 8 7
5 4 9 7
5 4 9 9
5 5 9 7
5 5 9 9
5 7 9 9
5 1 10 4
5 1 10 5
5 1 10 7
5 1 10 9
5 4 10 7
5 4 10 9
5 5 10 7
5 5 10 9
5 7 10 9
5 7 11 9
5 1 12 7
5 1 12 9
5 7 12 9
5 1 13 7
5 1 13 9
5 1 13 12
5 7 13 9
5 7 13 12
5 9 13 12
6 4 8 7
6 5 8 7
6 4 9 7
6 4 9 9
6 5 9 7
6 5 9 9
6 7 9 9
6 4 10 7
6 4 10 9
6 5 10 7
6 5 10 9
6 7 10 9
6 7 11 9
6 7 12 9
6 7 13 9
8 1 10 4
8 1 10 5
8 1 10 6
8 1 10 7
8 1 12 7
8 1 13 7
10 1 12 7
10 1 12 8
10 1 12 9
10 2 12 7
10 2 12 8
10 2 12 9
10 1 13 7
10 1 13 8
10 1 13 9
10 2 13 7
10 2 13 8
10 2 13 9
