24 18
001111100111111110
001000100100000010
001000100100000010
001111100100000010
000000000100000010
000000000100000010
000000000100000010
000000000100000010
000001111111100010
000001000111111110
000001000000100000
000001000000100000
000001000000100000
000001111111100000
001110000000000000
001010000000000000
001010000000000000
001010000000000000
001010000000000000
001010000000000000
001110011100000000
000000010100000000
000000010100000000
000000011100000000
5
1 3 4 7
1 10 10 17
9 6 14 13
15 3 21 5
21 8 24 10
