18 14
11111111111111
10000000000001
11111111110001
11111111111111
10111111111000
10111011111111
10111011011001
10111111111111
10111111011001
10111111011001
10111111011001
10111111111111
10011111111000
10000000010000
10000000010000
10000000010000
10000000010000
11111111110000
225
1 1 4 14
3 3 8 7
3 3 8 8
3 3 8 10
3 4 8 7
3 4 8 8
3 4 8 10
3 5 8 7
3 5 8 8
3 5 8 10
3 7 8 10
3 8 8 10
3 3 9 7
3 3 9 8
3 4 9 7
3 4 9 8
3 5 9 7
3 5 9 8
3 3 10 7
3 3 10 8
3 4 10 7
3 4 10 8
3 5 10 7
3 5 10 8
3 3 11 7
3 3 11 8
3 4 11 7
3 4 11 8
3 5 11 7
3 5 11 8
3 3 12 7
3 3 12 8
3 3 12 10
3 4 12 7
3 4 12 8
3 4 12 10
3 5 12 7
3 5 12 8
3 5 12 10
3 7 12 10
3 8 12 10
3 4 13 7
3 4 13 8
3 4 13 10
3 5 13 7
3 5 13 8
3 5 13 10
3 7 13 10
3 8 13 10
3 1 18 10
4 3 8 7
4 3 8 8
4 3 8 10
4 3 8 11
4 4 8 7
4 4 8 8
4 4 8 10
4 4 8 11
4 5 8 7
4 5 8 8
4 5 8 10
4 5 8 11
4 7 8 10
4 7 8 11
4 8 8 10
4 8 8 11
4 3 9 7
4 3 9 8
4 4 9 7
4 4 9 8
4 5 9 7
4 5 9 8
4 3 10 7
4 3 10 8
4 4 10 7
4 4 10 8
4 5 10 7
4 5 10 8
4 3 11 7
4 3 11 8
4 4 11 7
4 4 11 8
4 5 11 7
4 5 11 8
4 3 12 7
4 3 12 8
4 3 12 10
4 3 12 11
4 4 12 7
4 4 12 8
4 4 12 10
4 4 12 11
4 5 12 7
4 5 12 8
4 5 12 10
4 5 12 11
4 7 12 10
4 7 12 11
4 8 12 10
4 8 12 11
4 4 13 7
4 4 13 8
4 4 13 10
4 4 13 11
4 5 13 7
4 5 13 8
4 5 13 10
4 5 13 11
4 7 13 10
4 7 13 11
4 8 13 10
4 8 13 11
4 1 18 10
5 3 8 7
5 3 8 8
5 3 8 10
5 3 8 11
5 4 8 7
5 4 8 8
5 4 8 10
5 4 8 11
5 5 8 7
5 5 8 8
5 5 8 10
5 5 8 11
5 7 8 10
5 7 8 11
5 8 8 10
5 8 8 11
5 3 9 7
5 3 9 8
5 4 9 7
5 4 9 8
5 5 9 7
5 5 9 8
5 3 10 7
5 3 10 8
5 4 10 7
5 4 10 8
5 5 10 7
5 5 10 8
5 3 11 7
5 3 11 8
5 4 11 7
5 4 11 8
5 5 11 7
5 5 11 8
5 3 12 7
5 3 12 8
5 3 12 10
5 3 12 11
5 4 12 7
5 4 12 8
5 4 12 10
5 4 12 11
5 5 12 7
5 5 12 8
5 5 12 10
5 5 12 11
5 7 12 10
5 7 12 11
5 8 12 10
5 8 12 11
5 4 13 7
5 4 13 8
5 4 13 10
5 4 13 11
5 5 13 7
5 5 13 8
5 5 13 10
5 5 13 11
5 7 13 10
5 7 13 11
5 8 13 10
5 8 13 11
6 7 8 10
6 7 8 11
6 7 8 14
6 8 8 10
6 8 8 11
6 8 8 14
6 10 8 14
6 11 8 14
6 7 12 10
6 7 12 11
6 7 12 14
6 8 12 10
6 8 12 11
6 8 12 14
6 10 12 14
6 11 12 14
6 7 13 10
6 7 13 11
6 8 13 10
6 8 13 11
8 3 12 10
8 3 12 11
8 3 12 14
8 4 12 10
8 4 12 11
8 4 12 14
8 5 12 10
8 5 12 11
8 5 12 14
8 6 12 10
8 6 12 11
8 6 12 14
8 7 12 10
8 7 12 11
8 7 12 14
8 8 12 10
8 8 12 11
8 8 12 14
8 10 12 14
8 11 12 14
8 4 13 10
8 4 13 11
8 5 13 10
8 5 13 11
8 6 13 10
8 6 13 11
8 7 13 10
8 7 13 11
8 8 13 10
8 8 13 11
