12 12
111111111100
111111111100
111111111110
100100000110
100100011111
100100010111
111111111111
100111111111
100111111111
100111111110
111111111110
000111111100
59
1 1 7 4
1 1 7 10
1 4 7 10
1 4 8 10
1 4 9 10
1 4 10 10
1 1 11 4
1 1 11 10
1 4 11 10
1 4 12 10
2 1 7 4
2 1 7 10
2 4 7 10
2 4 8 10
2 4 9 10
2 4 10 10
2 1 11 4
2 1 11 10
2 4 11 10
2 4 12 10
3 1 7 4
3 1 7 10
3 1 7 11
3 4 7 10
3 4 7 11
3 4 8 10
3 4 8 11
3 4 9 10
3 4 9 11
3 4 10 10
3 4 10 11
3 1 11 4
3 1 11 10
3 1 11 11
3 4 11 10
3 4 11 11
3 4 12 10
5 8 7 10
5 8 7 11
5 8 7 12
5 8 8 10
5 8 8 11
5 8 8 12
5 8 9 10
5 8 9 11
5 8 9 12
5 8 10 10
5 8 10 11
5 8 11 10
5 8 11 11
5 8 12 10
7 1 11 4
7 1 11 5
7 1 11 6
7 1 11 7
7 1 11 8
7 1 11 9
7 1 11 10
7 1 11 11
