20 25
1111111111100000000000000
1111111111111111000000000
1000011111111111111110000
1000010000111111111111100
1001111111111111111110100
1001111111100101010010100
1111111111111111111110100
1111111111111111111110100
1001111011100101010010100
1001111011100101010010100
1001111111100101110010100
1111111111111111111111100
1011111111111111111111100
1011111111111101011010100
1011111111111111111110100
1011111111111111111111100
1001011010101101010010100
1111111111111111111111100
1001111111111111110010000
1111111111111111111110000
2448
1 6 5 11
1 6 6 11
1 1 7 6
1 1 7 11
1 6 7 11
1 1 8 6
1 1 8 11
1 6 8 11
1 6 11 11
1 1 12 6
1 1 12 11
1 6 12 11
1 6 13 11
1 6 14 11
1 6 15 11
1 6 16 11
1 1 18 6
1 1 18 11
1 6 18 11
1 6 19 11
1 1 20 6
1 1 20 11
1 6 20 11
2 6 5 11
2 6 5 12
2 6 5 13
2 6 5 14
2 6 5 15
2 6 5 16
2 6 6 11
2 1 7 6
2 1 7 11
2 1 7 14
2 1 7 16
2 6 7 11
2 6 7 14
2 6 7 16
2 11 7 14
2 11 7 16
2 14 7 16
2 1 8 6
2 1 8 11
2 1 8 14
2 1 8 16
2 6 8 11
2 6 8 14
2 6 8 16
2 11 8 14
2 11 8 16
2 14 8 16
2 6 11 11
2 1 12 6
2 1 12 11
2 1 12 14
2 1 12 16
2 6 12 11
2 6 12 14
2 6 12 16
2 11 12 14
2 11 12 16
2 14 12 16
2 6 13 11
2 6 13 14
2 6 13 16
2 11 13 14
2 11 13 16
2 14 13 16
2 6 14 11
2 6 14 14
2 11 14 14
2 6 15 11
2 6 15 14
2 6 15 16
2 11 15 14
2 11 15 16
2 14 15 16
2 6 16 11
2 6 16 14
2 6 16 16
2 11 16 14
2 11 16 16
2 14 16 16
2 1 18 6
2 1 18 11
2 1 18 14
2 1 18 16
2 6 18 11
2 6 18 14
2 6 18 16
2 11 18 14
2 11 18 16
2 14 18 16
2 6 19 11
2 6 19 14
2 6 19 16
2 11 19 14
2 11 19 16
2 14 19 16
2 1 20 6
2 1 20 11
2 1 20 14
2 1 20 16
2 6 20 11
2 6 20 14
2 6 20 16
2 11 20 14
2 11 20 16
2 14 20 16
3 6 5 11
3 6 5 12
3 6 5 13
3 6 5 14
3 6 5 15
3 6 5 16
3 6 5 17
3 6 5 18
3 6 5 19
3 6 5 20
3 6 5 21
3 6 6 11
3 6 7 11
3 6 7 14
3 6 7 16
3 6 7 18
3 6 7 21
3 11 7 14
3 11 7 16
3 11 7 18
3 11 7 21
3 14 7 16
3 14 7 18
3 14 7 21
3 16 7 18
3 16 7 21
3 18 7 21
3 6 8 11
3 6 8 14
3 6 8 16
3 6 8 18
3 6 8 21
3 11 8 14
3 11 8 16
3 11 8 18
3 11 8 21
3 14 8 16
3 14 8 18
3 14 8 21
3 16 8 18
3 16 8 21
3 18 8 21
3 6 11 11
3 16 11 18
3 6 12 11
3 6 12 14
3 6 12 16
3 6 12 18
3 6 12 21
3 11 12 14
3 11 12 16
3 11 12 18
3 11 12 21
3 14 12 16
3 14 12 18
3 14 12 21
3 16 12 18
3 16 12 21
3 18 12 21
3 6 13 11
3 6 13 14
3 6 13 16
3 6 13 18
3 6 13 21
3 11 13 14
3 11 13 16
3 11 13 18
3 11 13 21
3 14 13 16
3 14 13 18
3 14 13 21
3 16 13 18
3 16 13 21
3 18 13 21
3 6 14 11
3 6 14 14
3 11 14 14
3 6 15 11
3 6 15 14
3 6 15 16
3 6 15 18
3 6 15 21
3 11 15 14
3 11 15 16
3 11 15 18
3 11 15 21
3 14 15 16
3 14 15 18
3 14 15 21
3 16 15 18
3 16 15 21
3 18 15 21
3 6 16 11
3 6 16 14
3 6 16 16
3 6 16 18
3 6 16 21
3 11 16 14
3 11 16 16
3 11 16 18
3 11 16 21
3 14 16 16
3 14 16 18
3 14 16 21
3 16 16 18
3 16 16 21
3 18 16 21
3 6 18 11
3 6 18 14
3 6 18 16
3 6 18 18
3 6 18 21
3 11 18 14
3 11 18 16
3 11 18 18
3 11 18 21
3 14 18 16
3 14 18 18
3 14 18 21
3 16 18 18
3 16 18 21
3 18 18 21
3 6 19 11
3 6 19 14
3 6 19 16
3 6 19 18
3 11 19 14
3 11 19 16
3 11 19 18
3 14 19 16
3 14 19 18
3 16 19 18
3 6 20 11
3 6 20 14
3 6 20 16
3 6 20 18
3 6 20 21
3 11 20 14
3 11 20 16
3 11 20 18
3 11 20 21
3 14 20 16
3 14 20 18
3 14 20 21
3 16 20 18
3 16 20 21
3 18 20 21
4 11 7 14
4 11 7 16
4 11 7 18
4 11 7 21
4 14 7 16
4 14 7 18
4 14 7 21
4 16 7 18
4 16 7 21
4 18 7 21
4 11 8 14
4 11 8 16
4 11 8 18
4 11 8 21
4 14 8 16
4 14 8 18
4 14 8 21
4 16 8 18
4 16 8 21
4 18 8 21
4 16 11 18
4 11 12 14
4 11 12 16
4 11 12 18
4 11 12 21
4 11 12 23
4 14 12 16
4 14 12 18
4 14 12 21
4 14 12 23
4 16 12 18
4 16 12 21
4 16 12 23
4 18 12 21
4 18 12 23
4 21 12 23
4 11 13 14
4 11 13 16
4 11 13 18
4 11 13 21
4 11 13 23
4 14 13 16
4 14 13 18
4 14 13 21
4 14 13 23
4 16 13 18
4 16 13 21
4 16 13 23
4 18 13 21
4 18 13 23
4 21 13 23
4 11 14 14
4 11 15 14
4 11 15 16
4 11 15 18
4 11 15 21
4 14 15 16
4 14 15 18
4 14 15 21
4 16 15 18
4 16 15 21
4 18 15 21
4 11 16 14
4 11 16 16
4 11 16 18
4 11 16 21
4 11 16 23
4 14 16 16
4 14 16 18
4 14 16 21
4 14 16 23
4 16 16 18
4 16 16 21
4 16 16 23
4 18 16 21
4 18 16 23
4 21 16 23
4 11 18 14
4 11 18 16
4 11 18 18
4 11 18 21
4 11 18 23
4 14 18 16
4 14 18 18
4 14 18 21
4 14 18 23
4 16 18 18
4 16 18 21
4 16 18 23
4 18 18 21
4 18 18 23
4 21 18 23
4 11 19 14
4 11 19 16
4 11 19 18
4 14 19 16
4 14 19 18
4 16 19 18
4 11 20 14
4 11 20 16
4 11 20 18
4 11 20 21
4 14 20 16
4 14 20 18
4 14 20 21
4 16 20 18
4 16 20 21
4 18 20 21
5 4 7 14
5 4 7 16
5 4 7 18
5 4 7 21
5 5 7 14
5 5 7 16
5 5 7 18
5 5 7 21
5 6 7 14
5 6 7 16
5 6 7 18
5 6 7 21
5 7 7 14
5 7 7 16
5 7 7 18
5 7 7 21
5 8 7 14
5 8 7 16
5 8 7 18
5 8 7 21
5 9 7 14
5 9 7 16
5 9 7 18
5 9 7 21
5 10 7 14
5 10 7 16
5 10 7 18
5 10 7 21
5 11 7 14
5 11 7 16
5 11 7 18
5 11 7 21
5 14 7 16
5 14 7 18
5 14 7 21
5 16 7 18
5 16 7 21
5 18 7 21
5 4 8 14
5 4 8 16
5 4 8 18
5 4 8 21
5 5 8 14
5 5 8 16
5 5 8 18
5 5 8 21
5 6 8 14
5 6 8 16
5 6 8 18
5 6 8 21
5 7 8 14
5 7 8 16
5 7 8 18
5 7 8 21
5 8 8 14
5 8 8 16
5 8 8 18
5 8 8 21
5 9 8 14
5 9 8 16
5 9 8 18
5 9 8 21
5 10 8 14
5 10 8 16
5 10 8 18
5 10 8 21
5 11 8 14
5 11 8 16
5 11 8 18
5 11 8 21
5 14 8 16
5 14 8 18
5 14 8 21
5 16 8 18
5 16 8 21
5 18 8 21
5 4 11 9
5 4 11 10
5 4 11 11
5 5 11 9
5 5 11 10
5 5 11 11
5 6 11 9
5 6 11 10
5 6 11 11
5 7 11 9
5 7 11 10
5 7 11 11
5 16 11 18
5 4 12 9
5 4 12 10
5 4 12 11
5 4 12 14
5 4 12 16
5 4 12 18
5 4 12 21
5 5 12 9
5 5 12 10
5 5 12 11
5 5 12 14
5 5 12 16
5 5 12 18
5 5 12 21
5 6 12 9
5 6 12 10
5 6 12 11
5 6 12 14
5 6 12 16
5 6 12 18
5 6 12 21
5 7 12 9
5 7 12 10
5 7 12 11
5 7 12 14
5 7 12 16
5 7 12 18
5 7 12 21
5 9 12 14
5 9 12 16
5 9 12 18
5 9 12 21
5 10 12 14
5 10 12 16
5 10 12 18
5 10 12 21
5 11 12 14
5 11 12 16
5 11 12 18
5 11 12 21
5 14 12 16
5 14 12 18
5 14 12 21
5 16 12 18
5 16 12 21
5 18 12 21
5 4 13 9
5 4 13 10
5 4 13 11
5 4 13 14
5 4 13 16
5 4 13 18
5 4 13 21
5 5 13 9
5 5 13 10
5 5 13 11
5 5 13 14
5 5 13 16
5 5 13 18
5 5 13 21
5 6 13 9
5 6 13 10
5 6 13 11
5 6 13 14
5 6 13 16
5 6 13 18
5 6 13 21
5 7 13 9
5 7 13 10
5 7 13 11
5 7 13 14
5 7 13 16
5 7 13 18
5 7 13 21
5 9 13 14
5 9 13 16
5 9 13 18
5 9 13 21
5 10 13 14
5 10 13 16
5 10 13 18
5 10 13 21
5 11 13 14
5 11 13 16
5 11 13 18
5 11 13 21
5 14 13 16
5 14 13 18
5 14 13 21
5 16 13 18
5 16 13 21
5 18 13 21
5 4 14 9
5 4 14 10
5 4 14 11
5 4 14 14
5 5 14 9
5 5 14 10
5 5 14 11
5 5 14 14
5 6 14 9
5 6 14 10
5 6 14 11
5 6 14 14
5 7 14 9
5 7 14 10
5 7 14 11
5 7 14 14
5 9 14 14
5 10 14 14
5 11 14 14
5 4 15 9
5 4 15 10
5 4 15 11
5 4 15 14
5 4 15 16
5 4 15 18
5 4 15 21
5 5 15 9
5 5 15 10
5 5 15 11
5 5 15 14
5 5 15 16
5 5 15 18
5 5 15 21
5 6 15 9
5 6 15 10
5 6 15 11
5 6 15 14
5 6 15 16
5 6 15 18
5 6 15 21
5 7 15 9
5 7 15 10
5 7 15 11
5 7 15 14
5 7 15 16
5 7 15 18
5 7 15 21
5 9 15 14
5 9 15 16
5 9 15 18
5 9 15 21
5 10 15 14
5 10 15 16
5 10 15 18
5 10 15 21
5 11 15 14
5 11 15 16
5 11 15 18
5 11 15 21
5 14 15 16
5 14 15 18
5 14 15 21
5 16 15 18
5 16 15 21
5 18 15 21
5 4 16 9
5 4 16 10
5 4 16 11
5 4 16 14
5 4 16 16
5 4 16 18
5 4 16 21
5 5 16 9
5 5 16 10
5 5 16 11
5 5 16 14
5 5 16 16
5 5 16 18
5 5 16 21
5 6 16 9
5 6 16 10
5 6 16 11
5 6 16 14
5 6 16 16
5 6 16 18
5 6 16 21
5 7 16 9
5 7 16 10
5 7 16 11
5 7 16 14
5 7 16 16
5 7 16 18
5 7 16 21
5 9 16 14
5 9 16 16
5 9 16 18
5 9 16 21
5 10 16 14
5 10 16 16
5 10 16 18
5 10 16 21
5 11 16 14
5 11 16 16
5 11 16 18
5 11 16 21
5 14 16 16
5 14 16 18
5 14 16 21
5 16 16 18
5 16 16 21
5 18 16 21
5 4 18 6
5 4 18 7
5 4 18 9
5 4 18 11
5 4 18 14
5 4 18 16
5 4 18 18
5 4 18 21
5 6 18 9
5 6 18 11
5 6 18 14
5 6 18 16
5 6 18 18
5 6 18 21
5 7 18 9
5 7 18 11
5 7 18 14
5 7 18 16
5 7 18 18
5 7 18 21
5 9 18 11
5 9 18 14
5 9 18 16
5 9 18 18
5 9 18 21
5 11 18 14
5 11 18 16
5 11 18 18
5 11 18 21
5 14 18 16
5 14 18 18
5 14 18 21
5 16 18 18
5 16 18 21
5 18 18 21
5 4 19 6
5 4 19 7
5 4 19 9
5 4 19 11
5 4 19 14
5 4 19 16
5 4 19 18
5 6 19 9
5 6 19 11
5 6 19 14
5 6 19 16
5 6 19 18
5 7 19 9
5 7 19 11
5 7 19 14
5 7 19 16
5 7 19 18
5 9 19 11
5 9 19 14
5 9 19 16
5 9 19 18
5 11 19 14
5 11 19 16
5 11 19 18
5 14 19 16
5 14 19 18
5 16 19 18
5 4 20 6
5 4 20 7
5 4 20 9
5 4 20 11
5 4 20 14
5 4 20 16
5 4 20 18
5 4 20 21
5 6 20 9
5 6 20 11
5 6 20 14
5 6 20 16
5 6 20 18
5 6 20 21
5 7 20 9
5 7 20 11
5 7 20 14
5 7 20 16
5 7 20 18
5 7 20 21
5 9 20 11
5 9 20 14
5 9 20 16
5 9 20 18
5 9 20 21
5 11 20 14
5 11 20 16
5 11 20 18
5 11 20 21
5 14 20 16
5 14 20 18
5 14 20 21
5 16 20 18
5 16 20 21
5 18 20 21
6 4 11 9
6 4 11 10
6 4 11 11
6 5 11 9
6 5 11 10
6 5 11 11
6 6 11 9
6 6 11 10
6 6 11 11
6 7 11 9
6 7 11 10
6 7 11 11
6 4 12 9
6 4 12 10
6 4 12 11
6 5 12 9
6 5 12 10
6 5 12 11
6 6 12 9
6 6 12 10
6 6 12 11
6 7 12 9
6 7 12 10
6 7 12 11
6 4 13 9
6 4 13 10
6 4 13 11
6 5 13 9
6 5 13 10
6 5 13 11
6 6 13 9
6 6 13 10
6 6 13 11
6 7 13 9
6 7 13 10
6 7 13 11
6 4 14 9
6 4 14 10
6 4 14 11
6 5 14 9
6 5 14 10
6 5 14 11
6 6 14 9
6 6 14 10
6 6 14 11
6 7 14 9
6 7 14 10
6 7 14 11
6 4 15 9
6 4 15 10
6 4 15 11
6 5 15 9
6 5 15 10
6 5 15 11
6 6 15 9
6 6 15 10
6 6 15 11
6 7 15 9
6 7 15 10
6 7 15 11
6 4 16 9
6 4 16 10
6 4 16 11
6 5 16 9
6 5 16 10
6 5 16 11
6 6 16 9
6 6 16 10
6 6 16 11
6 7 16 9
6 7 16 10
6 7 16 11
6 4 18 6
6 4 18 7
6 4 18 9
6 4 18 11
6 6 18 9
6 6 18 11
6 7 18 9
6 7 18 11
6 9 18 11
6 4 19 6
6 4 19 7
6 4 19 9
6 4 19 11
6 6 19 9
6 6 19 11
6 7 19 9
6 7 19 11
6 9 19 11
6 4 20 6
6 4 20 7
6 4 20 9
6 4 20 11
6 6 20 9
6 6 20 11
6 7 20 9
6 7 20 11
6 9 20 11
7 4 11 9
7 4 11 10
7 4 11 11
7 5 11 9
7 5 11 10
7 5 11 11
7 6 11 9
7 6 11 10
7 6 11 11
7 7 11 9
7 7 11 10
7 7 11 11
7 16 11 18
7 1 12 4
7 1 12 5
7 1 12 6
7 1 12 7
7 1 12 9
7 1 12 10
7 1 12 11
7 1 12 14
7 1 12 16
7 1 12 18
7 1 12 21
7 4 12 9
7 4 12 10
7 4 12 11
7 4 12 14
7 4 12 16
7 4 12 18
7 4 12 21
7 5 12 9
7 5 12 10
7 5 12 11
7 5 12 14
7 5 12 16
7 5 12 18
7 5 12 21
7 6 12 9
7 6 12 10
7 6 12 11
7 6 12 14
7 6 12 16
7 6 12 18
7 6 12 21
7 7 12 9
7 7 12 10
7 7 12 11
7 7 12 14
7 7 12 16
7 7 12 18
7 7 12 21
7 9 12 14
7 9 12 16
7 9 12 18
7 9 12 21
7 10 12 14
7 10 12 16
7 10 12 18
7 10 12 21
7 11 12 14
7 11 12 16
7 11 12 18
7 11 12 21
7 14 12 16
7 14 12 18
7 14 12 21
7 16 12 18
7 16 12 21
7 18 12 21
7 4 13 9
7 4 13 10
7 4 13 11
7 4 13 14
7 4 13 16
7 4 13 18
7 4 13 21
7 5 13 9
7 5 13 10
7 5 13 11
7 5 13 14
7 5 13 16
7 5 13 18
7 5 13 21
7 6 13 9
7 6 13 10
7 6 13 11
7 6 13 14
7 6 13 16
7 6 13 18
7 6 13 21
7 7 13 9
7 7 13 10
7 7 13 11
7 7 13 14
7 7 13 16
7 7 13 18
7 7 13 21
7 9 13 14
7 9 13 16
7 9 13 18
7 9 13 21
7 10 13 14
7 10 13 16
7 10 13 18
7 10 13 21
7 11 13 14
7 11 13 16
7 11 13 18
7 11 13 21
7 14 13 16
7 14 13 18
7 14 13 21
7 16 13 18
7 16 13 21
7 18 13 21
7 4 14 9
7 4 14 10
7 4 14 11
7 4 14 14
7 5 14 9
7 5 14 10
7 5 14 11
7 5 14 14
7 6 14 9
7 6 14 10
7 6 14 11
7 6 14 14
7 7 14 9
7 7 14 10
7 7 14 11
7 7 14 14
7 9 14 14
7 10 14 14
7 11 14 14
7 4 15 9
7 4 15 10
7 4 15 11
7 4 15 14
7 4 15 16
7 4 15 18
7 4 15 21
7 5 15 9
7 5 15 10
7 5 15 11
7 5 15 14
7 5 15 16
7 5 15 18
7 5 15 21
7 6 15 9
7 6 15 10
7 6 15 11
7 6 15 14
7 6 15 16
7 6 15 18
7 6 15 21
7 7 15 9
7 7 15 10
7 7 15 11
7 7 15 14
7 7 15 16
7 7 15 18
7 7 15 21
7 9 15 14
7 9 15 16
7 9 15 18
7 9 15 21
7 10 15 14
7 10 15 16
7 10 15 18
7 10 15 21
7 11 15 14
7 11 15 16
7 11 15 18
7 11 15 21
7 14 15 16
7 14 15 18
7 14 15 21
7 16 15 18
7 16 15 21
7 18 15 21
7 4 16 9
7 4 16 10
7 4 16 11
7 4 16 14
7 4 16 16
7 4 16 18
7 4 16 21
7 5 16 9
7 5 16 10
7 5 16 11
7 5 16 14
7 5 16 16
7 5 16 18
7 5 16 21
7 6 16 9
7 6 16 10
7 6 16 11
7 6 16 14
7 6 16 16
7 6 16 18
7 6 16 21
7 7 16 9
7 7 16 10
7 7 16 11
7 7 16 14
7 7 16 16
7 7 16 18
7 7 16 21
7 9 16 14
7 9 16 16
7 9 16 18
7 9 16 21
7 10 16 14
7 10 16 16
7 10 16 18
7 10 16 21
7 11 16 14
7 11 16 16
7 11 16 18
7 11 16 21
7 14 16 16
7 14 16 18
7 14 16 21
7 16 16 18
7 16 16 21
7 18 16 21
7 1 18 4
7 1 18 6
7 1 18 7
7 1 18 9
7 1 18 11
7 1 18 14
7 1 18 16
7 1 18 18
7 1 18 21
7 4 18 6
7 4 18 7
7 4 18 9
7 4 18 11
7 4 18 14
7 4 18 16
7 4 18 18
7 4 18 21
7 6 18 9
7 6 18 11
7 6 18 14
7 6 18 16
7 6 18 18
7 6 18 21
7 7 18 9
7 7 18 11
7 7 18 14
7 7 18 16
7 7 18 18
7 7 18 21
7 9 18 11
7 9 18 14
7 9 18 16
7 9 18 18
7 9 18 21
7 11 18 14
7 11 18 16
7 11 18 18
7 11 18 21
7 14 18 16
7 14 18 18
7 14 18 21
7 16 18 18
7 16 18 21
7 18 18 21
7 4 19 6
7 4 19 7
7 4 19 9
7 4 19 11
7 4 19 14
7 4 19 16
7 4 19 18
7 6 19 9
7 6 19 11
7 6 19 14
7 6 19 16
7 6 19 18
7 7 19 9
7 7 19 11
7 7 19 14
7 7 19 16
7 7 19 18
7 9 19 11
7 9 19 14
7 9 19 16
7 9 19 18
7 11 19 14
7 11 19 16
7 11 19 18
7 14 19 16
7 14 19 18
7 16 19 18
7 1 20 4
7 1 20 6
7 1 20 7
7 1 20 9
7 1 20 11
7 1 20 14
7 1 20 16
7 1 20 18
7 1 20 21
7 4 20 6
7 4 20 7
7 4 20 9
7 4 20 11
7 4 20 14
7 4 20 16
7 4 20 18
7 4 20 21
7 6 20 9
7 6 20 11
7 6 20 14
7 6 20 16
7 6 20 18
7 6 20 21
7 7 20 9
7 7 20 11
7 7 20 14
7 7 20 16
7 7 20 18
7 7 20 21
7 9 20 11
7 9 20 14
7 9 20 16
7 9 20 18
7 9 20 21
7 11 20 14
7 11 20 16
7 11 20 18
7 11 20 21
7 14 20 16
7 14 20 18
7 14 20 21
7 16 20 18
7 16 20 21
7 18 20 21
8 4 11 9
8 4 11 10
8 4 11 11
8 5 11 9
8 5 11 10
8 5 11 11
8 6 11 9
8 6 11 10
8 6 11 11
8 7 11 9
8 7 11 10
8 7 11 11
8 16 11 18
8 1 12 4
8 1 12 5
8 1 12 6
8 1 12 7
8 1 12 9
8 1 12 10
8 1 12 11
8 1 12 14
8 1 12 16
8 1 12 18
8 1 12 21
8 4 12 9
8 4 12 10
8 4 12 11
8 4 12 14
8 4 12 16
8 4 12 18
8 4 12 21
8 5 12 9
8 5 12 10
8 5 12 11
8 5 12 14
8 5 12 16
8 5 12 18
8 5 12 21
8 6 12 9
8 6 12 10
8 6 12 11
8 6 12 14
8 6 12 16
8 6 12 18
8 6 12 21
8 7 12 9
8 7 12 10
8 7 12 11
8 7 12 14
8 7 12 16
8 7 12 18
8 7 12 21
8 9 12 14
8 9 12 16
8 9 12 18
8 9 12 21
8 10 12 14
8 10 12 16
8 10 12 18
8 10 12 21
8 11 12 14
8 11 12 16
8 11 12 18
8 11 12 21
8 14 12 16
8 14 12 18
8 14 12 21
8 16 12 18
8 16 12 21
8 18 12 21
8 4 13 9
8 4 13 10
8 4 13 11
8 4 13 14
8 4 13 16
8 4 13 18
8 4 13 21
8 5 13 9
8 5 13 10
8 5 13 11
8 5 13 14
8 5 13 16
8 5 13 18
8 5 13 21
8 6 13 9
8 6 13 10
8 6 13 11
8 6 13 14
8 6 13 16
8 6 13 18
8 6 13 21
8 7 13 9
8 7 13 10
8 7 13 11
8 7 13 14
8 7 13 16
8 7 13 18
8 7 13 21
8 9 13 14
8 9 13 16
8 9 13 18
8 9 13 21
8 10 13 14
8 10 13 16
8 10 13 18
8 10 13 21
8 11 13 14
8 11 13 16
8 11 13 18
8 11 13 21
8 14 13 16
8 14 13 18
8 14 13 21
8 16 13 18
8 16 13 21
8 18 13 21
8 4 14 9
8 4 14 10
8 4 14 11
8 4 14 14
8 5 14 9
8 5 14 10
8 5 14 11
8 5 14 14
8 6 14 9
8 6 14 10
8 6 14 11
8 6 14 14
8 7 14 9
8 7 14 10
8 7 14 11
8 7 14 14
8 9 14 14
8 10 14 14
8 11 14 14
8 4 15 9
8 4 15 10
8 4 15 11
8 4 15 14
8 4 15 16
8 4 15 18
8 4 15 21
8 5 15 9
8 5 15 10
8 5 15 11
8 5 15 14
8 5 15 16
8 5 15 18
8 5 15 21
8 6 15 9
8 6 15 10
8 6 15 11
8 6 15 14
8 6 15 16
8 6 15 18
8 6 15 21
8 7 15 9
8 7 15 10
8 7 15 11
8 7 15 14
8 7 15 16
8 7 15 18
8 7 15 21
8 9 15 14
8 9 15 16
8 9 15 18
8 9 15 21
8 10 15 14
8 10 15 16
8 10 15 18
8 10 15 21
8 11 15 14
8 11 15 16
8 11 15 18
8 11 15 21
8 14 15 16
8 14 15 18
8 14 15 21
8 16 15 18
8 16 15 21
8 18 15 21
8 4 16 9
8 4 16 10
8 4 16 11
8 4 16 14
8 4 16 16
8 4 16 18
8 4 16 21
8 5 16 9
8 5 16 10
8 5 16 11
8 5 16 14
8 5 16 16
8 5 16 18
8 5 16 21
8 6 16 9
8 6 16 10
8 6 16 11
8 6 16 14
8 6 16 16
8 6 16 18
8 6 16 21
8 7 16 9
8 7 16 10
8 7 16 11
8 7 16 14
8 7 16 16
8 7 16 18
8 7 16 21
8 9 16 14
8 9 16 16
8 9 16 18
8 9 16 21
8 10 16 14
8 10 16 16
8 10 16 18
8 10 16 21
8 11 16 14
8 11 16 16
8 11 16 18
8 11 16 21
8 14 16 16
8 14 16 18
8 14 16 21
8 16 16 18
8 16 16 21
8 18 16 21
8 1 18 4
8 1 18 6
8 1 18 7
8 1 18 9
8 1 18 11
8 1 18 14
8 1 18 16
8 1 18 18
8 1 18 21
8 4 18 6
8 4 18 7
8 4 18 9
8 4 18 11
8 4 18 14
8 4 18 16
8 4 18 18
8 4 18 21
8 6 18 9
8 6 18 11
8 6 18 14
8 6 18 16
8 6 18 18
8 6 18 21
8 7 18 9
8 7 18 11
8 7 18 14
8 7 18 16
8 7 18 18
8 7 18 21
8 9 18 11
8 9 18 14
8 9 18 16
8 9 18 18
8 9 18 21
8 11 18 14
8 11 18 16
8 11 18 18
8 11 18 21
8 14 18 16
8 14 18 18
8 14 18 21
8 16 18 18
8 16 18 21
8 18 18 21
8 4 19 6
8 4 19 7
8 4 19 9
8 4 19 11
8 4 19 14
8 4 19 16
8 4 19 18
8 6 19 9
8 6 19 11
8 6 19 14
8 6 19 16
8 6 19 18
8 7 19 9
8 7 19 11
8 7 19 14
8 7 19 16
8 7 19 18
8 9 19 11
8 9 19 14
8 9 19 16
8 9 19 18
8 11 19 14
8 11 19 16
8 11 19 18
8 14 19 16
8 14 19 18
8 16 19 18
8 1 20 4
8 1 20 6
8 1 20 7
8 1 20 9
8 1 20 11
8 1 20 14
8 1 20 16
8 1 20 18
8 1 20 21
8 4 20 6
8 4 20 7
8 4 20 9
8 4 20 11
8 4 20 14
8 4 20 16
8 4 20 18
8 4 20 21
8 6 20 9
8 6 20 11
8 6 20 14
8 6 20 16
8 6 20 18
8 6 20 21
8 7 20 9
8 7 20 11
8 7 20 14
8 7 20 16
8 7 20 18
8 7 20 21
8 9 20 11
8 9 20 14
8 9 20 16
8 9 20 18
8 9 20 21
8 11 20 14
8 11 20 16
8 11 20 18
8 11 20 21
8 14 20 16
8 14 20 18
8 14 20 21
8 16 20 18
8 16 20 21
8 18 20 21
9 4 18 6
9 4 18 7
9 9 18 11
9 4 19 6
9 4 19 7
9 9 19 11
9 4 20 6
9 4 20 7
9 9 20 11
10 4 18 6
10 4 18 7
10 9 18 11
10 4 19 6
10 4 19 7
10 9 19 11
10 4 20 6
10 4 20 7
10 9 20 11
11 16 15 18
11 16 16 18
11 4 18 6
11 4 18 7
11 4 18 9
11 4 18 11
11 6 18 9
11 6 18 11
11 7 18 9
11 7 18 11
11 9 18 11
11 16 18 18
11 4 19 6
11 4 19 7
11 4 19 9
11 4 19 11
11 6 19 9
11 6 19 11
11 7 19 9
11 7 19 11
11 9 19 11
11 16 19 18
11 4 20 6
11 4 20 7
11 4 20 9
11 4 20 11
11 6 20 9
11 6 20 11
11 7 20 9
11 7 20 11
11 9 20 11
11 16 20 18
12 3 15 16
12 3 15 18
12 3 15 19
12 3 15 21
12 4 15 16
12 4 15 18
12 4 15 19
12 4 15 21
12 5 15 16
12 5 15 18
12 5 15 19
12 5 15 21
12 6 15 16
12 6 15 18
12 6 15 19
12 6 15 21
12 7 15 16
12 7 15 18
12 7 15 19
12 7 15 21
12 8 15 16
12 8 15 18
12 8 15 19
12 8 15 21
12 9 15 16
12 9 15 18
12 9 15 19
12 9 15 21
12 10 15 16
12 10 15 18
12 10 15 19
12 10 15 21
12 11 15 16
12 11 15 18
12 11 15 19
12 11 15 21
12 12 15 16
12 12 15 18
12 12 15 19
12 12 15 21
12 13 15 16
12 13 15 18
12 13 15 19
12 13 15 21
12 14 15 16
12 14 15 18
12 14 15 19
12 14 15 21
12 16 15 18
12 16 15 19
12 16 15 21
12 18 15 21
12 19 15 21
12 3 16 16
12 3 16 18
12 3 16 19
12 3 16 21
12 3 16 23
12 4 16 16
12 4 16 18
12 4 16 19
12 4 16 21
12 4 16 23
12 5 16 16
12 5 16 18
12 5 16 19
12 5 16 21
12 5 16 23
12 6 16 16
12 6 16 18
12 6 16 19
12 6 16 21
12 6 16 23
12 7 16 16
12 7 16 18
12 7 16 19
12 7 16 21
12 7 16 23
12 8 16 16
12 8 16 18
12 8 16 19
12 8 16 21
12 8 16 23
12 9 16 16
12 9 16 18
12 9 16 19
12 9 16 21
12 9 16 23
12 10 16 16
12 10 16 18
12 10 16 19
12 10 16 21
12 10 16 23
12 11 16 16
12 11 16 18
12 11 16 19
12 11 16 21
12 11 16 23
12 12 16 16
12 12 16 18
12 12 16 19
12 12 16 21
12 12 16 23
12 13 16 16
12 13 16 18
12 13 16 19
12 13 16 21
12 13 16 23
12 14 16 16
12 14 16 18
12 14 16 19
12 14 16 21
12 14 16 23
12 16 16 18
12 16 16 19
12 16 16 21
12 16 16 23
12 18 16 21
12 18 16 23
12 19 16 21
12 19 16 23
12 21 16 23
12 1 18 4
12 1 18 6
12 1 18 7
12 1 18 9
12 1 18 11
12 1 18 13
12 1 18 14
12 1 18 16
12 1 18 18
12 1 18 21
12 1 18 23
12 4 18 6
12 4 18 7
12 4 18 9
12 4 18 11
12 4 18 13
12 4 18 14
12 4 18 16
12 4 18 18
12 4 18 21
12 4 18 23
12 6 18 9
12 6 18 11
12 6 18 13
12 6 18 14
12 6 18 16
12 6 18 18
12 6 18 21
12 6 18 23
12 7 18 9
12 7 18 11
12 7 18 13
12 7 18 14
12 7 18 16
12 7 18 18
12 7 18 21
12 7 18 23
12 9 18 11
12 9 18 13
12 9 18 14
12 9 18 16
12 9 18 18
12 9 18 21
12 9 18 23
12 11 18 13
12 11 18 14
12 11 18 16
12 11 18 18
12 11 18 21
12 11 18 23
12 13 18 16
12 13 18 18
12 13 18 21
12 13 18 23
12 14 18 16
12 14 18 18
12 14 18 21
12 14 18 23
12 16 18 18
12 16 18 21
12 16 18 23
12 18 18 21
12 18 18 23
12 21 18 23
12 4 19 6
12 4 19 7
12 4 19 9
12 4 19 11
12 4 19 13
12 4 19 14
12 4 19 16
12 4 19 18
12 6 19 9
12 6 19 11
12 6 19 13
12 6 19 14
12 6 19 16
12 6 19 18
12 7 19 9
12 7 19 11
12 7 19 13
12 7 19 14
12 7 19 16
12 7 19 18
12 9 19 11
12 9 19 13
12 9 19 14
12 9 19 16
12 9 19 18
12 11 19 13
12 11 19 14
12 11 19 16
12 11 19 18
12 13 19 16
12 13 19 18
12 14 19 16
12 14 19 18
12 16 19 18
12 1 20 4
12 1 20 6
12 1 20 7
12 1 20 9
12 1 20 11
12 1 20 13
12 1 20 14
12 1 20 16
12 1 20 18
12 1 20 21
12 4 20 6
12 4 20 7
12 4 20 9
12 4 20 11
12 4 20 13
12 4 20 14
12 4 20 16
12 4 20 18
12 4 20 21
12 6 20 9
12 6 20 11
12 6 20 13
12 6 20 14
12 6 20 16
12 6 20 18
12 6 20 21
12 7 20 9
12 7 20 11
12 7 20 13
12 7 20 14
12 7 20 16
12 7 20 18
12 7 20 21
12 9 20 11
12 9 20 13
12 9 20 14
12 9 20 16
12 9 20 18
12 9 20 21
12 11 20 13
12 11 20 14
12 11 20 16
12 11 20 18
12 11 20 21
12 13 20 16
12 13 20 18
12 13 20 21
12 14 20 16
12 14 20 18
12 14 20 21
12 16 20 18
12 16 20 21
12 18 20 21
13 3 15 16
13 3 15 18
13 3 15 19
13 3 15 21
13 4 15 16
13 4 15 18
13 4 15 19
13 4 15 21
13 5 15 16
13 5 15 18
13 5 15 19
13 5 15 21
13 6 15 16
13 6 15 18
13 6 15 19
13 6 15 21
13 7 15 16
13 7 15 18
13 7 15 19
13 7 15 21
13 8 15 16
13 8 15 18
13 8 15 19
13 8 15 21
13 9 15 16
13 9 15 18
13 9 15 19
13 9 15 21
13 10 15 16
13 10 15 18
13 10 15 19
13 10 15 21
13 11 15 16
13 11 15 18
13 11 15 19
13 11 15 21
13 12 15 16
13 12 15 18
13 12 15 19
13 12 15 21
13 13 15 16
13 13 15 18
13 13 15 19
13 13 15 21
13 14 15 16
13 14 15 18
13 14 15 19
13 14 15 21
13 16 15 18
13 16 15 19
13 16 15 21
13 18 15 21
13 19 15 21
13 3 16 16
13 3 16 18
13 3 16 19
13 3 16 21
13 3 16 23
13 4 16 16
13 4 16 18
13 4 16 19
13 4 16 21
13 4 16 23
13 5 16 16
13 5 16 18
13 5 16 19
13 5 16 21
13 5 16 23
13 6 16 16
13 6 16 18
13 6 16 19
13 6 16 21
13 6 16 23
13 7 16 16
13 7 16 18
13 7 16 19
13 7 16 21
13 7 16 23
13 8 16 16
13 8 16 18
13 8 16 19
13 8 16 21
13 8 16 23
13 9 16 16
13 9 16 18
13 9 16 19
13 9 16 21
13 9 16 23
13 10 16 16
13 10 16 18
13 10 16 19
13 10 16 21
13 10 16 23
13 11 16 16
13 11 16 18
13 11 16 19
13 11 16 21
13 11 16 23
13 12 16 16
13 12 16 18
13 12 16 19
13 12 16 21
13 12 16 23
13 13 16 16
13 13 16 18
13 13 16 19
13 13 16 21
13 13 16 23
13 14 16 16
13 14 16 18
13 14 16 19
13 14 16 21
13 14 16 23
13 16 16 18
13 16 16 19
13 16 16 21
13 16 16 23
13 18 16 21
13 18 16 23
13 19 16 21
13 19 16 23
13 21 16 23
13 4 18 6
13 4 18 7
13 4 18 9
13 4 18 11
13 4 18 13
13 4 18 14
13 4 18 16
13 4 18 18
13 4 18 21
13 4 18 23
13 6 18 9
13 6 18 11
13 6 18 13
13 6 18 14
13 6 18 16
13 6 18 18
13 6 18 21
13 6 18 23
13 7 18 9
13 7 18 11
13 7 18 13
13 7 18 14
13 7 18 16
13 7 18 18
13 7 18 21
13 7 18 23
13 9 18 11
13 9 18 13
13 9 18 14
13 9 18 16
13 9 18 18
13 9 18 21
13 9 18 23
13 11 18 13
13 11 18 14
13 11 18 16
13 11 18 18
13 11 18 21
13 11 18 23
13 13 18 16
13 13 18 18
13 13 18 21
13 13 18 23
13 14 18 16
13 14 18 18
13 14 18 21
13 14 18 23
13 16 18 18
13 16 18 21
13 16 18 23
13 18 18 21
13 18 18 23
13 21 18 23
13 4 19 6
13 4 19 7
13 4 19 9
13 4 19 11
13 4 19 13
13 4 19 14
13 4 19 16
13 4 19 18
13 6 19 9
13 6 19 11
13 6 19 13
13 6 19 14
13 6 19 16
13 6 19 18
13 7 19 9
13 7 19 11
13 7 19 13
13 7 19 14
13 7 19 16
13 7 19 18
13 9 19 11
13 9 19 13
13 9 19 14
13 9 19 16
13 9 19 18
13 11 19 13
13 11 19 14
13 11 19 16
13 11 19 18
13 13 19 16
13 13 19 18
13 14 19 16
13 14 19 18
13 16 19 18
13 4 20 6
13 4 20 7
13 4 20 9
13 4 20 11
13 4 20 13
13 4 20 14
13 4 20 16
13 4 20 18
13 4 20 21
13 6 20 9
13 6 20 11
13 6 20 13
13 6 20 14
13 6 20 16
13 6 20 18
13 6 20 21
13 7 20 9
13 7 20 11
13 7 20 13
13 7 20 14
13 7 20 16
13 7 20 18
13 7 20 21
13 9 20 11
13 9 20 13
13 9 20 14
13 9 20 16
13 9 20 18
13 9 20 21
13 11 20 13
13 11 20 14
13 11 20 16
13 11 20 18
13 11 20 21
13 13 20 16
13 13 20 18
13 13 20 21
13 14 20 16
13 14 20 18
13 14 20 21
13 16 20 18
13 16 20 21
13 18 20 21
14 4 18 6
14 4 18 7
14 4 18 9
14 4 18 11
14 4 18 13
14 4 18 14
14 6 18 9
14 6 18 11
14 6 18 13
14 6 18 14
14 7 18 9
14 7 18 11
14 7 18 13
14 7 18 14
14 9 18 11
14 9 18 13
14 9 18 14
14 11 18 13
14 11 18 14
14 4 19 6
14 4 19 7
14 4 19 9
14 4 19 11
14 4 19 13
14 4 19 14
14 6 19 9
14 6 19 11
14 6 19 13
14 6 19 14
14 7 19 9
14 7 19 11
14 7 19 13
14 7 19 14
14 9 19 11
14 9 19 13
14 9 19 14
14 11 19 13
14 11 19 14
14 4 20 6
14 4 20 7
14 4 20 9
14 4 20 11
14 4 20 13
14 4 20 14
14 6 20 9
14 6 20 11
14 6 20 13
14 6 20 14
14 7 20 9
14 7 20 11
14 7 20 13
14 7 20 14
14 9 20 11
14 9 20 13
14 9 20 14
14 11 20 13
14 11 20 14
15 4 18 6
15 4 18 7
15 4 18 9
15 4 18 11
15 4 18 13
15 4 18 14
15 4 18 16
15 4 18 18
15 4 18 21
15 6 18 9
15 6 18 11
15 6 18 13
15 6 18 14
15 6 18 16
15 6 18 18
15 6 18 21
15 7 18 9
15 7 18 11
15 7 18 13
15 7 18 14
15 7 18 16
15 7 18 18
15 7 18 21
15 9 18 11
15 9 18 13
15 9 18 14
15 9 18 16
15 9 18 18
15 9 18 21
15 11 18 13
15 11 18 14
15 11 18 16
15 11 18 18
15 11 18 21
15 13 18 16
15 13 18 18
15 13 18 21
15 14 18 16
15 14 18 18
15 14 18 21
15 16 18 18
15 16 18 21
15 18 18 21
15 4 19 6
15 4 19 7
15 4 19 9
15 4 19 11
15 4 19 13
15 4 19 14
15 4 19 16
15 4 19 18
15 6 19 9
15 6 19 11
15 6 19 13
15 6 19 14
15 6 19 16
15 6 19 18
15 7 19 9
15 7 19 11
15 7 19 13
15 7 19 14
15 7 19 16
15 7 19 18
15 9 19 11
15 9 19 13
15 9 19 14
15 9 19 16
15 9 19 18
15 11 19 13
15 11 19 14
15 11 19 16
15 11 19 18
15 13 19 16
15 13 19 18
15 14 19 16
15 14 19 18
15 16 19 18
15 4 20 6
15 4 20 7
15 4 20 9
15 4 20 11
15 4 20 13
15 4 20 14
15 4 20 16
15 4 20 18
15 4 20 21
15 6 20 9
15 6 20 11
15 6 20 13
15 6 20 14
15 6 20 16
15 6 20 18
15 6 20 21
15 7 20 9
15 7 20 11
15 7 20 13
15 7 20 14
15 7 20 16
15 7 20 18
15 7 20 21
15 9 20 11
15 9 20 13
15 9 20 14
15 9 20 16
15 9 20 18
15 9 20 21
15 11 20 13
15 11 20 14
15 11 20 16
15 11 20 18
15 11 20 21
15 13 20 16
15 13 20 18
15 13 20 21
15 14 20 16
15 14 20 18
15 14 20 21
15 16 20 18
15 16 20 21
15 18 20 21
16 4 18 6
16 4 18 7
16 4 18 9
16 4 18 11
16 4 18 13
16 4 18 14
16 4 18 16
16 4 18 18
16 4 18 21
16 4 18 23
16 6 18 9
16 6 18 11
16 6 18 13
16 6 18 14
16 6 18 16
16 6 18 18
16 6 18 21
16 6 18 23
16 7 18 9
16 7 18 11
16 7 18 13
16 7 18 14
16 7 18 16
16 7 18 18
16 7 18 21
16 7 18 23
16 9 18 11
16 9 18 13
16 9 18 14
16 9 18 16
16 9 18 18
16 9 18 21
16 9 18 23
16 11 18 13
16 11 18 14
16 11 18 16
16 11 18 18
16 11 18 21
16 11 18 23
16 13 18 16
16 13 18 18
16 13 18 21
16 13 18 23
16 14 18 16
16 14 18 18
16 14 18 21
16 14 18 23
16 16 18 18
16 16 18 21
16 16 18 23
16 18 18 21
16 18 18 23
16 21 18 23
16 4 19 6
16 4 19 7
16 4 19 9
16 4 19 11
16 4 19 13
16 4 19 14
16 4 19 16
16 4 19 18
16 6 19 9
16 6 19 11
16 6 19 13
16 6 19 14
16 6 19 16
16 6 19 18
16 7 19 9
16 7 19 11
16 7 19 13
16 7 19 14
16 7 19 16
16 7 19 18
16 9 19 11
16 9 19 13
16 9 19 14
16 9 19 16
16 9 19 18
16 11 19 13
16 11 19 14
16 11 19 16
16 11 19 18
16 13 19 16
16 13 19 18
16 14 19 16
16 14 19 18
16 16 19 18
16 4 20 6
16 4 20 7
16 4 20 9
16 4 20 11
16 4 20 13
16 4 20 14
16 4 20 16
16 4 20 18
16 4 20 21
16 6 20 9
16 6 20 11
16 6 20 13
16 6 20 14
16 6 20 16
16 6 20 18
16 6 20 21
16 7 20 9
16 7 20 11
16 7 20 13
16 7 20 14
16 7 20 16
16 7 20 18
16 7 20 21
16 9 20 11
16 9 20 13
16 9 20 14
16 9 20 16
16 9 20 18
16 9 20 21
16 11 20 13
16 11 20 14
16 11 20 16
16 11 20 18
16 11 20 21
16 13 20 16
16 13 20 18
16 13 20 21
16 14 20 16
16 14 20 18
16 14 20 21
16 16 20 18
16 16 20 21
16 18 20 21
18 1 20 4
18 1 20 5
18 1 20 6
18 1 20 7
18 1 20 8
18 1 20 9
18 1 20 10
18 1 20 11
18 1 20 12
18 1 20 13
18 1 20 14
18 1 20 15
18 1 20 16
18 1 20 17
18 1 20 18
18 1 20 21
18 4 20 21
18 5 20 21
18 6 20 21
18 7 20 21
18 8 20 21
18 9 20 21
18 10 20 21
18 11 20 21
18 12 20 21
18 13 20 21
18 14 20 21
18 15 20 21
18 16 20 21
18 17 20 21
18 18 20 21
