11 25
0011111111111111111111110
0010111100000010011101110
0010100100000010011111110
0010100100000011111111100
0010100100000000010101000
0011111111111111111111110
0000100111100011011101010
0000100111111111111111110
0000100111111111111111000
0000100100000000000000000
0000111100000000000000000
156
1 18 3 22
1 18 3 23
1 18 3 24
1 19 3 22
1 19 3 23
1 19 3 24
1 20 3 22
1 20 3 23
1 20 3 24
1 15 4 18
1 15 4 19
1 15 4 20
1 15 4 22
1 15 4 23
1 18 4 22
1 18 4 23
1 19 4 22
1 19 4 23
1 20 4 22
1 20 4 23
1 3 6 5
1 3 6 8
1 3 6 18
1 3 6 20
1 3 6 22
1 5 6 8
1 5 6 18
1 5 6 20
1 5 6 22
1 8 6 18
1 8 6 20
1 8 6 22
1 18 6 20
1 18 6 22
1 20 6 22
1 18 7 20
1 8 8 18
1 8 8 20
1 8 8 22
1 18 8 20
1 18 8 22
1 20 8 22
1 8 9 18
1 8 9 20
1 8 9 22
1 18 9 20
1 18 9 22
1 20 9 22
1 5 11 8
2 5 6 8
2 18 6 20
2 18 7 20
2 18 8 20
2 18 9 20
2 5 11 8
3 18 6 20
3 18 6 22
3 20 6 22
3 18 7 20
3 18 8 20
3 18 8 22
3 20 8 22
3 18 9 20
3 18 9 22
3 20 9 22
4 18 6 20
4 18 6 22
4 20 6 22
4 18 7 20
4 18 8 20
4 18 8 22
4 20 8 22
4 18 9 20
4 18 9 22
4 20 9 22
6 8 8 15
6 8 8 16
6 8 8 18
6 8 8 19
6 8 8 20
6 8 8 22
6 8 8 24
6 9 8 15
6 9 8 16
6 9 8 18
6 9 8 19
6 9 8 20
6 9 8 22
6 9 8 24
6 10 8 15
6 10 8 16
6 10 8 18
6 10 8 19
6 10 8 20
6 10 8 22
6 10 8 24
6 11 8 15
6 11 8 16
6 11 8 18
6 11 8 19
6 11 8 20
6 11 8 22
6 11 8 24
6 15 8 18
6 15 8 19
6 15 8 20
6 15 8 22
6 15 8 24
6 16 8 18
6 16 8 19
6 16 8 20
6 16 8 22
6 16 8 24
6 18 8 22
6 18 8 24
6 19 8 22
6 19 8 24
6 20 8 22
6 20 8 24
6 22 8 24
6 8 9 15
6 8 9 16
6 8 9 18
6 8 9 19
6 8 9 20
6 8 9 22
6 9 9 15
6 9 9 16
6 9 9 18
6 9 9 19
6 9 9 20
6 9 9 22
6 10 9 15
6 10 9 16
6 10 9 18
6 10 9 19
6 10 9 20
6 10 9 22
6 11 9 15
6 11 9 16
6 11 9 18
6 11 9 19
6 11 9 20
6 11 9 22
6 15 9 18
6 15 9 19
6 15 9 20
6 15 9 22
6 16 9 18
6 16 9 19
6 16 9 20
6 16 9 22
6 18 9 22
6 19 9 22
6 20 9 22
6 5 11 8
