18 17
00000011111100000
11111111111110000
10111110100110000
10100010100110000
10100010100110000
10100010111110000
11111111111111000
10101010100111000
10101010100111000
11111010100111000
10111111111111100
10101011111111100
10101011100111100
10101011111111100
10101001111101100
10101000000101100
10111111111111100
11111111111100000
168
1 9 6 12
1 7 7 9
1 7 7 12
1 9 7 12
1 7 11 9
1 7 11 12
1 9 11 12
1 7 12 9
1 7 12 12
1 9 12 12
1 7 13 9
1 7 14 9
1 7 14 12
1 9 14 12
1 9 15 12
2 9 6 12
2 9 6 13
2 1 7 3
2 1 7 7
2 1 7 9
2 1 7 12
2 1 7 13
2 3 7 7
2 3 7 9
2 3 7 12
2 3 7 13
2 7 7 9
2 7 7 12
2 7 7 13
2 9 7 12
2 9 7 13
2 1 10 3
2 3 11 7
2 3 11 9
2 3 11 12
2 3 11 13
2 7 11 9
2 7 11 12
2 7 11 13
2 9 11 12
2 9 11 13
2 7 12 9
2 7 12 12
2 7 12 13
2 9 12 12
2 9 12 13
2 7 13 9
2 7 14 9
2 7 14 12
2 7 14 13
2 9 14 12
2 9 14 13
2 9 15 12
2 3 17 12
2 1 18 3
2 1 18 12
2 3 18 12
3 3 7 7
3 3 11 7
6 9 11 12
6 9 11 13
6 9 12 12
6 9 12 13
6 9 14 12
6 9 14 13
6 9 15 12
7 1 10 3
7 1 10 5
7 3 10 5
7 3 11 5
7 3 11 7
7 3 11 9
7 3 11 12
7 3 11 13
7 3 11 14
7 5 11 7
7 5 11 9
7 5 11 12
7 5 11 13
7 5 11 14
7 7 11 9
7 7 11 12
7 7 11 13
7 7 11 14
7 9 11 12
7 9 11 13
7 9 11 14
7 7 12 9
7 7 12 12
7 7 12 13
7 7 12 14
7 9 12 12
7 9 12 13
7 9 12 14
7 7 13 9
7 7 14 9
7 7 14 12
7 7 14 13
7 7 14 14
7 9 14 12
7 9 14 13
7 9 14 14
7 9 15 12
7 3 17 5
7 3 17 12
7 3 17 14
7 5 17 12
7 5 17 14
7 12 17 14
7 1 18 3
7 1 18 5
7 1 18 12
7 3 18 5
7 3 18 12
7 5 18 12
8 12 17 14
9 12 17 14
10 3 17 5
10 12 17 14
10 1 18 3
10 1 18 5
10 3 18 5
11 7 14 12
11 7 14 13
11 7 14 14
11 7 14 15
11 8 14 12
11 8 14 13
11 8 14 14
11 8 14 15
11 9 14 12
11 9 14 13
11 9 14 14
11 9 14 15
11 8 15 12
11 9 15 12
11 3 17 5
11 3 17 12
11 3 17 14
11 3 17 15
11 5 17 12
11 5 17 14
11 5 17 15
11 12 17 14
11 12 17 15
11 3 18 5
11 3 18 12
11 5 18 12
12 7 14 12
12 7 14 13
12 7 14 14
12 7 14 15
12 8 14 12
12 8 14 13
12 8 14 14
12 8 14 15
12 9 14 12
12 9 14 13
12 9 14 14
12 9 14 15
12 8 15 12
12 9 15 12
12 12 17 14
12 12 17 15
13 12 17 14
13 12 17 15
14 12 17 14
14 12 17 15
