21 12
000111111000
000100101000
011111101000
011111111000
111111111100
111101111100
111111111100
111001111100
111001111100
111111111100
011111111111
011111111001
011001111001
011111111111
011001111000
011001111000
011111111000
010001010000
011111010000
011111110000
000000000000
319
1 4 3 7
1 4 4 7
1 4 4 9
1 7 4 9
1 4 5 7
1 4 5 9
1 7 5 9
1 7 6 9
1 4 7 7
1 4 7 9
1 7 7 9
1 7 8 9
1 7 9 9
1 7 10 9
1 7 11 9
1 7 12 9
1 7 13 9
1 7 14 9
1 7 15 9
1 7 16 9
1 7 17 9
3 2 7 6
3 2 7 7
3 3 7 6
3 3 7 7
3 4 7 6
3 4 7 7
3 2 10 6
3 2 10 7
3 3 10 6
3 3 10 7
3 2 11 6
3 2 11 7
3 3 11 6
3 3 11 7
3 2 12 6
3 2 12 7
3 3 12 6
3 3 12 7
3 2 14 6
3 2 14 7
3 3 14 6
3 3 14 7
3 2 17 6
3 2 17 7
3 3 17 6
3 3 17 7
3 2 19 6
3 2 20 6
4 2 7 6
4 2 7 7
4 2 7 8
4 2 7 9
4 3 7 6
4 3 7 7
4 3 7 8
4 3 7 9
4 4 7 6
4 4 7 7
4 4 7 8
4 4 7 9
4 2 10 6
4 2 10 7
4 2 10 8
4 2 10 9
4 3 10 6
4 3 10 7
4 3 10 8
4 3 10 9
4 2 11 6
4 2 11 7
4 2 11 8
4 2 11 9
4 3 11 6
4 3 11 7
4 3 11 8
4 3 11 9
4 2 12 6
4 2 12 7
4 2 12 8
4 2 12 9
4 3 12 6
4 3 12 7
4 3 12 8
4 3 12 9
4 2 14 6
4 2 14 7
4 2 14 8
4 2 14 9
4 3 14 6
4 3 14 7
4 3 14 8
4 3 14 9
4 2 17 6
4 2 17 7
4 2 17 8
4 2 17 9
4 3 17 6
4 3 17 7
4 3 17 8
4 3 17 9
4 2 19 6
4 2 20 6
4 2 20 8
4 6 20 8
5 1 7 6
5 1 7 7
5 1 7 8
5 1 7 9
5 1 7 10
5 2 7 6
5 2 7 7
5 2 7 8
5 2 7 9
5 2 7 10
5 3 7 6
5 3 7 7
5 3 7 8
5 3 7 9
5 3 7 10
5 4 7 6
5 4 7 7
5 4 7 8
5 4 7 9
5 4 7 10
5 1 10 6
5 1 10 7
5 1 10 8
5 1 10 9
5 1 10 10
5 2 10 6
5 2 10 7
5 2 10 8
5 2 10 9
5 2 10 10
5 3 10 6
5 3 10 7
5 3 10 8
5 3 10 9
5 3 10 10
5 2 11 6
5 2 11 7
5 2 11 8
5 2 11 9
5 2 11 10
5 3 11 6
5 3 11 7
5 3 11 8
5 3 11 9
5 3 11 10
5 2 12 6
5 2 12 7
5 2 12 8
5 2 12 9
5 3 12 6
5 3 12 7
5 3 12 8
5 3 12 9
5 2 14 6
5 2 14 7
5 2 14 8
5 2 14 9
5 3 14 6
5 3 14 7
5 3 14 8
5 3 14 9
5 2 17 6
5 2 17 7
5 2 17 8
5 2 17 9
5 3 17 6
5 3 17 7
5 3 17 8
5 3 17 9
5 2 19 6
5 2 20 6
5 2 20 8
5 6 20 8
6 6 20 8
7 1 10 6
7 1 10 7
7 1 10 8
7 1 10 9
7 1 10 10
7 2 10 6
7 2 10 7
7 2 10 8
7 2 10 9
7 2 10 10
7 3 10 6
7 3 10 7
7 3 10 8
7 3 10 9
7 3 10 10
7 2 11 6
7 2 11 7
7 2 11 8
7 2 11 9
7 2 11 10
7 3 11 6
7 3 11 7
7 3 11 8
7 3 11 9
7 3 11 10
7 2 12 6
7 2 12 7
7 2 12 8
7 2 12 9
7 3 12 6
7 3 12 7
7 3 12 8
7 3 12 9
7 2 14 6
7 2 14 7
7 2 14 8
7 2 14 9
7 3 14 6
7 3 14 7
7 3 14 8
7 3 14 9
7 2 17 6
7 2 17 7
7 2 17 8
7 2 17 9
7 3 17 6
7 3 17 7
7 3 17 8
7 3 17 9
7 2 19 6
7 2 20 6
7 2 20 8
7 6 20 8
8 6 20 8
9 6 20 8
10 2 14 6
10 2 14 7
10 2 14 8
10 2 14 9
10 3 14 6
10 3 14 7
10 3 14 8
10 3 14 9
10 2 17 6
10 2 17 7
10 2 17 8
10 2 17 9
10 3 17 6
10 3 17 7
10 3 17 8
10 3 17 9
10 2 19 6
10 2 20 6
10 2 20 8
10 6 20 8
11 2 14 6
11 2 14 7
11 2 14 8
11 2 14 9
11 2 14 12
11 3 14 6
11 3 14 7
11 3 14 8
11 3 14 9
11 3 14 12
11 6 14 12
11 7 14 12
11 8 14 12
11 9 14 12
11 2 17 6
11 2 17 7
11 2 17 8
11 2 17 9
11 3 17 6
11 3 17 7
11 3 17 8
11 3 17 9
11 2 19 6
11 2 20 6
11 2 20 8
11 6 20 8
12 2 14 6
12 2 14 7
12 2 14 8
12 2 14 9
12 3 14 6
12 3 14 7
12 3 14 8
12 3 14 9
12 2 17 6
12 2 17 7
12 2 17 8
12 2 17 9
12 3 17 6
12 3 17 7
12 3 17 8
12 3 17 9
12 2 19 6
12 2 20 6
12 2 20 8
12 6 20 8
13 6 20 8
14 2 17 6
14 2 17 7
14 2 17 8
14 2 17 9
14 3 17 6
14 3 17 7
14 3 17 8
14 3 17 9
14 2 19 6
14 2 20 6
14 2 20 8
14 6 20 8
15 6 20 8
16 6 20 8
17 2 19 6
17 2 20 6
17 2 20 8
17 6 20 8
