11 11
11111100000
11111110000
11110110000
11110110000
11110110000
11111111100
11111111100
11111111100
11111101100
00011001100
00011111100
56
1 1 6 6
1 2 6 6
1 3 6 6
1 4 6 6
1 1 7 6
1 2 7 6
1 3 7 6
1 4 7 6
1 1 8 6
1 2 8 6
1 3 8 6
1 4 8 6
1 1 9 6
1 2 9 6
1 3 9 6
1 4 9 6
2 1 6 6
2 1 6 7
2 2 6 6
2 2 6 7
2 3 6 6
2 3 6 7
2 4 6 6
2 4 6 7
2 1 7 6
2 1 7 7
2 2 7 6
2 2 7 7
2 3 7 6
2 3 7 7
2 4 7 6
2 4 7 7
2 1 8 6
2 1 8 7
2 2 8 6
2 2 8 7
2 3 8 6
2 3 8 7
2 4 8 6
2 4 8 7
2 1 9 6
2 2 9 6
2 3 9 6
2 4 9 6
6 4 11 8
6 4 11 9
6 5 11 8
6 5 11 9
7 4 11 8
7 4 11 9
7 5 11 8
7 5 11 9
8 4 11 8
8 4 11 9
8 5 11 8
8 5 11 9
