16 18
011111111111111110
010000000001111110
010000000001100110
011111111111100110
001111111111111110
001100111111111110
001100111111100110
001100111011100110
001100111111111110
001100110001100100
001111111111111100
001000010001100100
001000010001100100
001111111111111100
000000000000000000
000000000000000000
179
1 2 4 12
1 2 4 13
1 12 5 16
1 12 5 17
1 13 5 16
1 13 5 17
1 12 6 16
1 12 6 17
1 13 6 16
1 13 6 17
1 12 9 16
1 12 9 17
1 13 9 16
1 13 9 17
1 12 11 16
1 13 11 16
1 12 14 16
1 13 14 16
2 12 5 16
2 12 5 17
2 13 5 16
2 13 5 17
2 12 6 16
2 12 6 17
2 13 6 16
2 13 6 17
2 12 9 16
2 12 9 17
2 13 9 16
2 13 9 17
2 12 11 16
2 13 11 16
2 12 14 16
2 13 14 16
4 7 9 11
4 7 9 12
4 7 9 13
4 8 9 11
4 8 9 12
4 8 9 13
4 9 9 11
4 9 9 12
4 9 9 13
4 3 11 7
4 3 11 8
4 3 11 12
4 3 11 13
4 4 11 7
4 4 11 8
4 4 11 12
4 4 11 13
4 7 11 12
4 7 11 13
4 8 11 12
4 8 11 13
4 3 14 8
4 3 14 12
4 3 14 13
4 8 14 12
4 8 14 13
5 7 9 11
5 7 9 12
5 7 9 13
5 7 9 16
5 7 9 17
5 8 9 11
5 8 9 12
5 8 9 13
5 8 9 16
5 8 9 17
5 9 9 11
5 9 9 12
5 9 9 13
5 9 9 16
5 9 9 17
5 11 9 16
5 11 9 17
5 12 9 16
5 12 9 17
5 13 9 16
5 13 9 17
5 3 11 7
5 3 11 8
5 3 11 12
5 3 11 13
5 3 11 16
5 4 11 7
5 4 11 8
5 4 11 12
5 4 11 13
5 4 11 16
5 7 11 12
5 7 11 13
5 7 11 16
5 8 11 12
5 8 11 13
5 8 11 16
5 12 11 16
5 13 11 16
5 3 14 8
5 3 14 12
5 3 14 13
5 3 14 16
5 8 14 12
5 8 14 13
5 8 14 16
5 12 14 16
5 13 14 16
6 7 9 11
6 7 9 12
6 7 9 13
6 7 9 16
6 7 9 17
6 8 9 11
6 8 9 12
6 8 9 13
6 8 9 16
6 8 9 17
6 9 9 11
6 9 9 12
6 9 9 13
6 9 9 16
6 9 9 17
6 11 9 16
6 11 9 17
6 12 9 16
6 12 9 17
6 13 9 16
6 13 9 17
6 7 11 12
6 7 11 13
6 7 11 16
6 8 11 12
6 8 11 13
6 8 11 16
6 12 11 16
6 13 11 16
6 8 14 12
6 8 14 13
6 8 14 16
6 12 14 16
6 13 14 16
7 7 9 11
7 7 9 12
7 7 9 13
7 8 9 11
7 8 9 12
7 8 9 13
7 9 9 11
7 9 9 12
7 9 9 13
7 7 11 12
7 7 11 13
7 8 11 12
7 8 11 13
7 8 14 12
7 8 14 13
9 7 11 12
9 7 11 13
9 7 11 16
9 8 11 12
9 8 11 13
9 8 11 16
9 12 11 16
9 13 11 16
9 8 14 12
9 8 14 13
9 8 14 16
9 12 14 16
9 13 14 16
11 3 14 8
11 3 14 12
11 3 14 13
11 3 14 16
11 8 14 12
11 8 14 13
11 8 14 16
11 12 14 16
11 13 14 16
