18 19
0000000000000000000
0001111111111111110
0001000000000010010
0111111111111111110
0101000000111111100
1111111111111111110
1101000000100110110
1111111111111111110
0101000000100010110
0101000000100010110
0111111111111110110
0001000000100010110
0001111111111111110
1111111111111010000
1001111111111110000
1000000000001000000
1000000000001000000
1111111111111000000
144
2 4 4 15
2 4 4 18
2 15 4 18
2 4 6 15
2 4 8 15
2 4 11 15
2 4 13 15
2 4 15 15
4 2 6 4
4 2 6 11
4 2 6 12
4 2 6 13
4 2 6 14
4 2 6 15
4 2 6 16
4 2 6 17
4 4 6 11
4 4 6 12
4 4 6 13
4 4 6 14
4 4 6 15
4 4 6 16
4 4 6 17
4 2 8 4
4 2 8 11
4 2 8 14
4 2 8 15
4 2 8 17
4 4 8 11
4 4 8 14
4 4 8 15
4 4 8 17
4 11 8 14
4 11 8 15
4 11 8 17
4 14 8 17
4 15 8 17
4 2 11 4
4 2 11 11
4 2 11 15
4 4 11 11
4 4 11 15
4 11 11 15
4 4 13 11
4 4 13 15
4 4 13 17
4 11 13 15
4 11 13 17
4 15 13 17
4 4 14 11
4 4 15 11
4 4 15 15
4 11 15 15
5 11 8 14
5 11 8 15
5 11 8 17
5 14 8 17
5 15 8 17
5 11 11 15
5 11 13 15
5 11 13 17
5 15 13 17
5 11 15 15
6 1 8 4
6 1 8 11
6 1 8 14
6 1 8 15
6 1 8 17
6 1 8 18
6 2 8 4
6 2 8 11
6 2 8 14
6 2 8 15
6 2 8 17
6 2 8 18
6 4 8 11
6 4 8 14
6 4 8 15
6 4 8 17
6 4 8 18
6 11 8 14
6 11 8 15
6 11 8 17
6 11 8 18
6 14 8 17
6 14 8 18
6 15 8 17
6 15 8 18
6 2 11 4
6 2 11 11
6 2 11 15
6 4 11 11
6 4 11 15
6 11 11 15
6 4 13 11
6 4 13 15
6 4 13 17
6 4 13 18
6 11 13 15
6 11 13 17
6 11 13 18
6 15 13 17
6 15 13 18
6 4 14 11
6 4 15 11
6 4 15 15
6 11 15 15
8 2 11 4
8 2 11 11
8 2 11 15
8 4 11 11
8 4 11 15
8 11 11 15
8 4 13 11
8 4 13 15
8 4 13 17
8 4 13 18
8 11 13 15
8 11 13 17
8 11 13 18
8 15 13 17
8 15 13 18
8 4 14 11
8 4 15 11
8 4 15 15
8 11 15 15
11 4 13 11
11 4 13 15
11 11 13 15
11 4 14 11
11 4 15 11
11 4 15 15
11 11 15 15
13 4 15 15
13 5 15 15
13 6 15 15
13 7 15 15
13 8 15 15
13 9 15 15
13 10 15 15
13 11 15 15
13 12 15 15
13 13 15 15
14 1 18 13
