11 18
011111111100000000
011111111111100000
011110000100100000
011110000100100000
111111111110100000
111111111111111100
111110000110000100
111111111110000100
011111111111111100
011111111100000000
011111111100000000
111
1 2 5 10
1 3 5 10
1 4 5 10
1 5 5 10
1 2 6 10
1 3 6 10
1 4 6 10
1 5 6 10
1 2 8 10
1 3 8 10
1 4 8 10
1 5 8 10
1 2 9 10
1 3 9 10
1 4 9 10
1 5 9 10
1 2 10 10
1 3 10 10
1 4 10 10
1 5 10 10
1 2 11 10
1 3 11 10
1 4 11 10
1 5 11 10
2 2 5 10
2 3 5 10
2 4 5 10
2 5 5 10
2 2 6 10
2 2 6 13
2 3 6 10
2 3 6 13
2 4 6 10
2 4 6 13
2 5 6 10
2 5 6 13
2 10 6 13
2 2 8 10
2 3 8 10
2 4 8 10
2 5 8 10
2 2 9 10
2 3 9 10
2 4 9 10
2 5 9 10
2 2 10 10
2 3 10 10
2 4 10 10
2 5 10 10
2 2 11 10
2 3 11 10
2 4 11 10
2 5 11 10
5 1 8 10
5 1 8 11
5 2 8 10
5 2 8 11
5 3 8 10
5 3 8 11
5 4 8 10
5 4 8 11
5 5 8 10
5 5 8 11
5 2 9 10
5 2 9 11
5 3 9 10
5 3 9 11
5 4 9 10
5 4 9 11
5 5 9 10
5 5 9 11
5 2 10 10
5 3 10 10
5 4 10 10
5 5 10 10
5 2 11 10
5 3 11 10
5 4 11 10
5 5 11 10
6 1 8 10
6 1 8 11
6 2 8 10
6 2 8 11
6 3 8 10
6 3 8 11
6 4 8 10
6 4 8 11
6 5 8 10
6 5 8 11
6 2 9 10
6 2 9 11
6 2 9 16
6 3 9 10
6 3 9 11
6 3 9 16
6 4 9 10
6 4 9 11
6 4 9 16
6 5 9 10
6 5 9 11
6 5 9 16
6 10 9 16
6 11 9 16
6 2 10 10
6 3 10 10
6 4 10 10
6 5 10 10
6 2 11 10
6 3 11 10
6 4 11 10
6 5 11 10
