13 14
00000001111111
00000001000111
00000001000111
00111111111111
01111111111111
01111111111111
01110001111111
01111111111111
00111111111111
00111111111111
00001001111111
00001000001101
00001111111111
192
1 8 4 12
1 8 4 13
1 8 4 14
1 8 5 12
1 8 5 13
1 8 5 14
1 8 6 12
1 8 6 13
1 8 6 14
1 8 7 12
1 8 7 13
1 8 7 14
1 8 8 12
1 8 8 13
1 8 8 14
1 8 9 12
1 8 9 13
1 8 9 14
1 8 10 12
1 8 10 13
1 8 10 14
1 8 11 12
1 8 11 13
1 8 11 14
1 12 13 14
2 12 13 14
3 12 13 14
4 3 8 8
4 3 8 9
4 3 8 10
4 3 8 11
4 3 8 12
4 3 8 13
4 3 8 14
4 4 8 8
4 4 8 9
4 4 8 10
4 4 8 11
4 4 8 12
4 4 8 13
4 4 8 14
4 3 9 8
4 3 9 9
4 3 9 10
4 3 9 11
4 3 9 12
4 3 9 13
4 3 9 14
4 4 9 8
4 4 9 9
4 4 9 10
4 4 9 11
4 4 9 12
4 4 9 13
4 4 9 14
4 3 10 8
4 3 10 9
4 3 10 10
4 3 10 11
4 3 10 12
4 3 10 13
4 3 10 14
4 4 10 8
4 4 10 9
4 4 10 10
4 4 10 11
4 4 10 12
4 4 10 13
4 4 10 14
4 11 13 14
4 12 13 14
5 2 8 8
5 2 8 9
5 2 8 10
5 2 8 11
5 2 8 12
5 2 8 13
5 2 8 14
5 3 8 8
5 3 8 9
5 3 8 10
5 3 8 11
5 3 8 12
5 3 8 13
5 3 8 14
5 4 8 8
5 4 8 9
5 4 8 10
5 4 8 11
5 4 8 12
5 4 8 13
5 4 8 14
5 3 9 8
5 3 9 9
5 3 9 10
5 3 9 11
5 3 9 12
5 3 9 13
5 3 9 14
5 4 9 8
5 4 9 9
5 4 9 10
5 4 9 11
5 4 9 12
5 4 9 13
5 4 9 14
5 3 10 8
5 3 10 9
5 3 10 10
5 3 10 11
5 3 10 12
5 3 10 13
5 3 10 14
5 4 10 8
5 4 10 9
5 4 10 10
5 4 10 11
5 4 10 12
5 4 10 13
5 4 10 14
5 11 13 14
5 12 13 14
6 2 8 8
6 2 8 9
6 2 8 10
6 2 8 11
6 2 8 12
6 2 8 13
6 2 8 14
6 3 8 8
6 3 8 9
6 3 8 10
6 3 8 11
6 3 8 12
6 3 8 13
6 3 8 14
6 4 8 8
6 4 8 9
6 4 8 10
6 4 8 11
6 4 8 12
6 4 8 13
6 4 8 14
6 3 9 8
6 3 9 9
6 3 9 10
6 3 9 11
6 3 9 12
6 3 9 13
6 3 9 14
6 4 9 8
6 4 9 9
6 4 9 10
6 4 9 11
6 4 9 12
6 4 9 13
6 4 9 14
6 3 10 8
6 3 10 9
6 3 10 10
6 3 10 11
6 3 10 12
6 3 10 13
6 3 10 14
6 4 10 8
6 4 10 9
6 4 10 10
6 4 10 11
6 4 10 12
6 4 10 13
6 4 10 14
6 11 13 14
6 12 13 14
7 11 13 14
7 12 13 14
8 5 13 11
8 5 13 12
8 5 13 14
8 11 13 14
8 12 13 14
9 5 13 11
9 5 13 12
9 5 13 14
9 11 13 14
9 12 13 14
10 5 13 11
10 5 13 12
10 5 13 14
10 11 13 14
10 12 13 14
11 11 13 14
11 12 13 14
