12 11
00000011110
11111111110
11001111110
11001111010
11111111110
11111111110
11111111111
11111111111
10000111111
10000001001
10000001001
11111111111
98
1 7 5 10
1 8 5 10
1 7 6 10
1 8 6 10
1 7 7 10
1 8 7 10
1 7 8 10
1 8 8 10
1 7 9 10
1 8 9 10
2 1 5 5
2 1 5 6
2 1 5 7
2 1 5 8
2 1 5 10
2 2 5 5
2 2 5 6
2 2 5 7
2 2 5 8
2 2 5 10
2 5 5 10
2 6 5 10
2 7 5 10
2 8 5 10
2 1 6 5
2 1 6 6
2 1 6 7
2 1 6 8
2 1 6 10
2 2 6 5
2 2 6 6
2 2 6 7
2 2 6 8
2 2 6 10
2 5 6 10
2 6 6 10
2 7 6 10
2 8 6 10
2 1 7 5
2 1 7 6
2 1 7 7
2 1 7 8
2 1 7 10
2 2 7 5
2 2 7 6
2 2 7 7
2 2 7 8
2 2 7 10
2 5 7 10
2 6 7 10
2 7 7 10
2 8 7 10
2 1 8 5
2 1 8 6
2 1 8 7
2 1 8 8
2 1 8 10
2 2 8 5
2 2 8 6
2 2 8 7
2 2 8 8
2 2 8 10
2 5 8 10
2 6 8 10
2 7 8 10
2 8 8 10
2 6 9 10
2 7 9 10
2 8 9 10
2 1 12 8
3 5 5 10
3 6 5 10
3 7 5 10
3 8 5 10
3 5 6 10
3 6 6 10
3 7 6 10
3 8 6 10
3 5 7 10
3 6 7 10
3 7 7 10
3 8 7 10
3 5 8 10
3 6 8 10
3 7 8 10
3 8 8 10
3 6 9 10
3 7 9 10
3 8 9 10
5 1 12 8
6 1 12 8
7 1 12 8
7 1 12 11
7 8 12 11
8 1 12 8
8 1 12 11
8 8 12 11
9 8 12 11
