22 17
11111111111111110
11111111111111110
11111111111111110
11111111111111110
11111111111111110
11111111111111111
11111111111111111
11111111111111111
11111111111111111
11111111111111111
11111111111110111
11111111111111111
11111111111111111
11111111111111111
11111111111111111
11111111111111111
11111111111111111
11111111111111111
11111111111111111
11111111111111111
01111111111111111
01111111111111111
3525
1 1 12 15
1 1 12 16
1 2 12 15
1 2 12 16
1 3 12 15
1 3 12 16
1 4 12 15
1 4 12 16
1 5 12 15
1 5 12 16
1 6 12 15
1 6 12 16
1 7 12 15
1 7 12 16
1 8 12 15
1 8 12 16
1 9 12 15
1 9 12 16
1 10 12 15
1 10 12 16
1 11 12 15
1 11 12 16
1 12 12 15
1 12 12 16
1 13 12 15
1 13 12 16
1 1 13 15
1 1 13 16
1 2 13 15
1 2 13 16
1 3 13 15
1 3 13 16
1 4 13 15
1 4 13 16
1 5 13 15
1 5 13 16
1 6 13 15
1 6 13 16
1 7 13 15
1 7 13 16
1 8 13 15
1 8 13 16
1 9 13 15
1 9 13 16
1 10 13 15
1 10 13 16
1 11 13 15
1 11 13 16
1 12 13 15
1 12 13 16
1 13 13 15
1 13 13 16
1 1 14 15
1 1 14 16
1 2 14 15
1 2 14 16
1 3 14 15
1 3 14 16
1 4 14 15
1 4 14 16
1 5 14 15
1 5 14 16
1 6 14 15
1 6 14 16
1 7 14 15
1 7 14 16
1 8 14 15
1 8 14 16
1 9 14 15
1 9 14 16
1 10 14 15
1 10 14 16
1 11 14 15
1 11 14 16
1 12 14 15
1 12 14 16
1 13 14 15
1 13 14 16
1 1 15 15
1 1 15 16
1 2 15 15
1 2 15 16
1 3 15 15
1 3 15 16
1 4 15 15
1 4 15 16
1 5 15 15
1 5 15 16
1 6 15 15
1 6 15 16
1 7 15 15
1 7 15 16
1 8 15 15
1 8 15 16
1 9 15 15
1 9 15 16
1 10 15 15
1 10 15 16
1 11 15 15
1 11 15 16
1 12 15 15
1 12 15 16
1 13 15 15
1 13 15 16
1 1 16 15
1 1 16 16
1 2 16 15
1 2 16 16
1 3 16 15
1 3 16 16
1 4 16 15
1 4 16 16
1 5 16 15
1 5 16 16
1 6 16 15
1 6 16 16
1 7 16 15
1 7 16 16
1 8 16 15
1 8 16 16
1 9 16 15
1 9 16 16
1 10 16 15
1 10 16 16
1 11 16 15
1 11 16 16
1 12 16 15
1 12 16 16
1 13 16 15
1 13 16 16
1 1 17 15
1 1 17 16
1 2 17 15
1 2 17 16
1 3 17 15
1 3 17 16
1 4 17 15
1 4 17 16
1 5 17 15
1 5 17 16
1 6 17 15
1 6 17 16
1 7 17 15
1 7 17 16
1 8 17 15
1 8 17 16
1 9 17 15
1 9 17 16
1 10 17 15
1 10 17 16
1 11 17 15
1 11 17 16
1 12 17 15
1 12 17 16
1 13 17 15
1 13 17 16
1 1 18 15
1 1 18 16
1 2 18 15
1 2 18 16
1 3 18 15
1 3 18 16
1 4 18 15
1 4 18 16
1 5 18 15
1 5 18 16
1 6 18 15
1 6 18 16
1 7 18 15
1 7 18 16
1 8 18 15
1 8 18 16
1 9 18 15
1 9 18 16
1 10 18 15
1 10 18 16
1 11 18 15
1 11 18 16
1 12 18 15
1 12 18 16
1 13 18 15
1 13 18 16
1 1 19 15
1 1 19 16
1 2 19 15
1 2 19 16
1 3 19 15
1 3 19 16
1 4 19 15
1 4 19 16
1 5 19 15
1 5 19 16
1 6 19 15
1 6 19 16
1 7 19 15
1 7 19 16
1 8 19 15
1 8 19 16
1 9 19 15
1 9 19 16
1 10 19 15
1 10 19 16
1 11 19 15
1 11 19 16
1 12 19 15
1 12 19 16
1 13 19 15
1 13 19 16
1 1 20 15
1 1 20 16
1 2 20 15
1 2 20 16
1 3 20 15
1 3 20 16
1 4 20 15
1 4 20 16
1 5 20 15
1 5 20 16
1 6 20 15
1 6 20 16
1 7 20 15
1 7 20 16
1 8 20 15
1 8 20 16
1 9 20 15
1 9 20 16
1 10 20 15
1 10 20 16
1 11 20 15
1 11 20 16
1 12 20 15
1 12 20 16
1 13 20 15
1 13 20 16
1 2 21 15
1 2 21 16
1 3 21 15
1 3 21 16
1 4 21 15
1 4 21 16
1 5 21 15
1 5 21 16
1 6 21 15
1 6 21 16
1 7 21 15
1 7 21 16
1 8 21 15
1 8 21 16
1 9 21 15
1 9 21 16
1 10 21 15
1 10 21 16
1 11 21 15
1 11 21 16
1 12 21 15
1 12 21 16
1 13 21 15
1 13 21 16
1 2 22 15
1 2 22 16
1 3 22 15
1 3 22 16
1 4 22 15
1 4 22 16
1 5 22 15
1 5 22 16
1 6 22 15
1 6 22 16
1 7 22 15
1 7 22 16
1 8 22 15
1 8 22 16
1 9 22 15
1 9 22 16
1 10 22 15
1 10 22 16
1 11 22 15
1 11 22 16
1 12 22 15
1 12 22 16
1 13 22 15
1 13 22 16
2 1 12 15
2 1 12 16
2 2 12 15
2 2 12 16
2 3 12 15
2 3 12 16
2 4 12 15
2 4 12 16
2 5 12 15
2 5 12 16
2 6 12 15
2 6 12 16
2 7 12 15
2 7 12 16
2 8 12 15
2 8 12 16
2 9 12 15
2 9 12 16
2 10 12 15
2 10 12 16
2 11 12 15
2 11 12 16
2 12 12 15
2 12 12 16
2 13 12 15
2 13 12 16
2 1 13 15
2 1 13 16
2 2 13 15
2 2 13 16
2 3 13 15
2 3 13 16
2 4 13 15
2 4 13 16
2 5 13 15
2 5 13 16
2 6 13 15
2 6 13 16
2 7 13 15
2 7 13 16
2 8 13 15
2 8 13 16
2 9 13 15
2 9 13 16
2 10 13 15
2 10 13 16
2 11 13 15
2 11 13 16
2 12 13 15
2 12 13 16
2 13 13 15
2 13 13 16
2 1 14 15
2 1 14 16
2 2 14 15
2 2 14 16
2 3 14 15
2 3 14 16
2 4 14 15
2 4 14 16
2 5 14 15
2 5 14 16
2 6 14 15
2 6 14 16
2 7 14 15
2 7 14 16
2 8 14 15
2 8 14 16
2 9 14 15
2 9 14 16
2 10 14 15
2 10 14 16
2 11 14 15
2 11 14 16
2 12 14 15
2 12 14 16
2 13 14 15
2 13 14 16
2 1 15 15
2 1 15 16
2 2 15 15
2 2 15 16
2 3 15 15
2 3 15 16
2 4 15 15
2 4 15 16
2 5 15 15
2 5 15 16
2 6 15 15
2 6 15 16
2 7 15 15
2 7 15 16
2 8 15 15
2 8 15 16
2 9 15 15
2 9 15 16
2 10 15 15
2 10 15 16
2 11 15 15
2 11 15 16
2 12 15 15
2 12 15 16
2 13 15 15
2 13 15 16
2 1 16 15
2 1 16 16
2 2 16 15
2 2 16 16
2 3 16 15
2 3 16 16
2 4 16 15
2 4 16 16
2 5 16 15
2 5 16 16
2 6 16 15
2 6 16 16
2 7 16 15
2 7 16 16
2 8 16 15
2 8 16 16
2 9 16 15
2 9 16 16
2 10 16 15
2 10 16 16
2 11 16 15
2 11 16 16
2 12 16 15
2 12 16 16
2 13 16 15
2 13 16 16
2 1 17 15
2 1 17 16
2 2 17 15
2 2 17 16
2 3 17 15
2 3 17 16
2 4 17 15
2 4 17 16
2 5 17 15
2 5 17 16
2 6 17 15
2 6 17 16
2 7 17 15
2 7 17 16
2 8 17 15
2 8 17 16
2 9 17 15
2 9 17 16
2 10 17 15
2 10 17 16
2 11 17 15
2 11 17 16
2 12 17 15
2 12 17 16
2 13 17 15
2 13 17 16
2 1 18 15
2 1 18 16
2 2 18 15
2 2 18 16
2 3 18 15
2 3 18 16
2 4 18 15
2 4 18 16
2 5 18 15
2 5 18 16
2 6 18 15
2 6 18 16
2 7 18 15
2 7 18 16
2 8 18 15
2 8 18 16
2 9 18 15
2 9 18 16
2 10 18 15
2 10 18 16
2 11 18 15
2 11 18 16
2 12 18 15
2 12 18 16
2 13 18 15
2 13 18 16
2 1 19 15
2 1 19 16
2 2 19 15
2 2 19 16
2 3 19 15
2 3 19 16
2 4 19 15
2 4 19 16
2 5 19 15
2 5 19 16
2 6 19 15
2 6 19 16
2 7 19 15
2 7 19 16
2 8 19 15
2 8 19 16
2 9 19 15
2 9 19 16
2 10 19 15
2 10 19 16
2 11 19 15
2 11 19 16
2 12 19 15
2 12 19 16
2 13 19 15
2 13 19 16
2 1 20 15
2 1 20 16
2 2 20 15
2 2 20 16
2 3 20 15
2 3 20 16
2 4 20 15
2 4 20 16
2 5 20 15
2 5 20 16
2 6 20 15
2 6 20 16
2 7 20 15
2 7 20 16
2 8 20 15
2 8 20 16
2 9 20 15
2 9 20 16
2 10 20 15
2 10 20 16
2 11 20 15
2 11 20 16
2 12 20 15
2 12 20 16
2 13 20 15
2 13 20 16
2 2 21 15
2 2 21 16
2 3 21 15
2 3 21 16
2 4 21 15
2 4 21 16
2 5 21 15
2 5 21 16
2 6 21 15
2 6 21 16
2 7 21 15
2 7 21 16
2 8 21 15
2 8 21 16
2 9 21 15
2 9 21 16
2 10 21 15
2 10 21 16
2 11 21 15
2 11 21 16
2 12 21 15
2 12 21 16
2 13 21 15
2 13 21 16
2 2 22 15
2 2 22 16
2 3 22 15
2 3 22 16
2 4 22 15
2 4 22 16
2 5 22 15
2 5 22 16
2 6 22 15
2 6 22 16
2 7 22 15
2 7 22 16
2 8 22 15
2 8 22 16
2 9 22 15
2 9 22 16
2 10 22 15
2 10 22 16
2 11 22 15
2 11 22 16
2 12 22 15
2 12 22 16
2 13 22 15
2 13 22 16
3 1 12 15
3 1 12 16
3 2 12 15
3 2 12 16
3 3 12 15
3 3 12 16
3 4 12 15
3 4 12 16
3 5 12 15
3 5 12 16
3 6 12 15
3 6 12 16
3 7 12 15
3 7 12 16
3 8 12 15
3 8 12 16
3 9 12 15
3 9 12 16
3 10 12 15
3 10 12 16
3 11 12 15
3 11 12 16
3 12 12 15
3 12 12 16
3 13 12 15
3 13 12 16
3 1 13 15
3 1 13 16
3 2 13 15
3 2 13 16
3 3 13 15
3 3 13 16
3 4 13 15
3 4 13 16
3 5 13 15
3 5 13 16
3 6 13 15
3 6 13 16
3 7 13 15
3 7 13 16
3 8 13 15
3 8 13 16
3 9 13 15
3 9 13 16
3 10 13 15
3 10 13 16
3 11 13 15
3 11 13 16
3 12 13 15
3 12 13 16
3 13 13 15
3 13 13 16
3 1 14 15
3 1 14 16
3 2 14 15
3 2 14 16
3 3 14 15
3 3 14 16
3 4 14 15
3 4 14 16
3 5 14 15
3 5 14 16
3 6 14 15
3 6 14 16
3 7 14 15
3 7 14 16
3 8 14 15
3 8 14 16
3 9 14 15
3 9 14 16
3 10 14 15
3 10 14 16
3 11 14 15
3 11 14 16
3 12 14 15
3 12 14 16
3 13 14 15
3 13 14 16
3 1 15 15
3 1 15 16
3 2 15 15
3 2 15 16
3 3 15 15
3 3 15 16
3 4 15 15
3 4 15 16
3 5 15 15
3 5 15 16
3 6 15 15
3 6 15 16
3 7 15 15
3 7 15 16
3 8 15 15
3 8 15 16
3 9 15 15
3 9 15 16
3 10 15 15
3 10 15 16
3 11 15 15
3 11 15 16
3 12 15 15
3 12 15 16
3 13 15 15
3 13 15 16
3 1 16 15
3 1 16 16
3 2 16 15
3 2 16 16
3 3 16 15
3 3 16 16
3 4 16 15
3 4 16 16
3 5 16 15
3 5 16 16
3 6 16 15
3 6 16 16
3 7 16 15
3 7 16 16
3 8 16 15
3 8 16 16
3 9 16 15
3 9 16 16
3 10 16 15
3 10 16 16
3 11 16 15
3 11 16 16
3 12 16 15
3 12 16 16
3 13 16 15
3 13 16 16
3 1 17 15
3 1 17 16
3 2 17 15
3 2 17 16
3 3 17 15
3 3 17 16
3 4 17 15
3 4 17 16
3 5 17 15
3 5 17 16
3 6 17 15
3 6 17 16
3 7 17 15
3 7 17 16
3 8 17 15
3 8 17 16
3 9 17 15
3 9 17 16
3 10 17 15
3 10 17 16
3 11 17 15
3 11 17 16
3 12 17 15
3 12 17 16
3 13 17 15
3 13 17 16
3 1 18 15
3 1 18 16
3 2 18 15
3 2 18 16
3 3 18 15
3 3 18 16
3 4 18 15
3 4 18 16
3 5 18 15
3 5 18 16
3 6 18 15
3 6 18 16
3 7 18 15
3 7 18 16
3 8 18 15
3 8 18 16
3 9 18 15
3 9 18 16
3 10 18 15
3 10 18 16
3 11 18 15
3 11 18 16
3 12 18 15
3 12 18 16
3 13 18 15
3 13 18 16
3 1 19 15
3 1 19 16
3 2 19 15
3 2 19 16
3 3 19 15
3 3 19 16
3 4 19 15
3 4 19 16
3 5 19 15
3 5 19 16
3 6 19 15
3 6 19 16
3 7 19 15
3 7 19 16
3 8 19 15
3 8 19 16
3 9 19 15
3 9 19 16
3 10 19 15
3 10 19 16
3 11 19 15
3 11 19 16
3 12 19 15
3 12 19 16
3 13 19 15
3 13 19 16
3 1 20 15
3 1 20 16
3 2 20 15
3 2 20 16
3 3 20 15
3 3 20 16
3 4 20 15
3 4 20 16
3 5 20 15
3 5 20 16
3 6 20 15
3 6 20 16
3 7 20 15
3 7 20 16
3 8 20 15
3 8 20 16
3 9 20 15
3 9 20 16
3 10 20 15
3 10 20 16
3 11 20 15
3 11 20 16
3 12 20 15
3 12 20 16
3 13 20 15
3 13 20 16
3 2 21 15
3 2 21 16
3 3 21 15
3 3 21 16
3 4 21 15
3 4 21 16
3 5 21 15
3 5 21 16
3 6 21 15
3 6 21 16
3 7 21 15
3 7 21 16
3 8 21 15
3 8 21 16
3 9 21 15
3 9 21 16
3 10 21 15
3 10 21 16
3 11 21 15
3 11 21 16
3 12 21 15
3 12 21 16
3 13 21 15
3 13 21 16
3 2 22 15
3 2 22 16
3 3 22 15
3 3 22 16
3 4 22 15
3 4 22 16
3 5 22 15
3 5 22 16
3 6 22 15
3 6 22 16
3 7 22 15
3 7 22 16
3 8 22 15
3 8 22 16
3 9 22 15
3 9 22 16
3 10 22 15
3 10 22 16
3 11 22 15
3 11 22 16
3 12 22 15
3 12 22 16
3 13 22 15
3 13 22 16
4 1 12 15
4 1 12 16
4 2 12 15
4 2 12 16
4 3 12 15
4 3 12 16
4 4 12 15
4 4 12 16
4 5 12 15
4 5 12 16
4 6 12 15
4 6 12 16
4 7 12 15
4 7 12 16
4 8 12 15
4 8 12 16
4 9 12 15
4 9 12 16
4 10 12 15
4 10 12 16
4 11 12 15
4 11 12 16
4 12 12 15
4 12 12 16
4 13 12 15
4 13 12 16
4 1 13 15
4 1 13 16
4 2 13 15
4 2 13 16
4 3 13 15
4 3 13 16
4 4 13 15
4 4 13 16
4 5 13 15
4 5 13 16
4 6 13 15
4 6 13 16
4 7 13 15
4 7 13 16
4 8 13 15
4 8 13 16
4 9 13 15
4 9 13 16
4 10 13 15
4 10 13 16
4 11 13 15
4 11 13 16
4 12 13 15
4 12 13 16
4 13 13 15
4 13 13 16
4 1 14 15
4 1 14 16
4 2 14 15
4 2 14 16
4 3 14 15
4 3 14 16
4 4 14 15
4 4 14 16
4 5 14 15
4 5 14 16
4 6 14 15
4 6 14 16
4 7 14 15
4 7 14 16
4 8 14 15
4 8 14 16
4 9 14 15
4 9 14 16
4 10 14 15
4 10 14 16
4 11 14 15
4 11 14 16
4 12 14 15
4 12 14 16
4 13 14 15
4 13 14 16
4 1 15 15
4 1 15 16
4 2 15 15
4 2 15 16
4 3 15 15
4 3 15 16
4 4 15 15
4 4 15 16
4 5 15 15
4 5 15 16
4 6 15 15
4 6 15 16
4 7 15 15
4 7 15 16
4 8 15 15
4 8 15 16
4 9 15 15
4 9 15 16
4 10 15 15
4 10 15 16
4 11 15 15
4 11 15 16
4 12 15 15
4 12 15 16
4 13 15 15
4 13 15 16
4 1 16 15
4 1 16 16
4 2 16 15
4 2 16 16
4 3 16 15
4 3 16 16
4 4 16 15
4 4 16 16
4 5 16 15
4 5 16 16
4 6 16 15
4 6 16 16
4 7 16 15
4 7 16 16
4 8 16 15
4 8 16 16
4 9 16 15
4 9 16 16
4 10 16 15
4 10 16 16
4 11 16 15
4 11 16 16
4 12 16 15
4 12 16 16
4 13 16 15
4 13 16 16
4 1 17 15
4 1 17 16
4 2 17 15
4 2 17 16
4 3 17 15
4 3 17 16
4 4 17 15
4 4 17 16
4 5 17 15
4 5 17 16
4 6 17 15
4 6 17 16
4 7 17 15
4 7 17 16
4 8 17 15
4 8 17 16
4 9 17 15
4 9 17 16
4 10 17 15
4 10 17 16
4 11 17 15
4 11 17 16
4 12 17 15
4 12 17 16
4 13 17 15
4 13 17 16
4 1 18 15
4 1 18 16
4 2 18 15
4 2 18 16
4 3 18 15
4 3 18 16
4 4 18 15
4 4 18 16
4 5 18 15
4 5 18 16
4 6 18 15
4 6 18 16
4 7 18 15
4 7 18 16
4 8 18 15
4 8 18 16
4 9 18 15
4 9 18 16
4 10 18 15
4 10 18 16
4 11 18 15
4 11 18 16
4 12 18 15
4 12 18 16
4 13 18 15
4 13 18 16
4 1 19 15
4 1 19 16
4 2 19 15
4 2 19 16
4 3 19 15
4 3 19 16
4 4 19 15
4 4 19 16
4 5 19 15
4 5 19 16
4 6 19 15
4 6 19 16
4 7 19 15
4 7 19 16
4 8 19 15
4 8 19 16
4 9 19 15
4 9 19 16
4 10 19 15
4 10 19 16
4 11 19 15
4 11 19 16
4 12 19 15
4 12 19 16
4 13 19 15
4 13 19 16
4 1 20 15
4 1 20 16
4 2 20 15
4 2 20 16
4 3 20 15
4 3 20 16
4 4 20 15
4 4 20 16
4 5 20 15
4 5 20 16
4 6 20 15
4 6 20 16
4 7 20 15
4 7 20 16
4 8 20 15
4 8 20 16
4 9 20 15
4 9 20 16
4 10 20 15
4 10 20 16
4 11 20 15
4 11 20 16
4 12 20 15
4 12 20 16
4 13 20 15
4 13 20 16
4 2 21 15
4 2 21 16
4 3 21 15
4 3 21 16
4 4 21 15
4 4 21 16
4 5 21 15
4 5 21 16
4 6 21 15
4 6 21 16
4 7 21 15
4 7 21 16
4 8 21 15
4 8 21 16
4 9 21 15
4 9 21 16
4 10 21 15
4 10 21 16
4 11 21 15
4 11 21 16
4 12 21 15
4 12 21 16
4 13 21 15
4 13 21 16
4 2 22 15
4 2 22 16
4 3 22 15
4 3 22 16
4 4 22 15
4 4 22 16
4 5 22 15
4 5 22 16
4 6 22 15
4 6 22 16
4 7 22 15
4 7 22 16
4 8 22 15
4 8 22 16
4 9 22 15
4 9 22 16
4 10 22 15
4 10 22 16
4 11 22 15
4 11 22 16
4 12 22 15
4 12 22 16
4 13 22 15
4 13 22 16
5 1 12 15
5 1 12 16
5 2 12 15
5 2 12 16
5 3 12 15
5 3 12 16
5 4 12 15
5 4 12 16
5 5 12 15
5 5 12 16
5 6 12 15
5 6 12 16
5 7 12 15
5 7 12 16
5 8 12 15
5 8 12 16
5 9 12 15
5 9 12 16
5 10 12 15
5 10 12 16
5 11 12 15
5 11 12 16
5 12 12 15
5 12 12 16
5 13 12 15
5 13 12 16
5 1 13 15
5 1 13 16
5 2 13 15
5 2 13 16
5 3 13 15
5 3 13 16
5 4 13 15
5 4 13 16
5 5 13 15
5 5 13 16
5 6 13 15
5 6 13 16
5 7 13 15
5 7 13 16
5 8 13 15
5 8 13 16
5 9 13 15
5 9 13 16
5 10 13 15
5 10 13 16
5 11 13 15
5 11 13 16
5 12 13 15
5 12 13 16
5 13 13 15
5 13 13 16
5 1 14 15
5 1 14 16
5 2 14 15
5 2 14 16
5 3 14 15
5 3 14 16
5 4 14 15
5 4 14 16
5 5 14 15
5 5 14 16
5 6 14 15
5 6 14 16
5 7 14 15
5 7 14 16
5 8 14 15
5 8 14 16
5 9 14 15
5 9 14 16
5 10 14 15
5 10 14 16
5 11 14 15
5 11 14 16
5 12 14 15
5 12 14 16
5 13 14 15
5 13 14 16
5 1 15 15
5 1 15 16
5 2 15 15
5 2 15 16
5 3 15 15
5 3 15 16
5 4 15 15
5 4 15 16
5 5 15 15
5 5 15 16
5 6 15 15
5 6 15 16
5 7 15 15
5 7 15 16
5 8 15 15
5 8 15 16
5 9 15 15
5 9 15 16
5 10 15 15
5 10 15 16
5 11 15 15
5 11 15 16
5 12 15 15
5 12 15 16
5 13 15 15
5 13 15 16
5 1 16 15
5 1 16 16
5 2 16 15
5 2 16 16
5 3 16 15
5 3 16 16
5 4 16 15
5 4 16 16
5 5 16 15
5 5 16 16
5 6 16 15
5 6 16 16
5 7 16 15
5 7 16 16
5 8 16 15
5 8 16 16
5 9 16 15
5 9 16 16
5 10 16 15
5 10 16 16
5 11 16 15
5 11 16 16
5 12 16 15
5 12 16 16
5 13 16 15
5 13 16 16
5 1 17 15
5 1 17 16
5 2 17 15
5 2 17 16
5 3 17 15
5 3 17 16
5 4 17 15
5 4 17 16
5 5 17 15
5 5 17 16
5 6 17 15
5 6 17 16
5 7 17 15
5 7 17 16
5 8 17 15
5 8 17 16
5 9 17 15
5 9 17 16
5 10 17 15
5 10 17 16
5 11 17 15
5 11 17 16
5 12 17 15
5 12 17 16
5 13 17 15
5 13 17 16
5 1 18 15
5 1 18 16
5 2 18 15
5 2 18 16
5 3 18 15
5 3 18 16
5 4 18 15
5 4 18 16
5 5 18 15
5 5 18 16
5 6 18 15
5 6 18 16
5 7 18 15
5 7 18 16
5 8 18 15
5 8 18 16
5 9 18 15
5 9 18 16
5 10 18 15
5 10 18 16
5 11 18 15
5 11 18 16
5 12 18 15
5 12 18 16
5 13 18 15
5 13 18 16
5 1 19 15
5 1 19 16
5 2 19 15
5 2 19 16
5 3 19 15
5 3 19 16
5 4 19 15
5 4 19 16
5 5 19 15
5 5 19 16
5 6 19 15
5 6 19 16
5 7 19 15
5 7 19 16
5 8 19 15
5 8 19 16
5 9 19 15
5 9 19 16
5 10 19 15
5 10 19 16
5 11 19 15
5 11 19 16
5 12 19 15
5 12 19 16
5 13 19 15
5 13 19 16
5 1 20 15
5 1 20 16
5 2 20 15
5 2 20 16
5 3 20 15
5 3 20 16
5 4 20 15
5 4 20 16
5 5 20 15
5 5 20 16
5 6 20 15
5 6 20 16
5 7 20 15
5 7 20 16
5 8 20 15
5 8 20 16
5 9 20 15
5 9 20 16
5 10 20 15
5 10 20 16
5 11 20 15
5 11 20 16
5 12 20 15
5 12 20 16
5 13 20 15
5 13 20 16
5 2 21 15
5 2 21 16
5 3 21 15
5 3 21 16
5 4 21 15
5 4 21 16
5 5 21 15
5 5 21 16
5 6 21 15
5 6 21 16
5 7 21 15
5 7 21 16
5 8 21 15
5 8 21 16
5 9 21 15
5 9 21 16
5 10 21 15
5 10 21 16
5 11 21 15
5 11 21 16
5 12 21 15
5 12 21 16
5 13 21 15
5 13 21 16
5 2 22 15
5 2 22 16
5 3 22 15
5 3 22 16
5 4 22 15
5 4 22 16
5 5 22 15
5 5 22 16
5 6 22 15
5 6 22 16
5 7 22 15
5 7 22 16
5 8 22 15
5 8 22 16
5 9 22 15
5 9 22 16
5 10 22 15
5 10 22 16
5 11 22 15
5 11 22 16
5 12 22 15
5 12 22 16
5 13 22 15
5 13 22 16
6 1 12 15
6 1 12 16
6 1 12 17
6 2 12 15
6 2 12 16
6 2 12 17
6 3 12 15
6 3 12 16
6 3 12 17
6 4 12 15
6 4 12 16
6 4 12 17
6 5 12 15
6 5 12 16
6 5 12 17
6 6 12 15
6 6 12 16
6 6 12 17
6 7 12 15
6 7 12 16
6 7 12 17
6 8 12 15
6 8 12 16
6 8 12 17
6 9 12 15
6 9 12 16
6 9 12 17
6 10 12 15
6 10 12 16
6 10 12 17
6 11 12 15
6 11 12 16
6 11 12 17
6 12 12 15
6 12 12 16
6 12 12 17
6 13 12 15
6 13 12 16
6 13 12 17
6 1 13 15
6 1 13 16
6 1 13 17
6 2 13 15
6 2 13 16
6 2 13 17
6 3 13 15
6 3 13 16
6 3 13 17
6 4 13 15
6 4 13 16
6 4 13 17
6 5 13 15
6 5 13 16
6 5 13 17
6 6 13 15
6 6 13 16
6 6 13 17
6 7 13 15
6 7 13 16
6 7 13 17
6 8 13 15
6 8 13 16
6 8 13 17
6 9 13 15
6 9 13 16
6 9 13 17
6 10 13 15
6 10 13 16
6 10 13 17
6 11 13 15
6 11 13 16
6 11 13 17
6 12 13 15
6 12 13 16
6 12 13 17
6 13 13 15
6 13 13 16
6 13 13 17
6 1 14 15
6 1 14 16
6 1 14 17
6 2 14 15
6 2 14 16
6 2 14 17
6 3 14 15
6 3 14 16
6 3 14 17
6 4 14 15
6 4 14 16
6 4 14 17
6 5 14 15
6 5 14 16
6 5 14 17
6 6 14 15
6 6 14 16
6 6 14 17
6 7 14 15
6 7 14 16
6 7 14 17
6 8 14 15
6 8 14 16
6 8 14 17
6 9 14 15
6 9 14 16
6 9 14 17
6 10 14 15
6 10 14 16
6 10 14 17
6 11 14 15
6 11 14 16
6 11 14 17
6 12 14 15
6 12 14 16
6 12 14 17
6 13 14 15
6 13 14 16
6 13 14 17
6 1 15 15
6 1 15 16
6 1 15 17
6 2 15 15
6 2 15 16
6 2 15 17
6 3 15 15
6 3 15 16
6 3 15 17
6 4 15 15
6 4 15 16
6 4 15 17
6 5 15 15
6 5 15 16
6 5 15 17
6 6 15 15
6 6 15 16
6 6 15 17
6 7 15 15
6 7 15 16
6 7 15 17
6 8 15 15
6 8 15 16
6 8 15 17
6 9 15 15
6 9 15 16
6 9 15 17
6 10 15 15
6 10 15 16
6 10 15 17
6 11 15 15
6 11 15 16
6 11 15 17
6 12 15 15
6 12 15 16
6 12 15 17
6 13 15 15
6 13 15 16
6 13 15 17
6 1 16 15
6 1 16 16
6 1 16 17
6 2 16 15
6 2 16 16
6 2 16 17
6 3 16 15
6 3 16 16
6 3 16 17
6 4 16 15
6 4 16 16
6 4 16 17
6 5 16 15
6 5 16 16
6 5 16 17
6 6 16 15
6 6 16 16
6 6 16 17
6 7 16 15
6 7 16 16
6 7 16 17
6 8 16 15
6 8 16 16
6 8 16 17
6 9 16 15
6 9 16 16
6 9 16 17
6 10 16 15
6 10 16 16
6 10 16 17
6 11 16 15
6 11 16 16
6 11 16 17
6 12 16 15
6 12 16 16
6 12 16 17
6 13 16 15
6 13 16 16
6 13 16 17
6 1 17 15
6 1 17 16
6 1 17 17
6 2 17 15
6 2 17 16
6 2 17 17
6 3 17 15
6 3 17 16
6 3 17 17
6 4 17 15
6 4 17 16
6 4 17 17
6 5 17 15
6 5 17 16
6 5 17 17
6 6 17 15
6 6 17 16
6 6 17 17
6 7 17 15
6 7 17 16
6 7 17 17
6 8 17 15
6 8 17 16
6 8 17 17
6 9 17 15
6 9 17 16
6 9 17 17
6 10 17 15
6 10 17 16
6 10 17 17
6 11 17 15
6 11 17 16
6 11 17 17
6 12 17 15
6 12 17 16
6 12 17 17
6 13 17 15
6 13 17 16
6 13 17 17
6 1 18 15
6 1 18 16
6 1 18 17
6 2 18 15
6 2 18 16
6 2 18 17
6 3 18 15
6 3 18 16
6 3 18 17
6 4 18 15
6 4 18 16
6 4 18 17
6 5 18 15
6 5 18 16
6 5 18 17
6 6 18 15
6 6 18 16
6 6 18 17
6 7 18 15
6 7 18 16
6 7 18 17
6 8 18 15
6 8 18 16
6 8 18 17
6 9 18 15
6 9 18 16
6 9 18 17
6 10 18 15
6 10 18 16
6 10 18 17
6 11 18 15
6 11 18 16
6 11 18 17
6 12 18 15
6 12 18 16
6 12 18 17
6 13 18 15
6 13 18 16
6 13 18 17
6 1 19 15
6 1 19 16
6 1 19 17
6 2 19 15
6 2 19 16
6 2 19 17
6 3 19 15
6 3 19 16
6 3 19 17
6 4 19 15
6 4 19 16
6 4 19 17
6 5 19 15
6 5 19 16
6 5 19 17
6 6 19 15
6 6 19 16
6 6 19 17
6 7 19 15
6 7 19 16
6 7 19 17
6 8 19 15
6 8 19 16
6 8 19 17
6 9 19 15
6 9 19 16
6 9 19 17
6 10 19 15
6 10 19 16
6 10 19 17
6 11 19 15
6 11 19 16
6 11 19 17
6 12 19 15
6 12 19 16
6 12 19 17
6 13 19 15
6 13 19 16
6 13 19 17
6 1 20 15
6 1 20 16
6 1 20 17
6 2 20 15
6 2 20 16
6 2 20 17
6 3 20 15
6 3 20 16
6 3 20 17
6 4 20 15
6 4 20 16
6 4 20 17
6 5 20 15
6 5 20 16
6 5 20 17
6 6 20 15
6 6 20 16
6 6 20 17
6 7 20 15
6 7 20 16
6 7 20 17
6 8 20 15
6 8 20 16
6 8 20 17
6 9 20 15
6 9 20 16
6 9 20 17
6 10 20 15
6 10 20 16
6 10 20 17
6 11 20 15
6 11 20 16
6 11 20 17
6 12 20 15
6 12 20 16
6 12 20 17
6 13 20 15
6 13 20 16
6 13 20 17
6 2 21 15
6 2 21 16
6 2 21 17
6 3 21 15
6 3 21 16
6 3 21 17
6 4 21 15
6 4 21 16
6 4 21 17
6 5 21 15
6 5 21 16
6 5 21 17
6 6 21 15
6 6 21 16
6 6 21 17
6 7 21 15
6 7 21 16
6 7 21 17
6 8 21 15
6 8 21 16
6 8 21 17
6 9 21 15
6 9 21 16
6 9 21 17
6 10 21 15
6 10 21 16
6 10 21 17
6 11 21 15
6 11 21 16
6 11 21 17
6 12 21 15
6 12 21 16
6 12 21 17
6 13 21 15
6 13 21 16
6 13 21 17
6 2 22 15
6 2 22 16
6 2 22 17
6 3 22 15
6 3 22 16
6 3 22 17
6 4 22 15
6 4 22 16
6 4 22 17
6 5 22 15
6 5 22 16
6 5 22 17
6 6 22 15
6 6 22 16
6 6 22 17
6 7 22 15
6 7 22 16
6 7 22 17
6 8 22 15
6 8 22 16
6 8 22 17
6 9 22 15
6 9 22 16
6 9 22 17
6 10 22 15
6 10 22 16
6 10 22 17
6 11 22 15
6 11 22 16
6 11 22 17
6 12 22 15
6 12 22 16
6 12 22 17
6 13 22 15
6 13 22 16
6 13 22 17
7 1 12 15
7 1 12 16
7 1 12 17
7 2 12 15
7 2 12 16
7 2 12 17
7 3 12 15
7 3 12 16
7 3 12 17
7 4 12 15
7 4 12 16
7 4 12 17
7 5 12 15
7 5 12 16
7 5 12 17
7 6 12 15
7 6 12 16
7 6 12 17
7 7 12 15
7 7 12 16
7 7 12 17
7 8 12 15
7 8 12 16
7 8 12 17
7 9 12 15
7 9 12 16
7 9 12 17
7 10 12 15
7 10 12 16
7 10 12 17
7 11 12 15
7 11 12 16
7 11 12 17
7 12 12 15
7 12 12 16
7 12 12 17
7 13 12 15
7 13 12 16
7 13 12 17
7 1 13 15
7 1 13 16
7 1 13 17
7 2 13 15
7 2 13 16
7 2 13 17
7 3 13 15
7 3 13 16
7 3 13 17
7 4 13 15
7 4 13 16
7 4 13 17
7 5 13 15
7 5 13 16
7 5 13 17
7 6 13 15
7 6 13 16
7 6 13 17
7 7 13 15
7 7 13 16
7 7 13 17
7 8 13 15
7 8 13 16
7 8 13 17
7 9 13 15
7 9 13 16
7 9 13 17
7 10 13 15
7 10 13 16
7 10 13 17
7 11 13 15
7 11 13 16
7 11 13 17
7 12 13 15
7 12 13 16
7 12 13 17
7 13 13 15
7 13 13 16
7 13 13 17
7 1 14 15
7 1 14 16
7 1 14 17
7 2 14 15
7 2 14 16
7 2 14 17
7 3 14 15
7 3 14 16
7 3 14 17
7 4 14 15
7 4 14 16
7 4 14 17
7 5 14 15
7 5 14 16
7 5 14 17
7 6 14 15
7 6 14 16
7 6 14 17
7 7 14 15
7 7 14 16
7 7 14 17
7 8 14 15
7 8 14 16
7 8 14 17
7 9 14 15
7 9 14 16
7 9 14 17
7 10 14 15
7 10 14 16
7 10 14 17
7 11 14 15
7 11 14 16
7 11 14 17
7 12 14 15
7 12 14 16
7 12 14 17
7 13 14 15
7 13 14 16
7 13 14 17
7 1 15 15
7 1 15 16
7 1 15 17
7 2 15 15
7 2 15 16
7 2 15 17
7 3 15 15
7 3 15 16
7 3 15 17
7 4 15 15
7 4 15 16
7 4 15 17
7 5 15 15
7 5 15 16
7 5 15 17
7 6 15 15
7 6 15 16
7 6 15 17
7 7 15 15
7 7 15 16
7 7 15 17
7 8 15 15
7 8 15 16
7 8 15 17
7 9 15 15
7 9 15 16
7 9 15 17
7 10 15 15
7 10 15 16
7 10 15 17
7 11 15 15
7 11 15 16
7 11 15 17
7 12 15 15
7 12 15 16
7 12 15 17
7 13 15 15
7 13 15 16
7 13 15 17
7 1 16 15
7 1 16 16
7 1 16 17
7 2 16 15
7 2 16 16
7 2 16 17
7 3 16 15
7 3 16 16
7 3 16 17
7 4 16 15
7 4 16 16
7 4 16 17
7 5 16 15
7 5 16 16
7 5 16 17
7 6 16 15
7 6 16 16
7 6 16 17
7 7 16 15
7 7 16 16
7 7 16 17
7 8 16 15
7 8 16 16
7 8 16 17
7 9 16 15
7 9 16 16
7 9 16 17
7 10 16 15
7 10 16 16
7 10 16 17
7 11 16 15
7 11 16 16
7 11 16 17
7 12 16 15
7 12 16 16
7 12 16 17
7 13 16 15
7 13 16 16
7 13 16 17
7 1 17 15
7 1 17 16
7 1 17 17
7 2 17 15
7 2 17 16
7 2 17 17
7 3 17 15
7 3 17 16
7 3 17 17
7 4 17 15
7 4 17 16
7 4 17 17
7 5 17 15
7 5 17 16
7 5 17 17
7 6 17 15
7 6 17 16
7 6 17 17
7 7 17 15
7 7 17 16
7 7 17 17
7 8 17 15
7 8 17 16
7 8 17 17
7 9 17 15
7 9 17 16
7 9 17 17
7 10 17 15
7 10 17 16
7 10 17 17
7 11 17 15
7 11 17 16
7 11 17 17
7 12 17 15
7 12 17 16
7 12 17 17
7 13 17 15
7 13 17 16
7 13 17 17
7 1 18 15
7 1 18 16
7 1 18 17
7 2 18 15
7 2 18 16
7 2 18 17
7 3 18 15
7 3 18 16
7 3 18 17
7 4 18 15
7 4 18 16
7 4 18 17
7 5 18 15
7 5 18 16
7 5 18 17
7 6 18 15
7 6 18 16
7 6 18 17
7 7 18 15
7 7 18 16
7 7 18 17
7 8 18 15
7 8 18 16
7 8 18 17
7 9 18 15
7 9 18 16
7 9 18 17
7 10 18 15
7 10 18 16
7 10 18 17
7 11 18 15
7 11 18 16
7 11 18 17
7 12 18 15
7 12 18 16
7 12 18 17
7 13 18 15
7 13 18 16
7 13 18 17
7 1 19 15
7 1 19 16
7 1 19 17
7 2 19 15
7 2 19 16
7 2 19 17
7 3 19 15
7 3 19 16
7 3 19 17
7 4 19 15
7 4 19 16
7 4 19 17
7 5 19 15
7 5 19 16
7 5 19 17
7 6 19 15
7 6 19 16
7 6 19 17
7 7 19 15
7 7 19 16
7 7 19 17
7 8 19 15
7 8 19 16
7 8 19 17
7 9 19 15
7 9 19 16
7 9 19 17
7 10 19 15
7 10 19 16
7 10 19 17
7 11 19 15
7 11 19 16
7 11 19 17
7 12 19 15
7 12 19 16
7 12 19 17
7 13 19 15
7 13 19 16
7 13 19 17
7 1 20 15
7 1 20 16
7 1 20 17
7 2 20 15
7 2 20 16
7 2 20 17
7 3 20 15
7 3 20 16
7 3 20 17
7 4 20 15
7 4 20 16
7 4 20 17
7 5 20 15
7 5 20 16
7 5 20 17
7 6 20 15
7 6 20 16
7 6 20 17
7 7 20 15
7 7 20 16
7 7 20 17
7 8 20 15
7 8 20 16
7 8 20 17
7 9 20 15
7 9 20 16
7 9 20 17
7 10 20 15
7 10 20 16
7 10 20 17
7 11 20 15
7 11 20 16
7 11 20 17
7 12 20 15
7 12 20 16
7 12 20 17
7 13 20 15
7 13 20 16
7 13 20 17
7 2 21 15
7 2 21 16
7 2 21 17
7 3 21 15
7 3 21 16
7 3 21 17
7 4 21 15
7 4 21 16
7 4 21 17
7 5 21 15
7 5 21 16
7 5 21 17
7 6 21 15
7 6 21 16
7 6 21 17
7 7 21 15
7 7 21 16
7 7 21 17
7 8 21 15
7 8 21 16
7 8 21 17
7 9 21 15
7 9 21 16
7 9 21 17
7 10 21 15
7 10 21 16
7 10 21 17
7 11 21 15
7 11 21 16
7 11 21 17
7 12 21 15
7 12 21 16
7 12 21 17
7 13 21 15
7 13 21 16
7 13 21 17
7 2 22 15
7 2 22 16
7 2 22 17
7 3 22 15
7 3 22 16
7 3 22 17
7 4 22 15
7 4 22 16
7 4 22 17
7 5 22 15
7 5 22 16
7 5 22 17
7 6 22 15
7 6 22 16
7 6 22 17
7 7 22 15
7 7 22 16
7 7 22 17
7 8 22 15
7 8 22 16
7 8 22 17
7 9 22 15
7 9 22 16
7 9 22 17
7 10 22 15
7 10 22 16
7 10 22 17
7 11 22 15
7 11 22 16
7 11 22 17
7 12 22 15
7 12 22 16
7 12 22 17
7 13 22 15
7 13 22 16
7 13 22 17
8 1 12 15
8 1 12 16
8 1 12 17
8 2 12 15
8 2 12 16
8 2 12 17
8 3 12 15
8 3 12 16
8 3 12 17
8 4 12 15
8 4 12 16
8 4 12 17
8 5 12 15
8 5 12 16
8 5 12 17
8 6 12 15
8 6 12 16
8 6 12 17
8 7 12 15
8 7 12 16
8 7 12 17
8 8 12 15
8 8 12 16
8 8 12 17
8 9 12 15
8 9 12 16
8 9 12 17
8 10 12 15
8 10 12 16
8 10 12 17
8 11 12 15
8 11 12 16
8 11 12 17
8 12 12 15
8 12 12 16
8 12 12 17
8 13 12 15
8 13 12 16
8 13 12 17
8 1 13 15
8 1 13 16
8 1 13 17
8 2 13 15
8 2 13 16
8 2 13 17
8 3 13 15
8 3 13 16
8 3 13 17
8 4 13 15
8 4 13 16
8 4 13 17
8 5 13 15
8 5 13 16
8 5 13 17
8 6 13 15
8 6 13 16
8 6 13 17
8 7 13 15
8 7 13 16
8 7 13 17
8 8 13 15
8 8 13 16
8 8 13 17
8 9 13 15
8 9 13 16
8 9 13 17
8 10 13 15
8 10 13 16
8 10 13 17
8 11 13 15
8 11 13 16
8 11 13 17
8 12 13 15
8 12 13 16
8 12 13 17
8 13 13 15
8 13 13 16
8 13 13 17
8 1 14 15
8 1 14 16
8 1 14 17
8 2 14 15
8 2 14 16
8 2 14 17
8 3 14 15
8 3 14 16
8 3 14 17
8 4 14 15
8 4 14 16
8 4 14 17
8 5 14 15
8 5 14 16
8 5 14 17
8 6 14 15
8 6 14 16
8 6 14 17
8 7 14 15
8 7 14 16
8 7 14 17
8 8 14 15
8 8 14 16
8 8 14 17
8 9 14 15
8 9 14 16
8 9 14 17
8 10 14 15
8 10 14 16
8 10 14 17
8 11 14 15
8 11 14 16
8 11 14 17
8 12 14 15
8 12 14 16
8 12 14 17
8 13 14 15
8 13 14 16
8 13 14 17
8 1 15 15
8 1 15 16
8 1 15 17
8 2 15 15
8 2 15 16
8 2 15 17
8 3 15 15
8 3 15 16
8 3 15 17
8 4 15 15
8 4 15 16
8 4 15 17
8 5 15 15
8 5 15 16
8 5 15 17
8 6 15 15
8 6 15 16
8 6 15 17
8 7 15 15
8 7 15 16
8 7 15 17
8 8 15 15
8 8 15 16
8 8 15 17
8 9 15 15
8 9 15 16
8 9 15 17
8 10 15 15
8 10 15 16
8 10 15 17
8 11 15 15
8 11 15 16
8 11 15 17
8 12 15 15
8 12 15 16
8 12 15 17
8 13 15 15
8 13 15 16
8 13 15 17
8 1 16 15
8 1 16 16
8 1 16 17
8 2 16 15
8 2 16 16
8 2 16 17
8 3 16 15
8 3 16 16
8 3 16 17
8 4 16 15
8 4 16 16
8 4 16 17
8 5 16 15
8 5 16 16
8 5 16 17
8 6 16 15
8 6 16 16
8 6 16 17
8 7 16 15
8 7 16 16
8 7 16 17
8 8 16 15
8 8 16 16
8 8 16 17
8 9 16 15
8 9 16 16
8 9 16 17
8 10 16 15
8 10 16 16
8 10 16 17
8 11 16 15
8 11 16 16
8 11 16 17
8 12 16 15
8 12 16 16
8 12 16 17
8 13 16 15
8 13 16 16
8 13 16 17
8 1 17 15
8 1 17 16
8 1 17 17
8 2 17 15
8 2 17 16
8 2 17 17
8 3 17 15
8 3 17 16
8 3 17 17
8 4 17 15
8 4 17 16
8 4 17 17
8 5 17 15
8 5 17 16
8 5 17 17
8 6 17 15
8 6 17 16
8 6 17 17
8 7 17 15
8 7 17 16
8 7 17 17
8 8 17 15
8 8 17 16
8 8 17 17
8 9 17 15
8 9 17 16
8 9 17 17
8 10 17 15
8 10 17 16
8 10 17 17
8 11 17 15
8 11 17 16
8 11 17 17
8 12 17 15
8 12 17 16
8 12 17 17
8 13 17 15
8 13 17 16
8 13 17 17
8 1 18 15
8 1 18 16
8 1 18 17
8 2 18 15
8 2 18 16
8 2 18 17
8 3 18 15
8 3 18 16
8 3 18 17
8 4 18 15
8 4 18 16
8 4 18 17
8 5 18 15
8 5 18 16
8 5 18 17
8 6 18 15
8 6 18 16
8 6 18 17
8 7 18 15
8 7 18 16
8 7 18 17
8 8 18 15
8 8 18 16
8 8 18 17
8 9 18 15
8 9 18 16
8 9 18 17
8 10 18 15
8 10 18 16
8 10 18 17
8 11 18 15
8 11 18 16
8 11 18 17
8 12 18 15
8 12 18 16
8 12 18 17
8 13 18 15
8 13 18 16
8 13 18 17
8 1 19 15
8 1 19 16
8 1 19 17
8 2 19 15
8 2 19 16
8 2 19 17
8 3 19 15
8 3 19 16
8 3 19 17
8 4 19 15
8 4 19 16
8 4 19 17
8 5 19 15
8 5 19 16
8 5 19 17
8 6 19 15
8 6 19 16
8 6 19 17
8 7 19 15
8 7 19 16
8 7 19 17
8 8 19 15
8 8 19 16
8 8 19 17
8 9 19 15
8 9 19 16
8 9 19 17
8 10 19 15
8 10 19 16
8 10 19 17
8 11 19 15
8 11 19 16
8 11 19 17
8 12 19 15
8 12 19 16
8 12 19 17
8 13 19 15
8 13 19 16
8 13 19 17
8 1 20 15
8 1 20 16
8 1 20 17
8 2 20 15
8 2 20 16
8 2 20 17
8 3 20 15
8 3 20 16
8 3 20 17
8 4 20 15
8 4 20 16
8 4 20 17
8 5 20 15
8 5 20 16
8 5 20 17
8 6 20 15
8 6 20 16
8 6 20 17
8 7 20 15
8 7 20 16
8 7 20 17
8 8 20 15
8 8 20 16
8 8 20 17
8 9 20 15
8 9 20 16
8 9 20 17
8 10 20 15
8 10 20 16
8 10 20 17
8 11 20 15
8 11 20 16
8 11 20 17
8 12 20 15
8 12 20 16
8 12 20 17
8 13 20 15
8 13 20 16
8 13 20 17
8 2 21 15
8 2 21 16
8 2 21 17
8 3 21 15
8 3 21 16
8 3 21 17
8 4 21 15
8 4 21 16
8 4 21 17
8 5 21 15
8 5 21 16
8 5 21 17
8 6 21 15
8 6 21 16
8 6 21 17
8 7 21 15
8 7 21 16
8 7 21 17
8 8 21 15
8 8 21 16
8 8 21 17
8 9 21 15
8 9 21 16
8 9 21 17
8 10 21 15
8 10 21 16
8 10 21 17
8 11 21 15
8 11 21 16
8 11 21 17
8 12 21 15
8 12 21 16
8 12 21 17
8 13 21 15
8 13 21 16
8 13 21 17
8 2 22 15
8 2 22 16
8 2 22 17
8 3 22 15
8 3 22 16
8 3 22 17
8 4 22 15
8 4 22 16
8 4 22 17
8 5 22 15
8 5 22 16
8 5 22 17
8 6 22 15
8 6 22 16
8 6 22 17
8 7 22 15
8 7 22 16
8 7 22 17
8 8 22 15
8 8 22 16
8 8 22 17
8 9 22 15
8 9 22 16
8 9 22 17
8 10 22 15
8 10 22 16
8 10 22 17
8 11 22 15
8 11 22 16
8 11 22 17
8 12 22 15
8 12 22 16
8 12 22 17
8 13 22 15
8 13 22 16
8 13 22 17
9 1 12 15
9 1 12 16
9 1 12 17
9 2 12 15
9 2 12 16
9 2 12 17
9 3 12 15
9 3 12 16
9 3 12 17
9 4 12 15
9 4 12 16
9 4 12 17
9 5 12 15
9 5 12 16
9 5 12 17
9 6 12 15
9 6 12 16
9 6 12 17
9 7 12 15
9 7 12 16
9 7 12 17
9 8 12 15
9 8 12 16
9 8 12 17
9 9 12 15
9 9 12 16
9 9 12 17
9 10 12 15
9 10 12 16
9 10 12 17
9 11 12 15
9 11 12 16
9 11 12 17
9 12 12 15
9 12 12 16
9 12 12 17
9 13 12 15
9 13 12 16
9 13 12 17
9 1 13 15
9 1 13 16
9 1 13 17
9 2 13 15
9 2 13 16
9 2 13 17
9 3 13 15
9 3 13 16
9 3 13 17
9 4 13 15
9 4 13 16
9 4 13 17
9 5 13 15
9 5 13 16
9 5 13 17
9 6 13 15
9 6 13 16
9 6 13 17
9 7 13 15
9 7 13 16
9 7 13 17
9 8 13 15
9 8 13 16
9 8 13 17
9 9 13 15
9 9 13 16
9 9 13 17
9 10 13 15
9 10 13 16
9 10 13 17
9 11 13 15
9 11 13 16
9 11 13 17
9 12 13 15
9 12 13 16
9 12 13 17
9 13 13 15
9 13 13 16
9 13 13 17
9 1 14 15
9 1 14 16
9 1 14 17
9 2 14 15
9 2 14 16
9 2 14 17
9 3 14 15
9 3 14 16
9 3 14 17
9 4 14 15
9 4 14 16
9 4 14 17
9 5 14 15
9 5 14 16
9 5 14 17
9 6 14 15
9 6 14 16
9 6 14 17
9 7 14 15
9 7 14 16
9 7 14 17
9 8 14 15
9 8 14 16
9 8 14 17
9 9 14 15
9 9 14 16
9 9 14 17
9 10 14 15
9 10 14 16
9 10 14 17
9 11 14 15
9 11 14 16
9 11 14 17
9 12 14 15
9 12 14 16
9 12 14 17
9 13 14 15
9 13 14 16
9 13 14 17
9 1 15 15
9 1 15 16
9 1 15 17
9 2 15 15
9 2 15 16
9 2 15 17
9 3 15 15
9 3 15 16
9 3 15 17
9 4 15 15
9 4 15 16
9 4 15 17
9 5 15 15
9 5 15 16
9 5 15 17
9 6 15 15
9 6 15 16
9 6 15 17
9 7 15 15
9 7 15 16
9 7 15 17
9 8 15 15
9 8 15 16
9 8 15 17
9 9 15 15
9 9 15 16
9 9 15 17
9 10 15 15
9 10 15 16
9 10 15 17
9 11 15 15
9 11 15 16
9 11 15 17
9 12 15 15
9 12 15 16
9 12 15 17
9 13 15 15
9 13 15 16
9 13 15 17
9 1 16 15
9 1 16 16
9 1 16 17
9 2 16 15
9 2 16 16
9 2 16 17
9 3 16 15
9 3 16 16
9 3 16 17
9 4 16 15
9 4 16 16
9 4 16 17
9 5 16 15
9 5 16 16
9 5 16 17
9 6 16 15
9 6 16 16
9 6 16 17
9 7 16 15
9 7 16 16
9 7 16 17
9 8 16 15
9 8 16 16
9 8 16 17
9 9 16 15
9 9 16 16
9 9 16 17
9 10 16 15
9 10 16 16
9 10 16 17
9 11 16 15
9 11 16 16
9 11 16 17
9 12 16 15
9 12 16 16
9 12 16 17
9 13 16 15
9 13 16 16
9 13 16 17
9 1 17 15
9 1 17 16
9 1 17 17
9 2 17 15
9 2 17 16
9 2 17 17
9 3 17 15
9 3 17 16
9 3 17 17
9 4 17 15
9 4 17 16
9 4 17 17
9 5 17 15
9 5 17 16
9 5 17 17
9 6 17 15
9 6 17 16
9 6 17 17
9 7 17 15
9 7 17 16
9 7 17 17
9 8 17 15
9 8 17 16
9 8 17 17
9 9 17 15
9 9 17 16
9 9 17 17
9 10 17 15
9 10 17 16
9 10 17 17
9 11 17 15
9 11 17 16
9 11 17 17
9 12 17 15
9 12 17 16
9 12 17 17
9 13 17 15
9 13 17 16
9 13 17 17
9 1 18 15
9 1 18 16
9 1 18 17
9 2 18 15
9 2 18 16
9 2 18 17
9 3 18 15
9 3 18 16
9 3 18 17
9 4 18 15
9 4 18 16
9 4 18 17
9 5 18 15
9 5 18 16
9 5 18 17
9 6 18 15
9 6 18 16
9 6 18 17
9 7 18 15
9 7 18 16
9 7 18 17
9 8 18 15
9 8 18 16
9 8 18 17
9 9 18 15
9 9 18 16
9 9 18 17
9 10 18 15
9 10 18 16
9 10 18 17
9 11 18 15
9 11 18 16
9 11 18 17
9 12 18 15
9 12 18 16
9 12 18 17
9 13 18 15
9 13 18 16
9 13 18 17
9 1 19 15
9 1 19 16
9 1 19 17
9 2 19 15
9 2 19 16
9 2 19 17
9 3 19 15
9 3 19 16
9 3 19 17
9 4 19 15
9 4 19 16
9 4 19 17
9 5 19 15
9 5 19 16
9 5 19 17
9 6 19 15
9 6 19 16
9 6 19 17
9 7 19 15
9 7 19 16
9 7 19 17
9 8 19 15
9 8 19 16
9 8 19 17
9 9 19 15
9 9 19 16
9 9 19 17
9 10 19 15
9 10 19 16
9 10 19 17
9 11 19 15
9 11 19 16
9 11 19 17
9 12 19 15
9 12 19 16
9 12 19 17
9 13 19 15
9 13 19 16
9 13 19 17
9 1 20 15
9 1 20 16
9 1 20 17
9 2 20 15
9 2 20 16
9 2 20 17
9 3 20 15
9 3 20 16
9 3 20 17
9 4 20 15
9 4 20 16
9 4 20 17
9 5 20 15
9 5 20 16
9 5 20 17
9 6 20 15
9 6 20 16
9 6 20 17
9 7 20 15
9 7 20 16
9 7 20 17
9 8 20 15
9 8 20 16
9 8 20 17
9 9 20 15
9 9 20 16
9 9 20 17
9 10 20 15
9 10 20 16
9 10 20 17
9 11 20 15
9 11 20 16
9 11 20 17
9 12 20 15
9 12 20 16
9 12 20 17
9 13 20 15
9 13 20 16
9 13 20 17
9 2 21 15
9 2 21 16
9 2 21 17
9 3 21 15
9 3 21 16
9 3 21 17
9 4 21 15
9 4 21 16
9 4 21 17
9 5 21 15
9 5 21 16
9 5 21 17
9 6 21 15
9 6 21 16
9 6 21 17
9 7 21 15
9 7 21 16
9 7 21 17
9 8 21 15
9 8 21 16
9 8 21 17
9 9 21 15
9 9 21 16
9 9 21 17
9 10 21 15
9 10 21 16
9 10 21 17
9 11 21 15
9 11 21 16
9 11 21 17
9 12 21 15
9 12 21 16
9 12 21 17
9 13 21 15
9 13 21 16
9 13 21 17
9 2 22 15
9 2 22 16
9 2 22 17
9 3 22 15
9 3 22 16
9 3 22 17
9 4 22 15
9 4 22 16
9 4 22 17
9 5 22 15
9 5 22 16
9 5 22 17
9 6 22 15
9 6 22 16
9 6 22 17
9 7 22 15
9 7 22 16
9 7 22 17
9 8 22 15
9 8 22 16
9 8 22 17
9 9 22 15
9 9 22 16
9 9 22 17
9 10 22 15
9 10 22 16
9 10 22 17
9 11 22 15
9 11 22 16
9 11 22 17
9 12 22 15
9 12 22 16
9 12 22 17
9 13 22 15
9 13 22 16
9 13 22 17
10 1 12 15
10 1 12 16
10 1 12 17
10 2 12 15
10 2 12 16
10 2 12 17
10 3 12 15
10 3 12 16
10 3 12 17
10 4 12 15
10 4 12 16
10 4 12 17
10 5 12 15
10 5 12 16
10 5 12 17
10 6 12 15
10 6 12 16
10 6 12 17
10 7 12 15
10 7 12 16
10 7 12 17
10 8 12 15
10 8 12 16
10 8 12 17
10 9 12 15
10 9 12 16
10 9 12 17
10 10 12 15
10 10 12 16
10 10 12 17
10 11 12 15
10 11 12 16
10 11 12 17
10 12 12 15
10 12 12 16
10 12 12 17
10 13 12 15
10 13 12 16
10 13 12 17
10 1 13 15
10 1 13 16
10 1 13 17
10 2 13 15
10 2 13 16
10 2 13 17
10 3 13 15
10 3 13 16
10 3 13 17
10 4 13 15
10 4 13 16
10 4 13 17
10 5 13 15
10 5 13 16
10 5 13 17
10 6 13 15
10 6 13 16
10 6 13 17
10 7 13 15
10 7 13 16
10 7 13 17
10 8 13 15
10 8 13 16
10 8 13 17
10 9 13 15
10 9 13 16
10 9 13 17
10 10 13 15
10 10 13 16
10 10 13 17
10 11 13 15
10 11 13 16
10 11 13 17
10 12 13 15
10 12 13 16
10 12 13 17
10 13 13 15
10 13 13 16
10 13 13 17
10 1 14 15
10 1 14 16
10 1 14 17
10 2 14 15
10 2 14 16
10 2 14 17
10 3 14 15
10 3 14 16
10 3 14 17
10 4 14 15
10 4 14 16
10 4 14 17
10 5 14 15
10 5 14 16
10 5 14 17
10 6 14 15
10 6 14 16
10 6 14 17
10 7 14 15
10 7 14 16
10 7 14 17
10 8 14 15
10 8 14 16
10 8 14 17
10 9 14 15
10 9 14 16
10 9 14 17
10 10 14 15
10 10 14 16
10 10 14 17
10 11 14 15
10 11 14 16
10 11 14 17
10 12 14 15
10 12 14 16
10 12 14 17
10 13 14 15
10 13 14 16
10 13 14 17
10 1 15 15
10 1 15 16
10 1 15 17
10 2 15 15
10 2 15 16
10 2 15 17
10 3 15 15
10 3 15 16
10 3 15 17
10 4 15 15
10 4 15 16
10 4 15 17
10 5 15 15
10 5 15 16
10 5 15 17
10 6 15 15
10 6 15 16
10 6 15 17
10 7 15 15
10 7 15 16
10 7 15 17
10 8 15 15
10 8 15 16
10 8 15 17
10 9 15 15
10 9 15 16
10 9 15 17
10 10 15 15
10 10 15 16
10 10 15 17
10 11 15 15
10 11 15 16
10 11 15 17
10 12 15 15
10 12 15 16
10 12 15 17
10 13 15 15
10 13 15 16
10 13 15 17
10 1 16 15
10 1 16 16
10 1 16 17
10 2 16 15
10 2 16 16
10 2 16 17
10 3 16 15
10 3 16 16
10 3 16 17
10 4 16 15
10 4 16 16
10 4 16 17
10 5 16 15
10 5 16 16
10 5 16 17
10 6 16 15
10 6 16 16
10 6 16 17
10 7 16 15
10 7 16 16
10 7 16 17
10 8 16 15
10 8 16 16
10 8 16 17
10 9 16 15
10 9 16 16
10 9 16 17
10 10 16 15
10 10 16 16
10 10 16 17
10 11 16 15
10 11 16 16
10 11 16 17
10 12 16 15
10 12 16 16
10 12 16 17
10 13 16 15
10 13 16 16
10 13 16 17
10 1 17 15
10 1 17 16
10 1 17 17
10 2 17 15
10 2 17 16
10 2 17 17
10 3 17 15
10 3 17 16
10 3 17 17
10 4 17 15
10 4 17 16
10 4 17 17
10 5 17 15
10 5 17 16
10 5 17 17
10 6 17 15
10 6 17 16
10 6 17 17
10 7 17 15
10 7 17 16
10 7 17 17
10 8 17 15
10 8 17 16
10 8 17 17
10 9 17 15
10 9 17 16
10 9 17 17
10 10 17 15
10 10 17 16
10 10 17 17
10 11 17 15
10 11 17 16
10 11 17 17
10 12 17 15
10 12 17 16
10 12 17 17
10 13 17 15
10 13 17 16
10 13 17 17
10 1 18 15
10 1 18 16
10 1 18 17
10 2 18 15
10 2 18 16
10 2 18 17
10 3 18 15
10 3 18 16
10 3 18 17
10 4 18 15
10 4 18 16
10 4 18 17
10 5 18 15
10 5 18 16
10 5 18 17
10 6 18 15
10 6 18 16
10 6 18 17
10 7 18 15
10 7 18 16
10 7 18 17
10 8 18 15
10 8 18 16
10 8 18 17
10 9 18 15
10 9 18 16
10 9 18 17
10 10 18 15
10 10 18 16
10 10 18 17
10 11 18 15
10 11 18 16
10 11 18 17
10 12 18 15
10 12 18 16
10 12 18 17
10 13 18 15
10 13 18 16
10 13 18 17
10 1 19 15
10 1 19 16
10 1 19 17
10 2 19 15
10 2 19 16
10 2 19 17
10 3 19 15
10 3 19 16
10 3 19 17
10 4 19 15
10 4 19 16
10 4 19 17
10 5 19 15
10 5 19 16
10 5 19 17
10 6 19 15
10 6 19 16
10 6 19 17
10 7 19 15
10 7 19 16
10 7 19 17
10 8 19 15
10 8 19 16
10 8 19 17
10 9 19 15
10 9 19 16
10 9 19 17
10 10 19 15
10 10 19 16
10 10 19 17
10 11 19 15
10 11 19 16
10 11 19 17
10 12 19 15
10 12 19 16
10 12 19 17
10 13 19 15
10 13 19 16
10 13 19 17
10 1 20 15
10 1 20 16
10 1 20 17
10 2 20 15
10 2 20 16
10 2 20 17
10 3 20 15
10 3 20 16
10 3 20 17
10 4 20 15
10 4 20 16
10 4 20 17
10 5 20 15
10 5 20 16
10 5 20 17
10 6 20 15
10 6 20 16
10 6 20 17
10 7 20 15
10 7 20 16
10 7 20 17
10 8 20 15
10 8 20 16
10 8 20 17
10 9 20 15
10 9 20 16
10 9 20 17
10 10 20 15
10 10 20 16
10 10 20 17
10 11 20 15
10 11 20 16
10 11 20 17
10 12 20 15
10 12 20 16
10 12 20 17
10 13 20 15
10 13 20 16
10 13 20 17
10 2 21 15
10 2 21 16
10 2 21 17
10 3 21 15
10 3 21 16
10 3 21 17
10 4 21 15
10 4 21 16
10 4 21 17
10 5 21 15
10 5 21 16
10 5 21 17
10 6 21 15
10 6 21 16
10 6 21 17
10 7 21 15
10 7 21 16
10 7 21 17
10 8 21 15
10 8 21 16
10 8 21 17
10 9 21 15
10 9 21 16
10 9 21 17
10 10 21 15
10 10 21 16
10 10 21 17
10 11 21 15
10 11 21 16
10 11 21 17
10 12 21 15
10 12 21 16
10 12 21 17
10 13 21 15
10 13 21 16
10 13 21 17
10 2 22 15
10 2 22 16
10 2 22 17
10 3 22 15
10 3 22 16
10 3 22 17
10 4 22 15
10 4 22 16
10 4 22 17
10 5 22 15
10 5 22 16
10 5 22 17
10 6 22 15
10 6 22 16
10 6 22 17
10 7 22 15
10 7 22 16
10 7 22 17
10 8 22 15
10 8 22 16
10 8 22 17
10 9 22 15
10 9 22 16
10 9 22 17
10 10 22 15
10 10 22 16
10 10 22 17
10 11 22 15
10 11 22 16
10 11 22 17
10 12 22 15
10 12 22 16
10 12 22 17
10 13 22 15
10 13 22 16
10 13 22 17
