12 21
111000001111111111000
101000001010001001000
101000111111111101000
101000101010001101000
101000111111101101000
101000111111101101000
101000101111111101000
101001111111111101000
101001111010000101000
101001000010000101000
111001000010000101000
000001111111111111000
51
1 9 3 11
1 9 3 15
1 11 3 15
1 9 5 11
1 9 6 11
1 9 7 11
1 9 7 15
1 11 7 15
1 9 8 11
1 9 8 15
1 11 8 15
1 1 11 3
1 11 12 18
3 7 5 9
3 7 5 11
3 9 5 11
3 7 6 9
3 7 6 11
3 9 6 11
3 9 7 11
3 9 7 15
3 9 7 16
3 11 7 15
3 11 7 16
3 7 8 9
3 7 8 11
3 7 8 15
3 7 8 16
3 9 8 11
3 9 8 15
3 9 8 16
3 11 8 15
3 11 8 16
3 7 9 9
3 11 12 16
5 7 8 9
5 7 8 10
5 7 8 11
5 7 8 12
5 7 8 13
5 7 9 9
6 7 8 9
6 7 8 10
6 7 8 11
6 7 8 12
6 7 8 13
6 7 9 9
7 11 12 16
8 6 12 11
8 6 12 16
8 11 12 16
