25 21
000000001111111000000
000000001000001000000
011111111110001000000
111111001010001000000
110001001010001000000
110001001010001000000
111111001010111000000
010000011111111111000
010111111010101001000
010100011111111111000
010100001010101000000
010100001010101000000
011111111110101000000
000000001000101000000
001111001111111111110
001001001100111000010
001001001100001000010
001001001111111000010
001001000100000000010
001001000111111111110
001001000000000000000
001001000000000000000
001001000000000000000
001111000000000000000
000000000000000000000
46
1 9 8 15
1 9 10 15
1 9 15 15
1 9 18 15
3 2 7 6
3 9 8 11
3 9 10 11
3 2 13 9
3 2 13 11
3 9 13 11
4 1 7 6
4 2 7 6
7 13 10 15
7 13 15 15
7 13 16 15
8 8 10 11
8 8 10 13
8 8 10 15
8 8 10 18
8 9 10 11
8 9 10 13
8 9 10 15
8 9 10 18
8 11 10 13
8 11 10 15
8 11 10 18
8 13 10 15
8 13 10 18
8 15 10 18
8 9 13 11
8 9 15 13
8 9 15 15
8 13 15 15
8 13 16 15
8 9 18 15
9 4 13 9
10 9 13 11
10 9 15 13
10 9 15 15
10 13 15 15
10 13 16 15
10 9 18 15
15 9 18 15
15 10 18 15
15 10 20 20
15 3 24 6
