21 11
00000000000
00000111000
00000101000
00000111110
00000111010
00000111110
00000101100
11111111100
10111111110
10100111110
10100111110
11111111110
00100101110
00100101110
00111111110
00000111100
00000100100
00000111100
00000000000
00000000000
00000000000
98
2 6 4 8
2 6 5 8
2 6 6 8
2 6 8 8
2 6 9 8
2 6 10 8
2 6 11 8
2 6 12 8
2 6 15 8
2 6 16 8
4 6 6 10
4 7 6 10
4 8 6 10
4 6 8 8
4 6 9 8
4 6 10 8
4 6 11 8
4 6 12 8
4 6 15 8
4 6 16 8
5 6 8 8
5 6 9 8
5 6 10 8
5 6 11 8
5 6 12 8
5 6 15 8
5 6 16 8
6 6 8 8
6 6 8 9
6 6 9 8
6 6 9 9
6 6 10 8
6 6 10 9
6 6 11 8
6 6 11 9
6 6 12 8
6 6 12 9
6 6 15 8
6 6 15 9
6 6 16 8
6 6 16 9
6 6 18 9
8 1 12 3
8 1 12 6
8 1 12 7
8 1 12 8
8 1 12 9
8 3 12 6
8 3 12 7
8 3 12 8
8 3 12 9
8 3 15 6
8 3 15 8
8 3 15 9
8 6 15 8
8 6 15 9
8 6 16 8
8 6 16 9
8 6 18 9
9 3 12 6
9 3 12 7
9 3 12 8
9 3 12 9
9 3 12 10
9 3 15 6
9 3 15 8
9 3 15 9
9 3 15 10
9 6 15 8
9 6 15 9
9 6 15 10
9 6 16 8
9 6 16 9
9 6 18 9
10 6 15 8
10 6 15 9
10 6 15 10
10 6 16 8
10 6 16 9
10 6 18 9
11 6 15 8
11 6 15 9
11 6 15 10
11 6 16 8
11 6 16 9
11 6 18 9
12 3 15 6
12 3 15 8
12 3 15 9
12 3 15 10
12 6 15 8
12 6 15 9
12 6 15 10
12 6 16 8
12 6 16 9
12 6 18 9
15 6 18 9
16 6 18 9
