18 16
0000111111111111
0000111111110001
0000111100010001
0000111111111111
0000111101111111
0000111111111111
0000111111110001
0000111100000001
0000101100011101
0000101100010101
0000101100111111
0000101100110111
0000111100110111
0000111111111111
0000000000111110
0000000000000000
0000000000000000
0000000000000000
129
1 5 4 12
1 5 4 16
1 6 4 12
1 6 4 16
1 7 4 12
1 7 4 16
1 8 4 12
1 8 4 16
1 12 4 16
1 12 5 16
1 5 6 12
1 5 6 16
1 6 6 12
1 6 6 16
1 7 6 12
1 7 6 16
1 8 6 12
1 8 6 16
1 12 6 16
1 5 7 12
1 6 7 12
1 7 7 12
1 8 7 12
1 5 13 7
1 5 13 8
1 5 14 7
1 5 14 8
1 5 14 16
1 7 14 16
1 8 14 16
2 5 4 12
2 6 4 12
2 7 4 12
2 8 4 12
2 5 6 12
2 6 6 12
2 7 6 12
2 8 6 12
2 5 7 12
2 6 7 12
2 7 7 12
2 8 7 12
2 5 13 7
2 5 13 8
2 5 14 7
2 5 14 8
3 5 13 7
3 5 13 8
3 5 14 7
3 5 14 8
4 5 6 10
4 5 6 11
4 5 6 12
4 5 6 13
4 5 6 14
4 5 6 15
4 5 6 16
4 6 6 10
4 6 6 11
4 6 6 12
4 6 6 13
4 6 6 14
4 6 6 15
4 6 6 16
4 7 6 10
4 7 6 11
4 7 6 12
4 7 6 13
4 7 6 14
4 7 6 15
4 7 6 16
4 8 6 10
4 8 6 11
4 8 6 12
4 8 6 13
4 8 6 14
4 8 6 15
4 8 6 16
4 5 7 10
4 5 7 11
4 5 7 12
4 6 7 10
4 6 7 11
4 6 7 12
4 7 7 10
4 7 7 11
4 7 7 12
4 8 7 10
4 8 7 11
4 8 7 12
4 5 13 7
4 5 13 8
4 5 14 7
4 5 14 8
4 5 14 16
4 7 14 16
4 8 14 16
5 5 13 7
5 5 13 8
5 5 14 7
5 5 14 8
6 5 13 7
6 5 13 8
6 5 14 7
6 5 14 8
6 5 14 16
6 7 14 16
6 8 14 16
7 5 13 7
7 5 13 8
7 5 14 7
7 5 14 8
8 5 13 7
8 5 13 8
8 5 14 7
8 5 14 8
9 12 11 14
9 12 14 14
9 12 15 14
11 11 14 14
11 11 14 15
11 11 14 16
11 12 14 14
11 12 14 15
11 12 14 16
11 11 15 14
11 11 15 15
11 12 15 14
11 12 15 15
