13 21
111111111000011111000
100000001000111111110
100011111111111111110
100010001000110011010
100010001000110011010
100011111111111111110
111111111111110011010
110000001000110011010
110000001111110011010
110000001000111111110
110000111111110010010
110000101001111111110
111111111111111110000
129
1 14 6 17
1 14 6 18
1 1 7 9
1 14 10 17
1 14 10 18
1 14 12 17
1 1 13 9
1 14 13 17
2 13 6 17
2 13 6 18
2 13 6 20
2 14 6 17
2 14 6 18
2 14 6 20
2 17 6 20
2 18 6 20
2 13 10 17
2 13 10 18
2 13 10 20
2 14 10 17
2 14 10 18
2 14 10 20
2 17 10 20
2 18 10 20
2 13 12 17
2 13 12 20
2 14 12 17
2 14 12 20
2 17 12 20
2 13 13 17
2 14 13 17
3 5 6 9
3 5 6 13
3 5 6 14
3 5 6 17
3 5 6 18
3 5 6 20
3 9 6 13
3 9 6 14
3 9 6 17
3 9 6 18
3 9 6 20
3 13 6 17
3 13 6 18
3 13 6 20
3 14 6 17
3 14 6 18
3 14 6 20
3 17 6 20
3 18 6 20
3 5 7 9
3 5 7 13
3 5 7 14
3 9 7 13
3 9 7 14
3 9 9 13
3 9 9 14
3 13 10 17
3 13 10 18
3 13 10 20
3 14 10 17
3 14 10 18
3 14 10 20
3 17 10 20
3 18 10 20
3 9 11 13
3 9 11 14
3 13 12 17
3 13 12 20
3 14 12 17
3 14 12 20
3 17 12 20
3 9 13 13
3 9 13 14
3 9 13 17
3 13 13 17
3 14 13 17
6 9 9 13
6 9 9 14
6 13 10 17
6 13 10 18
6 13 10 20
6 14 10 17
6 14 10 18
6 14 10 20
6 17 10 20
6 18 10 20
6 9 11 13
6 9 11 14
6 13 12 17
6 13 12 20
6 14 12 17
6 14 12 20
6 17 12 20
6 9 13 13
6 9 13 14
6 9 13 17
6 13 13 17
6 14 13 17
7 9 9 13
7 9 9 14
7 9 11 13
7 9 11 14
7 1 13 9
7 1 13 13
7 1 13 14
7 2 13 9
7 2 13 13
7 2 13 14
7 9 13 13
7 9 13 14
9 9 11 13
9 9 11 14
9 9 13 13
9 9 13 14
10 13 12 17
10 13 12 20
10 14 12 17
10 14 12 20
10 17 12 20
10 13 13 17
10 14 13 17
11 7 13 9
11 7 13 12
11 7 13 13
11 7 13 14
11 9 13 12
11 9 13 13
11 9 13 14
