15 19
0000000111111111000
0001111111111001000
0001000100001001000
0111111111101001000
0101100100101001000
0101100111111111110
0101100100101001010
0111111111101001010
0111101101101001010
0111111111111111110
1111111111101000000
1001100001101000000
1001111111101000000
1111111111111000000
0000000000000000000
133
1 8 6 13
1 8 6 16
1 13 6 16
1 8 10 13
1 8 10 16
1 13 10 16
2 4 4 8
2 8 6 13
2 4 8 8
2 4 10 8
2 4 10 13
2 8 10 13
2 4 11 8
2 4 14 13
4 8 6 11
4 2 8 4
4 2 8 5
4 2 8 8
4 2 8 11
4 4 8 8
4 4 8 11
4 5 8 8
4 5 8 11
4 8 8 11
4 2 9 4
4 2 9 5
4 2 10 4
4 2 10 5
4 2 10 8
4 2 10 11
4 4 10 8
4 4 10 11
4 5 10 8
4 5 10 11
4 8 10 11
4 2 11 4
4 2 11 5
4 2 11 8
4 2 11 11
4 4 11 8
4 4 11 11
4 5 11 8
4 5 11 11
4 8 11 11
4 4 13 11
4 5 13 11
4 4 14 11
4 5 14 11
6 8 8 11
6 8 10 11
6 8 10 13
6 8 10 16
6 8 10 18
6 11 10 13
6 11 10 16
6 11 10 18
6 13 10 16
6 13 10 18
6 16 10 18
6 8 11 11
6 11 14 13
8 2 10 7
8 2 10 8
8 2 10 10
8 2 10 11
8 3 10 7
8 3 10 8
8 3 10 10
8 3 10 11
8 4 10 7
8 4 10 8
8 4 10 10
8 4 10 11
8 5 10 7
8 5 10 8
8 5 10 10
8 5 10 11
8 7 10 10
8 7 10 11
8 8 10 10
8 8 10 11
8 2 11 7
8 2 11 8
8 2 11 10
8 2 11 11
8 3 11 7
8 3 11 8
8 3 11 10
8 3 11 11
8 4 11 7
8 4 11 8
8 4 11 10
8 4 11 11
8 5 11 7
8 5 11 8
8 5 11 10
8 5 11 11
8 7 11 10
8 7 11 11
8 8 11 10
8 8 11 11
8 4 13 10
8 4 13 11
8 5 13 10
8 5 13 11
8 4 14 10
8 4 14 11
8 5 14 10
8 5 14 11
10 4 13 10
10 4 13 11
10 5 13 10
10 5 13 11
10 4 14 10
10 4 14 11
10 4 14 13
10 5 14 10
10 5 14 11
10 5 14 13
10 10 14 13
10 11 14 13
11 4 13 10
11 4 13 11
11 5 13 10
11 5 13 11
11 1 14 4
11 1 14 5
11 1 14 10
11 1 14 11
11 4 14 10
11 4 14 11
11 5 14 10
11 5 14 11
