23 10
0001111110
1111111110
1001011010
1111111010
1101111010
1111111110
0111111111
0111111011
0101111011
1111111111
1001111010
1001111010
1111111110
1011111110
1011111110
1011111110
1011111110
1011111110
1011111110
1010111110
1111111110
1010110000
1111110000
362
1 4 4 6
1 4 4 7
1 4 5 6
1 4 5 7
1 4 6 6
1 4 6 7
1 4 6 9
1 6 6 9
1 7 6 9
1 4 7 6
1 4 7 7
1 4 7 9
1 6 7 9
1 7 7 9
1 4 8 6
1 4 8 7
1 4 9 6
1 4 9 7
1 4 10 6
1 4 10 7
1 4 10 9
1 6 10 9
1 7 10 9
1 4 11 6
1 4 11 7
1 4 12 6
1 4 12 7
1 4 13 6
1 4 13 7
1 4 13 9
1 6 13 9
1 7 13 9
1 4 14 6
1 4 14 7
1 4 14 9
1 6 14 9
1 7 14 9
1 4 15 6
1 4 15 7
1 4 15 9
1 6 15 9
1 7 15 9
1 4 16 6
1 4 16 7
1 4 16 9
1 6 16 9
1 7 16 9
1 4 17 6
1 4 17 7
1 4 17 9
1 6 17 9
1 7 17 9
1 4 18 6
1 4 18 7
1 4 18 9
1 6 18 9
1 7 18 9
1 4 19 6
1 4 19 7
1 4 19 9
1 6 19 9
1 7 19 9
1 6 20 9
1 7 20 9
1 6 21 9
1 7 21 9
2 1 4 4
2 1 4 6
2 1 4 7
2 4 4 6
2 4 4 7
2 4 5 6
2 4 5 7
2 1 6 4
2 1 6 6
2 1 6 7
2 1 6 9
2 4 6 6
2 4 6 7
2 4 6 9
2 6 6 9
2 7 6 9
2 4 7 6
2 4 7 7
2 4 7 9
2 6 7 9
2 7 7 9
2 4 8 6
2 4 8 7
2 4 9 6
2 4 9 7
2 4 10 6
2 4 10 7
2 4 10 9
2 6 10 9
2 7 10 9
2 4 11 6
2 4 11 7
2 4 12 6
2 4 12 7
2 4 13 6
2 4 13 7
2 4 13 9
2 6 13 9
2 7 13 9
2 4 14 6
2 4 14 7
2 4 14 9
2 6 14 9
2 7 14 9
2 4 15 6
2 4 15 7
2 4 15 9
2 6 15 9
2 7 15 9
2 4 16 6
2 4 16 7
2 4 16 9
2 6 16 9
2 7 16 9
2 4 17 6
2 4 17 7
2 4 17 9
2 6 17 9
2 7 17 9
2 4 18 6
2 4 18 7
2 4 18 9
2 6 18 9
2 7 18 9
2 4 19 6
2 4 19 7
2 4 19 9
2 6 19 9
2 7 19 9
2 6 20 9
2 7 20 9
2 6 21 9
2 7 21 9
4 1 6 4
4 1 6 5
4 1 6 6
4 1 6 7
4 2 6 4
4 2 6 5
4 2 6 6
4 2 6 7
4 2 7 4
4 2 7 5
4 2 7 6
4 2 7 7
4 2 8 4
4 2 8 5
4 2 8 6
4 2 8 7
4 2 10 4
4 2 10 5
4 2 10 6
4 2 10 7
6 2 10 4
6 2 10 5
6 2 10 6
6 2 10 7
6 2 10 9
6 4 10 9
6 5 10 9
6 6 10 9
6 7 10 9
6 4 13 9
6 5 13 9
6 6 13 9
6 7 13 9
6 4 14 9
6 5 14 9
6 6 14 9
6 7 14 9
6 4 15 9
6 5 15 9
6 6 15 9
6 7 15 9
6 4 16 9
6 5 16 9
6 6 16 9
6 7 16 9
6 4 17 9
6 5 17 9
6 6 17 9
6 7 17 9
6 4 18 9
6 5 18 9
6 6 18 9
6 7 18 9
6 4 19 9
6 5 19 9
6 6 19 9
6 7 19 9
6 5 20 9
6 6 20 9
6 7 20 9
6 5 21 9
6 6 21 9
6 7 21 9
7 2 10 4
7 2 10 5
7 2 10 6
7 2 10 7
7 2 10 9
7 2 10 10
7 4 10 9
7 4 10 10
7 5 10 9
7 5 10 10
7 6 10 9
7 6 10 10
7 7 10 9
7 7 10 10
7 4 13 9
7 5 13 9
7 6 13 9
7 7 13 9
7 4 14 9
7 5 14 9
7 6 14 9
7 7 14 9
7 4 15 9
7 5 15 9
7 6 15 9
7 7 15 9
7 4 16 9
7 5 16 9
7 6 16 9
7 7 16 9
7 4 17 9
7 5 17 9
7 6 17 9
7 7 17 9
7 4 18 9
7 5 18 9
7 6 18 9
7 7 18 9
7 4 19 9
7 5 19 9
7 6 19 9
7 7 19 9
7 5 20 9
7 6 20 9
7 7 20 9
7 5 21 9
7 6 21 9
7 7 21 9
8 2 10 4
8 2 10 5
8 2 10 6
8 2 10 7
10 1 13 4
10 1 13 5
10 1 13 6
10 1 13 7
10 1 13 9
10 4 13 9
10 5 13 9
10 6 13 9
10 7 13 9
10 4 14 9
10 5 14 9
10 6 14 9
10 7 14 9
10 4 15 9
10 5 15 9
10 6 15 9
10 7 15 9
10 4 16 9
10 5 16 9
10 6 16 9
10 7 16 9
10 4 17 9
10 5 17 9
10 6 17 9
10 7 17 9
10 4 18 9
10 5 18 9
10 6 18 9
10 7 18 9
10 4 19 9
10 5 19 9
10 6 19 9
10 7 19 9
10 5 20 9
10 6 20 9
10 7 20 9
10 1 21 5
10 1 21 6
10 1 21 7
10 1 21 9
10 5 21 9
10 6 21 9
10 7 21 9
10 1 23 5
10 1 23 6
13 1 21 3
13 1 21 5
13 1 21 6
13 1 21 7
13 1 21 8
13 1 21 9
13 3 21 5
13 3 21 6
13 3 21 7
13 3 21 8
13 3 21 9
13 1 23 3
13 1 23 5
13 1 23 6
13 3 23 5
13 3 23 6
14 3 21 5
14 3 21 6
14 3 21 7
14 3 21 8
14 3 21 9
14 3 23 5
14 3 23 6
15 3 21 5
15 3 21 6
15 3 21 7
15 3 21 8
15 3 21 9
15 3 23 5
15 3 23 6
16 3 21 5
16 3 21 6
16 3 21 7
16 3 21 8
16 3 21 9
16 3 23 5
16 3 23 6
17 3 21 5
17 3 21 6
17 3 21 7
17 3 21 8
17 3 21 9
17 3 23 5
17 3 23 6
18 3 21 5
18 3 21 6
18 3 21 7
18 3 21 8
18 3 21 9
18 3 23 5
18 3 23 6
19 3 21 5
19 3 21 6
19 3 21 7
19 3 21 8
19 3 21 9
19 3 23 5
19 3 23 6
21 1 23 3
21 1 23 5
21 1 23 6
21 3 23 5
21 3 23 6
