15 12
000000000000
011111111111
010111110001
010111111111
010100010111
011111111111
010100010111
011111111111
001111111111
001111111111
001110010011
001110010011
001110010011
001111111111
001111111111
175
2 4 4 12
2 5 4 12
2 6 4 12
2 7 4 12
2 8 4 12
2 2 6 4
2 2 6 8
2 2 6 12
2 4 6 8
2 4 6 12
2 8 6 12
2 2 8 4
2 2 8 8
2 2 8 12
2 4 8 8
2 4 8 12
2 8 8 12
2 4 9 8
2 4 9 12
2 8 9 12
2 4 10 8
2 4 10 12
2 8 10 12
2 4 14 8
2 4 14 12
2 8 14 12
2 4 15 8
2 4 15 12
2 8 15 12
3 4 6 8
3 4 8 8
3 4 9 8
3 4 10 8
3 4 14 8
3 4 15 8
4 4 6 8
4 4 6 10
4 4 6 11
4 4 6 12
4 8 6 10
4 8 6 11
4 8 6 12
4 4 8 8
4 4 8 10
4 4 8 11
4 4 8 12
4 8 8 10
4 8 8 11
4 8 8 12
4 4 9 8
4 4 9 10
4 4 9 11
4 4 9 12
4 8 9 10
4 8 9 11
4 8 9 12
4 4 10 8
4 4 10 10
4 4 10 11
4 4 10 12
4 8 10 10
4 8 10 11
4 8 10 12
4 4 14 8
4 4 14 11
4 4 14 12
4 8 14 11
4 8 14 12
4 4 15 8
4 4 15 11
4 4 15 12
4 8 15 11
4 8 15 12
6 2 8 4
6 2 8 8
6 2 8 10
6 2 8 11
6 2 8 12
6 4 8 8
6 4 8 10
6 4 8 11
6 4 8 12
6 8 8 10
6 8 8 11
6 8 8 12
6 4 9 8
6 4 9 10
6 4 9 11
6 4 9 12
6 8 9 10
6 8 9 11
6 8 9 12
6 4 10 8
6 4 10 10
6 4 10 11
6 4 10 12
6 8 10 10
6 8 10 11
6 8 10 12
6 4 14 8
6 4 14 11
6 4 14 12
6 8 14 11
6 8 14 12
6 4 15 8
6 4 15 11
6 4 15 12
6 8 15 11
6 8 15 12
8 3 14 8
8 3 14 11
8 3 14 12
8 4 14 8
8 4 14 11
8 4 14 12
8 5 14 8
8 5 14 11
8 5 14 12
8 8 14 11
8 8 14 12
8 3 15 8
8 3 15 11
8 3 15 12
8 4 15 8
8 4 15 11
8 4 15 12
8 5 15 8
8 5 15 11
8 5 15 12
8 8 15 11
8 8 15 12
9 3 14 8
9 3 14 11
9 3 14 12
9 4 14 8
9 4 14 11
9 4 14 12
9 5 14 8
9 5 14 11
9 5 14 12
9 8 14 11
9 8 14 12
9 3 15 8
9 3 15 11
9 3 15 12
9 4 15 8
9 4 15 11
9 4 15 12
9 5 15 8
9 5 15 11
9 5 15 12
9 8 15 11
9 8 15 12
10 3 14 8
10 3 14 11
10 3 14 12
10 4 14 8
10 4 14 11
10 4 14 12
10 5 14 8
10 5 14 11
10 5 14 12
10 8 14 11
10 8 14 12
10 3 15 8
10 3 15 11
10 3 15 12
10 4 15 8
10 4 15 11
10 4 15 12
10 5 15 8
10 5 15 11
10 5 15 12
10 8 15 11
10 8 15 12
