21 20
00000111111111110000
00000100000000010000
00000100000000010000
00000100000000010000
00000100000000010000
00000100000000010000
00000100000000010000
00000100000000010000
11111111111111111111
11111110000000010001
11000110000000010001
11000111111111110001
11000010000000000001
11000010000000000001
11000010000000000001
11000010000000000001
11000010000000000001
11111111111111111111
01000010000000000000
01111110000000000000
00000000000000000000
14
1 6 9 16
1 6 12 16
9 6 12 16
9 7 12 16
9 1 18 7
9 1 18 20
9 2 18 7
9 2 18 20
9 7 18 20
9 2 20 7
10 1 18 7
10 2 18 7
10 2 20 7
18 2 20 7
