18 16
0000000000001111
0000000000001001
0111111111111101
0100001000001101
0111111111001101
0110001001001101
0110001001001101
0110001001001111
0110001001001111
0111111111111111
0010010001001011
0011110001001111
0010000001001010
0010000001001010
0010000001001110
0011111111000000
0000000000000000
0000000000000000
28
1 13 8 16
1 13 9 16
1 13 10 16
1 13 12 16
3 2 5 7
3 2 10 7
3 2 10 13
3 2 10 14
3 7 10 13
3 7 10 14
5 2 10 7
5 2 10 10
5 3 10 7
5 3 10 10
5 7 10 10
5 3 16 10
8 13 12 15
8 13 12 16
8 13 15 15
9 13 12 15
9 13 12 16
9 13 15 15
10 3 12 6
10 13 12 15
10 13 12 16
10 13 15 15
10 3 16 10
12 13 15 15
