20 18
000000000000000000
011111111100000000
011111111111111111
011010100110000001
011010100110000001
011010101111111001
011010101110001001
011010101110001001
011010101110001001
011010101111111001
111111111111110001
111110100110010001
111111111111111111
011111111110010000
010010100010010000
010010100010010000
010010100010010000
011111111111110000
010010100010000000
011110111110000000
169
2 2 11 5
2 2 11 7
2 2 11 10
2 3 11 5
2 3 11 7
2 3 11 10
2 5 11 7
2 5 11 10
2 7 11 10
2 2 12 5
2 3 12 5
2 2 13 5
2 2 13 7
2 2 13 10
2 3 13 5
2 3 13 7
2 3 13 10
2 5 13 7
2 5 13 10
2 7 13 10
2 2 14 5
2 2 14 7
2 2 14 10
2 3 14 5
2 3 14 7
2 3 14 10
2 5 14 7
2 5 14 10
2 7 14 10
2 2 18 5
2 2 18 7
2 5 18 7
2 2 20 5
3 2 11 5
3 2 11 7
3 2 11 10
3 2 11 11
3 3 11 5
3 3 11 7
3 3 11 10
3 3 11 11
3 5 11 7
3 5 11 10
3 5 11 11
3 7 11 10
3 7 11 11
3 2 12 5
3 3 12 5
3 2 13 5
3 2 13 7
3 2 13 10
3 2 13 11
3 2 13 18
3 3 13 5
3 3 13 7
3 3 13 10
3 3 13 11
3 3 13 18
3 5 13 7
3 5 13 10
3 5 13 11
3 5 13 18
3 7 13 10
3 7 13 11
3 7 13 18
3 10 13 18
3 11 13 18
3 2 14 5
3 2 14 7
3 2 14 10
3 2 14 11
3 3 14 5
3 3 14 7
3 3 14 10
3 3 14 11
3 5 14 7
3 5 14 10
3 5 14 11
3 7 14 10
3 7 14 11
3 2 18 5
3 2 18 7
3 2 18 11
3 5 18 7
3 5 18 11
3 7 18 11
3 2 20 5
3 7 20 11
6 9 10 15
6 10 10 15
6 11 10 15
10 10 13 14
10 11 13 14
10 11 18 14
11 1 13 7
11 1 13 10
11 1 13 11
11 1 13 14
11 2 13 7
11 2 13 10
11 2 13 11
11 2 13 14
11 3 13 7
11 3 13 10
11 3 13 11
11 3 13 14
11 4 13 7
11 4 13 10
11 4 13 11
11 4 13 14
11 5 13 7
11 5 13 10
11 5 13 11
11 5 13 14
11 7 13 10
11 7 13 11
11 7 13 14
11 10 13 14
11 11 13 14
11 2 14 7
11 2 14 10
11 2 14 11
11 3 14 7
11 3 14 10
11 3 14 11
11 4 14 7
11 4 14 10
11 4 14 11
11 5 14 7
11 5 14 10
11 5 14 11
11 7 14 10
11 7 14 11
11 2 18 5
11 2 18 7
11 2 18 11
11 2 18 14
11 5 18 7
11 5 18 11
11 5 18 14
11 7 18 11
11 7 18 14
11 11 18 14
11 2 20 5
11 7 20 11
12 2 18 5
12 2 20 5
13 2 18 5
13 2 18 7
13 2 18 11
13 2 18 14
13 5 18 7
13 5 18 11
13 5 18 14
13 7 18 11
13 7 18 14
13 11 18 14
13 2 20 5
13 7 20 11
14 2 18 5
14 2 18 7
14 2 18 11
14 5 18 7
14 5 18 11
14 7 18 11
14 2 20 5
14 7 20 11
18 2 20 5
18 7 20 11
