21 16
0000000000000000
0000000000000000
0000000000000000
0000011111111100
0000011000001100
0000011111111100
0000011000001100
1111111000111111
1000111000101101
1000111000101101
1000111000101101
1000111111111101
1111111000101101
0000011000101101
0000011000101101
0000011000101101
0011111110101101
0010011111111101
0010001011101001
0010001111111111
0011111111111000
67
4 6 6 13
4 6 6 14
4 7 6 13
4 7 6 14
4 6 12 13
4 6 12 14
4 7 12 13
4 7 12 14
4 6 18 13
4 6 18 14
4 7 18 13
4 7 18 14
4 7 20 13
4 7 21 13
6 6 12 13
6 6 12 14
6 7 12 13
6 7 12 14
6 6 18 13
6 6 18 14
6 7 18 13
6 7 18 14
6 7 20 13
6 7 21 13
8 11 12 13
8 11 12 14
8 1 13 5
8 1 13 6
8 1 13 7
8 11 18 13
8 11 18 14
8 11 20 13
8 11 20 16
8 13 20 16
8 11 21 13
12 6 18 11
12 6 18 13
12 6 18 14
12 7 18 11
12 7 18 13
12 7 18 14
12 11 18 13
12 11 18 14
12 7 20 11
12 7 20 13
12 11 20 13
12 7 21 11
12 7 21 13
12 11 21 13
17 7 20 9
17 3 21 7
17 3 21 9
17 7 21 9
18 7 20 9
18 7 20 10
18 7 20 11
18 7 20 13
18 9 20 13
18 10 20 13
18 11 20 13
18 7 21 9
18 7 21 10
18 7 21 11
18 7 21 13
18 9 21 13
18 10 21 13
18 11 21 13
