22 10
0000000000
0000000000
0000001111
0001111111
0001001011
0001001011
0001001011
0001001011
0001001011
0001001011
1111111011
1001111111
1001001111
1001111111
1111111101
0001001101
0001001101
0001001111
0001000100
0001000100
0001111100
0000000000
41
3 7 12 9
3 7 12 10
3 7 13 9
3 7 13 10
3 7 14 9
3 7 14 10
3 7 18 10
4 4 11 7
4 4 12 7
4 4 12 9
4 4 12 10
4 7 12 9
4 7 12 10
4 7 13 9
4 7 13 10
4 4 14 7
4 4 14 9
4 4 14 10
4 7 14 9
4 7 14 10
4 4 15 7
4 7 18 10
11 4 14 7
11 1 15 4
11 1 15 7
11 4 15 7
12 4 14 7
12 4 14 8
12 4 14 9
12 4 14 10
12 4 15 7
12 4 15 8
12 7 18 10
12 8 18 10
12 4 21 8
13 7 18 10
13 8 18 10
14 7 18 10
14 8 18 10
14 4 21 8
15 4 21 8
