10 19
0000011111111111111
1111111111111111101
1111111111111111111
1100011101111100111
1111111111111100111
0100011111111111111
0111111111111100101
1111111111111110101
1011011100011111101
1111111111111111111
485
1 6 3 19
1 7 3 19
1 8 3 19
1 9 3 19
1 10 3 19
1 11 3 19
1 12 3 19
1 13 3 19
1 14 3 19
1 15 3 19
1 16 3 19
1 17 3 19
1 17 4 19
1 6 5 10
1 6 5 11
1 6 5 12
1 6 5 13
1 6 5 14
1 7 5 10
1 7 5 11
1 7 5 12
1 7 5 13
1 7 5 14
1 8 5 10
1 8 5 11
1 8 5 12
1 8 5 13
1 8 5 14
1 17 5 19
1 6 6 10
1 6 6 11
1 6 6 12
1 6 6 13
1 6 6 14
1 6 6 17
1 6 6 19
1 7 6 10
1 7 6 11
1 7 6 12
1 7 6 13
1 7 6 14
1 7 6 17
1 7 6 19
1 8 6 10
1 8 6 11
1 8 6 12
1 8 6 13
1 8 6 14
1 8 6 17
1 8 6 19
1 10 6 17
1 10 6 19
1 11 6 17
1 11 6 19
1 12 6 17
1 12 6 19
1 13 6 17
1 13 6 19
1 14 6 17
1 14 6 19
1 17 6 19
1 6 7 10
1 6 7 11
1 6 7 12
1 6 7 13
1 6 7 14
1 7 7 10
1 7 7 11
1 7 7 12
1 7 7 13
1 7 7 14
1 8 7 10
1 8 7 11
1 8 7 12
1 8 7 13
1 8 7 14
1 6 8 10
1 6 8 11
1 6 8 12
1 6 8 13
1 6 8 14
1 7 8 10
1 7 8 11
1 7 8 12
1 7 8 13
1 7 8 14
1 8 8 10
1 8 8 11
1 8 8 12
1 8 8 13
1 8 8 14
1 12 9 17
1 13 9 17
1 14 9 17
1 6 10 12
1 6 10 13
1 6 10 14
1 6 10 17
1 6 10 19
1 7 10 12
1 7 10 13
1 7 10 14
1 7 10 17
1 7 10 19
1 8 10 12
1 8 10 13
1 8 10 14
1 8 10 17
1 8 10 19
1 12 10 17
1 12 10 19
1 13 10 17
1 13 10 19
1 14 10 17
1 14 10 19
1 17 10 19
2 1 5 6
2 1 5 7
2 1 5 8
2 1 5 10
2 1 5 11
2 1 5 12
2 1 5 13
2 1 5 14
2 2 5 6
2 2 5 7
2 2 5 8
2 2 5 10
2 2 5 11
2 2 5 12
2 2 5 13
2 2 5 14
2 6 5 10
2 6 5 11
2 6 5 12
2 6 5 13
2 6 5 14
2 7 5 10
2 7 5 11
2 7 5 12
2 7 5 13
2 7 5 14
2 8 5 10
2 8 5 11
2 8 5 12
2 8 5 13
2 8 5 14
2 6 6 10
2 6 6 11
2 6 6 12
2 6 6 13
2 6 6 14
2 6 6 17
2 7 6 10
2 7 6 11
2 7 6 12
2 7 6 13
2 7 6 14
2 7 6 17
2 8 6 10
2 8 6 11
2 8 6 12
2 8 6 13
2 8 6 14
2 8 6 17
2 10 6 17
2 11 6 17
2 12 6 17
2 13 6 17
2 14 6 17
2 2 7 6
2 2 7 7
2 2 7 8
2 2 7 10
2 2 7 11
2 2 7 12
2 2 7 13
2 2 7 14
2 6 7 10
2 6 7 11
2 6 7 12
2 6 7 13
2 6 7 14
2 7 7 10
2 7 7 11
2 7 7 12
2 7 7 13
2 7 7 14
2 8 7 10
2 8 7 11
2 8 7 12
2 8 7 13
2 8 7 14
2 2 8 6
2 2 8 7
2 2 8 8
2 2 8 10
2 2 8 11
2 2 8 12
2 2 8 13
2 2 8 14
2 6 8 10
2 6 8 11
2 6 8 12
2 6 8 13
2 6 8 14
2 7 8 10
2 7 8 11
2 7 8 12
2 7 8 13
2 7 8 14
2 8 8 10
2 8 8 11
2 8 8 12
2 8 8 13
2 8 8 14
2 12 9 17
2 13 9 17
2 14 9 17
2 6 10 12
2 6 10 13
2 6 10 14
2 6 10 17
2 7 10 12
2 7 10 13
2 7 10 14
2 7 10 17
2 8 10 12
2 8 10 13
2 8 10 14
2 8 10 17
2 12 10 17
2 13 10 17
2 14 10 17
3 1 5 6
3 1 5 7
3 1 5 8
3 1 5 10
3 1 5 11
3 1 5 12
3 1 5 13
3 1 5 14
3 2 5 6
3 2 5 7
3 2 5 8
3 2 5 10
3 2 5 11
3 2 5 12
3 2 5 13
3 2 5 14
3 6 5 10
3 6 5 11
3 6 5 12
3 6 5 13
3 6 5 14
3 7 5 10
3 7 5 11
3 7 5 12
3 7 5 13
3 7 5 14
3 8 5 10
3 8 5 11
3 8 5 12
3 8 5 13
3 8 5 14
3 6 6 10
3 6 6 11
3 6 6 12
3 6 6 13
3 6 6 14
3 6 6 17
3 6 6 18
3 6 6 19
3 7 6 10
3 7 6 11
3 7 6 12
3 7 6 13
3 7 6 14
3 7 6 17
3 7 6 18
3 7 6 19
3 8 6 10
3 8 6 11
3 8 6 12
3 8 6 13
3 8 6 14
3 8 6 17
3 8 6 18
3 8 6 19
3 10 6 17
3 10 6 18
3 10 6 19
3 11 6 17
3 11 6 18
3 11 6 19
3 12 6 17
3 12 6 18
3 12 6 19
3 13 6 17
3 13 6 18
3 13 6 19
3 14 6 17
3 14 6 18
3 14 6 19
3 2 7 6
3 2 7 7
3 2 7 8
3 2 7 10
3 2 7 11
3 2 7 12
3 2 7 13
3 2 7 14
3 6 7 10
3 6 7 11
3 6 7 12
3 6 7 13
3 6 7 14
3 7 7 10
3 7 7 11
3 7 7 12
3 7 7 13
3 7 7 14
3 8 7 10
3 8 7 11
3 8 7 12
3 8 7 13
3 8 7 14
3 2 8 6
3 2 8 7
3 2 8 8
3 2 8 10
3 2 8 11
3 2 8 12
3 2 8 13
3 2 8 14
3 6 8 10
3 6 8 11
3 6 8 12
3 6 8 13
3 6 8 14
3 7 8 10
3 7 8 11
3 7 8 12
3 7 8 13
3 7 8 14
3 8 8 10
3 8 8 11
3 8 8 12
3 8 8 13
3 8 8 14
3 12 9 17
3 13 9 17
3 14 9 17
3 6 10 12
3 6 10 13
3 6 10 14
3 6 10 17
3 6 10 19
3 7 10 12
3 7 10 13
3 7 10 14
3 7 10 17
3 7 10 19
3 8 10 12
3 8 10 13
3 8 10 14
3 8 10 17
3 8 10 19
3 12 10 17
3 12 10 19
3 13 10 17
3 13 10 19
3 14 10 17
3 14 10 19
3 17 10 19
4 17 10 19
5 2 7 6
5 2 7 7
5 2 7 8
5 2 7 9
5 2 7 10
5 2 7 11
5 2 7 12
5 2 7 13
5 2 7 14
5 2 8 6
5 2 8 7
5 2 8 8
5 2 8 9
5 2 8 10
5 2 8 11
5 2 8 12
5 2 8 13
5 2 8 14
5 6 10 12
5 6 10 13
5 6 10 14
5 7 10 12
5 7 10 13
5 7 10 14
5 8 10 12
5 8 10 13
5 8 10 14
5 17 10 19
6 12 9 17
6 13 9 17
6 14 9 17
6 6 10 12
6 6 10 13
6 6 10 14
6 6 10 17
6 6 10 19
6 7 10 12
6 7 10 13
6 7 10 14
6 7 10 17
6 7 10 19
6 8 10 12
6 8 10 13
6 8 10 14
6 8 10 17
6 8 10 19
6 12 10 17
6 12 10 19
6 13 10 17
6 13 10 19
6 14 10 17
6 14 10 19
6 17 10 19
7 3 10 6
7 3 10 7
7 3 10 8
7 3 10 12
7 3 10 13
7 3 10 14
7 4 10 6
7 4 10 7
7 4 10 8
7 4 10 12
7 4 10 13
7 4 10 14
7 6 10 12
7 6 10 13
7 6 10 14
7 7 10 12
7 7 10 13
7 7 10 14
7 8 10 12
7 8 10 13
7 8 10 14
8 1 10 3
8 1 10 4
8 1 10 6
8 1 10 7
8 1 10 8
8 1 10 12
8 1 10 13
8 1 10 14
8 1 10 15
8 3 10 6
8 3 10 7
8 3 10 8
8 3 10 12
8 3 10 13
8 3 10 14
8 3 10 15
8 4 10 6
8 4 10 7
8 4 10 8
8 4 10 12
8 4 10 13
8 4 10 14
8 4 10 15
8 6 10 12
8 6 10 13
8 6 10 14
8 6 10 15
8 7 10 12
8 7 10 13
8 7 10 14
8 7 10 15
8 8 10 12
8 8 10 13
8 8 10 14
8 8 10 15
