18 13
1111111111110
1000100100110
1000111111110
1111111111110
1100111111110
1100111011110
1100111011110
1111111111111
0011111111101
1111111111101
1011111001101
1111111111111
0010111111100
0010011001000
0010011001000
0011111001000
0000011111000
0000000000000
256
1 5 3 8
1 5 3 11
1 5 3 12
1 8 3 11
1 8 3 12
1 1 4 5
1 1 4 8
1 1 4 11
1 1 4 12
1 5 4 8
1 5 4 11
1 5 4 12
1 8 4 11
1 8 4 12
1 5 5 8
1 5 5 11
1 5 5 12
1 8 5 11
1 8 5 12
1 1 8 5
1 1 8 11
1 1 8 12
1 5 8 11
1 5 8 12
1 5 9 11
1 5 10 11
1 5 12 11
1 5 13 11
3 5 8 9
3 5 8 10
3 5 8 11
3 5 8 12
3 6 8 9
3 6 8 10
3 6 8 11
3 6 8 12
3 7 8 9
3 7 8 10
3 7 8 11
3 7 8 12
3 5 9 9
3 5 9 10
3 5 9 11
3 6 9 9
3 6 9 10
3 6 9 11
3 7 9 9
3 7 9 10
3 7 9 11
3 5 10 9
3 5 10 10
3 5 10 11
3 6 10 9
3 6 10 10
3 6 10 11
3 7 10 9
3 7 10 10
3 7 10 11
3 5 12 10
3 5 12 11
3 6 12 10
3 6 12 11
3 7 12 10
3 7 12 11
3 5 13 10
3 5 13 11
3 6 13 10
3 6 13 11
3 7 13 10
3 7 13 11
3 6 17 10
3 7 17 10
4 1 8 5
4 1 8 6
4 1 8 7
4 1 8 9
4 1 8 10
4 1 8 11
4 1 8 12
4 2 8 5
4 2 8 6
4 2 8 7
4 2 8 9
4 2 8 10
4 2 8 11
4 2 8 12
4 5 8 9
4 5 8 10
4 5 8 11
4 5 8 12
4 6 8 9
4 6 8 10
4 6 8 11
4 6 8 12
4 7 8 9
4 7 8 10
4 7 8 11
4 7 8 12
4 5 9 9
4 5 9 10
4 5 9 11
4 6 9 9
4 6 9 10
4 6 9 11
4 7 9 9
4 7 9 10
4 7 9 11
4 5 10 9
4 5 10 10
4 5 10 11
4 6 10 9
4 6 10 10
4 6 10 11
4 7 10 9
4 7 10 10
4 7 10 11
4 5 12 10
4 5 12 11
4 6 12 10
4 6 12 11
4 7 12 10
4 7 12 11
4 5 13 10
4 5 13 11
4 6 13 10
4 6 13 11
4 7 13 10
4 7 13 11
4 6 17 10
4 7 17 10
5 5 8 9
5 5 8 10
5 5 8 11
5 5 8 12
5 6 8 9
5 6 8 10
5 6 8 11
5 6 8 12
5 7 8 9
5 7 8 10
5 7 8 11
5 7 8 12
5 5 9 9
5 5 9 10
5 5 9 11
5 6 9 9
5 6 9 10
5 6 9 11
5 7 9 9
5 7 9 10
5 7 9 11
5 5 10 9
5 5 10 10
5 5 10 11
5 6 10 9
5 6 10 10
5 6 10 11
5 7 10 9
5 7 10 10
5 7 10 11
5 5 12 10
5 5 12 11
5 6 12 10
5 6 12 11
5 7 12 10
5 7 12 11
5 5 13 10
5 5 13 11
5 6 13 10
5 6 13 11
5 7 13 10
5 7 13 11
5 6 17 10
5 7 17 10
8 3 12 10
8 3 12 11
8 3 12 13
8 4 12 10
8 4 12 11
8 4 12 13
8 5 12 10
8 5 12 11
8 5 12 13
8 6 12 10
8 6 12 11
8 6 12 13
8 7 12 10
8 7 12 11
8 7 12 13
8 10 12 13
8 11 12 13
8 5 13 10
8 5 13 11
8 6 13 10
8 6 13 11
8 7 13 10
8 7 13 11
8 3 16 6
8 3 16 7
8 6 17 10
8 7 17 10
9 3 12 10
9 3 12 11
9 4 12 10
9 4 12 11
9 5 12 10
9 5 12 11
9 6 12 10
9 6 12 11
9 7 12 10
9 7 12 11
9 5 13 10
9 5 13 11
9 6 13 10
9 6 13 11
9 7 13 10
9 7 13 11
9 3 16 6
9 3 16 7
9 6 17 10
9 7 17 10
10 1 12 3
10 1 12 4
10 1 12 5
10 1 12 6
10 1 12 7
10 1 12 10
10 1 12 11
10 3 12 10
10 3 12 11
10 4 12 10
10 4 12 11
10 5 12 10
10 5 12 11
10 6 12 10
10 6 12 11
10 7 12 10
10 7 12 11
10 5 13 10
10 5 13 11
10 6 13 10
10 6 13 11
10 7 13 10
10 7 13 11
10 3 16 6
10 3 16 7
10 6 17 10
10 7 17 10
11 3 16 6
11 3 16 7
12 3 16 6
12 3 16 7
12 6 17 10
12 7 17 10
13 6 17 10
13 7 17 10
