25 13
1111111111100
1000000111111
1111111111111
1111111111111
1100000110111
1100000110111
1100000110111
1100000110111
1100000110111
1111111111111
1101111111111
1111111111111
1001000110111
1001000110111
1011111111111
1010000111111
1010000111111
1010000100101
1010000111111
1111111111100
0010000000100
0010000000100
0010000000100
0011111111100
0000000000000
322
1 1 3 8
1 1 3 9
1 1 3 10
1 1 3 11
1 1 4 8
1 1 4 9
1 1 4 10
1 1 4 11
1 1 10 8
1 1 10 9
1 1 10 11
1 8 10 11
1 9 10 11
1 8 11 11
1 9 11 11
1 1 12 8
1 1 12 9
1 1 12 11
1 8 12 11
1 9 12 11
1 8 15 11
1 9 15 11
1 8 16 11
1 9 16 11
1 8 17 11
1 9 17 11
1 8 19 11
1 1 20 8
1 1 20 11
1 8 20 11
2 8 10 11
2 8 10 12
2 8 10 13
2 9 10 11
2 9 10 12
2 9 10 13
2 8 11 11
2 8 11 12
2 8 11 13
2 9 11 11
2 9 11 12
2 9 11 13
2 8 12 11
2 8 12 12
2 8 12 13
2 9 12 11
2 9 12 12
2 9 12 13
2 8 15 11
2 8 15 12
2 8 15 13
2 9 15 11
2 9 15 12
2 9 15 13
2 8 16 11
2 8 16 12
2 8 16 13
2 9 16 11
2 9 16 12
2 9 16 13
2 8 17 11
2 8 17 12
2 8 17 13
2 9 17 11
2 9 17 12
2 9 17 13
2 8 19 11
2 8 19 13
2 11 19 13
2 8 20 11
3 1 10 8
3 1 10 9
3 1 10 11
3 1 10 12
3 1 10 13
3 2 10 8
3 2 10 9
3 2 10 11
3 2 10 12
3 2 10 13
3 8 10 11
3 8 10 12
3 8 10 13
3 9 10 11
3 9 10 12
3 9 10 13
3 8 11 11
3 8 11 12
3 8 11 13
3 9 11 11
3 9 11 12
3 9 11 13
3 1 12 8
3 1 12 9
3 1 12 11
3 1 12 12
3 1 12 13
3 2 12 8
3 2 12 9
3 2 12 11
3 2 12 12
3 2 12 13
3 8 12 11
3 8 12 12
3 8 12 13
3 9 12 11
3 9 12 12
3 9 12 13
3 8 15 11
3 8 15 12
3 8 15 13
3 9 15 11
3 9 15 12
3 9 15 13
3 8 16 11
3 8 16 12
3 8 16 13
3 9 16 11
3 9 16 12
3 9 16 13
3 8 17 11
3 8 17 12
3 8 17 13
3 9 17 11
3 9 17 12
3 9 17 13
3 8 19 11
3 8 19 13
3 11 19 13
3 1 20 8
3 1 20 11
3 8 20 11
4 1 10 8
4 1 10 9
4 1 10 11
4 1 10 12
4 1 10 13
4 2 10 8
4 2 10 9
4 2 10 11
4 2 10 12
4 2 10 13
4 8 10 11
4 8 10 12
4 8 10 13
4 9 10 11
4 9 10 12
4 9 10 13
4 8 11 11
4 8 11 12
4 8 11 13
4 9 11 11
4 9 11 12
4 9 11 13
4 1 12 8
4 1 12 9
4 1 12 11
4 1 12 12
4 1 12 13
4 2 12 8
4 2 12 9
4 2 12 11
4 2 12 12
4 2 12 13
4 8 12 11
4 8 12 12
4 8 12 13
4 9 12 11
4 9 12 12
4 9 12 13
4 8 15 11
4 8 15 12
4 8 15 13
4 9 15 11
4 9 15 12
4 9 15 13
4 8 16 11
4 8 16 12
4 8 16 13
4 9 16 11
4 9 16 12
4 9 16 13
4 8 17 11
4 8 17 12
4 8 17 13
4 9 17 11
4 9 17 12
4 9 17 13
4 8 19 11
4 8 19 13
4 11 19 13
4 1 20 8
4 1 20 11
4 8 20 11
5 11 19 13
6 11 19 13
7 11 19 13
8 11 19 13
9 11 19 13
10 1 12 4
10 1 12 5
10 1 12 6
10 1 12 7
10 1 12 8
10 1 12 9
10 1 12 10
10 1 12 11
10 1 12 12
10 1 12 13
10 2 12 4
10 2 12 5
10 2 12 6
10 2 12 7
10 2 12 8
10 2 12 9
10 2 12 10
10 2 12 11
10 2 12 12
10 2 12 13
10 4 15 8
10 4 15 9
10 4 15 11
10 4 15 12
10 4 15 13
10 8 15 11
10 8 15 12
10 8 15 13
10 9 15 11
10 9 15 12
10 9 15 13
10 8 16 11
10 8 16 12
10 8 16 13
10 9 16 11
10 9 16 12
10 9 16 13
10 8 17 11
10 8 17 12
10 8 17 13
10 9 17 11
10 9 17 12
10 9 17 13
10 8 19 11
10 8 19 13
10 11 19 13
10 1 20 8
10 1 20 11
10 8 20 11
11 4 15 8
11 4 15 9
11 4 15 11
11 4 15 12
11 4 15 13
11 8 15 11
11 8 15 12
11 8 15 13
11 9 15 11
11 9 15 12
11 9 15 13
11 8 16 11
11 8 16 12
11 8 16 13
11 9 16 11
11 9 16 12
11 9 16 13
11 8 17 11
11 8 17 12
11 8 17 13
11 9 17 11
11 9 17 12
11 9 17 13
11 8 19 11
11 8 19 13
11 11 19 13
11 8 20 11
12 4 15 8
12 4 15 9
12 4 15 11
12 4 15 12
12 4 15 13
12 8 15 11
12 8 15 12
12 8 15 13
12 9 15 11
12 9 15 12
12 9 15 13
12 8 16 11
12 8 16 12
12 8 16 13
12 9 16 11
12 9 16 12
12 9 16 13
12 8 17 11
12 8 17 12
12 8 17 13
12 9 17 11
12 9 17 12
12 9 17 13
12 8 19 11
12 8 19 13
12 11 19 13
12 1 20 8
12 1 20 11
12 8 20 11
13 11 19 13
14 11 19 13
15 8 19 11
15 8 19 13
15 11 19 13
15 3 20 8
15 3 20 11
15 8 20 11
15 3 24 11
16 8 19 11
16 8 19 13
16 11 19 13
16 8 20 11
17 8 19 11
17 8 19 13
17 11 19 13
17 8 20 11
20 3 24 11
