10 17
01111111111111111
01000000000000001
11111111111110001
11010000000110001
11010000000110001
11111111111111111
10111111001100000
11111111111111110
01000001001000010
01111111111111110
39
1 2 6 17
3 1 6 4
3 1 6 12
3 1 6 13
3 2 6 4
3 2 6 12
3 2 6 13
3 4 6 12
3 4 6 13
3 1 8 4
3 1 8 12
3 4 8 12
6 1 8 3
6 1 8 4
6 1 8 5
6 1 8 6
6 1 8 7
6 1 8 8
6 1 8 11
6 1 8 12
6 3 8 11
6 3 8 12
6 4 8 11
6 4 8 12
6 5 8 11
6 5 8 12
6 6 8 11
6 6 8 12
6 7 8 11
6 7 8 12
6 8 8 11
6 8 8 12
6 8 10 11
8 2 10 8
8 2 10 11
8 2 10 16
8 8 10 11
8 8 10 16
8 11 10 16
