24 24
000000000001111111111111
000000000001000000000001
000000000001000000000001
111111111111111110000001
110000100001001010000001
110000111111111111110001
110000111111111111110001
110000111001000010110001
110000111111111111110001
111110110001000010010001
111110110001000010010001
111010110001000010010001
111010110001000010010001
111010111111111111110001
111010100001000010000001
111111111111111111100001
101010101001000000100001
101010101001000000100001
101010101011111111111111
101010101011000000100001
101010101111111111111111
111111100001000000000001
000000000001000000000001
000000000001111111111111
137
1 12 19 24
1 12 21 24
1 12 24 24
4 7 6 12
4 7 6 15
4 7 6 17
4 12 6 15
4 12 6 17
4 15 6 17
4 7 7 12
4 7 7 15
4 7 7 17
4 12 7 15
4 12 7 17
4 15 7 17
4 7 9 12
4 7 9 17
4 12 9 17
4 7 14 12
4 7 14 17
4 12 14 17
4 1 16 7
4 1 16 12
4 1 16 17
4 2 16 7
4 2 16 12
4 2 16 17
4 7 16 12
4 7 16 17
4 12 16 17
4 1 22 7
6 7 9 12
6 7 9 17
6 7 9 19
6 7 9 20
6 8 9 12
6 8 9 17
6 8 9 19
6 8 9 20
6 9 9 12
6 9 9 17
6 9 9 19
6 9 9 20
6 12 9 17
6 12 9 19
6 12 9 20
6 17 9 19
6 17 9 20
6 7 14 12
6 7 14 17
6 7 14 20
6 8 14 12
6 8 14 17
6 8 14 20
6 12 14 17
6 12 14 20
6 17 14 20
6 7 16 12
6 7 16 17
6 12 16 17
7 7 9 12
7 7 9 17
7 7 9 19
7 7 9 20
7 8 9 12
7 8 9 17
7 8 9 19
7 8 9 20
7 9 9 12
7 9 9 17
7 9 9 19
7 9 9 20
7 12 9 17
7 12 9 19
7 12 9 20
7 17 9 19
7 17 9 20
7 7 14 12
7 7 14 17
7 7 14 20
7 8 14 12
7 8 14 17
7 8 14 20
7 12 14 17
7 12 14 20
7 17 14 20
7 7 16 12
7 7 16 17
7 12 16 17
9 7 14 12
9 7 14 17
9 7 14 20
9 8 14 12
9 8 14 17
9 8 14 20
9 12 14 17
9 12 14 20
9 17 14 20
9 7 16 12
9 7 16 17
9 12 16 17
10 1 16 5
10 2 16 5
10 3 16 5
10 1 22 3
10 1 22 5
10 3 22 5
11 1 16 5
11 2 16 5
11 3 16 5
11 1 22 3
11 1 22 5
11 3 22 5
12 1 22 3
13 1 22 3
14 7 16 12
14 7 16 17
14 12 16 17
14 1 22 3
15 1 22 3
16 12 19 19
16 9 21 12
16 9 21 19
16 12 21 19
16 1 22 3
16 1 22 5
16 1 22 7
16 3 22 5
16 3 22 7
16 5 22 7
19 11 21 19
19 11 21 24
19 12 21 19
19 12 21 24
19 19 21 24
19 12 24 24
21 12 24 24
