17 22
0001111111111111111110
0001111111111100000010
0011111111111111111110
0011010000001111111111
0011010000001000010001
0011010001111111111111
0011010001011010010011
0011010001011111111111
0111111111111111111000
0111010001000010011000
0111111111111111111100
0101110001010010001100
0100000001010010001100
0111111111111111111100
0111111111111110000100
0100000001010000000100
0111111111011111111100
137
1 4 3 21
1 5 3 21
1 6 3 21
1 7 3 21
1 8 3 21
1 9 3 21
1 10 3 21
1 11 3 21
1 12 3 21
1 13 3 21
1 14 3 21
1 13 4 21
1 14 4 21
1 4 9 6
1 4 9 13
1 6 9 13
1 4 11 6
1 4 12 6
2 4 9 6
2 4 9 13
2 6 9 13
2 4 11 6
2 4 12 6
3 13 6 18
3 13 8 18
3 3 9 6
3 3 9 13
3 3 9 18
3 4 9 6
3 4 9 13
3 4 9 18
3 6 9 13
3 6 9 18
3 13 9 18
3 3 11 6
3 3 11 18
3 4 11 6
3 4 11 18
3 6 11 18
3 4 12 6
4 13 6 18
4 13 6 22
4 18 6 22
4 13 8 18
4 13 8 22
4 18 8 22
4 13 9 18
6 12 8 15
6 12 8 18
6 12 8 21
6 12 8 22
6 13 8 15
6 13 8 18
6 13 8 21
6 13 8 22
6 15 8 18
6 15 8 21
6 15 8 22
6 18 8 21
6 18 8 22
6 10 9 12
6 10 9 13
6 10 9 15
6 10 9 18
6 12 9 15
6 12 9 18
6 13 9 15
6 13 9 18
6 15 9 18
6 10 11 15
6 10 11 18
6 15 11 18
6 10 14 15
6 10 15 15
8 15 11 18
8 15 11 19
8 15 14 19
9 2 11 6
9 2 11 10
9 2 11 15
9 2 11 18
9 2 11 19
9 3 11 6
9 3 11 10
9 3 11 15
9 3 11 18
9 3 11 19
9 4 11 6
9 4 11 10
9 4 11 15
9 4 11 18
9 4 11 19
9 6 11 10
9 6 11 15
9 6 11 18
9 6 11 19
9 10 11 15
9 10 11 18
9 10 11 19
9 15 11 18
9 15 11 19
9 4 12 6
9 2 14 10
9 2 14 15
9 2 14 19
9 10 14 15
9 10 14 19
9 15 14 19
9 2 15 10
9 2 15 15
9 10 15 15
9 2 17 10
11 2 14 10
11 2 14 12
11 2 14 15
11 2 14 19
11 2 14 20
11 10 14 12
11 10 14 15
11 10 14 19
11 10 14 20
11 12 14 15
11 12 14 19
11 12 14 20
11 15 14 19
11 15 14 20
11 2 15 10
11 2 15 12
11 2 15 15
11 10 15 12
11 10 15 15
11 12 15 15
11 2 17 10
11 12 17 20
14 2 17 10
14 12 17 20
15 2 17 10
