23 13
1111111000000
1000011111100
1111111111100
1100011101100
1111111101100
1111111111100
1111111111100
1111111111110
1111111111110
1111111111110
1111111111110
1111111111110
1111111011110
1111111111110
1111111111110
1111111111110
1111111111110
1111111111110
1111111111110
0101100011111
0111100011011
0001111111111
0000000011111
1544
1 1 3 6
1 1 3 7
1 1 5 6
1 1 5 7
1 1 6 6
1 1 6 7
1 1 7 6
1 1 7 7
1 1 8 6
1 1 8 7
1 1 9 6
1 1 9 7
1 1 10 6
1 1 10 7
1 1 11 6
1 1 11 7
1 1 12 6
1 1 12 7
1 1 13 6
1 1 13 7
1 1 14 6
1 1 14 7
1 1 15 6
1 1 15 7
1 1 16 6
1 1 16 7
1 1 17 6
1 1 17 7
1 1 18 6
1 1 18 7
1 1 19 6
1 1 19 7
2 6 6 10
2 6 6 11
2 7 6 10
2 7 6 11
2 8 6 10
2 8 6 11
2 6 7 10
2 6 7 11
2 7 7 10
2 7 7 11
2 8 7 10
2 8 7 11
2 6 8 10
2 6 8 11
2 7 8 10
2 7 8 11
2 8 8 10
2 8 8 11
2 6 9 10
2 6 9 11
2 7 9 10
2 7 9 11
2 8 9 10
2 8 9 11
2 6 10 10
2 6 10 11
2 7 10 10
2 7 10 11
2 8 10 10
2 8 10 11
2 6 11 10
2 6 11 11
2 7 11 10
2 7 11 11
2 8 11 10
2 8 11 11
2 6 12 10
2 6 12 11
2 7 12 10
2 7 12 11
2 8 12 10
2 8 12 11
2 6 14 10
2 6 14 11
2 7 14 10
2 7 14 11
2 6 15 10
2 6 15 11
2 7 15 10
2 7 15 11
2 6 16 10
2 6 16 11
2 7 16 10
2 7 16 11
2 6 17 10
2 6 17 11
2 7 17 10
2 7 17 11
2 6 18 10
2 6 18 11
2 7 18 10
2 7 18 11
2 6 19 10
2 6 19 11
2 7 19 10
2 7 19 11
3 1 5 6
3 1 5 7
3 1 5 8
3 2 5 6
3 2 5 7
3 2 5 8
3 1 6 6
3 1 6 7
3 1 6 8
3 1 6 10
3 1 6 11
3 2 6 6
3 2 6 7
3 2 6 8
3 2 6 10
3 2 6 11
3 6 6 10
3 6 6 11
3 7 6 10
3 7 6 11
3 8 6 10
3 8 6 11
3 1 7 6
3 1 7 7
3 1 7 8
3 1 7 10
3 1 7 11
3 2 7 6
3 2 7 7
3 2 7 8
3 2 7 10
3 2 7 11
3 6 7 10
3 6 7 11
3 7 7 10
3 7 7 11
3 8 7 10
3 8 7 11
3 1 8 6
3 1 8 7
3 1 8 8
3 1 8 10
3 1 8 11
3 2 8 6
3 2 8 7
3 2 8 8
3 2 8 10
3 2 8 11
3 6 8 10
3 6 8 11
3 7 8 10
3 7 8 11
3 8 8 10
3 8 8 11
3 1 9 6
3 1 9 7
3 1 9 8
3 1 9 10
3 1 9 11
3 2 9 6
3 2 9 7
3 2 9 8
3 2 9 10
3 2 9 11
3 6 9 10
3 6 9 11
3 7 9 10
3 7 9 11
3 8 9 10
3 8 9 11
3 1 10 6
3 1 10 7
3 1 10 8
3 1 10 10
3 1 10 11
3 2 10 6
3 2 10 7
3 2 10 8
3 2 10 10
3 2 10 11
3 6 10 10
3 6 10 11
3 7 10 10
3 7 10 11
3 8 10 10
3 8 10 11
3 1 11 6
3 1 11 7
3 1 11 8
3 1 11 10
3 1 11 11
3 2 11 6
3 2 11 7
3 2 11 8
3 2 11 10
3 2 11 11
3 6 11 10
3 6 11 11
3 7 11 10
3 7 11 11
3 8 11 10
3 8 11 11
3 1 12 6
3 1 12 7
3 1 12 8
3 1 12 10
3 1 12 11
3 2 12 6
3 2 12 7
3 2 12 8
3 2 12 10
3 2 12 11
3 6 12 10
3 6 12 11
3 7 12 10
3 7 12 11
3 8 12 10
3 8 12 11
3 1 13 6
3 1 13 7
3 2 13 6
3 2 13 7
3 1 14 6
3 1 14 7
3 1 14 10
3 1 14 11
3 2 14 6
3 2 14 7
3 2 14 10
3 2 14 11
3 6 14 10
3 6 14 11
3 7 14 10
3 7 14 11
3 1 15 6
3 1 15 7
3 1 15 10
3 1 15 11
3 2 15 6
3 2 15 7
3 2 15 10
3 2 15 11
3 6 15 10
3 6 15 11
3 7 15 10
3 7 15 11
3 1 16 6
3 1 16 7
3 1 16 10
3 1 16 11
3 2 16 6
3 2 16 7
3 2 16 10
3 2 16 11
3 6 16 10
3 6 16 11
3 7 16 10
3 7 16 11
3 1 17 6
3 1 17 7
3 1 17 10
3 1 17 11
3 2 17 6
3 2 17 7
3 2 17 10
3 2 17 11
3 6 17 10
3 6 17 11
3 7 17 10
3 7 17 11
3 1 18 6
3 1 18 7
3 1 18 10
3 1 18 11
3 2 18 6
3 2 18 7
3 2 18 10
3 2 18 11
3 6 18 10
3 6 18 11
3 7 18 10
3 7 18 11
3 1 19 6
3 1 19 7
3 1 19 10
3 1 19 11
3 2 19 6
3 2 19 7
3 2 19 10
3 2 19 11
3 6 19 10
3 6 19 11
3 7 19 10
3 7 19 11
5 2 21 4
5 2 21 5
6 1 14 9
6 1 14 10
6 1 14 11
6 2 14 9
6 2 14 10
6 2 14 11
6 3 14 9
6 3 14 10
6 3 14 11
6 4 14 9
6 4 14 10
6 4 14 11
6 5 14 9
6 5 14 10
6 5 14 11
6 6 14 9
6 6 14 10
6 6 14 11
6 7 14 9
6 7 14 10
6 7 14 11
6 1 15 9
6 1 15 10
6 1 15 11
6 2 15 9
6 2 15 10
6 2 15 11
6 3 15 9
6 3 15 10
6 3 15 11
6 4 15 9
6 4 15 10
6 4 15 11
6 5 15 9
6 5 15 10
6 5 15 11
6 6 15 9
6 6 15 10
6 6 15 11
6 7 15 9
6 7 15 10
6 7 15 11
6 1 16 9
6 1 16 10
6 1 16 11
6 2 16 9
6 2 16 10
6 2 16 11
6 3 16 9
6 3 16 10
6 3 16 11
6 4 16 9
6 4 16 10
6 4 16 11
6 5 16 9
6 5 16 10
6 5 16 11
6 6 16 9
6 6 16 10
6 6 16 11
6 7 16 9
6 7 16 10
6 7 16 11
6 1 17 9
6 1 17 10
6 1 17 11
6 2 17 9
6 2 17 10
6 2 17 11
6 3 17 9
6 3 17 10
6 3 17 11
6 4 17 9
6 4 17 10
6 4 17 11
6 5 17 9
6 5 17 10
6 5 17 11
6 6 17 9
6 6 17 10
6 6 17 11
6 7 17 9
6 7 17 10
6 7 17 11
6 1 18 9
6 1 18 10
6 1 18 11
6 2 18 9
6 2 18 10
6 2 18 11
6 3 18 9
6 3 18 10
6 3 18 11
6 4 18 9
6 4 18 10
6 4 18 11
6 5 18 9
6 5 18 10
6 5 18 11
6 6 18 9
6 6 18 10
6 6 18 11
6 7 18 9
6 7 18 10
6 7 18 11
6 1 19 9
6 1 19 10
6 1 19 11
6 2 19 9
6 2 19 10
6 2 19 11
6 3 19 9
6 3 19 10
6 3 19 11
6 4 19 9
6 4 19 10
6 4 19 11
6 5 19 9
6 5 19 10
6 5 19 11
6 6 19 9
6 6 19 10
6 6 19 11
6 7 19 9
6 7 19 10
6 7 19 11
6 2 21 4
6 2 21 5
6 4 22 9
6 4 22 10
6 5 22 9
6 5 22 10
7 1 14 9
7 1 14 10
7 1 14 11
7 2 14 9
7 2 14 10
7 2 14 11
7 3 14 9
7 3 14 10
7 3 14 11
7 4 14 9
7 4 14 10
7 4 14 11
7 5 14 9
7 5 14 10
7 5 14 11
7 6 14 9
7 6 14 10
7 6 14 11
7 7 14 9
7 7 14 10
7 7 14 11
7 1 15 9
7 1 15 10
7 1 15 11
7 2 15 9
7 2 15 10
7 2 15 11
7 3 15 9
7 3 15 10
7 3 15 11
7 4 15 9
7 4 15 10
7 4 15 11
7 5 15 9
7 5 15 10
7 5 15 11
7 6 15 9
7 6 15 10
7 6 15 11
7 7 15 9
7 7 15 10
7 7 15 11
7 1 16 9
7 1 16 10
7 1 16 11
7 2 16 9
7 2 16 10
7 2 16 11
7 3 16 9
7 3 16 10
7 3 16 11
7 4 16 9
7 4 16 10
7 4 16 11
7 5 16 9
7 5 16 10
7 5 16 11
7 6 16 9
7 6 16 10
7 6 16 11
7 7 16 9
7 7 16 10
7 7 16 11
7 1 17 9
7 1 17 10
7 1 17 11
7 2 17 9
7 2 17 10
7 2 17 11
7 3 17 9
7 3 17 10
7 3 17 11
7 4 17 9
7 4 17 10
7 4 17 11
7 5 17 9
7 5 17 10
7 5 17 11
7 6 17 9
7 6 17 10
7 6 17 11
7 7 17 9
7 7 17 10
7 7 17 11
7 1 18 9
7 1 18 10
7 1 18 11
7 2 18 9
7 2 18 10
7 2 18 11
7 3 18 9
7 3 18 10
7 3 18 11
7 4 18 9
7 4 18 10
7 4 18 11
7 5 18 9
7 5 18 10
7 5 18 11
7 6 18 9
7 6 18 10
7 6 18 11
7 7 18 9
7 7 18 10
7 7 18 11
7 1 19 9
7 1 19 10
7 1 19 11
7 2 19 9
7 2 19 10
7 2 19 11
7 3 19 9
7 3 19 10
7 3 19 11
7 4 19 9
7 4 19 10
7 4 19 11
7 5 19 9
7 5 19 10
7 5 19 11
7 6 19 9
7 6 19 10
7 6 19 11
7 7 19 9
7 7 19 10
7 7 19 11
7 2 21 4
7 2 21 5
7 4 22 9
7 4 22 10
7 5 22 9
7 5 22 10
8 1 14 9
8 1 14 10
8 1 14 11
8 1 14 12
8 2 14 9
8 2 14 10
8 2 14 11
8 2 14 12
8 3 14 9
8 3 14 10
8 3 14 11
8 3 14 12
8 4 14 9
8 4 14 10
8 4 14 11
8 4 14 12
8 5 14 9
8 5 14 10
8 5 14 11
8 5 14 12
8 6 14 9
8 6 14 10
8 6 14 11
8 6 14 12
8 7 14 9
8 7 14 10
8 7 14 11
8 7 14 12
8 1 15 9
8 1 15 10
8 1 15 11
8 1 15 12
8 2 15 9
8 2 15 10
8 2 15 11
8 2 15 12
8 3 15 9
8 3 15 10
8 3 15 11
8 3 15 12
8 4 15 9
8 4 15 10
8 4 15 11
8 4 15 12
8 5 15 9
8 5 15 10
8 5 15 11
8 5 15 12
8 6 15 9
8 6 15 10
8 6 15 11
8 6 15 12
8 7 15 9
8 7 15 10
8 7 15 11
8 7 15 12
8 1 16 9
8 1 16 10
8 1 16 11
8 1 16 12
8 2 16 9
8 2 16 10
8 2 16 11
8 2 16 12
8 3 16 9
8 3 16 10
8 3 16 11
8 3 16 12
8 4 16 9
8 4 16 10
8 4 16 11
8 4 16 12
8 5 16 9
8 5 16 10
8 5 16 11
8 5 16 12
8 6 16 9
8 6 16 10
8 6 16 11
8 6 16 12
8 7 16 9
8 7 16 10
8 7 16 11
8 7 16 12
8 1 17 9
8 1 17 10
8 1 17 11
8 1 17 12
8 2 17 9
8 2 17 10
8 2 17 11
8 2 17 12
8 3 17 9
8 3 17 10
8 3 17 11
8 3 17 12
8 4 17 9
8 4 17 10
8 4 17 11
8 4 17 12
8 5 17 9
8 5 17 10
8 5 17 11
8 5 17 12
8 6 17 9
8 6 17 10
8 6 17 11
8 6 17 12
8 7 17 9
8 7 17 10
8 7 17 11
8 7 17 12
8 1 18 9
8 1 18 10
8 1 18 11
8 1 18 12
8 2 18 9
8 2 18 10
8 2 18 11
8 2 18 12
8 3 18 9
8 3 18 10
8 3 18 11
8 3 18 12
8 4 18 9
8 4 18 10
8 4 18 11
8 4 18 12
8 5 18 9
8 5 18 10
8 5 18 11
8 5 18 12
8 6 18 9
8 6 18 10
8 6 18 11
8 6 18 12
8 7 18 9
8 7 18 10
8 7 18 11
8 7 18 12
8 1 19 9
8 1 19 10
8 1 19 11
8 1 19 12
8 2 19 9
8 2 19 10
8 2 19 11
8 2 19 12
8 3 19 9
8 3 19 10
8 3 19 11
8 3 19 12
8 4 19 9
8 4 19 10
8 4 19 11
8 4 19 12
8 5 19 9
8 5 19 10
8 5 19 11
8 5 19 12
8 6 19 9
8 6 19 10
8 6 19 11
8 6 19 12
8 7 19 9
8 7 19 10
8 7 19 11
8 7 19 12
8 2 21 4
8 2 21 5
8 4 22 9
8 4 22 10
8 4 22 12
8 5 22 9
8 5 22 10
8 5 22 12
8 9 22 12
8 10 22 12
8 9 23 12
8 10 23 12
9 1 14 9
9 1 14 10
9 1 14 11
9 1 14 12
9 2 14 9
9 2 14 10
9 2 14 11
9 2 14 12
9 3 14 9
9 3 14 10
9 3 14 11
9 3 14 12
9 4 14 9
9 4 14 10
9 4 14 11
9 4 14 12
9 5 14 9
9 5 14 10
9 5 14 11
9 5 14 12
9 6 14 9
9 6 14 10
9 6 14 11
9 6 14 12
9 7 14 9
9 7 14 10
9 7 14 11
9 7 14 12
9 1 15 9
9 1 15 10
9 1 15 11
9 1 15 12
9 2 15 9
9 2 15 10
9 2 15 11
9 2 15 12
9 3 15 9
9 3 15 10
9 3 15 11
9 3 15 12
9 4 15 9
9 4 15 10
9 4 15 11
9 4 15 12
9 5 15 9
9 5 15 10
9 5 15 11
9 5 15 12
9 6 15 9
9 6 15 10
9 6 15 11
9 6 15 12
9 7 15 9
9 7 15 10
9 7 15 11
9 7 15 12
9 1 16 9
9 1 16 10
9 1 16 11
9 1 16 12
9 2 16 9
9 2 16 10
9 2 16 11
9 2 16 12
9 3 16 9
9 3 16 10
9 3 16 11
9 3 16 12
9 4 16 9
9 4 16 10
9 4 16 11
9 4 16 12
9 5 16 9
9 5 16 10
9 5 16 11
9 5 16 12
9 6 16 9
9 6 16 10
9 6 16 11
9 6 16 12
9 7 16 9
9 7 16 10
9 7 16 11
9 7 16 12
9 1 17 9
9 1 17 10
9 1 17 11
9 1 17 12
9 2 17 9
9 2 17 10
9 2 17 11
9 2 17 12
9 3 17 9
9 3 17 10
9 3 17 11
9 3 17 12
9 4 17 9
9 4 17 10
9 4 17 11
9 4 17 12
9 5 17 9
9 5 17 10
9 5 17 11
9 5 17 12
9 6 17 9
9 6 17 10
9 6 17 11
9 6 17 12
9 7 17 9
9 7 17 10
9 7 17 11
9 7 17 12
9 1 18 9
9 1 18 10
9 1 18 11
9 1 18 12
9 2 18 9
9 2 18 10
9 2 18 11
9 2 18 12
9 3 18 9
9 3 18 10
9 3 18 11
9 3 18 12
9 4 18 9
9 4 18 10
9 4 18 11
9 4 18 12
9 5 18 9
9 5 18 10
9 5 18 11
9 5 18 12
9 6 18 9
9 6 18 10
9 6 18 11
9 6 18 12
9 7 18 9
9 7 18 10
9 7 18 11
9 7 18 12
9 1 19 9
9 1 19 10
9 1 19 11
9 1 19 12
9 2 19 9
9 2 19 10
9 2 19 11
9 2 19 12
9 3 19 9
9 3 19 10
9 3 19 11
9 3 19 12
9 4 19 9
9 4 19 10
9 4 19 11
9 4 19 12
9 5 19 9
9 5 19 10
9 5 19 11
9 5 19 12
9 6 19 9
9 6 19 10
9 6 19 11
9 6 19 12
9 7 19 9
9 7 19 10
9 7 19 11
9 7 19 12
9 2 21 4
9 2 21 5
9 4 22 9
9 4 22 10
9 4 22 12
9 5 22 9
9 5 22 10
9 5 22 12
9 9 22 12
9 10 22 12
9 9 23 12
9 10 23 12
10 1 14 9
10 1 14 10
10 1 14 11
10 1 14 12
10 2 14 9
10 2 14 10
10 2 14 11
10 2 14 12
10 3 14 9
10 3 14 10
10 3 14 11
10 3 14 12
10 4 14 9
10 4 14 10
10 4 14 11
10 4 14 12
10 5 14 9
10 5 14 10
10 5 14 11
10 5 14 12
10 6 14 9
10 6 14 10
10 6 14 11
10 6 14 12
10 7 14 9
10 7 14 10
10 7 14 11
10 7 14 12
10 1 15 9
10 1 15 10
10 1 15 11
10 1 15 12
10 2 15 9
10 2 15 10
10 2 15 11
10 2 15 12
10 3 15 9
10 3 15 10
10 3 15 11
10 3 15 12
10 4 15 9
10 4 15 10
10 4 15 11
10 4 15 12
10 5 15 9
10 5 15 10
10 5 15 11
10 5 15 12
10 6 15 9
10 6 15 10
10 6 15 11
10 6 15 12
10 7 15 9
10 7 15 10
10 7 15 11
10 7 15 12
10 1 16 9
10 1 16 10
10 1 16 11
10 1 16 12
10 2 16 9
10 2 16 10
10 2 16 11
10 2 16 12
10 3 16 9
10 3 16 10
10 3 16 11
10 3 16 12
10 4 16 9
10 4 16 10
10 4 16 11
10 4 16 12
10 5 16 9
10 5 16 10
10 5 16 11
10 5 16 12
10 6 16 9
10 6 16 10
10 6 16 11
10 6 16 12
10 7 16 9
10 7 16 10
10 7 16 11
10 7 16 12
10 1 17 9
10 1 17 10
10 1 17 11
10 1 17 12
10 2 17 9
10 2 17 10
10 2 17 11
10 2 17 12
10 3 17 9
10 3 17 10
10 3 17 11
10 3 17 12
10 4 17 9
10 4 17 10
10 4 17 11
10 4 17 12
10 5 17 9
10 5 17 10
10 5 17 11
10 5 17 12
10 6 17 9
10 6 17 10
10 6 17 11
10 6 17 12
10 7 17 9
10 7 17 10
10 7 17 11
10 7 17 12
10 1 18 9
10 1 18 10
10 1 18 11
10 1 18 12
10 2 18 9
10 2 18 10
10 2 18 11
10 2 18 12
10 3 18 9
10 3 18 10
10 3 18 11
10 3 18 12
10 4 18 9
10 4 18 10
10 4 18 11
10 4 18 12
10 5 18 9
10 5 18 10
10 5 18 11
10 5 18 12
10 6 18 9
10 6 18 10
10 6 18 11
10 6 18 12
10 7 18 9
10 7 18 10
10 7 18 11
10 7 18 12
10 1 19 9
10 1 19 10
10 1 19 11
10 1 19 12
10 2 19 9
10 2 19 10
10 2 19 11
10 2 19 12
10 3 19 9
10 3 19 10
10 3 19 11
10 3 19 12
10 4 19 9
10 4 19 10
10 4 19 11
10 4 19 12
10 5 19 9
10 5 19 10
10 5 19 11
10 5 19 12
10 6 19 9
10 6 19 10
10 6 19 11
10 6 19 12
10 7 19 9
10 7 19 10
10 7 19 11
10 7 19 12
10 2 21 4
10 2 21 5
10 4 22 9
10 4 22 10
10 4 22 12
10 5 22 9
10 5 22 10
10 5 22 12
10 9 22 12
10 10 22 12
10 9 23 12
10 10 23 12
11 1 14 9
11 1 14 10
11 1 14 11
11 1 14 12
11 2 14 9
11 2 14 10
11 2 14 11
11 2 14 12
11 3 14 9
11 3 14 10
11 3 14 11
11 3 14 12
11 4 14 9
11 4 14 10
11 4 14 11
11 4 14 12
11 5 14 9
11 5 14 10
11 5 14 11
11 5 14 12
11 6 14 9
11 6 14 10
11 6 14 11
11 6 14 12
11 7 14 9
11 7 14 10
11 7 14 11
11 7 14 12
11 1 15 9
11 1 15 10
11 1 15 11
11 1 15 12
11 2 15 9
11 2 15 10
11 2 15 11
11 2 15 12
11 3 15 9
11 3 15 10
11 3 15 11
11 3 15 12
11 4 15 9
11 4 15 10
11 4 15 11
11 4 15 12
11 5 15 9
11 5 15 10
11 5 15 11
11 5 15 12
11 6 15 9
11 6 15 10
11 6 15 11
11 6 15 12
11 7 15 9
11 7 15 10
11 7 15 11
11 7 15 12
11 1 16 9
11 1 16 10
11 1 16 11
11 1 16 12
11 2 16 9
11 2 16 10
11 2 16 11
11 2 16 12
11 3 16 9
11 3 16 10
11 3 16 11
11 3 16 12
11 4 16 9
11 4 16 10
11 4 16 11
11 4 16 12
11 5 16 9
11 5 16 10
11 5 16 11
11 5 16 12
11 6 16 9
11 6 16 10
11 6 16 11
11 6 16 12
11 7 16 9
11 7 16 10
11 7 16 11
11 7 16 12
11 1 17 9
11 1 17 10
11 1 17 11
11 1 17 12
11 2 17 9
11 2 17 10
11 2 17 11
11 2 17 12
11 3 17 9
11 3 17 10
11 3 17 11
11 3 17 12
11 4 17 9
11 4 17 10
11 4 17 11
11 4 17 12
11 5 17 9
11 5 17 10
11 5 17 11
11 5 17 12
11 6 17 9
11 6 17 10
11 6 17 11
11 6 17 12
11 7 17 9
11 7 17 10
11 7 17 11
11 7 17 12
11 1 18 9
11 1 18 10
11 1 18 11
11 1 18 12
11 2 18 9
11 2 18 10
11 2 18 11
11 2 18 12
11 3 18 9
11 3 18 10
11 3 18 11
11 3 18 12
11 4 18 9
11 4 18 10
11 4 18 11
11 4 18 12
11 5 18 9
11 5 18 10
11 5 18 11
11 5 18 12
11 6 18 9
11 6 18 10
11 6 18 11
11 6 18 12
11 7 18 9
11 7 18 10
11 7 18 11
11 7 18 12
11 1 19 9
11 1 19 10
11 1 19 11
11 1 19 12
11 2 19 9
11 2 19 10
11 2 19 11
11 2 19 12
11 3 19 9
11 3 19 10
11 3 19 11
11 3 19 12
11 4 19 9
11 4 19 10
11 4 19 11
11 4 19 12
11 5 19 9
11 5 19 10
11 5 19 11
11 5 19 12
11 6 19 9
11 6 19 10
11 6 19 11
11 6 19 12
11 7 19 9
11 7 19 10
11 7 19 11
11 7 19 12
11 2 21 4
11 2 21 5
11 4 22 9
11 4 22 10
11 4 22 12
11 5 22 9
11 5 22 10
11 5 22 12
11 9 22 12
11 10 22 12
11 9 23 12
11 10 23 12
12 1 14 9
12 1 14 10
12 1 14 11
12 1 14 12
12 2 14 9
12 2 14 10
12 2 14 11
12 2 14 12
12 3 14 9
12 3 14 10
12 3 14 11
12 3 14 12
12 4 14 9
12 4 14 10
12 4 14 11
12 4 14 12
12 5 14 9
12 5 14 10
12 5 14 11
12 5 14 12
12 6 14 9
12 6 14 10
12 6 14 11
12 6 14 12
12 7 14 9
12 7 14 10
12 7 14 11
12 7 14 12
12 1 15 9
12 1 15 10
12 1 15 11
12 1 15 12
12 2 15 9
12 2 15 10
12 2 15 11
12 2 15 12
12 3 15 9
12 3 15 10
12 3 15 11
12 3 15 12
12 4 15 9
12 4 15 10
12 4 15 11
12 4 15 12
12 5 15 9
12 5 15 10
12 5 15 11
12 5 15 12
12 6 15 9
12 6 15 10
12 6 15 11
12 6 15 12
12 7 15 9
12 7 15 10
12 7 15 11
12 7 15 12
12 1 16 9
12 1 16 10
12 1 16 11
12 1 16 12
12 2 16 9
12 2 16 10
12 2 16 11
12 2 16 12
12 3 16 9
12 3 16 10
12 3 16 11
12 3 16 12
12 4 16 9
12 4 16 10
12 4 16 11
12 4 16 12
12 5 16 9
12 5 16 10
12 5 16 11
12 5 16 12
12 6 16 9
12 6 16 10
12 6 16 11
12 6 16 12
12 7 16 9
12 7 16 10
12 7 16 11
12 7 16 12
12 1 17 9
12 1 17 10
12 1 17 11
12 1 17 12
12 2 17 9
12 2 17 10
12 2 17 11
12 2 17 12
12 3 17 9
12 3 17 10
12 3 17 11
12 3 17 12
12 4 17 9
12 4 17 10
12 4 17 11
12 4 17 12
12 5 17 9
12 5 17 10
12 5 17 11
12 5 17 12
12 6 17 9
12 6 17 10
12 6 17 11
12 6 17 12
12 7 17 9
12 7 17 10
12 7 17 11
12 7 17 12
12 1 18 9
12 1 18 10
12 1 18 11
12 1 18 12
12 2 18 9
12 2 18 10
12 2 18 11
12 2 18 12
12 3 18 9
12 3 18 10
12 3 18 11
12 3 18 12
12 4 18 9
12 4 18 10
12 4 18 11
12 4 18 12
12 5 18 9
12 5 18 10
12 5 18 11
12 5 18 12
12 6 18 9
12 6 18 10
12 6 18 11
12 6 18 12
12 7 18 9
12 7 18 10
12 7 18 11
12 7 18 12
12 1 19 9
12 1 19 10
12 1 19 11
12 1 19 12
12 2 19 9
12 2 19 10
12 2 19 11
12 2 19 12
12 3 19 9
12 3 19 10
12 3 19 11
12 3 19 12
12 4 19 9
12 4 19 10
12 4 19 11
12 4 19 12
12 5 19 9
12 5 19 10
12 5 19 11
12 5 19 12
12 6 19 9
12 6 19 10
12 6 19 11
12 6 19 12
12 7 19 9
12 7 19 10
12 7 19 11
12 7 19 12
12 2 21 4
12 2 21 5
12 4 22 9
12 4 22 10
12 4 22 12
12 5 22 9
12 5 22 10
12 5 22 12
12 9 22 12
12 10 22 12
12 9 23 12
12 10 23 12
13 2 21 4
13 2 21 5
13 9 22 12
13 10 22 12
13 9 23 12
13 10 23 12
14 2 21 4
14 2 21 5
14 4 22 9
14 4 22 10
14 4 22 12
14 5 22 9
14 5 22 10
14 5 22 12
14 9 22 12
14 10 22 12
14 9 23 12
14 10 23 12
15 2 21 4
15 2 21 5
15 4 22 9
15 4 22 10
15 4 22 12
15 5 22 9
15 5 22 10
15 5 22 12
15 9 22 12
15 10 22 12
15 9 23 12
15 10 23 12
16 2 21 4
16 2 21 5
16 4 22 9
16 4 22 10
16 4 22 12
16 5 22 9
16 5 22 10
16 5 22 12
16 9 22 12
16 10 22 12
16 9 23 12
16 10 23 12
17 2 21 4
17 2 21 5
17 4 22 9
17 4 22 10
17 4 22 12
17 5 22 9
17 5 22 10
17 5 22 12
17 9 22 12
17 10 22 12
17 9 23 12
17 10 23 12
18 2 21 4
18 2 21 5
18 4 22 9
18 4 22 10
18 4 22 12
18 5 22 9
18 5 22 10
18 5 22 12
18 9 22 12
18 10 22 12
18 9 23 12
18 10 23 12
19 2 21 4
19 2 21 5
19 4 22 9
19 4 22 10
19 4 22 12
19 5 22 9
19 5 22 10
19 5 22 12
19 9 22 12
19 10 22 12
19 9 23 12
19 10 23 12
20 9 22 12
20 9 22 13
20 10 22 12
20 10 22 13
20 9 23 12
20 9 23 13
20 10 23 12
20 10 23 13
