20 17
00000011111111111
11111111000000001
10000111111111001
10000111001001001
10000111001001001
10000111001001001
10000111111111001
10000111001011001
10000111111111111
11111111111011000
00000111111111000
00000111011011000
00000111111011000
00000111001011000
00000111001011000
00000111111111000
00000111111000000
00000000000000000
00000000000000000
00000000000000000
154
1 7 9 17
1 8 9 17
2 1 10 6
2 1 10 7
2 1 10 8
3 6 7 11
3 6 7 14
3 7 7 11
3 7 7 14
3 8 7 11
3 8 7 14
3 11 7 14
3 6 9 11
3 6 9 14
3 7 9 11
3 7 9 14
3 8 9 11
3 8 9 14
3 11 9 14
3 6 10 11
3 7 10 11
3 8 10 11
3 6 11 11
3 6 11 14
3 7 11 11
3 7 11 14
3 8 11 11
3 8 11 14
3 11 11 14
3 6 13 11
3 7 13 11
3 8 13 11
3 6 16 11
3 6 16 14
3 7 16 11
3 7 16 14
3 8 16 11
3 8 16 14
3 11 16 14
3 6 17 11
3 7 17 11
3 8 17 11
7 6 9 11
7 6 9 13
7 6 9 14
7 7 9 11
7 7 9 13
7 7 9 14
7 8 9 11
7 8 9 13
7 8 9 14
7 11 9 13
7 11 9 14
7 6 10 11
7 7 10 11
7 8 10 11
7 6 11 11
7 6 11 13
7 6 11 14
7 7 11 11
7 7 11 13
7 7 11 14
7 8 11 11
7 8 11 13
7 8 11 14
7 11 11 13
7 11 11 14
7 6 13 11
7 7 13 11
7 8 13 11
7 6 16 11
7 6 16 13
7 6 16 14
7 7 16 11
7 7 16 13
7 7 16 14
7 8 16 11
7 8 16 13
7 8 16 14
7 11 16 13
7 11 16 14
7 6 17 11
7 7 17 11
7 8 17 11
9 6 11 13
9 6 11 14
9 7 11 13
9 7 11 14
9 8 11 13
9 8 11 14
9 9 11 13
9 9 11 14
9 10 11 13
9 10 11 14
9 11 11 13
9 11 11 14
9 6 13 10
9 6 13 11
9 7 13 10
9 7 13 11
9 8 13 10
9 8 13 11
9 6 16 11
9 6 16 13
9 6 16 14
9 7 16 11
9 7 16 13
9 7 16 14
9 8 16 11
9 8 16 13
9 8 16 14
9 11 16 13
9 11 16 14
9 6 17 11
9 7 17 11
9 8 17 11
10 6 13 10
10 6 13 11
10 7 13 10
10 7 13 11
10 8 13 10
10 8 13 11
10 6 16 11
10 7 16 11
10 8 16 11
10 6 17 11
10 7 17 11
10 8 17 11
11 6 13 10
11 6 13 11
11 7 13 10
11 7 13 11
11 8 13 10
11 8 13 11
11 6 16 11
11 6 16 13
11 6 16 14
11 7 16 11
11 7 16 13
11 7 16 14
11 8 16 11
11 8 16 13
11 8 16 14
11 11 16 13
11 11 16 14
11 6 17 11
11 7 17 11
11 8 17 11
13 6 16 11
13 7 16 11
13 8 16 11
13 6 17 11
13 7 17 11
13 8 17 11
