19 17
00000000000000000
00000000011111110
00000000010000010
00000000010000010
00000000010000010
00000111111111110
00000100010000110
00000100010000110
00000100011111111
00000100010000111
01111100010000111
01000100011111111
01000100010000110
01000100010000110
01000100010000110
01000100011111110
01111100000000100
00000111111111100
00000000000000000
19
2 10 6 16
2 10 9 16
2 10 12 16
2 10 16 16
6 10 9 15
6 10 9 16
6 10 12 15
6 10 12 16
6 10 16 15
6 10 16 16
6 6 18 15
9 10 12 15
9 10 12 16
9 10 12 17
9 10 16 15
9 10 16 16
11 2 17 6
12 10 16 15
12 10 16 16
