25 12
000000000000
000000000000
000000000000
000000000000
111111111100
100000000100
100000000100
111111100100
111111111110
110111111110
110101111110
110101101110
110101101110
110101101110
111111111110
110110111100
110110111100
111111111100
100111111100
100111111100
111111111100
000100001000
000111111000
000000000000
000000000000
198
5 1 9 10
5 1 15 10
5 1 18 10
5 1 21 10
8 1 15 4
8 1 15 6
8 1 15 7
8 2 15 4
8 2 15 6
8 2 15 7
8 4 15 6
8 4 15 7
8 1 18 4
8 1 18 7
8 2 18 4
8 2 18 7
8 4 18 7
8 4 19 7
8 4 20 7
8 1 21 4
8 1 21 7
8 4 21 7
9 1 15 4
9 1 15 6
9 1 15 7
9 1 15 9
9 1 15 10
9 1 15 11
9 2 15 4
9 2 15 6
9 2 15 7
9 2 15 9
9 2 15 10
9 2 15 11
9 4 15 6
9 4 15 7
9 4 15 9
9 4 15 10
9 4 15 11
9 6 15 9
9 6 15 10
9 6 15 11
9 7 15 9
9 7 15 10
9 7 15 11
9 7 16 9
9 7 16 10
9 7 17 9
9 7 17 10
9 1 18 4
9 1 18 7
9 1 18 9
9 1 18 10
9 2 18 4
9 2 18 7
9 2 18 9
9 2 18 10
9 4 18 7
9 4 18 9
9 4 18 10
9 7 18 9
9 7 18 10
9 4 19 7
9 4 19 9
9 4 19 10
9 7 19 9
9 7 19 10
9 4 20 7
9 4 20 9
9 4 20 10
9 7 20 9
9 7 20 10
9 1 21 4
9 1 21 7
9 1 21 9
9 1 21 10
9 4 21 7
9 4 21 9
9 4 21 10
9 7 21 9
9 7 21 10
9 4 23 9
10 4 15 6
10 4 15 7
10 4 15 9
10 4 15 10
10 4 15 11
10 6 15 9
10 6 15 10
10 6 15 11
10 7 15 9
10 7 15 10
10 7 15 11
10 7 16 9
10 7 16 10
10 7 17 9
10 7 17 10
10 4 18 7
10 4 18 9
10 4 18 10
10 7 18 9
10 7 18 10
10 4 19 7
10 4 19 9
10 4 19 10
10 7 19 9
10 7 19 10
10 4 20 7
10 4 20 9
10 4 20 10
10 7 20 9
10 7 20 10
10 4 21 7
10 4 21 9
10 4 21 10
10 7 21 9
10 7 21 10
10 4 23 9
11 6 15 9
11 6 15 10
11 6 15 11
11 7 15 9
11 7 15 10
11 7 15 11
11 7 16 9
11 7 16 10
11 7 17 9
11 7 17 10
11 7 18 9
11 7 18 10
11 7 19 9
11 7 19 10
11 7 20 9
11 7 20 10
11 7 21 9
11 7 21 10
15 1 18 4
15 1 18 5
15 1 18 7
15 1 18 8
15 1 18 9
15 1 18 10
15 2 18 4
15 2 18 5
15 2 18 7
15 2 18 8
15 2 18 9
15 2 18 10
15 4 18 7
15 4 18 8
15 4 18 9
15 4 18 10
15 5 18 7
15 5 18 8
15 5 18 9
15 5 18 10
15 4 19 7
15 4 19 8
15 4 19 9
15 4 19 10
15 5 19 7
15 5 19 8
15 5 19 9
15 5 19 10
15 4 20 7
15 4 20 8
15 4 20 9
15 4 20 10
15 5 20 7
15 5 20 8
15 5 20 9
15 5 20 10
15 1 21 4
15 1 21 5
15 1 21 7
15 1 21 8
15 1 21 9
15 1 21 10
15 4 21 7
15 4 21 8
15 4 21 9
15 4 21 10
15 5 21 7
15 5 21 8
15 5 21 9
15 5 21 10
15 4 23 9
18 1 21 4
18 1 21 5
18 1 21 6
18 1 21 7
18 1 21 8
18 1 21 9
18 1 21 10
18 4 23 9
19 4 23 9
20 4 23 9
21 4 23 9
