21 25
0000001111111111111111100
0000111111111111111111100
0000101111110001000101111
0011111111111111111111111
0010111000110001000101101
0010111111111111111111111
0111111111111111111111101
0111111011110001000111101
0111111111111111000111101
0111111111111111111111101
0111111111111111111111111
0111111111111111111111101
0111111111111111111111111
0011011011111111111111101
0011011111111111111111111
0011010011111111100111101
0011111111111111111111101
0011010001111111111111001
0011011111111011000111001
0011111111111111111111111
0011111111111111111111111
3623
1 7 4 16
1 7 4 20
1 7 4 22
1 7 4 23
1 8 4 16
1 8 4 20
1 8 4 22
1 8 4 23
1 9 4 16
1 9 4 20
1 9 4 22
1 9 4 23
1 10 4 16
1 10 4 20
1 10 4 22
1 10 4 23
1 11 4 16
1 11 4 20
1 11 4 22
1 11 4 23
1 12 4 16
1 12 4 20
1 12 4 22
1 12 4 23
1 16 4 20
1 16 4 22
1 16 4 23
1 20 4 22
1 20 4 23
1 7 6 11
1 7 6 12
1 7 6 16
1 7 6 20
1 7 6 22
1 7 6 23
1 11 6 16
1 11 6 20
1 11 6 22
1 11 6 23
1 12 6 16
1 12 6 20
1 12 6 22
1 12 6 23
1 16 6 20
1 16 6 22
1 16 6 23
1 20 6 22
1 20 6 23
1 7 7 11
1 7 7 12
1 7 7 16
1 7 7 20
1 7 7 22
1 7 7 23
1 11 7 16
1 11 7 20
1 11 7 22
1 11 7 23
1 12 7 16
1 12 7 20
1 12 7 22
1 12 7 23
1 16 7 20
1 16 7 22
1 16 7 23
1 20 7 22
1 20 7 23
1 20 8 22
1 20 8 23
1 7 9 11
1 7 9 12
1 7 9 16
1 11 9 16
1 12 9 16
1 20 9 22
1 20 9 23
1 7 10 11
1 7 10 12
1 7 10 16
1 7 10 20
1 7 10 22
1 7 10 23
1 11 10 16
1 11 10 20
1 11 10 22
1 11 10 23
1 12 10 16
1 12 10 20
1 12 10 22
1 12 10 23
1 16 10 20
1 16 10 22
1 16 10 23
1 20 10 22
1 20 10 23
1 7 11 11
1 7 11 12
1 7 11 16
1 7 11 20
1 7 11 22
1 7 11 23
1 11 11 16
1 11 11 20
1 11 11 22
1 11 11 23
1 12 11 16
1 12 11 20
1 12 11 22
1 12 11 23
1 16 11 20
1 16 11 22
1 16 11 23
1 20 11 22
1 20 11 23
1 7 12 11
1 7 12 12
1 7 12 16
1 7 12 20
1 7 12 22
1 7 12 23
1 11 12 16
1 11 12 20
1 11 12 22
1 11 12 23
1 12 12 16
1 12 12 20
1 12 12 22
1 12 12 23
1 16 12 20
1 16 12 22
1 16 12 23
1 20 12 22
1 20 12 23
1 7 13 11
1 7 13 12
1 7 13 16
1 7 13 20
1 7 13 22
1 7 13 23
1 11 13 16
1 11 13 20
1 11 13 22
1 11 13 23
1 12 13 16
1 12 13 20
1 12 13 22
1 12 13 23
1 16 13 20
1 16 13 22
1 16 13 23
1 20 13 22
1 20 13 23
1 11 14 16
1 11 14 20
1 11 14 22
1 11 14 23
1 12 14 16
1 12 14 20
1 12 14 22
1 12 14 23
1 16 14 20
1 16 14 22
1 16 14 23
1 20 14 22
1 20 14 23
1 7 15 11
1 7 15 12
1 7 15 16
1 7 15 20
1 7 15 22
1 7 15 23
1 11 15 16
1 11 15 20
1 11 15 22
1 11 15 23
1 12 15 16
1 12 15 20
1 12 15 22
1 12 15 23
1 16 15 20
1 16 15 22
1 16 15 23
1 20 15 22
1 20 15 23
1 11 16 16
1 12 16 16
1 20 16 22
1 20 16 23
1 11 17 16
1 11 17 20
1 11 17 22
1 11 17 23
1 12 17 16
1 12 17 20
1 12 17 22
1 12 17 23
1 16 17 20
1 16 17 22
1 16 17 23
1 20 17 22
1 20 17 23
1 11 18 16
1 11 18 20
1 11 18 22
1 12 18 16
1 12 18 20
1 12 18 22
1 16 18 20
1 16 18 22
1 20 18 22
1 20 19 22
1 11 20 16
1 11 20 20
1 11 20 22
1 12 20 16
1 12 20 20
1 12 20 22
1 16 20 20
1 16 20 22
1 20 20 22
1 11 21 16
1 11 21 20
1 11 21 22
1 12 21 16
1 12 21 20
1 12 21 22
1 16 21 20
1 16 21 22
1 20 21 22
2 5 4 7
2 5 4 8
2 5 4 9
2 5 4 10
2 5 4 11
2 5 4 12
2 5 4 16
2 5 4 20
2 5 4 22
2 5 4 23
2 7 4 16
2 7 4 20
2 7 4 22
2 7 4 23
2 8 4 16
2 8 4 20
2 8 4 22
2 8 4 23
2 9 4 16
2 9 4 20
2 9 4 22
2 9 4 23
2 10 4 16
2 10 4 20
2 10 4 22
2 10 4 23
2 11 4 16
2 11 4 20
2 11 4 22
2 11 4 23
2 12 4 16
2 12 4 20
2 12 4 22
2 12 4 23
2 16 4 20
2 16 4 22
2 16 4 23
2 20 4 22
2 20 4 23
2 5 5 7
2 5 6 7
2 5 6 11
2 5 6 12
2 5 6 16
2 5 6 20
2 5 6 22
2 5 6 23
2 7 6 11
2 7 6 12
2 7 6 16
2 7 6 20
2 7 6 22
2 7 6 23
2 11 6 16
2 11 6 20
2 11 6 22
2 11 6 23
2 12 6 16
2 12 6 20
2 12 6 22
2 12 6 23
2 16 6 20
2 16 6 22
2 16 6 23
2 20 6 22
2 20 6 23
2 5 7 7
2 5 7 11
2 5 7 12
2 5 7 16
2 5 7 20
2 5 7 22
2 5 7 23
2 7 7 11
2 7 7 12
2 7 7 16
2 7 7 20
2 7 7 22
2 7 7 23
2 11 7 16
2 11 7 20
2 11 7 22
2 11 7 23
2 12 7 16
2 12 7 20
2 12 7 22
2 12 7 23
2 16 7 20
2 16 7 22
2 16 7 23
2 20 7 22
2 20 7 23
2 5 8 7
2 20 8 22
2 20 8 23
2 5 9 7
2 5 9 11
2 5 9 12
2 5 9 16
2 7 9 11
2 7 9 12
2 7 9 16
2 11 9 16
2 12 9 16
2 20 9 22
2 20 9 23
2 5 10 7
2 5 10 11
2 5 10 12
2 5 10 16
2 5 10 20
2 5 10 22
2 5 10 23
2 7 10 11
2 7 10 12
2 7 10 16
2 7 10 20
2 7 10 22
2 7 10 23
2 11 10 16
2 11 10 20
2 11 10 22
2 11 10 23
2 12 10 16
2 12 10 20
2 12 10 22
2 12 10 23
2 16 10 20
2 16 10 22
2 16 10 23
2 20 10 22
2 20 10 23
2 5 11 7
2 5 11 11
2 5 11 12
2 5 11 16
2 5 11 20
2 5 11 22
2 5 11 23
2 7 11 11
2 7 11 12
2 7 11 16
2 7 11 20
2 7 11 22
2 7 11 23
2 11 11 16
2 11 11 20
2 11 11 22
2 11 11 23
2 12 11 16
2 12 11 20
2 12 11 22
2 12 11 23
2 16 11 20
2 16 11 22
2 16 11 23
2 20 11 22
2 20 11 23
2 5 12 7
2 5 12 11
2 5 12 12
2 5 12 16
2 5 12 20
2 5 12 22
2 5 12 23
2 7 12 11
2 7 12 12
2 7 12 16
2 7 12 20
2 7 12 22
2 7 12 23
2 11 12 16
2 11 12 20
2 11 12 22
2 11 12 23
2 12 12 16
2 12 12 20
2 12 12 22
2 12 12 23
2 16 12 20
2 16 12 22
2 16 12 23
2 20 12 22
2 20 12 23
2 5 13 7
2 5 13 11
2 5 13 12
2 5 13 16
2 5 13 20
2 5 13 22
2 5 13 23
2 7 13 11
2 7 13 12
2 7 13 16
2 7 13 20
2 7 13 22
2 7 13 23
2 11 13 16
2 11 13 20
2 11 13 22
2 11 13 23
2 12 13 16
2 12 13 20
2 12 13 22
2 12 13 23
2 16 13 20
2 16 13 22
2 16 13 23
2 20 13 22
2 20 13 23
2 11 14 16
2 11 14 20
2 11 14 22
2 11 14 23
2 12 14 16
2 12 14 20
2 12 14 22
2 12 14 23
2 16 14 20
2 16 14 22
2 16 14 23
2 20 14 22
2 20 14 23
2 7 15 11
2 7 15 12
2 7 15 16
2 7 15 20
2 7 15 22
2 7 15 23
2 11 15 16
2 11 15 20
2 11 15 22
2 11 15 23
2 12 15 16
2 12 15 20
2 12 15 22
2 12 15 23
2 16 15 20
2 16 15 22
2 16 15 23
2 20 15 22
2 20 15 23
2 11 16 16
2 12 16 16
2 20 16 22
2 20 16 23
2 11 17 16
2 11 17 20
2 11 17 22
2 11 17 23
2 12 17 16
2 12 17 20
2 12 17 22
2 12 17 23
2 16 17 20
2 16 17 22
2 16 17 23
2 20 17 22
2 20 17 23
2 11 18 16
2 11 18 20
2 11 18 22
2 12 18 16
2 12 18 20
2 12 18 22
2 16 18 20
2 16 18 22
2 20 18 22
2 20 19 22
2 11 20 16
2 11 20 20
2 11 20 22
2 12 20 16
2 12 20 20
2 12 20 22
2 16 20 20
2 16 20 22
2 20 20 22
2 11 21 16
2 11 21 20
2 11 21 22
2 12 21 16
2 12 21 20
2 12 21 22
2 16 21 20
2 16 21 22
2 20 21 22
3 7 6 11
3 7 6 12
3 22 6 25
3 23 6 25
3 7 7 11
3 7 7 12
3 7 9 11
3 7 9 12
3 7 10 11
3 7 10 12
3 7 11 11
3 7 11 12
3 22 11 25
3 23 11 25
3 7 12 11
3 7 12 12
3 7 13 11
3 7 13 12
3 22 13 25
3 23 13 25
3 7 15 11
3 7 15 12
3 22 15 25
3 23 15 25
3 22 20 25
3 22 21 25
4 5 6 11
4 5 6 12
4 5 6 16
4 5 6 20
4 5 6 22
4 5 6 23
4 5 6 25
4 6 6 11
4 6 6 12
4 6 6 16
4 6 6 20
4 6 6 22
4 6 6 23
4 6 6 25
4 7 6 11
4 7 6 12
4 7 6 16
4 7 6 20
4 7 6 22
4 7 6 23
4 7 6 25
4 11 6 16
4 11 6 20
4 11 6 22
4 11 6 23
4 11 6 25
4 12 6 16
4 12 6 20
4 12 6 22
4 12 6 23
4 12 6 25
4 16 6 20
4 16 6 22
4 16 6 23
4 16 6 25
4 20 6 22
4 20 6 23
4 20 6 25
4 22 6 25
4 23 6 25
4 3 7 5
4 3 7 6
4 3 7 7
4 3 7 11
4 3 7 12
4 3 7 16
4 3 7 20
4 3 7 22
4 3 7 23
4 5 7 11
4 5 7 12
4 5 7 16
4 5 7 20
4 5 7 22
4 5 7 23
4 6 7 11
4 6 7 12
4 6 7 16
4 6 7 20
4 6 7 22
4 6 7 23
4 7 7 11
4 7 7 12
4 7 7 16
4 7 7 20
4 7 7 22
4 7 7 23
4 11 7 16
4 11 7 20
4 11 7 22
4 11 7 23
4 12 7 16
4 12 7 20
4 12 7 22
4 12 7 23
4 16 7 20
4 16 7 22
4 16 7 23
4 20 7 22
4 20 7 23
4 3 8 5
4 3 8 6
4 3 8 7
4 20 8 22
4 20 8 23
4 3 9 5
4 3 9 6
4 3 9 7
4 3 9 11
4 3 9 12
4 3 9 16
4 5 9 11
4 5 9 12
4 5 9 16
4 6 9 11
4 6 9 12
4 6 9 16
4 7 9 11
4 7 9 12
4 7 9 16
4 11 9 16
4 12 9 16
4 20 9 22
4 20 9 23
4 3 10 5
4 3 10 6
4 3 10 7
4 3 10 11
4 3 10 12
4 3 10 16
4 3 10 20
4 3 10 22
4 3 10 23
4 5 10 11
4 5 10 12
4 5 10 16
4 5 10 20
4 5 10 22
4 5 10 23
4 6 10 11
4 6 10 12
4 6 10 16
4 6 10 20
4 6 10 22
4 6 10 23
4 7 10 11
4 7 10 12
4 7 10 16
4 7 10 20
4 7 10 22
4 7 10 23
4 11 10 16
4 11 10 20
4 11 10 22
4 11 10 23
4 12 10 16
4 12 10 20
4 12 10 22
4 12 10 23
4 16 10 20
4 16 10 22
4 16 10 23
4 20 10 22
4 20 10 23
4 3 11 5
4 3 11 6
4 3 11 7
4 3 11 11
4 3 11 12
4 3 11 16
4 3 11 20
4 3 11 22
4 3 11 23
4 3 11 25
4 5 11 11
4 5 11 12
4 5 11 16
4 5 11 20
4 5 11 22
4 5 11 23
4 5 11 25
4 6 11 11
4 6 11 12
4 6 11 16
4 6 11 20
4 6 11 22
4 6 11 23
4 6 11 25
4 7 11 11
4 7 11 12
4 7 11 16
4 7 11 20
4 7 11 22
4 7 11 23
4 7 11 25
4 11 11 16
4 11 11 20
4 11 11 22
4 11 11 23
4 11 11 25
4 12 11 16
4 12 11 20
4 12 11 22
4 12 11 23
4 12 11 25
4 16 11 20
4 16 11 22
4 16 11 23
4 16 11 25
4 20 11 22
4 20 11 23
4 20 11 25
4 22 11 25
4 23 11 25
4 3 12 5
4 3 12 6
4 3 12 7
4 3 12 11
4 3 12 12
4 3 12 16
4 3 12 20
4 3 12 22
4 3 12 23
4 5 12 11
4 5 12 12
4 5 12 16
4 5 12 20
4 5 12 22
4 5 12 23
4 6 12 11
4 6 12 12
4 6 12 16
4 6 12 20
4 6 12 22
4 6 12 23
4 7 12 11
4 7 12 12
4 7 12 16
4 7 12 20
4 7 12 22
4 7 12 23
4 11 12 16
4 11 12 20
4 11 12 22
4 11 12 23
4 12 12 16
4 12 12 20
4 12 12 22
4 12 12 23
4 16 12 20
4 16 12 22
4 16 12 23
4 20 12 22
4 20 12 23
4 3 13 5
4 3 13 6
4 3 13 7
4 3 13 11
4 3 13 12
4 3 13 16
4 3 13 20
4 3 13 22
4 3 13 23
4 3 13 25
4 5 13 11
4 5 13 12
4 5 13 16
4 5 13 20
4 5 13 22
4 5 13 23
4 5 13 25
4 6 13 11
4 6 13 12
4 6 13 16
4 6 13 20
4 6 13 22
4 6 13 23
4 6 13 25
4 7 13 11
4 7 13 12
4 7 13 16
4 7 13 20
4 7 13 22
4 7 13 23
4 7 13 25
4 11 13 16
4 11 13 20
4 11 13 22
4 11 13 23
4 11 13 25
4 12 13 16
4 12 13 20
4 12 13 22
4 12 13 23
4 12 13 25
4 16 13 20
4 16 13 22
4 16 13 23
4 16 13 25
4 20 13 22
4 20 13 23
4 20 13 25
4 22 13 25
4 23 13 25
4 11 14 16
4 11 14 20
4 11 14 22
4 11 14 23
4 12 14 16
4 12 14 20
4 12 14 22
4 12 14 23
4 16 14 20
4 16 14 22
4 16 14 23
4 20 14 22
4 20 14 23
4 6 15 11
4 6 15 12
4 6 15 16
4 6 15 20
4 6 15 22
4 6 15 23
4 6 15 25
4 7 15 11
4 7 15 12
4 7 15 16
4 7 15 20
4 7 15 22
4 7 15 23
4 7 15 25
4 11 15 16
4 11 15 20
4 11 15 22
4 11 15 23
4 11 15 25
4 12 15 16
4 12 15 20
4 12 15 22
4 12 15 23
4 12 15 25
4 16 15 20
4 16 15 22
4 16 15 23
4 16 15 25
4 20 15 22
4 20 15 23
4 20 15 25
4 22 15 25
4 23 15 25
4 11 16 16
4 12 16 16
4 20 16 22
4 20 16 23
4 3 17 6
4 3 17 11
4 3 17 12
4 3 17 16
4 3 17 20
4 3 17 22
4 3 17 23
4 6 17 11
4 6 17 12
4 6 17 16
4 6 17 20
4 6 17 22
4 6 17 23
4 11 17 16
4 11 17 20
4 11 17 22
4 11 17 23
4 12 17 16
4 12 17 20
4 12 17 22
4 12 17 23
4 16 17 20
4 16 17 22
4 16 17 23
4 20 17 22
4 20 17 23
4 11 18 16
4 11 18 20
4 11 18 22
4 12 18 16
4 12 18 20
4 12 18 22
4 16 18 20
4 16 18 22
4 20 18 22
4 6 19 11
4 6 19 12
4 20 19 22
4 3 20 6
4 3 20 11
4 3 20 12
4 3 20 16
4 3 20 20
4 3 20 22
4 3 20 25
4 6 20 11
4 6 20 12
4 6 20 16
4 6 20 20
4 6 20 22
4 6 20 25
4 11 20 16
4 11 20 20
4 11 20 22
4 11 20 25
4 12 20 16
4 12 20 20
4 12 20 22
4 12 20 25
4 16 20 20
4 16 20 22
4 16 20 25
4 20 20 22
4 20 20 25
4 22 20 25
4 3 21 6
4 3 21 11
4 3 21 12
4 3 21 16
4 3 21 20
4 3 21 22
4 3 21 25
4 6 21 11
4 6 21 12
4 6 21 16
4 6 21 20
4 6 21 22
4 6 21 25
4 11 21 16
4 11 21 20
4 11 21 22
4 11 21 25
4 12 21 16
4 12 21 20
4 12 21 22
4 12 21 25
4 16 21 20
4 16 21 22
4 16 21 25
4 20 21 22
4 20 21 25
4 22 21 25
6 5 9 9
6 5 9 10
6 5 9 11
6 5 9 12
6 5 9 16
6 6 9 9
6 6 9 10
6 6 9 11
6 6 9 12
6 6 9 16
6 7 9 9
6 7 9 10
6 7 9 11
6 7 9 12
6 7 9 16
6 9 9 16
6 10 9 16
6 11 9 16
6 12 9 16
6 5 10 9
6 5 10 10
6 5 10 11
6 5 10 12
6 5 10 16
6 5 10 20
6 5 10 21
6 5 10 22
6 5 10 23
6 6 10 9
6 6 10 10
6 6 10 11
6 6 10 12
6 6 10 16
6 6 10 20
6 6 10 21
6 6 10 22
6 6 10 23
6 7 10 9
6 7 10 10
6 7 10 11
6 7 10 12
6 7 10 16
6 7 10 20
6 7 10 21
6 7 10 22
6 7 10 23
6 9 10 16
6 9 10 20
6 9 10 21
6 9 10 22
6 9 10 23
6 10 10 16
6 10 10 20
6 10 10 21
6 10 10 22
6 10 10 23
6 11 10 16
6 11 10 20
6 11 10 21
6 11 10 22
6 11 10 23
6 12 10 16
6 12 10 20
6 12 10 21
6 12 10 22
6 12 10 23
6 16 10 20
6 16 10 21
6 16 10 22
6 16 10 23
6 5 11 9
6 5 11 10
6 5 11 11
6 5 11 12
6 5 11 16
6 5 11 20
6 5 11 21
6 5 11 22
6 5 11 23
6 5 11 25
6 6 11 9
6 6 11 10
6 6 11 11
6 6 11 12
6 6 11 16
6 6 11 20
6 6 11 21
6 6 11 22
6 6 11 23
6 6 11 25
6 7 11 9
6 7 11 10
6 7 11 11
6 7 11 12
6 7 11 16
6 7 11 20
6 7 11 21
6 7 11 22
6 7 11 23
6 7 11 25
6 9 11 16
6 9 11 20
6 9 11 21
6 9 11 22
6 9 11 23
6 9 11 25
6 10 11 16
6 10 11 20
6 10 11 21
6 10 11 22
6 10 11 23
6 10 11 25
6 11 11 16
6 11 11 20
6 11 11 21
6 11 11 22
6 11 11 23
6 11 11 25
6 12 11 16
6 12 11 20
6 12 11 21
6 12 11 22
6 12 11 23
6 12 11 25
6 16 11 20
6 16 11 21
6 16 11 22
6 16 11 23
6 16 11 25
6 20 11 25
6 21 11 25
6 22 11 25
6 23 11 25
6 5 12 9
6 5 12 10
6 5 12 11
6 5 12 12
6 5 12 16
6 5 12 20
6 5 12 21
6 5 12 22
6 5 12 23
6 6 12 9
6 6 12 10
6 6 12 11
6 6 12 12
6 6 12 16
6 6 12 20
6 6 12 21
6 6 12 22
6 6 12 23
6 7 12 9
6 7 12 10
6 7 12 11
6 7 12 12
6 7 12 16
6 7 12 20
6 7 12 21
6 7 12 22
6 7 12 23
6 9 12 16
6 9 12 20
6 9 12 21
6 9 12 22
6 9 12 23
6 10 12 16
6 10 12 20
6 10 12 21
6 10 12 22
6 10 12 23
6 11 12 16
6 11 12 20
6 11 12 21
6 11 12 22
6 11 12 23
6 12 12 16
6 12 12 20
6 12 12 21
6 12 12 22
6 12 12 23
6 16 12 20
6 16 12 21
6 16 12 22
6 16 12 23
6 5 13 9
6 5 13 10
6 5 13 11
6 5 13 12
6 5 13 16
6 5 13 20
6 5 13 21
6 5 13 22
6 5 13 23
6 5 13 25
6 6 13 9
6 6 13 10
6 6 13 11
6 6 13 12
6 6 13 16
6 6 13 20
6 6 13 21
6 6 13 22
6 6 13 23
6 6 13 25
6 7 13 9
6 7 13 10
6 7 13 11
6 7 13 12
6 7 13 16
6 7 13 20
6 7 13 21
6 7 13 22
6 7 13 23
6 7 13 25
6 9 13 16
6 9 13 20
6 9 13 21
6 9 13 22
6 9 13 23
6 9 13 25
6 10 13 16
6 10 13 20
6 10 13 21
6 10 13 22
6 10 13 23
6 10 13 25
6 11 13 16
6 11 13 20
6 11 13 21
6 11 13 22
6 11 13 23
6 11 13 25
6 12 13 16
6 12 13 20
6 12 13 21
6 12 13 22
6 12 13 23
6 12 13 25
6 16 13 20
6 16 13 21
6 16 13 22
6 16 13 23
6 16 13 25
6 20 13 25
6 21 13 25
6 22 13 25
6 23 13 25
6 9 14 16
6 9 14 20
6 9 14 21
6 9 14 22
6 9 14 23
6 10 14 16
6 10 14 20
6 10 14 21
6 10 14 22
6 10 14 23
6 11 14 16
6 11 14 20
6 11 14 21
6 11 14 22
6 11 14 23
6 12 14 16
6 12 14 20
6 12 14 21
6 12 14 22
6 12 14 23
6 16 14 20
6 16 14 21
6 16 14 22
6 16 14 23
6 6 15 9
6 6 15 10
6 6 15 11
6 6 15 12
6 6 15 16
6 6 15 20
6 6 15 21
6 6 15 22
6 6 15 23
6 6 15 25
6 7 15 9
6 7 15 10
6 7 15 11
6 7 15 12
6 7 15 16
6 7 15 20
6 7 15 21
6 7 15 22
6 7 15 23
6 7 15 25
6 9 15 16
6 9 15 20
6 9 15 21
6 9 15 22
6 9 15 23
6 9 15 25
6 10 15 16
6 10 15 20
6 10 15 21
6 10 15 22
6 10 15 23
6 10 15 25
6 11 15 16
6 11 15 20
6 11 15 21
6 11 15 22
6 11 15 23
6 11 15 25
6 12 15 16
6 12 15 20
6 12 15 21
6 12 15 22
6 12 15 23
6 12 15 25
6 16 15 20
6 16 15 21
6 16 15 22
6 16 15 23
6 16 15 25
6 20 15 25
6 21 15 25
6 22 15 25
6 23 15 25
6 9 16 16
6 10 16 16
6 11 16 16
6 12 16 16
6 6 17 9
6 6 17 10
6 6 17 11
6 6 17 12
6 6 17 16
6 6 17 20
6 6 17 21
6 6 17 22
6 6 17 23
6 9 17 16
6 9 17 20
6 9 17 21
6 9 17 22
6 9 17 23
6 10 17 16
6 10 17 20
6 10 17 21
6 10 17 22
6 10 17 23
6 11 17 16
6 11 17 20
6 11 17 21
6 11 17 22
6 11 17 23
6 12 17 16
6 12 17 20
6 12 17 21
6 12 17 22
6 12 17 23
6 16 17 20
6 16 17 21
6 16 17 22
6 16 17 23
6 10 18 16
6 10 18 20
6 10 18 21
6 10 18 22
6 11 18 16
6 11 18 20
6 11 18 21
6 11 18 22
6 12 18 16
6 12 18 20
6 12 18 21
6 12 18 22
6 16 18 20
6 16 18 21
6 16 18 22
6 6 19 10
6 6 19 11
6 6 19 12
6 6 20 10
6 6 20 11
6 6 20 12
6 6 20 16
6 6 20 20
6 6 20 21
6 6 20 22
6 6 20 25
6 10 20 16
6 10 20 20
6 10 20 21
6 10 20 22
6 10 20 25
6 11 20 16
6 11 20 20
6 11 20 21
6 11 20 22
6 11 20 25
6 12 20 16
6 12 20 20
6 12 20 21
6 12 20 22
6 12 20 25
6 16 20 20
6 16 20 21
6 16 20 22
6 16 20 25
6 20 20 25
6 21 20 25
6 22 20 25
6 6 21 10
6 6 21 11
6 6 21 12
6 6 21 16
6 6 21 20
6 6 21 21
6 6 21 22
6 6 21 25
6 10 21 16
6 10 21 20
6 10 21 21
6 10 21 22
6 10 21 25
6 11 21 16
6 11 21 20
6 11 21 21
6 11 21 22
6 11 21 25
6 12 21 16
6 12 21 20
6 12 21 21
6 12 21 22
6 12 21 25
6 16 21 20
6 16 21 21
6 16 21 22
6 16 21 25
6 20 21 25
6 21 21 25
6 22 21 25
7 2 9 9
7 2 9 10
7 2 9 11
7 2 9 12
7 2 9 16
7 3 9 9
7 3 9 10
7 3 9 11
7 3 9 12
7 3 9 16
7 4 9 9
7 4 9 10
7 4 9 11
7 4 9 12
7 4 9 16
7 5 9 9
7 5 9 10
7 5 9 11
7 5 9 12
7 5 9 16
7 6 9 9
7 6 9 10
7 6 9 11
7 6 9 12
7 6 9 16
7 7 9 9
7 7 9 10
7 7 9 11
7 7 9 12
7 7 9 16
7 9 9 16
7 10 9 16
7 11 9 16
7 12 9 16
7 2 10 9
7 2 10 10
7 2 10 11
7 2 10 12
7 2 10 16
7 2 10 20
7 2 10 21
7 2 10 22
7 2 10 23
7 3 10 9
7 3 10 10
7 3 10 11
7 3 10 12
7 3 10 16
7 3 10 20
7 3 10 21
7 3 10 22
7 3 10 23
7 4 10 9
7 4 10 10
7 4 10 11
7 4 10 12
7 4 10 16
7 4 10 20
7 4 10 21
7 4 10 22
7 4 10 23
7 5 10 9
7 5 10 10
7 5 10 11
7 5 10 12
7 5 10 16
7 5 10 20
7 5 10 21
7 5 10 22
7 5 10 23
7 6 10 9
7 6 10 10
7 6 10 11
7 6 10 12
7 6 10 16
7 6 10 20
7 6 10 21
7 6 10 22
7 6 10 23
7 7 10 9
7 7 10 10
7 7 10 11
7 7 10 12
7 7 10 16
7 7 10 20
7 7 10 21
7 7 10 22
7 7 10 23
7 9 10 16
7 9 10 20
7 9 10 21
7 9 10 22
7 9 10 23
7 10 10 16
7 10 10 20
7 10 10 21
7 10 10 22
7 10 10 23
7 11 10 16
7 11 10 20
7 11 10 21
7 11 10 22
7 11 10 23
7 12 10 16
7 12 10 20
7 12 10 21
7 12 10 22
7 12 10 23
7 16 10 20
7 16 10 21
7 16 10 22
7 16 10 23
7 2 11 9
7 2 11 10
7 2 11 11
7 2 11 12
7 2 11 16
7 2 11 20
7 2 11 21
7 2 11 22
7 2 11 23
7 3 11 9
7 3 11 10
7 3 11 11
7 3 11 12
7 3 11 16
7 3 11 20
7 3 11 21
7 3 11 22
7 3 11 23
7 4 11 9
7 4 11 10
7 4 11 11
7 4 11 12
7 4 11 16
7 4 11 20
7 4 11 21
7 4 11 22
7 4 11 23
7 5 11 9
7 5 11 10
7 5 11 11
7 5 11 12
7 5 11 16
7 5 11 20
7 5 11 21
7 5 11 22
7 5 11 23
7 6 11 9
7 6 11 10
7 6 11 11
7 6 11 12
7 6 11 16
7 6 11 20
7 6 11 21
7 6 11 22
7 6 11 23
7 7 11 9
7 7 11 10
7 7 11 11
7 7 11 12
7 7 11 16
7 7 11 20
7 7 11 21
7 7 11 22
7 7 11 23
7 9 11 16
7 9 11 20
7 9 11 21
7 9 11 22
7 9 11 23
7 10 11 16
7 10 11 20
7 10 11 21
7 10 11 22
7 10 11 23
7 11 11 16
7 11 11 20
7 11 11 21
7 11 11 22
7 11 11 23
7 12 11 16
7 12 11 20
7 12 11 21
7 12 11 22
7 12 11 23
7 16 11 20
7 16 11 21
7 16 11 22
7 16 11 23
7 2 12 9
7 2 12 10
7 2 12 11
7 2 12 12
7 2 12 16
7 2 12 20
7 2 12 21
7 2 12 22
7 2 12 23
7 3 12 9
7 3 12 10
7 3 12 11
7 3 12 12
7 3 12 16
7 3 12 20
7 3 12 21
7 3 12 22
7 3 12 23
7 4 12 9
7 4 12 10
7 4 12 11
7 4 12 12
7 4 12 16
7 4 12 20
7 4 12 21
7 4 12 22
7 4 12 23
7 5 12 9
7 5 12 10
7 5 12 11
7 5 12 12
7 5 12 16
7 5 12 20
7 5 12 21
7 5 12 22
7 5 12 23
7 6 12 9
7 6 12 10
7 6 12 11
7 6 12 12
7 6 12 16
7 6 12 20
7 6 12 21
7 6 12 22
7 6 12 23
7 7 12 9
7 7 12 10
7 7 12 11
7 7 12 12
7 7 12 16
7 7 12 20
7 7 12 21
7 7 12 22
7 7 12 23
7 9 12 16
7 9 12 20
7 9 12 21
7 9 12 22
7 9 12 23
7 10 12 16
7 10 12 20
7 10 12 21
7 10 12 22
7 10 12 23
7 11 12 16
7 11 12 20
7 11 12 21
7 11 12 22
7 11 12 23
7 12 12 16
7 12 12 20
7 12 12 21
7 12 12 22
7 12 12 23
7 16 12 20
7 16 12 21
7 16 12 22
7 16 12 23
7 2 13 9
7 2 13 10
7 2 13 11
7 2 13 12
7 2 13 16
7 2 13 20
7 2 13 21
7 2 13 22
7 2 13 23
7 3 13 9
7 3 13 10
7 3 13 11
7 3 13 12
7 3 13 16
7 3 13 20
7 3 13 21
7 3 13 22
7 3 13 23
7 4 13 9
7 4 13 10
7 4 13 11
7 4 13 12
7 4 13 16
7 4 13 20
7 4 13 21
7 4 13 22
7 4 13 23
7 5 13 9
7 5 13 10
7 5 13 11
7 5 13 12
7 5 13 16
7 5 13 20
7 5 13 21
7 5 13 22
7 5 13 23
7 6 13 9
7 6 13 10
7 6 13 11
7 6 13 12
7 6 13 16
7 6 13 20
7 6 13 21
7 6 13 22
7 6 13 23
7 7 13 9
7 7 13 10
7 7 13 11
7 7 13 12
7 7 13 16
7 7 13 20
7 7 13 21
7 7 13 22
7 7 13 23
7 9 13 16
7 9 13 20
7 9 13 21
7 9 13 22
7 9 13 23
7 10 13 16
7 10 13 20
7 10 13 21
7 10 13 22
7 10 13 23
7 11 13 16
7 11 13 20
7 11 13 21
7 11 13 22
7 11 13 23
7 12 13 16
7 12 13 20
7 12 13 21
7 12 13 22
7 12 13 23
7 16 13 20
7 16 13 21
7 16 13 22
7 16 13 23
7 9 14 16
7 9 14 20
7 9 14 21
7 9 14 22
7 9 14 23
7 10 14 16
7 10 14 20
7 10 14 21
7 10 14 22
7 10 14 23
7 11 14 16
7 11 14 20
7 11 14 21
7 11 14 22
7 11 14 23
7 12 14 16
7 12 14 20
7 12 14 21
7 12 14 22
7 12 14 23
7 16 14 20
7 16 14 21
7 16 14 22
7 16 14 23
7 6 15 9
7 6 15 10
7 6 15 11
7 6 15 12
7 6 15 16
7 6 15 20
7 6 15 21
7 6 15 22
7 6 15 23
7 7 15 9
7 7 15 10
7 7 15 11
7 7 15 12
7 7 15 16
7 7 15 20
7 7 15 21
7 7 15 22
7 7 15 23
7 9 15 16
7 9 15 20
7 9 15 21
7 9 15 22
7 9 15 23
7 10 15 16
7 10 15 20
7 10 15 21
7 10 15 22
7 10 15 23
7 11 15 16
7 11 15 20
7 11 15 21
7 11 15 22
7 11 15 23
7 12 15 16
7 12 15 20
7 12 15 21
7 12 15 22
7 12 15 23
7 16 15 20
7 16 15 21
7 16 15 22
7 16 15 23
7 9 16 16
7 10 16 16
7 11 16 16
7 12 16 16
7 3 17 6
7 3 17 9
7 3 17 10
7 3 17 11
7 3 17 12
7 3 17 16
7 3 17 20
7 3 17 21
7 3 17 22
7 3 17 23
7 4 17 6
7 4 17 9
7 4 17 10
7 4 17 11
7 4 17 12
7 4 17 16
7 4 17 20
7 4 17 21
7 4 17 22
7 4 17 23
7 6 17 9
7 6 17 10
7 6 17 11
7 6 17 12
7 6 17 16
7 6 17 20
7 6 17 21
7 6 17 22
7 6 17 23
7 9 17 16
7 9 17 20
7 9 17 21
7 9 17 22
7 9 17 23
7 10 17 16
7 10 17 20
7 10 17 21
7 10 17 22
7 10 17 23
7 11 17 16
7 11 17 20
7 11 17 21
7 11 17 22
7 11 17 23
7 12 17 16
7 12 17 20
7 12 17 21
7 12 17 22
7 12 17 23
7 16 17 20
7 16 17 21
7 16 17 22
7 16 17 23
7 10 18 16
7 10 18 20
7 10 18 21
7 10 18 22
7 11 18 16
7 11 18 20
7 11 18 21
7 11 18 22
7 12 18 16
7 12 18 20
7 12 18 21
7 12 18 22
7 16 18 20
7 16 18 21
7 16 18 22
7 6 19 10
7 6 19 11
7 6 19 12
7 3 20 6
7 3 20 10
7 3 20 11
7 3 20 12
7 3 20 16
7 3 20 20
7 3 20 21
7 3 20 22
7 4 20 6
7 4 20 10
7 4 20 11
7 4 20 12
7 4 20 16
7 4 20 20
7 4 20 21
7 4 20 22
7 6 20 10
7 6 20 11
7 6 20 12
7 6 20 16
7 6 20 20
7 6 20 21
7 6 20 22
7 10 20 16
7 10 20 20
7 10 20 21
7 10 20 22
7 11 20 16
7 11 20 20
7 11 20 21
7 11 20 22
7 12 20 16
7 12 20 20
7 12 20 21
7 12 20 22
7 16 20 20
7 16 20 21
7 16 20 22
7 3 21 6
7 3 21 10
7 3 21 11
7 3 21 12
7 3 21 16
7 3 21 20
7 3 21 21
7 3 21 22
7 4 21 6
7 4 21 10
7 4 21 11
7 4 21 12
7 4 21 16
7 4 21 20
7 4 21 21
7 4 21 22
7 6 21 10
7 6 21 11
7 6 21 12
7 6 21 16
7 6 21 20
7 6 21 21
7 6 21 22
7 10 21 16
7 10 21 20
7 10 21 21
7 10 21 22
7 11 21 16
7 11 21 20
7 11 21 21
7 11 21 22
7 12 21 16
7 12 21 20
7 12 21 21
7 12 21 22
7 16 21 20
7 16 21 21
7 16 21 22
8 3 17 6
8 4 17 6
8 3 20 6
8 4 20 6
8 3 21 6
8 4 21 6
9 6 15 9
9 6 15 10
9 6 15 11
9 6 15 12
9 6 15 13
9 6 15 14
9 6 15 15
9 6 15 16
9 7 15 9
9 7 15 10
9 7 15 11
9 7 15 12
9 7 15 13
9 7 15 14
9 7 15 15
9 7 15 16
9 3 17 6
9 3 17 9
9 3 17 10
9 3 17 11
9 3 17 12
9 3 17 13
9 3 17 14
9 3 17 15
9 3 17 16
9 4 17 6
9 4 17 9
9 4 17 10
9 4 17 11
9 4 17 12
9 4 17 13
9 4 17 14
9 4 17 15
9 4 17 16
9 6 17 9
9 6 17 10
9 6 17 11
9 6 17 12
9 6 17 13
9 6 17 14
9 6 17 15
9 6 17 16
9 6 19 10
9 6 19 11
9 6 19 12
9 6 19 13
9 3 20 6
9 3 20 10
9 3 20 11
9 3 20 12
9 3 20 13
9 3 20 15
9 3 20 16
9 4 20 6
9 4 20 10
9 4 20 11
9 4 20 12
9 4 20 13
9 4 20 15
9 4 20 16
9 6 20 10
9 6 20 11
9 6 20 12
9 6 20 13
9 6 20 15
9 6 20 16
9 10 20 15
9 10 20 16
9 11 20 15
9 11 20 16
9 12 20 15
9 12 20 16
9 13 20 15
9 13 20 16
9 3 21 6
9 3 21 10
9 3 21 11
9 3 21 12
9 3 21 13
9 3 21 15
9 3 21 16
9 4 21 6
9 4 21 10
9 4 21 11
9 4 21 12
9 4 21 13
9 4 21 15
9 4 21 16
9 6 21 10
9 6 21 11
9 6 21 12
9 6 21 13
9 6 21 15
9 6 21 16
9 10 21 15
9 10 21 16
9 11 21 15
9 11 21 16
9 12 21 15
9 12 21 16
9 13 21 15
9 13 21 16
10 6 15 9
10 6 15 10
10 6 15 11
10 6 15 12
10 6 15 13
10 6 15 14
10 6 15 15
10 6 15 16
10 6 15 17
10 6 15 18
10 6 15 19
10 6 15 20
10 6 15 21
10 6 15 22
10 6 15 23
10 7 15 9
10 7 15 10
10 7 15 11
10 7 15 12
10 7 15 13
10 7 15 14
10 7 15 15
10 7 15 16
10 7 15 17
10 7 15 18
10 7 15 19
10 7 15 20
10 7 15 21
10 7 15 22
10 7 15 23
10 3 17 6
10 3 17 9
10 3 17 10
10 3 17 11
10 3 17 12
10 3 17 13
10 3 17 14
10 3 17 15
10 3 17 16
10 3 17 17
10 3 17 20
10 3 17 21
10 3 17 22
10 3 17 23
10 4 17 6
10 4 17 9
10 4 17 10
10 4 17 11
10 4 17 12
10 4 17 13
10 4 17 14
10 4 17 15
10 4 17 16
10 4 17 17
10 4 17 20
10 4 17 21
10 4 17 22
10 4 17 23
10 6 17 9
10 6 17 10
10 6 17 11
10 6 17 12
10 6 17 13
10 6 17 14
10 6 17 15
10 6 17 16
10 6 17 17
10 6 17 20
10 6 17 21
10 6 17 22
10 6 17 23
10 9 17 20
10 9 17 21
10 9 17 22
10 9 17 23
10 10 17 20
10 10 17 21
10 10 17 22
10 10 17 23
10 11 17 20
10 11 17 21
10 11 17 22
10 11 17 23
10 12 17 20
10 12 17 21
10 12 17 22
10 12 17 23
10 13 17 20
10 13 17 21
10 13 17 22
10 13 17 23
10 14 17 20
10 14 17 21
10 14 17 22
10 14 17 23
10 15 17 20
10 15 17 21
10 15 17 22
10 15 17 23
10 16 17 20
10 16 17 21
10 16 17 22
10 16 17 23
10 17 17 20
10 17 17 21
10 17 17 22
10 17 17 23
10 10 18 20
10 10 18 21
10 10 18 22
10 11 18 20
10 11 18 21
10 11 18 22
10 12 18 20
10 12 18 21
10 12 18 22
10 13 18 20
10 13 18 21
10 13 18 22
10 14 18 20
10 14 18 21
10 14 18 22
10 15 18 20
10 15 18 21
10 15 18 22
10 16 18 20
10 16 18 21
10 16 18 22
10 17 18 20
10 17 18 21
10 17 18 22
10 6 19 10
10 6 19 11
10 6 19 12
10 6 19 13
10 3 20 6
10 3 20 10
10 3 20 11
10 3 20 12
10 3 20 13
10 3 20 15
10 3 20 16
10 3 20 20
10 3 20 21
10 3 20 22
10 4 20 6
10 4 20 10
10 4 20 11
10 4 20 12
10 4 20 13
10 4 20 15
10 4 20 16
10 4 20 20
10 4 20 21
10 4 20 22
10 6 20 10
10 6 20 11
10 6 20 12
10 6 20 13
10 6 20 15
10 6 20 16
10 6 20 20
10 6 20 21
10 6 20 22
10 10 20 15
10 10 20 16
10 10 20 20
10 10 20 21
10 10 20 22
10 11 20 15
10 11 20 16
10 11 20 20
10 11 20 21
10 11 20 22
10 12 20 15
10 12 20 16
10 12 20 20
10 12 20 21
10 12 20 22
10 13 20 15
10 13 20 16
10 13 20 20
10 13 20 21
10 13 20 22
10 15 20 20
10 15 20 21
10 15 20 22
10 16 20 20
10 16 20 21
10 16 20 22
10 3 21 6
10 3 21 10
10 3 21 11
10 3 21 12
10 3 21 13
10 3 21 15
10 3 21 16
10 3 21 20
10 3 21 21
10 3 21 22
10 4 21 6
10 4 21 10
10 4 21 11
10 4 21 12
10 4 21 13
10 4 21 15
10 4 21 16
10 4 21 20
10 4 21 21
10 4 21 22
10 6 21 10
10 6 21 11
10 6 21 12
10 6 21 13
10 6 21 15
10 6 21 16
10 6 21 20
10 6 21 21
10 6 21 22
10 10 21 15
10 10 21 16
10 10 21 20
10 10 21 21
10 10 21 22
10 11 21 15
10 11 21 16
10 11 21 20
10 11 21 21
10 11 21 22
10 12 21 15
10 12 21 16
10 12 21 20
10 12 21 21
10 12 21 22
10 13 21 15
10 13 21 16
10 13 21 20
10 13 21 21
10 13 21 22
10 15 21 20
10 15 21 21
10 15 21 22
10 16 21 20
10 16 21 21
10 16 21 22
11 2 13 25
11 3 13 25
11 4 13 25
11 5 13 25
11 6 13 25
11 7 13 25
11 8 13 25
11 9 13 25
11 10 13 25
11 11 13 25
11 12 13 25
11 13 13 25
11 14 13 25
11 15 13 25
11 16 13 25
11 17 13 25
11 18 13 25
11 19 13 25
11 20 13 25
11 21 13 25
11 22 13 25
11 23 13 25
11 6 15 9
11 6 15 10
11 6 15 11
11 6 15 12
11 6 15 13
11 6 15 14
11 6 15 15
11 6 15 16
11 6 15 17
11 6 15 18
11 6 15 19
11 6 15 20
11 6 15 21
11 6 15 22
11 6 15 23
11 6 15 25
11 7 15 9
11 7 15 10
11 7 15 11
11 7 15 12
11 7 15 13
11 7 15 14
11 7 15 15
11 7 15 16
11 7 15 17
11 7 15 18
11 7 15 19
11 7 15 20
11 7 15 21
11 7 15 22
11 7 15 23
11 7 15 25
11 9 15 25
11 10 15 25
11 11 15 25
11 12 15 25
11 13 15 25
11 14 15 25
11 15 15 25
11 16 15 25
11 17 15 25
11 18 15 25
11 19 15 25
11 20 15 25
11 21 15 25
11 22 15 25
11 23 15 25
11 3 17 6
11 3 17 9
11 3 17 10
11 3 17 11
11 3 17 12
11 3 17 13
11 3 17 14
11 3 17 15
11 3 17 16
11 3 17 17
11 3 17 20
11 3 17 21
11 3 17 22
11 3 17 23
11 4 17 6
11 4 17 9
11 4 17 10
11 4 17 11
11 4 17 12
11 4 17 13
11 4 17 14
11 4 17 15
11 4 17 16
11 4 17 17
11 4 17 20
11 4 17 21
11 4 17 22
11 4 17 23
11 6 17 9
11 6 17 10
11 6 17 11
11 6 17 12
11 6 17 13
11 6 17 14
11 6 17 15
11 6 17 16
11 6 17 17
11 6 17 20
11 6 17 21
11 6 17 22
11 6 17 23
11 9 17 20
11 9 17 21
11 9 17 22
11 9 17 23
11 10 17 20
11 10 17 21
11 10 17 22
11 10 17 23
11 11 17 20
11 11 17 21
11 11 17 22
11 11 17 23
11 12 17 20
11 12 17 21
11 12 17 22
11 12 17 23
11 13 17 20
11 13 17 21
11 13 17 22
11 13 17 23
11 14 17 20
11 14 17 21
11 14 17 22
11 14 17 23
11 15 17 20
11 15 17 21
11 15 17 22
11 15 17 23
11 16 17 20
11 16 17 21
11 16 17 22
11 16 17 23
11 17 17 20
11 17 17 21
11 17 17 22
11 17 17 23
11 10 18 20
11 10 18 21
11 10 18 22
11 11 18 20
11 11 18 21
11 11 18 22
11 12 18 20
11 12 18 21
11 12 18 22
11 13 18 20
11 13 18 21
11 13 18 22
11 14 18 20
11 14 18 21
11 14 18 22
11 15 18 20
11 15 18 21
11 15 18 22
11 16 18 20
11 16 18 21
11 16 18 22
11 17 18 20
11 17 18 21
11 17 18 22
11 6 19 10
11 6 19 11
11 6 19 12
11 6 19 13
11 3 20 6
11 3 20 10
11 3 20 11
11 3 20 12
11 3 20 13
11 3 20 15
11 3 20 16
11 3 20 20
11 3 20 21
11 3 20 22
11 3 20 25
11 4 20 6
11 4 20 10
11 4 20 11
11 4 20 12
11 4 20 13
11 4 20 15
11 4 20 16
11 4 20 20
11 4 20 21
11 4 20 22
11 4 20 25
11 6 20 10
11 6 20 11
11 6 20 12
11 6 20 13
11 6 20 15
11 6 20 16
11 6 20 20
11 6 20 21
11 6 20 22
11 6 20 25
11 10 20 15
11 10 20 16
11 10 20 20
11 10 20 21
11 10 20 22
11 10 20 25
11 11 20 15
11 11 20 16
11 11 20 20
11 11 20 21
11 11 20 22
11 11 20 25
11 12 20 15
11 12 20 16
11 12 20 20
11 12 20 21
11 12 20 22
11 12 20 25
11 13 20 15
11 13 20 16
11 13 20 20
11 13 20 21
11 13 20 22
11 13 20 25
11 15 20 20
11 15 20 21
11 15 20 22
11 15 20 25
11 16 20 20
11 16 20 21
11 16 20 22
11 16 20 25
11 20 20 25
11 21 20 25
11 22 20 25
11 3 21 6
11 3 21 10
11 3 21 11
11 3 21 12
11 3 21 13
11 3 21 15
11 3 21 16
11 3 21 20
11 3 21 21
11 3 21 22
11 3 21 25
11 4 21 6
11 4 21 10
11 4 21 11
11 4 21 12
11 4 21 13
11 4 21 15
11 4 21 16
11 4 21 20
11 4 21 21
11 4 21 22
11 4 21 25
11 6 21 10
11 6 21 11
11 6 21 12
11 6 21 13
11 6 21 15
11 6 21 16
11 6 21 20
11 6 21 21
11 6 21 22
11 6 21 25
11 10 21 15
11 10 21 16
11 10 21 20
11 10 21 21
11 10 21 22
11 10 21 25
11 11 21 15
11 11 21 16
11 11 21 20
11 11 21 21
11 11 21 22
11 11 21 25
11 12 21 15
11 12 21 16
11 12 21 20
11 12 21 21
11 12 21 22
11 12 21 25
11 13 21 15
11 13 21 16
11 13 21 20
11 13 21 21
11 13 21 22
11 13 21 25
11 15 21 20
11 15 21 21
11 15 21 22
11 15 21 25
11 16 21 20
11 16 21 21
11 16 21 22
11 16 21 25
11 20 21 25
11 21 21 25
11 22 21 25
12 6 15 9
12 6 15 10
12 6 15 11
12 6 15 12
12 6 15 13
12 6 15 14
12 6 15 15
12 6 15 16
12 6 15 17
12 6 15 18
12 6 15 19
12 6 15 20
12 6 15 21
12 6 15 22
12 6 15 23
12 7 15 9
12 7 15 10
12 7 15 11
12 7 15 12
12 7 15 13
12 7 15 14
12 7 15 15
12 7 15 16
12 7 15 17
12 7 15 18
12 7 15 19
12 7 15 20
12 7 15 21
12 7 15 22
12 7 15 23
12 3 17 6
12 3 17 9
12 3 17 10
12 3 17 11
12 3 17 12
12 3 17 13
12 3 17 14
12 3 17 15
12 3 17 16
12 3 17 17
12 3 17 20
12 3 17 21
12 3 17 22
12 3 17 23
12 4 17 6
12 4 17 9
12 4 17 10
12 4 17 11
12 4 17 12
12 4 17 13
12 4 17 14
12 4 17 15
12 4 17 16
12 4 17 17
12 4 17 20
12 4 17 21
12 4 17 22
12 4 17 23
12 6 17 9
12 6 17 10
12 6 17 11
12 6 17 12
12 6 17 13
12 6 17 14
12 6 17 15
12 6 17 16
12 6 17 17
12 6 17 20
12 6 17 21
12 6 17 22
12 6 17 23
12 9 17 20
12 9 17 21
12 9 17 22
12 9 17 23
12 10 17 20
12 10 17 21
12 10 17 22
12 10 17 23
12 11 17 20
12 11 17 21
12 11 17 22
12 11 17 23
12 12 17 20
12 12 17 21
12 12 17 22
12 12 17 23
12 13 17 20
12 13 17 21
12 13 17 22
12 13 17 23
12 14 17 20
12 14 17 21
12 14 17 22
12 14 17 23
12 15 17 20
12 15 17 21
12 15 17 22
12 15 17 23
12 16 17 20
12 16 17 21
12 16 17 22
12 16 17 23
12 17 17 20
12 17 17 21
12 17 17 22
12 17 17 23
12 10 18 20
12 10 18 21
12 10 18 22
12 11 18 20
12 11 18 21
12 11 18 22
12 12 18 20
12 12 18 21
12 12 18 22
12 13 18 20
12 13 18 21
12 13 18 22
12 14 18 20
12 14 18 21
12 14 18 22
12 15 18 20
12 15 18 21
12 15 18 22
12 16 18 20
12 16 18 21
12 16 18 22
12 17 18 20
12 17 18 21
12 17 18 22
12 6 19 10
12 6 19 11
12 6 19 12
12 6 19 13
12 3 20 6
12 3 20 10
12 3 20 11
12 3 20 12
12 3 20 13
12 3 20 15
12 3 20 16
12 3 20 20
12 3 20 21
12 3 20 22
12 4 20 6
12 4 20 10
12 4 20 11
12 4 20 12
12 4 20 13
12 4 20 15
12 4 20 16
12 4 20 20
12 4 20 21
12 4 20 22
12 6 20 10
12 6 20 11
12 6 20 12
12 6 20 13
12 6 20 15
12 6 20 16
12 6 20 20
12 6 20 21
12 6 20 22
12 10 20 15
12 10 20 16
12 10 20 20
12 10 20 21
12 10 20 22
12 11 20 15
12 11 20 16
12 11 20 20
12 11 20 21
12 11 20 22
12 12 20 15
12 12 20 16
12 12 20 20
12 12 20 21
12 12 20 22
12 13 20 15
12 13 20 16
12 13 20 20
12 13 20 21
12 13 20 22
12 15 20 20
12 15 20 21
12 15 20 22
12 16 20 20
12 16 20 21
12 16 20 22
12 3 21 6
12 3 21 10
12 3 21 11
12 3 21 12
12 3 21 13
12 3 21 15
12 3 21 16
12 3 21 20
12 3 21 21
12 3 21 22
12 4 21 6
12 4 21 10
12 4 21 11
12 4 21 12
12 4 21 13
12 4 21 15
12 4 21 16
12 4 21 20
12 4 21 21
12 4 21 22
12 6 21 10
12 6 21 11
12 6 21 12
12 6 21 13
12 6 21 15
12 6 21 16
12 6 21 20
12 6 21 21
12 6 21 22
12 10 21 15
12 10 21 16
12 10 21 20
12 10 21 21
12 10 21 22
12 11 21 15
12 11 21 16
12 11 21 20
12 11 21 21
12 11 21 22
12 12 21 15
12 12 21 16
12 12 21 20
12 12 21 21
12 12 21 22
12 13 21 15
12 13 21 16
12 13 21 20
12 13 21 21
12 13 21 22
12 15 21 20
12 15 21 21
12 15 21 22
12 16 21 20
12 16 21 21
12 16 21 22
13 6 15 9
13 6 15 10
13 6 15 11
13 6 15 12
13 6 15 13
13 6 15 14
13 6 15 15
13 6 15 16
13 6 15 17
13 6 15 18
13 6 15 19
13 6 15 20
13 6 15 21
13 6 15 22
13 6 15 23
13 6 15 25
13 7 15 9
13 7 15 10
13 7 15 11
13 7 15 12
13 7 15 13
13 7 15 14
13 7 15 15
13 7 15 16
13 7 15 17
13 7 15 18
13 7 15 19
13 7 15 20
13 7 15 21
13 7 15 22
13 7 15 23
13 7 15 25
13 9 15 25
13 10 15 25
13 11 15 25
13 12 15 25
13 13 15 25
13 14 15 25
13 15 15 25
13 16 15 25
13 17 15 25
13 18 15 25
13 19 15 25
13 20 15 25
13 21 15 25
13 22 15 25
13 23 15 25
13 3 17 6
13 3 17 9
13 3 17 10
13 3 17 11
13 3 17 12
13 3 17 13
13 3 17 14
13 3 17 15
13 3 17 16
13 3 17 17
13 3 17 20
13 3 17 21
13 3 17 22
13 3 17 23
13 4 17 6
13 4 17 9
13 4 17 10
13 4 17 11
13 4 17 12
13 4 17 13
13 4 17 14
13 4 17 15
13 4 17 16
13 4 17 17
13 4 17 20
13 4 17 21
13 4 17 22
13 4 17 23
13 6 17 9
13 6 17 10
13 6 17 11
13 6 17 12
13 6 17 13
13 6 17 14
13 6 17 15
13 6 17 16
13 6 17 17
13 6 17 20
13 6 17 21
13 6 17 22
13 6 17 23
13 9 17 20
13 9 17 21
13 9 17 22
13 9 17 23
13 10 17 20
13 10 17 21
13 10 17 22
13 10 17 23
13 11 17 20
13 11 17 21
13 11 17 22
13 11 17 23
13 12 17 20
13 12 17 21
13 12 17 22
13 12 17 23
13 13 17 20
13 13 17 21
13 13 17 22
13 13 17 23
13 14 17 20
13 14 17 21
13 14 17 22
13 14 17 23
13 15 17 20
13 15 17 21
13 15 17 22
13 15 17 23
13 16 17 20
13 16 17 21
13 16 17 22
13 16 17 23
13 17 17 20
13 17 17 21
13 17 17 22
13 17 17 23
13 10 18 20
13 10 18 21
13 10 18 22
13 11 18 20
13 11 18 21
13 11 18 22
13 12 18 20
13 12 18 21
13 12 18 22
13 13 18 20
13 13 18 21
13 13 18 22
13 14 18 20
13 14 18 21
13 14 18 22
13 15 18 20
13 15 18 21
13 15 18 22
13 16 18 20
13 16 18 21
13 16 18 22
13 17 18 20
13 17 18 21
13 17 18 22
13 6 19 10
13 6 19 11
13 6 19 12
13 6 19 13
13 3 20 6
13 3 20 10
13 3 20 11
13 3 20 12
13 3 20 13
13 3 20 15
13 3 20 16
13 3 20 20
13 3 20 21
13 3 20 22
13 3 20 25
13 4 20 6
13 4 20 10
13 4 20 11
13 4 20 12
13 4 20 13
13 4 20 15
13 4 20 16
13 4 20 20
13 4 20 21
13 4 20 22
13 4 20 25
13 6 20 10
13 6 20 11
13 6 20 12
13 6 20 13
13 6 20 15
13 6 20 16
13 6 20 20
13 6 20 21
13 6 20 22
13 6 20 25
13 10 20 15
13 10 20 16
13 10 20 20
13 10 20 21
13 10 20 22
13 10 20 25
13 11 20 15
13 11 20 16
13 11 20 20
13 11 20 21
13 11 20 22
13 11 20 25
13 12 20 15
13 12 20 16
13 12 20 20
13 12 20 21
13 12 20 22
13 12 20 25
13 13 20 15
13 13 20 16
13 13 20 20
13 13 20 21
13 13 20 22
13 13 20 25
13 15 20 20
13 15 20 21
13 15 20 22
13 15 20 25
13 16 20 20
13 16 20 21
13 16 20 22
13 16 20 25
13 20 20 25
13 21 20 25
13 22 20 25
13 3 21 6
13 3 21 10
13 3 21 11
13 3 21 12
13 3 21 13
13 3 21 15
13 3 21 16
13 3 21 20
13 3 21 21
13 3 21 22
13 3 21 25
13 4 21 6
13 4 21 10
13 4 21 11
13 4 21 12
13 4 21 13
13 4 21 15
13 4 21 16
13 4 21 20
13 4 21 21
13 4 21 22
13 4 21 25
13 6 21 10
13 6 21 11
13 6 21 12
13 6 21 13
13 6 21 15
13 6 21 16
13 6 21 20
13 6 21 21
13 6 21 22
13 6 21 25
13 10 21 15
13 10 21 16
13 10 21 20
13 10 21 21
13 10 21 22
13 10 21 25
13 11 21 15
13 11 21 16
13 11 21 20
13 11 21 21
13 11 21 22
13 11 21 25
13 12 21 15
13 12 21 16
13 12 21 20
13 12 21 21
13 12 21 22
13 12 21 25
13 13 21 15
13 13 21 16
13 13 21 20
13 13 21 21
13 13 21 22
13 13 21 25
13 15 21 20
13 15 21 21
13 15 21 22
13 15 21 25
13 16 21 20
13 16 21 21
13 16 21 22
13 16 21 25
13 20 21 25
13 21 21 25
13 22 21 25
14 9 17 20
14 9 17 21
14 9 17 22
14 9 17 23
14 10 17 20
14 10 17 21
14 10 17 22
14 10 17 23
14 11 17 20
14 11 17 21
14 11 17 22
14 11 17 23
14 12 17 20
14 12 17 21
14 12 17 22
14 12 17 23
14 13 17 20
14 13 17 21
14 13 17 22
14 13 17 23
14 14 17 20
14 14 17 21
14 14 17 22
14 14 17 23
14 15 17 20
14 15 17 21
14 15 17 22
14 15 17 23
14 16 17 20
14 16 17 21
14 16 17 22
14 16 17 23
14 17 17 20
14 17 17 21
14 17 17 22
14 17 17 23
14 10 18 20
14 10 18 21
14 10 18 22
14 11 18 20
14 11 18 21
14 11 18 22
14 12 18 20
14 12 18 21
14 12 18 22
14 13 18 20
14 13 18 21
14 13 18 22
14 14 18 20
14 14 18 21
14 14 18 22
14 15 18 20
14 15 18 21
14 15 18 22
14 16 18 20
14 16 18 21
14 16 18 22
14 17 18 20
14 17 18 21
14 17 18 22
14 10 20 15
14 10 20 16
14 10 20 20
14 10 20 21
14 10 20 22
14 11 20 15
14 11 20 16
14 11 20 20
14 11 20 21
14 11 20 22
14 12 20 15
14 12 20 16
14 12 20 20
14 12 20 21
14 12 20 22
14 13 20 15
14 13 20 16
14 13 20 20
14 13 20 21
14 13 20 22
14 15 20 20
14 15 20 21
14 15 20 22
14 16 20 20
14 16 20 21
14 16 20 22
14 10 21 15
14 10 21 16
14 10 21 20
14 10 21 21
14 10 21 22
14 11 21 15
14 11 21 16
14 11 21 20
14 11 21 21
14 11 21 22
14 12 21 15
14 12 21 16
14 12 21 20
14 12 21 21
14 12 21 22
14 13 21 15
14 13 21 16
14 13 21 20
14 13 21 21
14 13 21 22
14 15 21 20
14 15 21 21
14 15 21 22
14 16 21 20
14 16 21 21
14 16 21 22
15 6 17 9
15 6 17 10
15 6 17 11
15 6 17 12
15 6 17 13
15 6 17 14
15 6 17 15
15 6 17 16
15 6 17 17
15 6 17 20
15 6 17 21
15 6 17 22
15 6 17 23
15 9 17 20
15 9 17 21
15 9 17 22
15 9 17 23
15 10 17 20
15 10 17 21
15 10 17 22
15 10 17 23
15 11 17 20
15 11 17 21
15 11 17 22
15 11 17 23
15 12 17 20
15 12 17 21
15 12 17 22
15 12 17 23
15 13 17 20
15 13 17 21
15 13 17 22
15 13 17 23
15 14 17 20
15 14 17 21
15 14 17 22
15 14 17 23
15 15 17 20
15 15 17 21
15 15 17 22
15 15 17 23
15 16 17 20
15 16 17 21
15 16 17 22
15 16 17 23
15 17 17 20
15 17 17 21
15 17 17 22
15 17 17 23
15 10 18 20
15 10 18 21
15 10 18 22
15 11 18 20
15 11 18 21
15 11 18 22
15 12 18 20
15 12 18 21
15 12 18 22
15 13 18 20
15 13 18 21
15 13 18 22
15 14 18 20
15 14 18 21
15 14 18 22
15 15 18 20
15 15 18 21
15 15 18 22
15 16 18 20
15 16 18 21
15 16 18 22
15 17 18 20
15 17 18 21
15 17 18 22
15 6 19 10
15 6 19 11
15 6 19 12
15 6 19 13
15 6 20 10
15 6 20 11
15 6 20 12
15 6 20 13
15 6 20 15
15 6 20 16
15 6 20 20
15 6 20 21
15 6 20 22
15 6 20 25
15 10 20 15
15 10 20 16
15 10 20 20
15 10 20 21
15 10 20 22
15 10 20 25
15 11 20 15
15 11 20 16
15 11 20 20
15 11 20 21
15 11 20 22
15 11 20 25
15 12 20 15
15 12 20 16
15 12 20 20
15 12 20 21
15 12 20 22
15 12 20 25
15 13 20 15
15 13 20 16
15 13 20 20
15 13 20 21
15 13 20 22
15 13 20 25
15 15 20 20
15 15 20 21
15 15 20 22
15 15 20 25
15 16 20 20
15 16 20 21
15 16 20 22
15 16 20 25
15 20 20 25
15 21 20 25
15 22 20 25
15 6 21 10
15 6 21 11
15 6 21 12
15 6 21 13
15 6 21 15
15 6 21 16
15 6 21 20
15 6 21 21
15 6 21 22
15 6 21 25
15 10 21 15
15 10 21 16
15 10 21 20
15 10 21 21
15 10 21 22
15 10 21 25
15 11 21 15
15 11 21 16
15 11 21 20
15 11 21 21
15 11 21 22
15 11 21 25
15 12 21 15
15 12 21 16
15 12 21 20
15 12 21 21
15 12 21 22
15 12 21 25
15 13 21 15
15 13 21 16
15 13 21 20
15 13 21 21
15 13 21 22
15 13 21 25
15 15 21 20
15 15 21 21
15 15 21 22
15 15 21 25
15 16 21 20
15 16 21 21
15 16 21 22
15 16 21 25
15 20 21 25
15 21 21 25
15 22 21 25
16 10 20 15
16 10 20 16
16 11 20 15
16 11 20 16
16 12 20 15
16 12 20 16
16 13 20 15
16 13 20 16
16 10 21 15
16 10 21 16
16 11 21 15
16 11 21 16
16 12 21 15
16 12 21 16
16 13 21 15
16 13 21 16
17 6 19 10
17 6 19 11
17 6 19 12
17 6 19 13
17 3 20 6
17 3 20 10
17 3 20 11
17 3 20 12
17 3 20 13
17 3 20 15
17 3 20 16
17 3 20 20
17 3 20 21
17 3 20 22
17 4 20 6
17 4 20 10
17 4 20 11
17 4 20 12
17 4 20 13
17 4 20 15
17 4 20 16
17 4 20 20
17 4 20 21
17 4 20 22
17 6 20 10
17 6 20 11
17 6 20 12
17 6 20 13
17 6 20 15
17 6 20 16
17 6 20 20
17 6 20 21
17 6 20 22
17 10 20 15
17 10 20 16
17 10 20 20
17 10 20 21
17 10 20 22
17 11 20 15
17 11 20 16
17 11 20 20
17 11 20 21
17 11 20 22
17 12 20 15
17 12 20 16
17 12 20 20
17 12 20 21
17 12 20 22
17 13 20 15
17 13 20 16
17 13 20 20
17 13 20 21
17 13 20 22
17 15 20 20
17 15 20 21
17 15 20 22
17 16 20 20
17 16 20 21
17 16 20 22
17 3 21 6
17 3 21 10
17 3 21 11
17 3 21 12
17 3 21 13
17 3 21 15
17 3 21 16
17 3 21 20
17 3 21 21
17 3 21 22
17 4 21 6
17 4 21 10
17 4 21 11
17 4 21 12
17 4 21 13
17 4 21 15
17 4 21 16
17 4 21 20
17 4 21 21
17 4 21 22
17 6 21 10
17 6 21 11
17 6 21 12
17 6 21 13
17 6 21 15
17 6 21 16
17 6 21 20
17 6 21 21
17 6 21 22
17 10 21 15
17 10 21 16
17 10 21 20
17 10 21 21
17 10 21 22
17 11 21 15
17 11 21 16
17 11 21 20
17 11 21 21
17 11 21 22
17 12 21 15
17 12 21 16
17 12 21 20
17 12 21 21
17 12 21 22
17 13 21 15
17 13 21 16
17 13 21 20
17 13 21 21
17 13 21 22
17 15 21 20
17 15 21 21
17 15 21 22
17 16 21 20
17 16 21 21
17 16 21 22
18 10 20 15
18 10 20 16
18 10 20 20
18 10 20 21
18 10 20 22
18 11 20 15
18 11 20 16
18 11 20 20
18 11 20 21
18 11 20 22
18 12 20 15
18 12 20 16
18 12 20 20
18 12 20 21
18 12 20 22
18 13 20 15
18 13 20 16
18 13 20 20
18 13 20 21
18 13 20 22
18 15 20 20
18 15 20 21
18 15 20 22
18 16 20 20
18 16 20 21
18 16 20 22
18 10 21 15
18 10 21 16
18 10 21 20
18 10 21 21
18 10 21 22
18 11 21 15
18 11 21 16
18 11 21 20
18 11 21 21
18 11 21 22
18 12 21 15
18 12 21 16
18 12 21 20
18 12 21 21
18 12 21 22
18 13 21 15
18 13 21 16
18 13 21 20
18 13 21 21
18 13 21 22
18 15 21 20
18 15 21 21
18 15 21 22
18 16 21 20
18 16 21 21
18 16 21 22
