25 25
0000000000000000000000000
0000000000000000000000000
1111111111111000111000000
1000000000001000101000000
1111111111111000101000000
0000000000000000101000000
0000000000000000101000000
0000000000000000101000000
0000000000000000101000000
0000000000000000101000000
0000000000000000101000000
0000000000000000101000000
0000000000000000101000000
0000000111111110101000000
0000000100000110101000000
0000000100000110101000000
0000000100000110101000000
0000000100000110101000000
0000000100000110111000000
0000000100000110000000000
0000000100000110000000000
0000000111111110000000000
0000000100000010000000000
0000000100000010000000000
0000000111111110000000000
6
3 1 5 13
3 17 19 19
14 8 22 14
14 8 22 15
14 8 25 15
22 8 25 15
