11 12
111111111110
101100110010
111111111110
111100111110
111111111010
111100011010
111111111010
110000011110
110000001000
111111111000
111111111000
77
1 1 3 3
1 1 3 4
1 1 3 7
1 1 3 8
1 1 3 11
1 3 3 7
1 3 3 8
1 3 3 11
1 4 3 7
1 4 3 8
1 4 3 11
1 7 3 11
1 8 3 11
1 1 4 3
1 1 4 4
1 7 4 11
1 8 4 11
1 1 5 3
1 1 5 4
1 1 5 7
1 1 5 8
1 3 5 7
1 3 5 8
1 4 5 7
1 4 5 8
1 1 6 3
1 1 6 4
1 1 7 3
1 1 7 4
1 1 7 8
1 3 7 8
1 4 7 8
1 8 8 11
3 1 5 7
3 1 5 8
3 1 5 9
3 2 5 7
3 2 5 8
3 2 5 9
3 3 5 7
3 3 5 8
3 3 5 9
3 4 5 7
3 4 5 8
3 4 5 9
3 1 7 8
3 1 7 9
3 2 7 8
3 2 7 9
3 3 7 8
3 3 7 9
3 4 7 8
3 4 7 9
3 8 8 11
3 9 8 11
3 1 10 9
3 2 10 9
3 1 11 9
3 2 11 9
4 8 8 11
4 9 8 11
5 1 7 8
5 1 7 9
5 2 7 8
5 2 7 9
5 3 7 8
5 3 7 9
5 4 7 8
5 4 7 9
5 1 10 9
5 2 10 9
5 1 11 9
5 2 11 9
7 1 10 9
7 2 10 9
7 1 11 9
7 2 11 9
