23 23
00000000000000000000000
00000000000000000000000
00000000000000000000000
00000000000000000000000
01111111111111100000000
01000111100000100000000
01000100100000100000000
01000100100000100000000
01000100100000100000000
01000100100000100000000
01000100100000100000000
01000100100000100000000
01000100100000100000000
01000100100000100000000
01000100100000100000000
01000100100000100000000
01111111111111100000000
00000111100000000000000
00000000000000000000000
00000000000000000000000
00000000000000000000000
00000000000000000000000
00000000000000000000000
9
5 2 17 6
5 2 17 9
5 2 17 15
5 6 17 9
5 6 17 15
5 9 17 15
5 6 18 9
6 6 17 9
6 6 18 9
