16 19
0000000000000000000
0000000000001111100
0000000000001100100
0000000000001100100
0000000111111100100
0000000100011111110
0000000100011110110
0000000100011110110
0111111111111111110
0100000111111110110
0100000000001111110
0111111111111111110
0000000000000111110
0000000000000100110
0000000000000111110
0000000000000111110
82
2 13 6 17
2 14 6 17
2 13 9 17
2 14 9 17
2 13 11 17
2 14 11 17
2 13 12 17
2 14 12 17
2 14 13 17
2 14 15 17
2 14 16 17
5 8 9 12
5 8 9 13
5 8 9 14
5 8 10 12
5 8 10 13
5 8 10 14
6 12 9 17
6 12 9 18
6 13 9 17
6 13 9 18
6 14 9 17
6 14 9 18
6 15 9 17
6 15 9 18
6 13 11 17
6 13 11 18
6 14 11 17
6 14 11 18
6 15 11 17
6 15 11 18
6 13 12 17
6 13 12 18
6 14 12 17
6 14 12 18
6 15 12 17
6 15 12 18
6 14 13 17
6 14 13 18
6 15 13 17
6 15 13 18
6 14 15 17
6 14 15 18
6 14 16 17
6 14 16 18
9 13 11 17
9 13 11 18
9 14 11 17
9 14 11 18
9 15 11 17
9 15 11 18
9 2 12 13
9 2 12 14
9 2 12 15
9 2 12 17
9 2 12 18
9 13 12 17
9 13 12 18
9 14 12 17
9 14 12 18
9 15 12 17
9 15 12 18
9 14 13 17
9 14 13 18
9 15 13 17
9 15 13 18
9 14 15 17
9 14 15 18
9 14 16 17
9 14 16 18
11 14 15 17
11 14 15 18
11 14 16 17
11 14 16 18
12 14 15 17
12 14 15 18
12 14 16 17
12 14 16 18
13 14 15 17
13 14 15 18
13 14 16 17
13 14 16 18
