16 17
00001111111111110
00001111110010010
11111111111010010
10111111111111110
11111111111100110
11111101111100110
11111111111111110
11101111111100010
11111111110100010
10111111111111110
11111111000100000
10001101000100000
11111111000100000
11111111111100000
11111111000000000
11111111000000000
576
1 5 4 13
1 5 4 16
1 6 4 13
1 6 4 16
1 7 4 13
1 7 4 16
1 8 4 13
1 8 4 16
1 9 4 13
1 9 4 16
1 10 4 13
1 10 4 16
1 13 4 16
1 5 7 8
1 5 7 9
1 5 7 10
1 5 7 16
1 6 7 8
1 6 7 9
1 6 7 10
1 6 7 16
1 8 7 16
1 9 7 16
1 10 7 16
1 5 8 8
1 5 8 9
1 5 8 10
1 6 8 8
1 6 8 9
1 6 8 10
1 5 9 8
1 5 9 9
1 5 9 10
1 6 9 8
1 6 9 9
1 6 9 10
1 5 10 8
1 5 10 9
1 5 10 10
1 5 10 16
1 6 10 8
1 6 10 9
1 6 10 10
1 6 10 16
1 8 10 16
1 9 10 16
1 10 10 16
1 5 11 8
1 6 11 8
1 5 13 8
1 6 13 8
1 5 14 8
1 6 14 8
1 5 15 8
1 6 15 8
1 5 16 8
1 6 16 8
2 5 7 8
2 5 7 9
2 5 7 10
2 6 7 8
2 6 7 9
2 6 7 10
2 5 8 8
2 5 8 9
2 5 8 10
2 6 8 8
2 6 8 9
2 6 8 10
2 5 9 8
2 5 9 9
2 5 9 10
2 6 9 8
2 6 9 9
2 6 9 10
2 5 10 8
2 5 10 9
2 5 10 10
2 6 10 8
2 6 10 9
2 6 10 10
2 5 11 8
2 6 11 8
2 5 13 8
2 6 13 8
2 5 14 8
2 6 14 8
2 5 15 8
2 6 15 8
2 5 16 8
2 6 16 8
3 1 5 3
3 1 5 4
3 1 5 5
3 1 5 6
3 1 5 7
3 1 5 8
3 1 5 9
3 1 5 10
3 1 5 11
3 1 6 3
3 1 6 4
3 1 6 5
3 1 6 6
3 1 7 3
3 1 7 4
3 1 7 5
3 1 7 6
3 1 7 8
3 1 7 9
3 1 7 10
3 1 7 11
3 3 7 8
3 3 7 9
3 3 7 10
3 3 7 11
3 4 7 8
3 4 7 9
3 4 7 10
3 4 7 11
3 5 7 8
3 5 7 9
3 5 7 10
3 5 7 11
3 6 7 8
3 6 7 9
3 6 7 10
3 6 7 11
3 1 8 3
3 5 8 8
3 5 8 9
3 5 8 10
3 5 8 11
3 6 8 8
3 6 8 9
3 6 8 10
3 6 8 11
3 1 9 3
3 1 9 5
3 1 9 6
3 1 9 8
3 1 9 9
3 1 9 10
3 3 9 5
3 3 9 6
3 3 9 8
3 3 9 9
3 3 9 10
3 5 9 8
3 5 9 9
3 5 9 10
3 6 9 8
3 6 9 9
3 6 9 10
3 3 10 5
3 3 10 6
3 3 10 8
3 3 10 9
3 3 10 10
3 5 10 8
3 5 10 9
3 5 10 10
3 6 10 8
3 6 10 9
3 6 10 10
3 1 11 3
3 1 11 5
3 1 11 6
3 1 11 8
3 3 11 5
3 3 11 6
3 3 11 8
3 5 11 8
3 6 11 8
3 1 13 5
3 1 13 6
3 1 13 8
3 5 13 8
3 6 13 8
3 1 14 5
3 1 14 6
3 1 14 8
3 5 14 8
3 6 14 8
3 1 15 5
3 1 15 6
3 1 15 8
3 5 15 8
3 6 15 8
3 1 16 5
3 1 16 6
3 1 16 8
3 5 16 8
3 6 16 8
4 3 7 8
4 3 7 9
4 3 7 10
4 3 7 11
4 3 7 12
4 3 7 15
4 3 7 16
4 4 7 8
4 4 7 9
4 4 7 10
4 4 7 11
4 4 7 12
4 4 7 15
4 4 7 16
4 5 7 8
4 5 7 9
4 5 7 10
4 5 7 11
4 5 7 12
4 5 7 15
4 5 7 16
4 6 7 8
4 6 7 9
4 6 7 10
4 6 7 11
4 6 7 12
4 6 7 15
4 6 7 16
4 8 7 15
4 8 7 16
4 9 7 15
4 9 7 16
4 10 7 15
4 10 7 16
4 11 7 15
4 11 7 16
4 12 7 15
4 12 7 16
4 5 8 8
4 5 8 9
4 5 8 10
4 5 8 11
4 5 8 12
4 6 8 8
4 6 8 9
4 6 8 10
4 6 8 11
4 6 8 12
4 3 9 5
4 3 9 6
4 3 9 8
4 3 9 9
4 3 9 10
4 5 9 8
4 5 9 9
4 5 9 10
4 6 9 8
4 6 9 9
4 6 9 10
4 3 10 5
4 3 10 6
4 3 10 8
4 3 10 9
4 3 10 10
4 3 10 12
4 3 10 16
4 5 10 8
4 5 10 9
4 5 10 10
4 5 10 12
4 5 10 16
4 6 10 8
4 6 10 9
4 6 10 10
4 6 10 12
4 6 10 16
4 8 10 12
4 8 10 16
4 9 10 12
4 9 10 16
4 10 10 12
4 10 10 16
4 12 10 16
4 3 11 5
4 3 11 6
4 3 11 8
4 5 11 8
4 6 11 8
4 5 13 8
4 6 13 8
4 5 14 8
4 5 14 12
4 6 14 8
4 6 14 12
4 8 14 12
4 5 15 8
4 6 15 8
4 5 16 8
4 6 16 8
5 1 7 8
5 1 7 9
5 1 7 10
5 1 7 11
5 1 7 12
5 2 7 8
5 2 7 9
5 2 7 10
5 2 7 11
5 2 7 12
5 3 7 8
5 3 7 9
5 3 7 10
5 3 7 11
5 3 7 12
5 4 7 8
5 4 7 9
5 4 7 10
5 4 7 11
5 4 7 12
5 5 7 8
5 5 7 9
5 5 7 10
5 5 7 11
5 5 7 12
5 6 7 8
5 6 7 9
5 6 7 10
5 6 7 11
5 6 7 12
5 5 8 8
5 5 8 9
5 5 8 10
5 5 8 11
5 5 8 12
5 6 8 8
5 6 8 9
5 6 8 10
5 6 8 11
5 6 8 12
5 1 9 5
5 1 9 6
5 1 9 8
5 1 9 9
5 1 9 10
5 2 9 5
5 2 9 6
5 2 9 8
5 2 9 9
5 2 9 10
5 3 9 5
5 3 9 6
5 3 9 8
5 3 9 9
5 3 9 10
5 5 9 8
5 5 9 9
5 5 9 10
5 6 9 8
5 6 9 9
5 6 9 10
5 3 10 5
5 3 10 6
5 3 10 8
5 3 10 9
5 3 10 10
5 3 10 12
5 5 10 8
5 5 10 9
5 5 10 10
5 5 10 12
5 6 10 8
5 6 10 9
5 6 10 10
5 6 10 12
5 8 10 12
5 9 10 12
5 10 10 12
5 1 11 3
5 1 11 5
5 1 11 6
5 1 11 8
5 3 11 5
5 3 11 6
5 3 11 8
5 5 11 8
5 6 11 8
5 1 13 5
5 1 13 6
5 1 13 8
5 5 13 8
5 6 13 8
5 1 14 5
5 1 14 6
5 1 14 8
5 1 14 12
5 5 14 8
5 5 14 12
5 6 14 8
5 6 14 12
5 8 14 12
5 1 15 5
5 1 15 6
5 1 15 8
5 5 15 8
5 6 15 8
5 1 16 5
5 1 16 6
5 1 16 8
5 5 16 8
5 6 16 8
6 1 9 5
6 1 9 6
6 2 9 5
6 2 9 6
6 3 9 5
6 3 9 6
6 3 10 5
6 3 10 6
6 8 10 12
6 9 10 12
6 10 10 12
6 1 11 3
6 1 11 5
6 1 11 6
6 3 11 5
6 3 11 6
6 1 13 5
6 1 13 6
6 1 14 5
6 1 14 6
6 8 14 12
6 1 15 5
6 1 15 6
6 1 16 5
6 1 16 6
7 1 9 5
7 1 9 6
7 1 9 7
7 1 9 8
7 1 9 9
7 1 9 10
7 2 9 5
7 2 9 6
7 2 9 7
7 2 9 8
7 2 9 9
7 2 9 10
7 3 9 5
7 3 9 6
7 3 9 7
7 3 9 8
7 3 9 9
7 3 9 10
7 3 10 5
7 3 10 6
7 3 10 7
7 3 10 8
7 3 10 9
7 3 10 10
7 3 10 12
7 3 10 16
7 5 10 12
7 5 10 16
7 6 10 12
7 6 10 16
7 7 10 12
7 7 10 16
7 8 10 12
7 8 10 16
7 9 10 12
7 9 10 16
7 10 10 12
7 10 10 16
7 12 10 16
7 1 11 3
7 1 11 5
7 1 11 6
7 1 11 7
7 1 11 8
7 3 11 5
7 3 11 6
7 3 11 7
7 3 11 8
7 1 13 5
7 1 13 6
7 1 13 8
7 5 13 8
7 6 13 8
7 1 14 5
7 1 14 6
7 1 14 8
7 1 14 12
7 5 14 8
7 5 14 12
7 6 14 8
7 6 14 12
7 8 14 12
7 1 15 5
7 1 15 6
7 1 15 8
7 5 15 8
7 6 15 8
7 1 16 5
7 1 16 6
7 1 16 8
7 5 16 8
7 6 16 8
8 5 10 12
8 6 10 12
8 7 10 12
8 8 10 12
8 9 10 12
8 10 10 12
8 1 11 3
8 5 13 8
8 6 13 8
8 5 14 8
8 5 14 12
8 6 14 8
8 6 14 12
8 8 14 12
8 5 15 8
8 6 15 8
8 5 16 8
8 6 16 8
9 1 11 3
9 1 11 4
9 1 11 5
9 1 11 6
9 1 11 7
9 1 11 8
9 1 13 5
9 1 13 6
9 1 13 8
9 5 13 8
9 6 13 8
9 1 14 5
9 1 14 6
9 1 14 8
9 5 14 8
9 6 14 8
9 1 15 5
9 1 15 6
9 1 15 8
9 5 15 8
9 6 15 8
9 1 16 5
9 1 16 6
9 1 16 8
9 5 16 8
9 6 16 8
10 5 13 8
10 6 13 8
10 5 14 8
10 5 14 12
10 6 14 8
10 6 14 12
10 8 14 12
10 5 15 8
10 6 15 8
10 5 16 8
10 6 16 8
11 1 13 5
11 1 13 6
11 1 13 8
11 5 13 8
11 6 13 8
11 1 14 5
11 1 14 6
11 1 14 8
11 5 14 8
11 6 14 8
11 1 15 5
11 1 15 6
11 1 15 8
11 5 15 8
11 6 15 8
11 1 16 5
11 1 16 6
11 1 16 8
11 5 16 8
11 6 16 8
