21 13
0000000000000
1111111000000
1111111111000
1100001001000
1111111111000
1000001000000
1000001000000
1000001000000
1000001000000
1000001000000
1000001000000
1111111111111
1111111000001
0100000000001
0100000000001
1111111111111
1100000000011
1111111111111
1000000000010
1000000000010
1111111111110
21
2 1 5 7
2 2 5 7
2 1 12 7
2 1 13 7
3 1 5 7
3 1 5 10
3 2 5 7
3 2 5 10
3 7 5 10
3 1 12 7
3 1 13 7
5 1 12 7
5 1 13 7
12 2 16 13
12 2 18 13
16 1 18 12
16 1 18 13
16 2 18 12
16 2 18 13
16 1 21 12
18 1 21 12
