19 11
00000000000
00000011110
00000011110
00111111010
00110011010
01111111010
01111111010
01111111010
01110111110
11111111111
11111111111
11111110011
10111111111
10000111111
10001111111
10001100001
11111111111
00000000000
00000000000
179
2 7 9 10
2 8 9 10
2 7 10 10
2 8 10 10
2 7 11 10
2 8 11 10
2 7 13 10
2 7 14 10
2 7 15 10
3 7 9 10
3 8 9 10
3 7 10 10
3 8 10 10
3 7 11 10
3 8 11 10
3 7 13 10
3 7 14 10
3 7 15 10
4 3 6 7
4 3 6 8
4 4 6 7
4 4 6 8
4 3 7 7
4 3 7 8
4 4 7 7
4 4 7 8
4 3 8 7
4 3 8 8
4 4 8 7
4 4 8 8
4 3 10 7
4 3 10 8
4 4 10 7
4 4 10 8
4 3 11 7
4 3 11 8
4 4 11 7
4 4 11 8
4 3 12 7
4 4 12 7
4 3 13 7
4 4 13 7
6 2 10 6
6 2 10 7
6 2 10 8
6 3 10 6
6 3 10 7
6 3 10 8
6 4 10 6
6 4 10 7
6 4 10 8
6 2 11 6
6 2 11 7
6 2 11 8
6 3 11 6
6 3 11 7
6 3 11 8
6 4 11 6
6 4 11 7
6 4 11 8
6 2 12 6
6 2 12 7
6 3 12 6
6 3 12 7
6 4 12 6
6 4 12 7
6 3 13 6
6 3 13 7
6 4 13 6
6 4 13 7
7 2 10 6
7 2 10 7
7 2 10 8
7 3 10 6
7 3 10 7
7 3 10 8
7 4 10 6
7 4 10 7
7 4 10 8
7 2 11 6
7 2 11 7
7 2 11 8
7 3 11 6
7 3 11 7
7 3 11 8
7 4 11 6
7 4 11 7
7 4 11 8
7 2 12 6
7 2 12 7
7 3 12 6
7 3 12 7
7 4 12 6
7 4 12 7
7 3 13 6
7 3 13 7
7 4 13 6
7 4 13 7
8 2 10 6
8 2 10 7
8 2 10 8
8 3 10 6
8 3 10 7
8 3 10 8
8 4 10 6
8 4 10 7
8 4 10 8
8 2 11 6
8 2 11 7
8 2 11 8
8 3 11 6
8 3 11 7
8 3 11 8
8 4 11 6
8 4 11 7
8 4 11 8
8 2 12 6
8 2 12 7
8 3 12 6
8 3 12 7
8 4 12 6
8 4 12 7
8 3 13 6
8 3 13 7
8 4 13 6
8 4 13 7
9 6 13 10
9 7 13 10
9 6 14 10
9 7 14 10
9 6 15 10
9 7 15 10
10 3 13 10
10 3 13 11
10 4 13 10
10 4 13 11
10 5 13 10
10 5 13 11
10 6 13 10
10 6 13 11
10 7 13 10
10 7 13 11
10 6 14 10
10 6 14 11
10 7 14 10
10 7 14 11
10 6 15 10
10 6 15 11
10 7 15 10
10 7 15 11
10 1 17 6
10 1 17 11
10 6 17 11
11 3 13 10
11 3 13 11
11 4 13 10
11 4 13 11
11 5 13 10
11 5 13 11
11 6 13 10
11 6 13 11
11 7 13 10
11 7 13 11
11 6 14 10
11 6 14 11
11 7 14 10
11 7 14 11
11 6 15 10
11 6 15 11
11 7 15 10
11 7 15 11
11 1 17 6
11 1 17 11
11 6 17 11
12 1 17 6
13 6 17 11
14 6 17 11
15 5 17 11
15 6 17 11
