17 10
0111111100
0110001100
0111111111
0111111111
0111111111
0111111111
1111111011
1111111111
1111111111
1111111111
1111111111
1111111111
1111111111
1111111111
1111111111
1110111111
1111111111
661
1 2 3 7
1 2 3 8
1 3 3 7
1 3 3 8
1 2 4 7
1 2 4 8
1 3 4 7
1 3 4 8
1 2 5 7
1 2 5 8
1 3 5 7
1 3 5 8
1 2 6 7
1 2 6 8
1 3 6 7
1 3 6 8
1 2 7 7
1 3 7 7
1 2 8 7
1 3 8 7
1 2 9 7
1 3 9 7
1 2 10 7
1 3 10 7
1 2 11 7
1 3 11 7
1 2 12 7
1 3 12 7
1 2 13 7
1 3 13 7
1 2 14 7
1 3 14 7
1 2 15 7
1 3 15 7
1 2 17 7
1 3 17 7
3 2 8 9
3 2 8 10
3 3 8 9
3 3 8 10
3 4 8 9
3 4 8 10
3 5 8 9
3 5 8 10
3 6 8 9
3 6 8 10
3 7 8 9
3 7 8 10
3 2 9 9
3 2 9 10
3 3 9 9
3 3 9 10
3 4 9 9
3 4 9 10
3 5 9 9
3 5 9 10
3 6 9 9
3 6 9 10
3 7 9 9
3 7 9 10
3 2 10 9
3 2 10 10
3 3 10 9
3 3 10 10
3 4 10 9
3 4 10 10
3 5 10 9
3 5 10 10
3 6 10 9
3 6 10 10
3 7 10 9
3 7 10 10
3 2 11 9
3 2 11 10
3 3 11 9
3 3 11 10
3 4 11 9
3 4 11 10
3 5 11 9
3 5 11 10
3 6 11 9
3 6 11 10
3 7 11 9
3 7 11 10
3 2 12 9
3 2 12 10
3 3 12 9
3 3 12 10
3 4 12 9
3 4 12 10
3 5 12 9
3 5 12 10
3 6 12 9
3 6 12 10
3 7 12 9
3 7 12 10
3 2 13 9
3 2 13 10
3 3 13 9
3 3 13 10
3 4 13 9
3 4 13 10
3 5 13 9
3 5 13 10
3 6 13 9
3 6 13 10
3 7 13 9
3 7 13 10
3 2 14 9
3 2 14 10
3 3 14 9
3 3 14 10
3 4 14 9
3 4 14 10
3 5 14 9
3 5 14 10
3 6 14 9
3 6 14 10
3 7 14 9
3 7 14 10
3 2 15 9
3 2 15 10
3 3 15 9
3 3 15 10
3 4 15 9
3 4 15 10
3 5 15 9
3 5 15 10
3 6 15 9
3 6 15 10
3 7 15 9
3 7 15 10
3 5 16 9
3 5 16 10
3 6 16 9
3 6 16 10
3 7 16 9
3 7 16 10
3 2 17 5
3 2 17 6
3 2 17 7
3 2 17 9
3 2 17 10
3 3 17 5
3 3 17 6
3 3 17 7
3 3 17 9
3 3 17 10
3 5 17 9
3 5 17 10
3 6 17 9
3 6 17 10
3 7 17 9
3 7 17 10
4 2 8 9
4 2 8 10
4 3 8 9
4 3 8 10
4 4 8 9
4 4 8 10
4 5 8 9
4 5 8 10
4 6 8 9
4 6 8 10
4 7 8 9
4 7 8 10
4 2 9 9
4 2 9 10
4 3 9 9
4 3 9 10
4 4 9 9
4 4 9 10
4 5 9 9
4 5 9 10
4 6 9 9
4 6 9 10
4 7 9 9
4 7 9 10
4 2 10 9
4 2 10 10
4 3 10 9
4 3 10 10
4 4 10 9
4 4 10 10
4 5 10 9
4 5 10 10
4 6 10 9
4 6 10 10
4 7 10 9
4 7 10 10
4 2 11 9
4 2 11 10
4 3 11 9
4 3 11 10
4 4 11 9
4 4 11 10
4 5 11 9
4 5 11 10
4 6 11 9
4 6 11 10
4 7 11 9
4 7 11 10
4 2 12 9
4 2 12 10
4 3 12 9
4 3 12 10
4 4 12 9
4 4 12 10
4 5 12 9
4 5 12 10
4 6 12 9
4 6 12 10
4 7 12 9
4 7 12 10
4 2 13 9
4 2 13 10
4 3 13 9
4 3 13 10
4 4 13 9
4 4 13 10
4 5 13 9
4 5 13 10
4 6 13 9
4 6 13 10
4 7 13 9
4 7 13 10
4 2 14 9
4 2 14 10
4 3 14 9
4 3 14 10
4 4 14 9
4 4 14 10
4 5 14 9
4 5 14 10
4 6 14 9
4 6 14 10
4 7 14 9
4 7 14 10
4 2 15 9
4 2 15 10
4 3 15 9
4 3 15 10
4 4 15 9
4 4 15 10
4 5 15 9
4 5 15 10
4 6 15 9
4 6 15 10
4 7 15 9
4 7 15 10
4 5 16 9
4 5 16 10
4 6 16 9
4 6 16 10
4 7 16 9
4 7 16 10
4 2 17 5
4 2 17 6
4 2 17 7
4 2 17 9
4 2 17 10
4 3 17 5
4 3 17 6
4 3 17 7
4 3 17 9
4 3 17 10
4 5 17 9
4 5 17 10
4 6 17 9
4 6 17 10
4 7 17 9
4 7 17 10
5 2 8 9
5 2 8 10
5 3 8 9
5 3 8 10
5 4 8 9
5 4 8 10
5 5 8 9
5 5 8 10
5 6 8 9
5 6 8 10
5 7 8 9
5 7 8 10
5 2 9 9
5 2 9 10
5 3 9 9
5 3 9 10
5 4 9 9
5 4 9 10
5 5 9 9
5 5 9 10
5 6 9 9
5 6 9 10
5 7 9 9
5 7 9 10
5 2 10 9
5 2 10 10
5 3 10 9
5 3 10 10
5 4 10 9
5 4 10 10
5 5 10 9
5 5 10 10
5 6 10 9
5 6 10 10
5 7 10 9
5 7 10 10
5 2 11 9
5 2 11 10
5 3 11 9
5 3 11 10
5 4 11 9
5 4 11 10
5 5 11 9
5 5 11 10
5 6 11 9
5 6 11 10
5 7 11 9
5 7 11 10
5 2 12 9
5 2 12 10
5 3 12 9
5 3 12 10
5 4 12 9
5 4 12 10
5 5 12 9
5 5 12 10
5 6 12 9
5 6 12 10
5 7 12 9
5 7 12 10
5 2 13 9
5 2 13 10
5 3 13 9
5 3 13 10
5 4 13 9
5 4 13 10
5 5 13 9
5 5 13 10
5 6 13 9
5 6 13 10
5 7 13 9
5 7 13 10
5 2 14 9
5 2 14 10
5 3 14 9
5 3 14 10
5 4 14 9
5 4 14 10
5 5 14 9
5 5 14 10
5 6 14 9
5 6 14 10
5 7 14 9
5 7 14 10
5 2 15 9
5 2 15 10
5 3 15 9
5 3 15 10
5 4 15 9
5 4 15 10
5 5 15 9
5 5 15 10
5 6 15 9
5 6 15 10
5 7 15 9
5 7 15 10
5 5 16 9
5 5 16 10
5 6 16 9
5 6 16 10
5 7 16 9
5 7 16 10
5 2 17 5
5 2 17 6
5 2 17 7
5 2 17 9
5 2 17 10
5 3 17 5
5 3 17 6
5 3 17 7
5 3 17 9
5 3 17 10
5 5 17 9
5 5 17 10
5 6 17 9
5 6 17 10
5 7 17 9
5 7 17 10
6 2 8 9
6 2 8 10
6 3 8 9
6 3 8 10
6 4 8 9
6 4 8 10
6 5 8 9
6 5 8 10
6 6 8 9
6 6 8 10
6 7 8 9
6 7 8 10
6 2 9 9
6 2 9 10
6 3 9 9
6 3 9 10
6 4 9 9
6 4 9 10
6 5 9 9
6 5 9 10
6 6 9 9
6 6 9 10
6 7 9 9
6 7 9 10
6 2 10 9
6 2 10 10
6 3 10 9
6 3 10 10
6 4 10 9
6 4 10 10
6 5 10 9
6 5 10 10
6 6 10 9
6 6 10 10
6 7 10 9
6 7 10 10
6 2 11 9
6 2 11 10
6 3 11 9
6 3 11 10
6 4 11 9
6 4 11 10
6 5 11 9
6 5 11 10
6 6 11 9
6 6 11 10
6 7 11 9
6 7 11 10
6 2 12 9
6 2 12 10
6 3 12 9
6 3 12 10
6 4 12 9
6 4 12 10
6 5 12 9
6 5 12 10
6 6 12 9
6 6 12 10
6 7 12 9
6 7 12 10
6 2 13 9
6 2 13 10
6 3 13 9
6 3 13 10
6 4 13 9
6 4 13 10
6 5 13 9
6 5 13 10
6 6 13 9
6 6 13 10
6 7 13 9
6 7 13 10
6 2 14 9
6 2 14 10
6 3 14 9
6 3 14 10
6 4 14 9
6 4 14 10
6 5 14 9
6 5 14 10
6 6 14 9
6 6 14 10
6 7 14 9
6 7 14 10
6 2 15 9
6 2 15 10
6 3 15 9
6 3 15 10
6 4 15 9
6 4 15 10
6 5 15 9
6 5 15 10
6 6 15 9
6 6 15 10
6 7 15 9
6 7 15 10
6 5 16 9
6 5 16 10
6 6 16 9
6 6 16 10
6 7 16 9
6 7 16 10
6 2 17 5
6 2 17 6
6 2 17 7
6 2 17 9
6 2 17 10
6 3 17 5
6 3 17 6
6 3 17 7
6 3 17 9
6 3 17 10
6 5 17 9
6 5 17 10
6 6 17 9
6 6 17 10
6 7 17 9
6 7 17 10
7 1 17 5
7 1 17 6
7 1 17 7
7 2 17 5
7 2 17 6
7 2 17 7
7 3 17 5
7 3 17 6
7 3 17 7
8 1 17 5
8 1 17 6
8 1 17 7
8 1 17 8
8 1 17 9
8 1 17 10
8 2 17 5
8 2 17 6
8 2 17 7
8 2 17 8
8 2 17 9
8 2 17 10
8 3 17 5
8 3 17 6
8 3 17 7
8 3 17 8
8 3 17 9
8 3 17 10
9 1 17 5
9 1 17 6
9 1 17 7
9 1 17 8
9 1 17 9
9 1 17 10
9 2 17 5
9 2 17 6
9 2 17 7
9 2 17 8
9 2 17 9
9 2 17 10
9 3 17 5
9 3 17 6
9 3 17 7
9 3 17 8
9 3 17 9
9 3 17 10
10 1 17 5
10 1 17 6
10 1 17 7
10 1 17 8
10 1 17 9
10 1 17 10
10 2 17 5
10 2 17 6
10 2 17 7
10 2 17 8
10 2 17 9
10 2 17 10
10 3 17 5
10 3 17 6
10 3 17 7
10 3 17 8
10 3 17 9
10 3 17 10
11 1 17 5
11 1 17 6
11 1 17 7
11 1 17 8
11 1 17 9
11 1 17 10
11 2 17 5
11 2 17 6
11 2 17 7
11 2 17 8
11 2 17 9
11 2 17 10
11 3 17 5
11 3 17 6
11 3 17 7
11 3 17 8
11 3 17 9
11 3 17 10
12 1 17 5
12 1 17 6
12 1 17 7
12 1 17 8
12 1 17 9
12 1 17 10
12 2 17 5
12 2 17 6
12 2 17 7
12 2 17 8
12 2 17 9
12 2 17 10
12 3 17 5
12 3 17 6
12 3 17 7
12 3 17 8
12 3 17 9
12 3 17 10
13 1 17 5
13 1 17 6
13 1 17 7
13 1 17 8
13 1 17 9
13 1 17 10
13 2 17 5
13 2 17 6
13 2 17 7
13 2 17 8
13 2 17 9
13 2 17 10
13 3 17 5
13 3 17 6
13 3 17 7
13 3 17 8
13 3 17 9
13 3 17 10
14 1 17 5
14 1 17 6
14 1 17 7
14 1 17 8
14 1 17 9
14 1 17 10
14 2 17 5
14 2 17 6
14 2 17 7
14 2 17 8
14 2 17 9
14 2 17 10
14 3 17 5
14 3 17 6
14 3 17 7
14 3 17 8
14 3 17 9
14 3 17 10
15 1 17 5
15 1 17 6
15 1 17 7
15 1 17 8
15 1 17 9
15 1 17 10
15 2 17 5
15 2 17 6
15 2 17 7
15 2 17 8
15 2 17 9
15 2 17 10
15 3 17 5
15 3 17 6
15 3 17 7
15 3 17 8
15 3 17 9
15 3 17 10
