18 11
11111111100
11111111111
11111111111
11110010101
11111111101
11111111111
11111111101
11111111111
11111111100
11111111100
11111111100
11011111100
11111111100
11010111100
11111111100
01111111100
01111111100
00000000000
682
1 1 5 7
1 1 5 9
1 2 5 7
1 2 5 9
1 3 5 7
1 3 5 9
1 4 5 7
1 4 5 9
1 7 5 9
1 1 6 7
1 1 6 9
1 2 6 7
1 2 6 9
1 3 6 7
1 3 6 9
1 4 6 7
1 4 6 9
1 7 6 9
1 1 7 7
1 1 7 9
1 2 7 7
1 2 7 9
1 3 7 7
1 3 7 9
1 4 7 7
1 4 7 9
1 7 7 9
1 1 8 7
1 1 8 9
1 2 8 7
1 2 8 9
1 3 8 7
1 3 8 9
1 4 8 7
1 4 8 9
1 7 8 9
1 1 9 7
1 1 9 9
1 2 9 7
1 2 9 9
1 3 9 7
1 3 9 9
1 4 9 7
1 4 9 9
1 7 9 9
1 1 10 7
1 1 10 9
1 2 10 7
1 2 10 9
1 3 10 7
1 3 10 9
1 4 10 7
1 4 10 9
1 7 10 9
1 1 11 7
1 1 11 9
1 2 11 7
1 2 11 9
1 3 11 7
1 3 11 9
1 4 11 7
1 4 11 9
1 7 11 9
1 4 12 7
1 4 12 9
1 7 12 9
1 1 13 4
1 1 13 7
1 1 13 9
1 2 13 4
1 2 13 7
1 2 13 9
1 4 13 7
1 4 13 9
1 7 13 9
1 7 14 9
1 1 15 4
1 1 15 7
1 1 15 9
1 2 15 4
1 2 15 7
1 2 15 9
1 4 15 7
1 4 15 9
1 7 15 9
1 2 16 4
1 2 16 7
1 2 16 9
1 4 16 7
1 4 16 9
1 7 16 9
1 2 17 4
1 2 17 7
1 2 17 9
1 4 17 7
1 4 17 9
1 7 17 9
2 1 5 7
2 1 5 9
2 2 5 7
2 2 5 9
2 3 5 7
2 3 5 9
2 4 5 7
2 4 5 9
2 7 5 9
2 1 6 7
2 1 6 9
2 1 6 11
2 2 6 7
2 2 6 9
2 2 6 11
2 3 6 7
2 3 6 9
2 3 6 11
2 4 6 7
2 4 6 9
2 4 6 11
2 7 6 9
2 7 6 11
2 9 6 11
2 1 7 7
2 1 7 9
2 2 7 7
2 2 7 9
2 3 7 7
2 3 7 9
2 4 7 7
2 4 7 9
2 7 7 9
2 1 8 7
2 1 8 9
2 1 8 11
2 2 8 7
2 2 8 9
2 2 8 11
2 3 8 7
2 3 8 9
2 3 8 11
2 4 8 7
2 4 8 9
2 4 8 11
2 7 8 9
2 7 8 11
2 9 8 11
2 1 9 7
2 1 9 9
2 2 9 7
2 2 9 9
2 3 9 7
2 3 9 9
2 4 9 7
2 4 9 9
2 7 9 9
2 1 10 7
2 1 10 9
2 2 10 7
2 2 10 9
2 3 10 7
2 3 10 9
2 4 10 7
2 4 10 9
2 7 10 9
2 1 11 7
2 1 11 9
2 2 11 7
2 2 11 9
2 3 11 7
2 3 11 9
2 4 11 7
2 4 11 9
2 7 11 9
2 4 12 7
2 4 12 9
2 7 12 9
2 1 13 4
2 1 13 7
2 1 13 9
2 2 13 4
2 2 13 7
2 2 13 9
2 4 13 7
2 4 13 9
2 7 13 9
2 7 14 9
2 1 15 4
2 1 15 7
2 1 15 9
2 2 15 4
2 2 15 7
2 2 15 9
2 4 15 7
2 4 15 9
2 7 15 9
2 2 16 4
2 2 16 7
2 2 16 9
2 4 16 7
2 4 16 9
2 7 16 9
2 2 17 4
2 2 17 7
2 2 17 9
2 4 17 7
2 4 17 9
2 7 17 9
3 1 5 7
3 1 5 9
3 2 5 7
3 2 5 9
3 3 5 7
3 3 5 9
3 4 5 7
3 4 5 9
3 7 5 9
3 1 6 7
3 1 6 9
3 1 6 11
3 2 6 7
3 2 6 9
3 2 6 11
3 3 6 7
3 3 6 9
3 3 6 11
3 4 6 7
3 4 6 9
3 4 6 11
3 7 6 9
3 7 6 11
3 9 6 11
3 1 7 7
3 1 7 9
3 2 7 7
3 2 7 9
3 3 7 7
3 3 7 9
3 4 7 7
3 4 7 9
3 7 7 9
3 1 8 7
3 1 8 9
3 1 8 11
3 2 8 7
3 2 8 9
3 2 8 11
3 3 8 7
3 3 8 9
3 3 8 11
3 4 8 7
3 4 8 9
3 4 8 11
3 7 8 9
3 7 8 11
3 9 8 11
3 1 9 7
3 1 9 9
3 2 9 7
3 2 9 9
3 3 9 7
3 3 9 9
3 4 9 7
3 4 9 9
3 7 9 9
3 1 10 7
3 1 10 9
3 2 10 7
3 2 10 9
3 3 10 7
3 3 10 9
3 4 10 7
3 4 10 9
3 7 10 9
3 1 11 7
3 1 11 9
3 2 11 7
3 2 11 9
3 3 11 7
3 3 11 9
3 4 11 7
3 4 11 9
3 7 11 9
3 4 12 7
3 4 12 9
3 7 12 9
3 1 13 4
3 1 13 7
3 1 13 9
3 2 13 4
3 2 13 7
3 2 13 9
3 4 13 7
3 4 13 9
3 7 13 9
3 7 14 9
3 1 15 4
3 1 15 7
3 1 15 9
3 2 15 4
3 2 15 7
3 2 15 9
3 4 15 7
3 4 15 9
3 7 15 9
3 2 16 4
3 2 16 7
3 2 16 9
3 4 16 7
3 4 16 9
3 7 16 9
3 2 17 4
3 2 17 7
3 2 17 9
3 4 17 7
3 4 17 9
3 7 17 9
4 1 13 4
4 2 13 4
4 1 15 4
4 2 15 4
4 2 16 4
4 2 17 4
5 1 13 4
5 1 13 5
5 1 13 6
5 1 13 7
5 1 13 8
5 1 13 9
5 2 13 4
5 2 13 5
5 2 13 6
5 2 13 7
5 2 13 8
5 2 13 9
5 1 15 4
5 1 15 6
5 1 15 7
5 1 15 8
5 1 15 9
5 2 15 4
5 2 15 6
5 2 15 7
5 2 15 8
5 2 15 9
5 4 15 6
5 4 15 7
5 4 15 8
5 4 15 9
5 2 16 4
5 2 16 6
5 2 16 7
5 2 16 8
5 2 16 9
5 4 16 6
5 4 16 7
5 4 16 8
5 4 16 9
5 2 17 4
5 2 17 6
5 2 17 7
5 2 17 8
5 2 17 9
5 4 17 6
5 4 17 7
5 4 17 8
5 4 17 9
6 1 8 11
6 2 8 11
6 3 8 11
6 4 8 11
6 5 8 11
6 6 8 11
6 7 8 11
6 8 8 11
6 9 8 11
6 1 13 4
6 1 13 5
6 1 13 6
6 1 13 7
6 1 13 8
6 1 13 9
6 2 13 4
6 2 13 5
6 2 13 6
6 2 13 7
6 2 13 8
6 2 13 9
6 1 15 4
6 1 15 6
6 1 15 7
6 1 15 8
6 1 15 9
6 2 15 4
6 2 15 6
6 2 15 7
6 2 15 8
6 2 15 9
6 4 15 6
6 4 15 7
6 4 15 8
6 4 15 9
6 2 16 4
6 2 16 6
6 2 16 7
6 2 16 8
6 2 16 9
6 4 16 6
6 4 16 7
6 4 16 8
6 4 16 9
6 2 17 4
6 2 17 6
6 2 17 7
6 2 17 8
6 2 17 9
6 4 17 6
6 4 17 7
6 4 17 8
6 4 17 9
7 1 13 4
7 1 13 5
7 1 13 6
7 1 13 7
7 1 13 8
7 1 13 9
7 2 13 4
7 2 13 5
7 2 13 6
7 2 13 7
7 2 13 8
7 2 13 9
7 1 15 4
7 1 15 6
7 1 15 7
7 1 15 8
7 1 15 9
7 2 15 4
7 2 15 6
7 2 15 7
7 2 15 8
7 2 15 9
7 4 15 6
7 4 15 7
7 4 15 8
7 4 15 9
7 2 16 4
7 2 16 6
7 2 16 7
7 2 16 8
7 2 16 9
7 4 16 6
7 4 16 7
7 4 16 8
7 4 16 9
7 2 17 4
7 2 17 6
7 2 17 7
7 2 17 8
7 2 17 9
7 4 17 6
7 4 17 7
7 4 17 8
7 4 17 9
8 1 13 4
8 1 13 5
8 1 13 6
8 1 13 7
8 1 13 8
8 1 13 9
8 2 13 4
8 2 13 5
8 2 13 6
8 2 13 7
8 2 13 8
8 2 13 9
8 1 15 4
8 1 15 6
8 1 15 7
8 1 15 8
8 1 15 9
8 2 15 4
8 2 15 6
8 2 15 7
8 2 15 8
8 2 15 9
8 4 15 6
8 4 15 7
8 4 15 8
8 4 15 9
8 2 16 4
8 2 16 6
8 2 16 7
8 2 16 8
8 2 16 9
8 4 16 6
8 4 16 7
8 4 16 8
8 4 16 9
8 2 17 4
8 2 17 6
8 2 17 7
8 2 17 8
8 2 17 9
8 4 17 6
8 4 17 7
8 4 17 8
8 4 17 9
9 1 13 4
9 1 13 5
9 1 13 6
9 1 13 7
9 1 13 8
9 1 13 9
9 2 13 4
9 2 13 5
9 2 13 6
9 2 13 7
9 2 13 8
9 2 13 9
9 1 15 4
9 1 15 6
9 1 15 7
9 1 15 8
9 1 15 9
9 2 15 4
9 2 15 6
9 2 15 7
9 2 15 8
9 2 15 9
9 4 15 6
9 4 15 7
9 4 15 8
9 4 15 9
9 2 16 4
9 2 16 6
9 2 16 7
9 2 16 8
9 2 16 9
9 4 16 6
9 4 16 7
9 4 16 8
9 4 16 9
9 2 17 4
9 2 17 6
9 2 17 7
9 2 17 8
9 2 17 9
9 4 17 6
9 4 17 7
9 4 17 8
9 4 17 9
10 1 13 4
10 1 13 5
10 1 13 6
10 1 13 7
10 1 13 8
10 1 13 9
10 2 13 4
10 2 13 5
10 2 13 6
10 2 13 7
10 2 13 8
10 2 13 9
10 1 15 4
10 1 15 6
10 1 15 7
10 1 15 8
10 1 15 9
10 2 15 4
10 2 15 6
10 2 15 7
10 2 15 8
10 2 15 9
10 4 15 6
10 4 15 7
10 4 15 8
10 4 15 9
10 2 16 4
10 2 16 6
10 2 16 7
10 2 16 8
10 2 16 9
10 4 16 6
10 4 16 7
10 4 16 8
10 4 16 9
10 2 17 4
10 2 17 6
10 2 17 7
10 2 17 8
10 2 17 9
10 4 17 6
10 4 17 7
10 4 17 8
10 4 17 9
11 1 13 4
11 1 13 5
11 1 13 6
11 1 13 7
11 1 13 8
11 1 13 9
11 2 13 4
11 2 13 5
11 2 13 6
11 2 13 7
11 2 13 8
11 2 13 9
11 1 15 4
11 1 15 6
11 1 15 7
11 1 15 8
11 1 15 9
11 2 15 4
11 2 15 6
11 2 15 7
11 2 15 8
11 2 15 9
11 4 15 6
11 4 15 7
11 4 15 8
11 4 15 9
11 2 16 4
11 2 16 6
11 2 16 7
11 2 16 8
11 2 16 9
11 4 16 6
11 4 16 7
11 4 16 8
11 4 16 9
11 2 17 4
11 2 17 6
11 2 17 7
11 2 17 8
11 2 17 9
11 4 17 6
11 4 17 7
11 4 17 8
11 4 17 9
12 4 15 6
12 4 15 7
12 4 15 8
12 4 15 9
12 4 16 6
12 4 16 7
12 4 16 8
12 4 16 9
12 4 17 6
12 4 17 7
12 4 17 8
12 4 17 9
13 1 15 4
13 1 15 6
13 1 15 7
13 1 15 8
13 1 15 9
13 2 15 4
13 2 15 6
13 2 15 7
13 2 15 8
13 2 15 9
13 4 15 6
13 4 15 7
13 4 15 8
13 4 15 9
13 2 16 4
13 2 16 6
13 2 16 7
13 2 16 8
13 2 16 9
13 4 16 6
13 4 16 7
13 4 16 8
13 4 16 9
13 2 17 4
13 2 17 6
13 2 17 7
13 2 17 8
13 2 17 9
13 4 17 6
13 4 17 7
13 4 17 8
13 4 17 9
