14 13
0000000000000
1111111110000
1000000011111
1011111111111
1011111111111
1111111111111
1111110111011
1111010111011
1111010111111
1111110111011
1111111111111
0011111111111
0000000000000
0000000000000
212
2 1 6 9
2 1 11 9
3 9 9 12
3 9 9 13
3 10 9 12
3 10 9 13
3 9 11 12
3 9 11 13
3 10 11 12
3 10 11 13
3 9 12 12
3 9 12 13
3 10 12 12
3 10 12 13
4 8 9 12
4 8 9 13
4 9 9 12
4 9 9 13
4 10 9 12
4 10 9 13
4 3 10 6
4 4 10 6
4 3 11 6
4 3 11 8
4 3 11 9
4 3 11 10
4 3 11 12
4 3 11 13
4 4 11 6
4 4 11 8
4 4 11 9
4 4 11 10
4 4 11 12
4 4 11 13
4 6 11 8
4 6 11 9
4 6 11 10
4 6 11 12
4 6 11 13
4 8 11 12
4 8 11 13
4 9 11 12
4 9 11 13
4 10 11 12
4 10 11 13
4 3 12 6
4 3 12 8
4 3 12 9
4 3 12 10
4 3 12 12
4 3 12 13
4 4 12 6
4 4 12 8
4 4 12 9
4 4 12 10
4 4 12 12
4 4 12 13
4 6 12 8
4 6 12 9
4 6 12 10
4 6 12 12
4 6 12 13
4 8 12 12
4 8 12 13
4 9 12 12
4 9 12 13
4 10 12 12
4 10 12 13
5 8 9 12
5 8 9 13
5 9 9 12
5 9 9 13
5 10 9 12
5 10 9 13
5 3 10 6
5 4 10 6
5 3 11 6
5 3 11 8
5 3 11 9
5 3 11 10
5 3 11 12
5 3 11 13
5 4 11 6
5 4 11 8
5 4 11 9
5 4 11 10
5 4 11 12
5 4 11 13
5 6 11 8
5 6 11 9
5 6 11 10
5 6 11 12
5 6 11 13
5 8 11 12
5 8 11 13
5 9 11 12
5 9 11 13
5 10 11 12
5 10 11 13
5 3 12 6
5 3 12 8
5 3 12 9
5 3 12 10
5 3 12 12
5 3 12 13
5 4 12 6
5 4 12 8
5 4 12 9
5 4 12 10
5 4 12 12
5 4 12 13
5 6 12 8
5 6 12 9
5 6 12 10
5 6 12 12
5 6 12 13
5 8 12 12
5 8 12 13
5 9 12 12
5 9 12 13
5 10 12 12
5 10 12 13
6 8 9 12
6 8 9 13
6 9 9 12
6 9 9 13
6 10 9 12
6 10 9 13
6 1 10 6
6 2 10 6
6 3 10 6
6 4 10 6
6 1 11 6
6 1 11 8
6 1 11 9
6 1 11 10
6 1 11 12
6 1 11 13
6 2 11 6
6 2 11 8
6 2 11 9
6 2 11 10
6 2 11 12
6 2 11 13
6 3 11 6
6 3 11 8
6 3 11 9
6 3 11 10
6 3 11 12
6 3 11 13
6 4 11 6
6 4 11 8
6 4 11 9
6 4 11 10
6 4 11 12
6 4 11 13
6 6 11 8
6 6 11 9
6 6 11 10
6 6 11 12
6 6 11 13
6 8 11 12
6 8 11 13
6 9 11 12
6 9 11 13
6 10 11 12
6 10 11 13
6 3 12 6
6 3 12 8
6 3 12 9
6 3 12 10
6 3 12 12
6 3 12 13
6 4 12 6
6 4 12 8
6 4 12 9
6 4 12 10
6 4 12 12
6 4 12 13
6 6 12 8
6 6 12 9
6 6 12 10
6 6 12 12
6 6 12 13
6 8 12 12
6 8 12 13
6 9 12 12
6 9 12 13
6 10 12 12
6 10 12 13
7 1 10 6
7 2 10 6
7 3 10 6
7 4 10 6
7 1 11 6
7 2 11 6
7 3 11 6
7 4 11 6
7 3 12 6
7 4 12 6
9 8 11 12
9 8 11 13
9 9 11 12
9 9 11 13
9 10 11 12
9 10 11 13
9 8 12 12
9 8 12 13
9 9 12 12
9 9 12 13
9 10 12 12
9 10 12 13
