18 20
00000000000000000000
00011111111111100000
00010011111111111000
00010010011000101000
00010010011111111000
00010010011001101000
00011111111001101000
00000010010001101000
00000010010001101000
00000010010001111100
00000010011111101100
00000010010101111100
00000010010100101000
00000010010100101000
00000010011111101000
00000010010100001000
00000010011100001000
00000011111111111000
44
2 10 5 15
2 11 5 15
2 4 7 7
2 4 7 10
2 4 7 11
2 7 7 10
2 7 7 11
2 10 11 15
2 10 15 15
2 7 18 10
3 10 5 15
3 10 5 17
3 11 5 15
3 11 5 17
3 15 5 17
3 7 7 10
3 7 7 11
3 15 10 17
3 10 11 15
3 15 12 17
3 10 15 15
3 7 18 10
3 7 18 17
3 10 18 17
5 14 10 17
5 15 10 17
5 10 11 14
5 10 11 15
5 14 12 17
5 15 12 17
5 10 15 15
5 10 18 17
7 7 18 10
10 14 12 17
10 14 12 18
10 15 12 17
10 15 12 18
11 10 15 12
11 10 15 15
11 12 15 15
11 10 17 12
11 10 18 12
15 10 17 12
15 10 18 12
