14 13
0000111000000
0111111111111
0111101011001
0110101111001
0110101111111
0111111111111
0010101111011
0010111111111
0011111111111
0011101111001
0011111111111
0011111111111
0010100101000
0011111111000
275
1 5 6 7
1 5 8 7
1 5 9 7
1 5 11 7
1 5 12 7
2 7 4 9
2 7 4 10
2 7 5 9
2 7 5 10
2 7 5 13
2 9 5 13
2 10 5 13
2 2 6 5
2 2 6 7
2 2 6 9
2 2 6 10
2 2 6 13
2 3 6 5
2 3 6 7
2 3 6 9
2 3 6 10
2 3 6 13
2 5 6 7
2 5 6 9
2 5 6 10
2 5 6 13
2 7 6 9
2 7 6 10
2 7 6 13
2 9 6 13
2 10 6 13
2 7 7 9
2 7 7 10
2 5 8 7
2 5 8 9
2 5 8 10
2 5 8 13
2 7 8 9
2 7 8 10
2 7 8 13
2 9 8 13
2 10 8 13
2 3 9 5
2 3 9 7
2 3 9 9
2 3 9 10
2 3 9 13
2 5 9 7
2 5 9 9
2 5 9 10
2 5 9 13
2 7 9 9
2 7 9 10
2 7 9 13
2 9 9 13
2 10 9 13
2 3 10 5
2 7 10 9
2 7 10 10
2 3 11 5
2 3 11 7
2 3 11 9
2 3 11 10
2 3 11 13
2 5 11 7
2 5 11 9
2 5 11 10
2 5 11 13
2 7 11 9
2 7 11 10
2 7 11 13
2 9 11 13
2 10 11 13
2 3 12 5
2 3 12 7
2 3 12 9
2 3 12 10
2 3 12 13
2 5 12 7
2 5 12 9
2 5 12 10
2 5 12 13
2 7 12 9
2 7 12 10
2 7 12 13
2 9 12 13
2 10 12 13
2 3 14 5
2 3 14 10
2 5 14 10
3 2 6 5
3 3 6 5
3 3 9 5
3 3 10 5
3 3 11 5
3 3 12 5
3 3 14 5
4 8 14 10
5 7 8 12
5 7 8 13
5 8 8 12
5 8 8 13
5 9 8 12
5 9 8 13
5 10 8 12
5 10 8 13
5 7 9 12
5 7 9 13
5 8 9 12
5 8 9 13
5 9 9 12
5 9 9 13
5 10 9 12
5 10 9 13
5 7 11 13
5 8 11 13
5 9 11 13
5 10 11 13
5 7 12 13
5 8 12 13
5 9 12 13
5 10 12 13
5 8 14 10
6 5 8 7
6 5 8 8
6 5 8 9
6 5 8 10
6 5 8 12
6 5 8 13
6 7 8 12
6 7 8 13
6 8 8 12
6 8 8 13
6 9 8 12
6 9 8 13
6 10 8 12
6 10 8 13
6 3 9 5
6 3 9 7
6 3 9 8
6 3 9 9
6 3 9 10
6 3 9 12
6 3 9 13
6 5 9 7
6 5 9 8
6 5 9 9
6 5 9 10
6 5 9 12
6 5 9 13
6 7 9 12
6 7 9 13
6 8 9 12
6 8 9 13
6 9 9 12
6 9 9 13
6 10 9 12
6 10 9 13
6 3 10 5
6 3 11 5
6 3 11 7
6 3 11 8
6 3 11 9
6 3 11 10
6 3 11 13
6 5 11 7
6 5 11 8
6 5 11 9
6 5 11 10
6 5 11 13
6 7 11 13
6 8 11 13
6 9 11 13
6 10 11 13
6 3 12 5
6 3 12 7
6 3 12 8
6 3 12 9
6 3 12 10
6 3 12 13
6 5 12 7
6 5 12 8
6 5 12 9
6 5 12 10
6 5 12 13
6 7 12 13
6 8 12 13
6 9 12 13
6 10 12 13
6 3 14 5
6 3 14 8
6 3 14 10
6 5 14 8
6 5 14 10
6 8 14 10
7 8 14 10
8 5 11 7
8 5 11 8
8 5 11 9
8 5 11 10
8 5 11 13
8 7 11 13
8 8 11 13
8 9 11 13
8 10 11 13
8 5 12 7
8 5 12 8
8 5 12 9
8 5 12 10
8 5 12 13
8 7 12 13
8 8 12 13
8 9 12 13
8 10 12 13
8 5 14 8
8 5 14 10
8 8 14 10
9 3 11 7
9 3 11 8
9 3 11 9
9 3 11 10
9 3 11 13
9 4 11 7
9 4 11 8
9 4 11 9
9 4 11 10
9 4 11 13
9 5 11 7
9 5 11 8
9 5 11 9
9 5 11 10
9 5 11 13
9 7 11 13
9 8 11 13
9 9 11 13
9 10 11 13
9 3 12 7
9 3 12 8
9 3 12 9
9 3 12 10
9 3 12 13
9 4 12 7
9 4 12 8
9 4 12 9
9 4 12 10
9 4 12 13
9 5 12 7
9 5 12 8
9 5 12 9
9 5 12 10
9 5 12 13
9 7 12 13
9 8 12 13
9 9 12 13
9 10 12 13
9 3 14 5
9 3 14 8
9 3 14 10
9 5 14 8
9 5 14 10
9 8 14 10
10 3 14 5
10 8 14 10
11 3 14 5
11 3 14 8
11 3 14 10
11 5 14 8
11 5 14 10
11 8 14 10
12 3 14 5
12 3 14 8
12 3 14 10
12 5 14 8
12 5 14 10
12 8 14 10
