13 14
00000000000000
00000000000000
00000000000000
00000000000000
00111111111111
00100000001101
11111111101101
10101111101101
11111111111101
11111111101101
11111111111101
11111111111111
00000000000000
89
5 3 9 11
5 3 9 12
5 3 11 11
5 3 11 12
5 3 12 11
5 3 12 12
5 3 12 14
5 11 12 14
5 12 12 14
7 1 9 3
7 1 9 5
7 1 9 6
7 1 9 7
7 1 9 8
7 1 9 9
7 3 9 5
7 3 9 6
7 3 9 7
7 3 9 8
7 3 9 9
7 1 10 3
7 1 10 5
7 1 10 6
7 1 10 7
7 1 10 8
7 1 10 9
7 3 10 5
7 3 10 6
7 3 10 7
7 3 10 8
7 3 10 9
7 1 11 3
7 1 11 5
7 1 11 6
7 1 11 7
7 1 11 8
7 1 11 9
7 3 11 5
7 3 11 6
7 3 11 7
7 3 11 8
7 3 11 9
7 1 12 3
7 1 12 5
7 1 12 6
7 1 12 7
7 1 12 8
7 1 12 9
7 3 12 5
7 3 12 6
7 3 12 7
7 3 12 8
7 3 12 9
9 1 11 11
9 1 11 12
9 2 11 11
9 2 11 12
9 3 11 11
9 3 11 12
9 4 11 11
9 4 11 12
9 5 11 11
9 5 11 12
9 6 11 11
9 6 11 12
9 7 11 11
9 7 11 12
9 8 11 11
9 8 11 12
9 9 11 11
9 9 11 12
9 1 12 11
9 1 12 12
9 2 12 11
9 2 12 12
9 3 12 11
9 3 12 12
9 4 12 11
9 4 12 12
9 5 12 11
9 5 12 12
9 6 12 11
9 6 12 12
9 7 12 11
9 7 12 12
9 8 12 11
9 8 12 12
9 9 12 11
9 9 12 12
