16 25
1111111111111110000000000
1001111111111111111111111
1111111111111111111111111
1111111111111111111111111
1111111111111111111111011
1111111111111111111111111
1111111111111101010101011
1011100001111111010101011
1111111111111110010101011
1111111111111111111111111
0011111111100010010111111
0011111111111111111111101
0001001000000000010001101
0001001000000000011111101
0001111111111111111111111
0000000000000000000000000
1051
1 1 3 4
1 1 3 5
1 1 3 6
1 1 3 7
1 1 3 8
1 1 3 9
1 1 3 10
1 1 3 11
1 1 3 12
1 1 3 13
1 1 3 14
1 1 3 15
1 1 4 4
1 1 4 5
1 1 4 6
1 1 4 7
1 1 4 8
1 1 4 9
1 1 4 10
1 1 4 11
1 1 4 12
1 1 4 13
1 1 4 14
1 1 4 15
1 1 5 4
1 1 5 5
1 1 5 6
1 1 5 7
1 1 5 8
1 1 5 9
1 1 5 10
1 1 5 11
1 1 5 12
1 1 5 13
1 1 5 14
1 1 5 15
1 1 6 4
1 1 6 5
1 1 6 6
1 1 6 7
1 1 6 8
1 1 6 9
1 1 6 10
1 1 6 11
1 1 6 12
1 1 6 13
1 1 6 14
1 1 6 15
1 1 7 4
1 1 7 5
1 1 7 6
1 1 7 7
1 1 7 8
1 1 7 9
1 1 7 10
1 1 7 11
1 1 7 12
1 1 7 13
1 1 7 14
1 1 9 4
1 1 9 5
1 1 9 10
1 1 9 11
1 1 9 12
1 1 9 13
1 1 9 14
1 4 9 10
1 4 9 11
1 4 9 12
1 4 9 13
1 4 9 14
1 5 9 10
1 5 9 11
1 5 9 12
1 5 9 13
1 5 9 14
1 1 10 4
1 1 10 5
1 1 10 10
1 1 10 11
1 1 10 12
1 1 10 13
1 1 10 14
1 4 10 10
1 4 10 11
1 4 10 12
1 4 10 13
1 4 10 14
1 5 10 10
1 5 10 11
1 5 10 12
1 5 10 13
1 5 10 14
1 4 11 10
1 4 11 11
1 5 11 10
1 5 11 11
1 4 12 10
1 4 12 11
1 5 12 10
1 5 12 11
2 4 6 24
2 4 6 25
2 5 6 24
2 5 6 25
2 6 6 24
2 6 6 25
2 7 6 24
2 7 6 25
2 8 6 24
2 8 6 25
2 9 6 24
2 9 6 25
2 10 6 24
2 10 6 25
2 11 6 24
2 11 6 25
2 12 6 24
2 12 6 25
2 13 6 24
2 13 6 25
2 14 6 24
2 14 6 25
2 15 6 24
2 15 6 25
2 16 6 24
2 16 6 25
2 17 6 24
2 17 6 25
2 18 6 24
2 18 6 25
2 19 6 24
2 19 6 25
2 20 6 24
2 20 6 25
2 21 6 24
2 21 6 25
2 22 6 24
2 22 6 25
2 10 8 16
2 11 8 16
2 12 8 16
2 13 8 16
2 14 8 16
2 4 9 10
2 4 9 11
2 4 9 12
2 4 9 13
2 4 9 14
2 5 9 10
2 5 9 11
2 5 9 12
2 5 9 13
2 5 9 14
2 4 10 10
2 4 10 11
2 4 10 12
2 4 10 13
2 4 10 14
2 4 10 18
2 4 10 20
2 4 10 22
2 4 10 24
2 4 10 25
2 5 10 10
2 5 10 11
2 5 10 12
2 5 10 13
2 5 10 14
2 5 10 18
2 5 10 20
2 5 10 22
2 5 10 24
2 5 10 25
2 10 10 18
2 10 10 20
2 10 10 22
2 10 10 24
2 10 10 25
2 11 10 18
2 11 10 20
2 11 10 22
2 11 10 24
2 11 10 25
2 12 10 18
2 12 10 20
2 12 10 22
2 12 10 24
2 12 10 25
2 13 10 18
2 13 10 20
2 13 10 22
2 13 10 24
2 13 10 25
2 14 10 18
2 14 10 20
2 14 10 22
2 14 10 24
2 14 10 25
2 18 10 20
2 18 10 22
2 18 10 24
2 18 10 25
2 20 10 22
2 20 10 24
2 20 10 25
2 22 10 24
2 22 10 25
2 4 11 10
2 4 11 11
2 5 11 10
2 5 11 11
2 20 11 22
2 20 11 24
2 20 11 25
2 22 11 24
2 22 11 25
2 4 12 10
2 4 12 11
2 4 12 18
2 4 12 20
2 4 12 22
2 5 12 10
2 5 12 11
2 5 12 18
2 5 12 20
2 5 12 22
2 10 12 18
2 10 12 20
2 10 12 22
2 11 12 18
2 11 12 20
2 11 12 22
2 18 12 20
2 18 12 22
2 20 12 22
2 18 14 22
2 4 15 18
2 4 15 22
2 4 15 25
2 18 15 22
2 18 15 25
2 22 15 25
3 1 6 24
3 1 6 25
3 2 6 24
3 2 6 25
3 3 6 24
3 3 6 25
3 4 6 24
3 4 6 25
3 5 6 24
3 5 6 25
3 6 6 24
3 6 6 25
3 7 6 24
3 7 6 25
3 8 6 24
3 8 6 25
3 9 6 24
3 9 6 25
3 10 6 24
3 10 6 25
3 11 6 24
3 11 6 25
3 12 6 24
3 12 6 25
3 13 6 24
3 13 6 25
3 14 6 24
3 14 6 25
3 15 6 24
3 15 6 25
3 16 6 24
3 16 6 25
3 17 6 24
3 17 6 25
3 18 6 24
3 18 6 25
3 19 6 24
3 19 6 25
3 20 6 24
3 20 6 25
3 21 6 24
3 21 6 25
3 22 6 24
3 22 6 25
3 10 8 16
3 11 8 16
3 12 8 16
3 13 8 16
3 14 8 16
3 1 9 3
3 1 9 4
3 1 9 5
3 1 9 10
3 1 9 11
3 1 9 12
3 1 9 13
3 1 9 14
3 3 9 10
3 3 9 11
3 3 9 12
3 3 9 13
3 3 9 14
3 4 9 10
3 4 9 11
3 4 9 12
3 4 9 13
3 4 9 14
3 5 9 10
3 5 9 11
3 5 9 12
3 5 9 13
3 5 9 14
3 1 10 3
3 1 10 4
3 1 10 5
3 1 10 10
3 1 10 11
3 1 10 12
3 1 10 13
3 1 10 14
3 1 10 18
3 1 10 20
3 1 10 22
3 1 10 24
3 1 10 25
3 3 10 10
3 3 10 11
3 3 10 12
3 3 10 13
3 3 10 14
3 3 10 18
3 3 10 20
3 3 10 22
3 3 10 24
3 3 10 25
3 4 10 10
3 4 10 11
3 4 10 12
3 4 10 13
3 4 10 14
3 4 10 18
3 4 10 20
3 4 10 22
3 4 10 24
3 4 10 25
3 5 10 10
3 5 10 11
3 5 10 12
3 5 10 13
3 5 10 14
3 5 10 18
3 5 10 20
3 5 10 22
3 5 10 24
3 5 10 25
3 10 10 18
3 10 10 20
3 10 10 22
3 10 10 24
3 10 10 25
3 11 10 18
3 11 10 20
3 11 10 22
3 11 10 24
3 11 10 25
3 12 10 18
3 12 10 20
3 12 10 22
3 12 10 24
3 12 10 25
3 13 10 18
3 13 10 20
3 13 10 22
3 13 10 24
3 13 10 25
3 14 10 18
3 14 10 20
3 14 10 22
3 14 10 24
3 14 10 25
3 18 10 20
3 18 10 22
3 18 10 24
3 18 10 25
3 20 10 22
3 20 10 24
3 20 10 25
3 22 10 24
3 22 10 25
3 3 11 10
3 3 11 11
3 4 11 10
3 4 11 11
3 5 11 10
3 5 11 11
3 20 11 22
3 20 11 24
3 20 11 25
3 22 11 24
3 22 11 25
3 3 12 10
3 3 12 11
3 3 12 18
3 3 12 20
3 3 12 22
3 4 12 10
3 4 12 11
3 4 12 18
3 4 12 20
3 4 12 22
3 5 12 10
3 5 12 11
3 5 12 18
3 5 12 20
3 5 12 22
3 10 12 18
3 10 12 20
3 10 12 22
3 11 12 18
3 11 12 20
3 11 12 22
3 18 12 20
3 18 12 22
3 20 12 22
3 18 14 22
3 4 15 18
3 4 15 22
3 4 15 25
3 18 15 22
3 18 15 25
3 22 15 25
4 1 6 24
4 1 6 25
4 2 6 24
4 2 6 25
4 3 6 24
4 3 6 25
4 4 6 24
4 4 6 25
4 5 6 24
4 5 6 25
4 6 6 24
4 6 6 25
4 7 6 24
4 7 6 25
4 8 6 24
4 8 6 25
4 9 6 24
4 9 6 25
4 10 6 24
4 10 6 25
4 11 6 24
4 11 6 25
4 12 6 24
4 12 6 25
4 13 6 24
4 13 6 25
4 14 6 24
4 14 6 25
4 15 6 24
4 15 6 25
4 16 6 24
4 16 6 25
4 17 6 24
4 17 6 25
4 18 6 24
4 18 6 25
4 19 6 24
4 19 6 25
4 20 6 24
4 20 6 25
4 21 6 24
4 21 6 25
4 22 6 24
4 22 6 25
4 10 8 16
4 11 8 16
4 12 8 16
4 13 8 16
4 14 8 16
4 1 9 3
4 1 9 4
4 1 9 5
4 1 9 10
4 1 9 11
4 1 9 12
4 1 9 13
4 1 9 14
4 3 9 10
4 3 9 11
4 3 9 12
4 3 9 13
4 3 9 14
4 4 9 10
4 4 9 11
4 4 9 12
4 4 9 13
4 4 9 14
4 5 9 10
4 5 9 11
4 5 9 12
4 5 9 13
4 5 9 14
4 1 10 3
4 1 10 4
4 1 10 5
4 1 10 10
4 1 10 11
4 1 10 12
4 1 10 13
4 1 10 14
4 1 10 18
4 1 10 20
4 1 10 22
4 1 10 24
4 1 10 25
4 3 10 10
4 3 10 11
4 3 10 12
4 3 10 13
4 3 10 14
4 3 10 18
4 3 10 20
4 3 10 22
4 3 10 24
4 3 10 25
4 4 10 10
4 4 10 11
4 4 10 12
4 4 10 13
4 4 10 14
4 4 10 18
4 4 10 20
4 4 10 22
4 4 10 24
4 4 10 25
4 5 10 10
4 5 10 11
4 5 10 12
4 5 10 13
4 5 10 14
4 5 10 18
4 5 10 20
4 5 10 22
4 5 10 24
4 5 10 25
4 10 10 18
4 10 10 20
4 10 10 22
4 10 10 24
4 10 10 25
4 11 10 18
4 11 10 20
4 11 10 22
4 11 10 24
4 11 10 25
4 12 10 18
4 12 10 20
4 12 10 22
4 12 10 24
4 12 10 25
4 13 10 18
4 13 10 20
4 13 10 22
4 13 10 24
4 13 10 25
4 14 10 18
4 14 10 20
4 14 10 22
4 14 10 24
4 14 10 25
4 18 10 20
4 18 10 22
4 18 10 24
4 18 10 25
4 20 10 22
4 20 10 24
4 20 10 25
4 22 10 24
4 22 10 25
4 3 11 10
4 3 11 11
4 4 11 10
4 4 11 11
4 5 11 10
4 5 11 11
4 20 11 22
4 20 11 24
4 20 11 25
4 22 11 24
4 22 11 25
4 3 12 10
4 3 12 11
4 3 12 18
4 3 12 20
4 3 12 22
4 4 12 10
4 4 12 11
4 4 12 18
4 4 12 20
4 4 12 22
4 5 12 10
4 5 12 11
4 5 12 18
4 5 12 20
4 5 12 22
4 10 12 18
4 10 12 20
4 10 12 22
4 11 12 18
4 11 12 20
4 11 12 22
4 18 12 20
4 18 12 22
4 20 12 22
4 18 14 22
4 4 15 18
4 4 15 22
4 4 15 25
4 18 15 22
4 18 15 25
4 22 15 25
5 10 8 16
5 11 8 16
5 12 8 16
5 13 8 16
5 14 8 16
5 1 9 3
5 1 9 4
5 1 9 5
5 1 9 10
5 1 9 11
5 1 9 12
5 1 9 13
5 1 9 14
5 3 9 10
5 3 9 11
5 3 9 12
5 3 9 13
5 3 9 14
5 4 9 10
5 4 9 11
5 4 9 12
5 4 9 13
5 4 9 14
5 5 9 10
5 5 9 11
5 5 9 12
5 5 9 13
5 5 9 14
5 1 10 3
5 1 10 4
5 1 10 5
5 1 10 10
5 1 10 11
5 1 10 12
5 1 10 13
5 1 10 14
5 1 10 18
5 1 10 20
5 1 10 22
5 3 10 10
5 3 10 11
5 3 10 12
5 3 10 13
5 3 10 14
5 3 10 18
5 3 10 20
5 3 10 22
5 4 10 10
5 4 10 11
5 4 10 12
5 4 10 13
5 4 10 14
5 4 10 18
5 4 10 20
5 4 10 22
5 5 10 10
5 5 10 11
5 5 10 12
5 5 10 13
5 5 10 14
5 5 10 18
5 5 10 20
5 5 10 22
5 10 10 18
5 10 10 20
5 10 10 22
5 11 10 18
5 11 10 20
5 11 10 22
5 12 10 18
5 12 10 20
5 12 10 22
5 13 10 18
5 13 10 20
5 13 10 22
5 14 10 18
5 14 10 20
5 14 10 22
5 18 10 20
5 18 10 22
5 20 10 22
5 3 11 10
5 3 11 11
5 4 11 10
5 4 11 11
5 5 11 10
5 5 11 11
5 20 11 22
5 3 12 10
5 3 12 11
5 3 12 18
5 3 12 20
5 3 12 22
5 4 12 10
5 4 12 11
5 4 12 18
5 4 12 20
5 4 12 22
5 5 12 10
5 5 12 11
5 5 12 18
5 5 12 20
5 5 12 22
5 10 12 18
5 10 12 20
5 10 12 22
5 11 12 18
5 11 12 20
5 11 12 22
5 18 12 20
5 18 12 22
5 20 12 22
5 18 14 22
5 4 15 18
5 4 15 22
5 18 15 22
6 10 8 16
6 11 8 16
6 12 8 16
6 13 8 16
6 14 8 16
6 1 9 3
6 1 9 4
6 1 9 5
6 1 9 10
6 1 9 11
6 1 9 12
6 1 9 13
6 1 9 14
6 3 9 10
6 3 9 11
6 3 9 12
6 3 9 13
6 3 9 14
6 4 9 10
6 4 9 11
6 4 9 12
6 4 9 13
6 4 9 14
6 5 9 10
6 5 9 11
6 5 9 12
6 5 9 13
6 5 9 14
6 1 10 3
6 1 10 4
6 1 10 5
6 1 10 10
6 1 10 11
6 1 10 12
6 1 10 13
6 1 10 14
6 1 10 18
6 1 10 20
6 1 10 22
6 1 10 24
6 1 10 25
6 3 10 10
6 3 10 11
6 3 10 12
6 3 10 13
6 3 10 14
6 3 10 18
6 3 10 20
6 3 10 22
6 3 10 24
6 3 10 25
6 4 10 10
6 4 10 11
6 4 10 12
6 4 10 13
6 4 10 14
6 4 10 18
6 4 10 20
6 4 10 22
6 4 10 24
6 4 10 25
6 5 10 10
6 5 10 11
6 5 10 12
6 5 10 13
6 5 10 14
6 5 10 18
6 5 10 20
6 5 10 22
6 5 10 24
6 5 10 25
6 10 10 18
6 10 10 20
6 10 10 22
6 10 10 24
6 10 10 25
6 11 10 18
6 11 10 20
6 11 10 22
6 11 10 24
6 11 10 25
6 12 10 18
6 12 10 20
6 12 10 22
6 12 10 24
6 12 10 25
6 13 10 18
6 13 10 20
6 13 10 22
6 13 10 24
6 13 10 25
6 14 10 18
6 14 10 20
6 14 10 22
6 14 10 24
6 14 10 25
6 18 10 20
6 18 10 22
6 18 10 24
6 18 10 25
6 20 10 22
6 20 10 24
6 20 10 25
6 22 10 24
6 22 10 25
6 3 11 10
6 3 11 11
6 4 11 10
6 4 11 11
6 5 11 10
6 5 11 11
6 20 11 22
6 20 11 24
6 20 11 25
6 22 11 24
6 22 11 25
6 3 12 10
6 3 12 11
6 3 12 18
6 3 12 20
6 3 12 22
6 4 12 10
6 4 12 11
6 4 12 18
6 4 12 20
6 4 12 22
6 5 12 10
6 5 12 11
6 5 12 18
6 5 12 20
6 5 12 22
6 10 12 18
6 10 12 20
6 10 12 22
6 11 12 18
6 11 12 20
6 11 12 22
6 18 12 20
6 18 12 22
6 20 12 22
6 18 14 22
6 4 15 18
6 4 15 22
6 4 15 25
6 18 15 22
6 18 15 25
6 22 15 25
7 1 9 3
7 1 9 4
7 1 9 5
7 1 9 10
7 1 9 11
7 1 9 12
7 1 9 13
7 1 9 14
7 3 9 10
7 3 9 11
7 3 9 12
7 3 9 13
7 3 9 14
7 4 9 10
7 4 9 11
7 4 9 12
7 4 9 13
7 4 9 14
7 5 9 10
7 5 9 11
7 5 9 12
7 5 9 13
7 5 9 14
7 1 10 3
7 1 10 4
7 1 10 5
7 1 10 10
7 1 10 11
7 1 10 12
7 1 10 13
7 1 10 14
7 3 10 10
7 3 10 11
7 3 10 12
7 3 10 13
7 3 10 14
7 4 10 10
7 4 10 11
7 4 10 12
7 4 10 13
7 4 10 14
7 5 10 10
7 5 10 11
7 5 10 12
7 5 10 13
7 5 10 14
7 3 11 10
7 3 11 11
7 4 11 10
7 4 11 11
7 5 11 10
7 5 11 11
7 3 12 10
7 3 12 11
7 4 12 10
7 4 12 11
7 5 12 10
7 5 12 11
8 10 12 15
8 11 12 15
9 3 12 15
9 4 12 15
9 5 12 15
9 6 12 15
9 7 12 15
9 8 12 15
9 9 12 15
9 10 12 15
9 11 12 15
9 4 15 7
10 3 12 15
10 3 12 18
10 3 12 20
10 3 12 21
10 3 12 22
10 3 12 23
10 4 12 15
10 4 12 18
10 4 12 20
10 4 12 21
10 4 12 22
10 4 12 23
10 5 12 15
10 5 12 18
10 5 12 20
10 5 12 21
10 5 12 22
10 5 12 23
10 6 12 15
10 6 12 18
10 6 12 20
10 6 12 21
10 6 12 22
10 6 12 23
10 7 12 15
10 7 12 18
10 7 12 20
10 7 12 21
10 7 12 22
10 7 12 23
10 8 12 15
10 8 12 18
10 8 12 20
10 8 12 21
10 8 12 22
10 8 12 23
10 9 12 15
10 9 12 18
10 9 12 20
10 9 12 21
10 9 12 22
10 9 12 23
10 10 12 15
10 10 12 18
10 10 12 20
10 10 12 21
10 10 12 22
10 10 12 23
10 11 12 15
10 11 12 18
10 11 12 20
10 11 12 21
10 11 12 22
10 11 12 23
10 15 12 18
10 15 12 20
10 15 12 21
10 15 12 22
10 15 12 23
10 18 12 20
10 18 12 21
10 18 12 22
10 18 12 23
10 18 14 22
10 18 14 23
10 4 15 7
10 4 15 18
10 4 15 22
10 4 15 23
10 4 15 25
10 7 15 18
10 7 15 22
10 7 15 23
10 7 15 25
10 18 15 22
10 18 15 23
10 18 15 25
10 22 15 25
10 23 15 25
11 4 15 7
11 22 15 25
11 23 15 25
12 18 14 22
12 18 14 23
12 4 15 7
12 4 15 18
12 4 15 22
12 4 15 23
12 7 15 18
12 7 15 22
12 7 15 23
12 18 15 22
12 18 15 23
