21 13
0111111110000
0100000010000
1111111111000
1111111111111
1010000101001
1111100101001
1010100101001
1010100101001
1010100101001
1010100101001
1110100101001
1111111111001
1011111101001
1111100111001
1111111111001
1011111111001
1111111111111
1010000101000
1010000101000
1010000111000
1110000000000
146
1 2 3 9
1 2 4 9
3 1 6 3
3 1 11 3
3 1 12 3
3 1 12 8
3 1 12 10
3 3 12 8
3 3 12 10
3 8 12 10
3 3 13 8
3 1 14 3
3 8 14 10
3 1 15 3
3 1 15 8
3 1 15 10
3 3 15 8
3 3 15 10
3 8 15 10
3 3 16 8
3 3 16 10
3 8 16 10
3 1 17 3
3 1 17 8
3 1 17 10
3 3 17 8
3 3 17 10
3 8 17 10
3 8 20 10
3 1 21 3
4 1 6 3
4 1 11 3
4 1 12 3
4 1 12 8
4 1 12 10
4 3 12 8
4 3 12 10
4 8 12 10
4 3 13 8
4 1 14 3
4 8 14 10
4 1 15 3
4 1 15 8
4 1 15 10
4 3 15 8
4 3 15 10
4 8 15 10
4 3 16 8
4 3 16 10
4 8 16 10
4 1 17 3
4 1 17 8
4 1 17 10
4 1 17 13
4 3 17 8
4 3 17 10
4 3 17 13
4 8 17 10
4 8 17 13
4 10 17 13
4 8 20 10
4 1 21 3
6 1 11 3
6 1 12 3
6 1 12 5
6 3 12 5
6 3 13 5
6 1 14 3
6 1 14 5
6 3 14 5
6 1 15 3
6 1 15 5
6 3 15 5
6 3 16 5
6 1 17 3
6 1 17 5
6 3 17 5
6 1 21 3
11 1 14 3
11 1 15 3
11 1 17 3
11 1 21 3
12 1 14 3
12 1 14 4
12 1 14 5
12 8 14 10
12 1 15 3
12 1 15 4
12 1 15 5
12 1 15 8
12 1 15 10
12 3 15 8
12 3 15 10
12 4 15 8
12 4 15 10
12 5 15 8
12 5 15 10
12 8 15 10
12 3 16 8
12 3 16 10
12 4 16 8
12 4 16 10
12 5 16 8
12 5 16 10
12 8 16 10
12 1 17 3
12 1 17 4
12 1 17 5
12 1 17 8
12 1 17 10
12 3 17 8
12 3 17 10
12 4 17 8
12 4 17 10
12 5 17 8
12 5 17 10
12 8 17 10
12 8 20 10
12 1 21 3
13 3 15 8
13 4 15 8
13 5 15 8
13 3 16 8
13 4 16 8
13 5 16 8
13 3 17 8
13 4 17 8
13 5 17 8
14 1 17 3
14 1 17 4
14 1 17 5
14 8 20 10
14 1 21 3
15 1 17 3
15 1 17 4
15 1 17 5
15 1 17 6
15 1 17 7
15 1 17 8
15 1 17 9
15 1 17 10
15 8 20 10
15 1 21 3
16 8 20 10
17 8 20 10
17 1 21 3
