11 10
0011111100
0010111100
1111100100
1111111111
1111110111
1111110111
1110111111
1110111111
1111111111
0111111110
0111111100
111
1 3 3 5
1 3 4 5
1 3 4 8
1 5 4 8
1 3 5 5
1 3 6 5
1 5 7 8
1 5 8 8
1 3 9 5
1 3 9 8
1 5 9 8
1 3 10 5
1 3 10 8
1 5 10 8
1 3 11 5
1 3 11 8
1 5 11 8
2 5 4 8
2 5 7 8
2 5 8 8
2 5 9 8
2 5 10 8
2 5 11 8
3 1 9 5
3 2 9 5
3 3 9 5
3 2 10 5
3 3 10 5
3 2 11 5
3 3 11 5
4 5 7 8
4 5 7 9
4 5 7 10
4 6 7 8
4 6 7 9
4 6 7 10
4 5 8 8
4 5 8 9
4 5 8 10
4 6 8 8
4 6 8 9
4 6 8 10
4 1 9 5
4 1 9 6
4 1 9 8
4 1 9 9
4 1 9 10
4 2 9 5
4 2 9 6
4 2 9 8
4 2 9 9
4 2 9 10
4 3 9 5
4 3 9 6
4 3 9 8
4 3 9 9
4 3 9 10
4 5 9 8
4 5 9 9
4 5 9 10
4 6 9 8
4 6 9 9
4 6 9 10
4 2 10 5
4 2 10 6
4 2 10 8
4 2 10 9
4 3 10 5
4 3 10 6
4 3 10 8
4 3 10 9
4 5 10 8
4 5 10 9
4 6 10 8
4 6 10 9
4 2 11 5
4 2 11 6
4 2 11 8
4 3 11 5
4 3 11 6
4 3 11 8
4 5 11 8
4 6 11 8
5 1 9 5
5 1 9 6
5 2 9 5
5 2 9 6
5 3 9 5
5 3 9 6
5 2 10 5
5 2 10 6
5 3 10 5
5 3 10 6
5 2 11 5
5 2 11 6
5 3 11 5
5 3 11 6
6 1 9 5
6 1 9 6
6 2 9 5
6 2 9 6
6 3 9 5
6 3 9 6
6 2 10 5
6 2 10 6
6 3 10 5
6 3 10 6
6 2 11 5
6 2 11 6
6 3 11 5
6 3 11 6
