11 18
011111111111111111
011111111111111111
111111111111111111
111111111111111111
111111111111111111
111111111111111111
111101111111111111
111111111111111111
111111111111111111
111111111111111111
111111111111111111
1144
1 2 8 6
1 2 8 7
1 2 8 8
1 2 8 9
1 2 8 10
1 2 8 11
1 2 8 12
1 2 8 13
1 2 8 14
1 2 8 15
1 2 8 16
1 2 8 17
1 2 8 18
1 3 8 6
1 3 8 7
1 3 8 8
1 3 8 9
1 3 8 10
1 3 8 11
1 3 8 12
1 3 8 13
1 3 8 14
1 3 8 15
1 3 8 16
1 3 8 17
1 3 8 18
1 4 8 6
1 4 8 7
1 4 8 8
1 4 8 9
1 4 8 10
1 4 8 11
1 4 8 12
1 4 8 13
1 4 8 14
1 4 8 15
1 4 8 16
1 4 8 17
1 4 8 18
1 2 9 6
1 2 9 7
1 2 9 8
1 2 9 9
1 2 9 10
1 2 9 11
1 2 9 12
1 2 9 13
1 2 9 14
1 2 9 15
1 2 9 16
1 2 9 17
1 2 9 18
1 3 9 6
1 3 9 7
1 3 9 8
1 3 9 9
1 3 9 10
1 3 9 11
1 3 9 12
1 3 9 13
1 3 9 14
1 3 9 15
1 3 9 16
1 3 9 17
1 3 9 18
1 4 9 6
1 4 9 7
1 4 9 8
1 4 9 9
1 4 9 10
1 4 9 11
1 4 9 12
1 4 9 13
1 4 9 14
1 4 9 15
1 4 9 16
1 4 9 17
1 4 9 18
1 2 10 6
1 2 10 7
1 2 10 8
1 2 10 9
1 2 10 10
1 2 10 11
1 2 10 12
1 2 10 13
1 2 10 14
1 2 10 15
1 2 10 16
1 2 10 17
1 2 10 18
1 3 10 6
1 3 10 7
1 3 10 8
1 3 10 9
1 3 10 10
1 3 10 11
1 3 10 12
1 3 10 13
1 3 10 14
1 3 10 15
1 3 10 16
1 3 10 17
1 3 10 18
1 4 10 6
1 4 10 7
1 4 10 8
1 4 10 9
1 4 10 10
1 4 10 11
1 4 10 12
1 4 10 13
1 4 10 14
1 4 10 15
1 4 10 16
1 4 10 17
1 4 10 18
1 2 11 6
1 2 11 7
1 2 11 8
1 2 11 9
1 2 11 10
1 2 11 11
1 2 11 12
1 2 11 13
1 2 11 14
1 2 11 15
1 2 11 16
1 2 11 17
1 2 11 18
1 3 11 6
1 3 11 7
1 3 11 8
1 3 11 9
1 3 11 10
1 3 11 11
1 3 11 12
1 3 11 13
1 3 11 14
1 3 11 15
1 3 11 16
1 3 11 17
1 3 11 18
1 4 11 6
1 4 11 7
1 4 11 8
1 4 11 9
1 4 11 10
1 4 11 11
1 4 11 12
1 4 11 13
1 4 11 14
1 4 11 15
1 4 11 16
1 4 11 17
1 4 11 18
2 2 8 6
2 2 8 7
2 2 8 8
2 2 8 9
2 2 8 10
2 2 8 11
2 2 8 12
2 2 8 13
2 2 8 14
2 2 8 15
2 2 8 16
2 2 8 17
2 2 8 18
2 3 8 6
2 3 8 7
2 3 8 8
2 3 8 9
2 3 8 10
2 3 8 11
2 3 8 12
2 3 8 13
2 3 8 14
2 3 8 15
2 3 8 16
2 3 8 17
2 3 8 18
2 4 8 6
2 4 8 7
2 4 8 8
2 4 8 9
2 4 8 10
2 4 8 11
2 4 8 12
2 4 8 13
2 4 8 14
2 4 8 15
2 4 8 16
2 4 8 17
2 4 8 18
2 2 9 6
2 2 9 7
2 2 9 8
2 2 9 9
2 2 9 10
2 2 9 11
2 2 9 12
2 2 9 13
2 2 9 14
2 2 9 15
2 2 9 16
2 2 9 17
2 2 9 18
2 3 9 6
2 3 9 7
2 3 9 8
2 3 9 9
2 3 9 10
2 3 9 11
2 3 9 12
2 3 9 13
2 3 9 14
2 3 9 15
2 3 9 16
2 3 9 17
2 3 9 18
2 4 9 6
2 4 9 7
2 4 9 8
2 4 9 9
2 4 9 10
2 4 9 11
2 4 9 12
2 4 9 13
2 4 9 14
2 4 9 15
2 4 9 16
2 4 9 17
2 4 9 18
2 2 10 6
2 2 10 7
2 2 10 8
2 2 10 9
2 2 10 10
2 2 10 11
2 2 10 12
2 2 10 13
2 2 10 14
2 2 10 15
2 2 10 16
2 2 10 17
2 2 10 18
2 3 10 6
2 3 10 7
2 3 10 8
2 3 10 9
2 3 10 10
2 3 10 11
2 3 10 12
2 3 10 13
2 3 10 14
2 3 10 15
2 3 10 16
2 3 10 17
2 3 10 18
2 4 10 6
2 4 10 7
2 4 10 8
2 4 10 9
2 4 10 10
2 4 10 11
2 4 10 12
2 4 10 13
2 4 10 14
2 4 10 15
2 4 10 16
2 4 10 17
2 4 10 18
2 2 11 6
2 2 11 7
2 2 11 8
2 2 11 9
2 2 11 10
2 2 11 11
2 2 11 12
2 2 11 13
2 2 11 14
2 2 11 15
2 2 11 16
2 2 11 17
2 2 11 18
2 3 11 6
2 3 11 7
2 3 11 8
2 3 11 9
2 3 11 10
2 3 11 11
2 3 11 12
2 3 11 13
2 3 11 14
2 3 11 15
2 3 11 16
2 3 11 17
2 3 11 18
2 4 11 6
2 4 11 7
2 4 11 8
2 4 11 9
2 4 11 10
2 4 11 11
2 4 11 12
2 4 11 13
2 4 11 14
2 4 11 15
2 4 11 16
2 4 11 17
2 4 11 18
3 1 8 6
3 1 8 7
3 1 8 8
3 1 8 9
3 1 8 10
3 1 8 11
3 1 8 12
3 1 8 13
3 1 8 14
3 1 8 15
3 1 8 16
3 1 8 17
3 1 8 18
3 2 8 6
3 2 8 7
3 2 8 8
3 2 8 9
3 2 8 10
3 2 8 11
3 2 8 12
3 2 8 13
3 2 8 14
3 2 8 15
3 2 8 16
3 2 8 17
3 2 8 18
3 3 8 6
3 3 8 7
3 3 8 8
3 3 8 9
3 3 8 10
3 3 8 11
3 3 8 12
3 3 8 13
3 3 8 14
3 3 8 15
3 3 8 16
3 3 8 17
3 3 8 18
3 4 8 6
3 4 8 7
3 4 8 8
3 4 8 9
3 4 8 10
3 4 8 11
3 4 8 12
3 4 8 13
3 4 8 14
3 4 8 15
3 4 8 16
3 4 8 17
3 4 8 18
3 1 9 6
3 1 9 7
3 1 9 8
3 1 9 9
3 1 9 10
3 1 9 11
3 1 9 12
3 1 9 13
3 1 9 14
3 1 9 15
3 1 9 16
3 1 9 17
3 1 9 18
3 2 9 6
3 2 9 7
3 2 9 8
3 2 9 9
3 2 9 10
3 2 9 11
3 2 9 12
3 2 9 13
3 2 9 14
3 2 9 15
3 2 9 16
3 2 9 17
3 2 9 18
3 3 9 6
3 3 9 7
3 3 9 8
3 3 9 9
3 3 9 10
3 3 9 11
3 3 9 12
3 3 9 13
3 3 9 14
3 3 9 15
3 3 9 16
3 3 9 17
3 3 9 18
3 4 9 6
3 4 9 7
3 4 9 8
3 4 9 9
3 4 9 10
3 4 9 11
3 4 9 12
3 4 9 13
3 4 9 14
3 4 9 15
3 4 9 16
3 4 9 17
3 4 9 18
3 1 10 6
3 1 10 7
3 1 10 8
3 1 10 9
3 1 10 10
3 1 10 11
3 1 10 12
3 1 10 13
3 1 10 14
3 1 10 15
3 1 10 16
3 1 10 17
3 1 10 18
3 2 10 6
3 2 10 7
3 2 10 8
3 2 10 9
3 2 10 10
3 2 10 11
3 2 10 12
3 2 10 13
3 2 10 14
3 2 10 15
3 2 10 16
3 2 10 17
3 2 10 18
3 3 10 6
3 3 10 7
3 3 10 8
3 3 10 9
3 3 10 10
3 3 10 11
3 3 10 12
3 3 10 13
3 3 10 14
3 3 10 15
3 3 10 16
3 3 10 17
3 3 10 18
3 4 10 6
3 4 10 7
3 4 10 8
3 4 10 9
3 4 10 10
3 4 10 11
3 4 10 12
3 4 10 13
3 4 10 14
3 4 10 15
3 4 10 16
3 4 10 17
3 4 10 18
3 1 11 6
3 1 11 7
3 1 11 8
3 1 11 9
3 1 11 10
3 1 11 11
3 1 11 12
3 1 11 13
3 1 11 14
3 1 11 15
3 1 11 16
3 1 11 17
3 1 11 18
3 2 11 6
3 2 11 7
3 2 11 8
3 2 11 9
3 2 11 10
3 2 11 11
3 2 11 12
3 2 11 13
3 2 11 14
3 2 11 15
3 2 11 16
3 2 11 17
3 2 11 18
3 3 11 6
3 3 11 7
3 3 11 8
3 3 11 9
3 3 11 10
3 3 11 11
3 3 11 12
3 3 11 13
3 3 11 14
3 3 11 15
3 3 11 16
3 3 11 17
3 3 11 18
3 4 11 6
3 4 11 7
3 4 11 8
3 4 11 9
3 4 11 10
3 4 11 11
3 4 11 12
3 4 11 13
3 4 11 14
3 4 11 15
3 4 11 16
3 4 11 17
3 4 11 18
4 1 8 6
4 1 8 7
4 1 8 8
4 1 8 9
4 1 8 10
4 1 8 11
4 1 8 12
4 1 8 13
4 1 8 14
4 1 8 15
4 1 8 16
4 1 8 17
4 1 8 18
4 2 8 6
4 2 8 7
4 2 8 8
4 2 8 9
4 2 8 10
4 2 8 11
4 2 8 12
4 2 8 13
4 2 8 14
4 2 8 15
4 2 8 16
4 2 8 17
4 2 8 18
4 3 8 6
4 3 8 7
4 3 8 8
4 3 8 9
4 3 8 10
4 3 8 11
4 3 8 12
4 3 8 13
4 3 8 14
4 3 8 15
4 3 8 16
4 3 8 17
4 3 8 18
4 4 8 6
4 4 8 7
4 4 8 8
4 4 8 9
4 4 8 10
4 4 8 11
4 4 8 12
4 4 8 13
4 4 8 14
4 4 8 15
4 4 8 16
4 4 8 17
4 4 8 18
4 1 9 6
4 1 9 7
4 1 9 8
4 1 9 9
4 1 9 10
4 1 9 11
4 1 9 12
4 1 9 13
4 1 9 14
4 1 9 15
4 1 9 16
4 1 9 17
4 1 9 18
4 2 9 6
4 2 9 7
4 2 9 8
4 2 9 9
4 2 9 10
4 2 9 11
4 2 9 12
4 2 9 13
4 2 9 14
4 2 9 15
4 2 9 16
4 2 9 17
4 2 9 18
4 3 9 6
4 3 9 7
4 3 9 8
4 3 9 9
4 3 9 10
4 3 9 11
4 3 9 12
4 3 9 13
4 3 9 14
4 3 9 15
4 3 9 16
4 3 9 17
4 3 9 18
4 4 9 6
4 4 9 7
4 4 9 8
4 4 9 9
4 4 9 10
4 4 9 11
4 4 9 12
4 4 9 13
4 4 9 14
4 4 9 15
4 4 9 16
4 4 9 17
4 4 9 18
4 1 10 6
4 1 10 7
4 1 10 8
4 1 10 9
4 1 10 10
4 1 10 11
4 1 10 12
4 1 10 13
4 1 10 14
4 1 10 15
4 1 10 16
4 1 10 17
4 1 10 18
4 2 10 6
4 2 10 7
4 2 10 8
4 2 10 9
4 2 10 10
4 2 10 11
4 2 10 12
4 2 10 13
4 2 10 14
4 2 10 15
4 2 10 16
4 2 10 17
4 2 10 18
4 3 10 6
4 3 10 7
4 3 10 8
4 3 10 9
4 3 10 10
4 3 10 11
4 3 10 12
4 3 10 13
4 3 10 14
4 3 10 15
4 3 10 16
4 3 10 17
4 3 10 18
4 4 10 6
4 4 10 7
4 4 10 8
4 4 10 9
4 4 10 10
4 4 10 11
4 4 10 12
4 4 10 13
4 4 10 14
4 4 10 15
4 4 10 16
4 4 10 17
4 4 10 18
4 1 11 6
4 1 11 7
4 1 11 8
4 1 11 9
4 1 11 10
4 1 11 11
4 1 11 12
4 1 11 13
4 1 11 14
4 1 11 15
4 1 11 16
4 1 11 17
4 1 11 18
4 2 11 6
4 2 11 7
4 2 11 8
4 2 11 9
4 2 11 10
4 2 11 11
4 2 11 12
4 2 11 13
4 2 11 14
4 2 11 15
4 2 11 16
4 2 11 17
4 2 11 18
4 3 11 6
4 3 11 7
4 3 11 8
4 3 11 9
4 3 11 10
4 3 11 11
4 3 11 12
4 3 11 13
4 3 11 14
4 3 11 15
4 3 11 16
4 3 11 17
4 3 11 18
4 4 11 6
4 4 11 7
4 4 11 8
4 4 11 9
4 4 11 10
4 4 11 11
4 4 11 12
4 4 11 13
4 4 11 14
4 4 11 15
4 4 11 16
4 4 11 17
4 4 11 18
5 1 8 6
5 1 8 7
5 1 8 8
5 1 8 9
5 1 8 10
5 1 8 11
5 1 8 12
5 1 8 13
5 1 8 14
5 1 8 15
5 1 8 16
5 1 8 17
5 1 8 18
5 2 8 6
5 2 8 7
5 2 8 8
5 2 8 9
5 2 8 10
5 2 8 11
5 2 8 12
5 2 8 13
5 2 8 14
5 2 8 15
5 2 8 16
5 2 8 17
5 2 8 18
5 3 8 6
5 3 8 7
5 3 8 8
5 3 8 9
5 3 8 10
5 3 8 11
5 3 8 12
5 3 8 13
5 3 8 14
5 3 8 15
5 3 8 16
5 3 8 17
5 3 8 18
5 4 8 6
5 4 8 7
5 4 8 8
5 4 8 9
5 4 8 10
5 4 8 11
5 4 8 12
5 4 8 13
5 4 8 14
5 4 8 15
5 4 8 16
5 4 8 17
5 4 8 18
5 1 9 6
5 1 9 7
5 1 9 8
5 1 9 9
5 1 9 10
5 1 9 11
5 1 9 12
5 1 9 13
5 1 9 14
5 1 9 15
5 1 9 16
5 1 9 17
5 1 9 18
5 2 9 6
5 2 9 7
5 2 9 8
5 2 9 9
5 2 9 10
5 2 9 11
5 2 9 12
5 2 9 13
5 2 9 14
5 2 9 15
5 2 9 16
5 2 9 17
5 2 9 18
5 3 9 6
5 3 9 7
5 3 9 8
5 3 9 9
5 3 9 10
5 3 9 11
5 3 9 12
5 3 9 13
5 3 9 14
5 3 9 15
5 3 9 16
5 3 9 17
5 3 9 18
5 4 9 6
5 4 9 7
5 4 9 8
5 4 9 9
5 4 9 10
5 4 9 11
5 4 9 12
5 4 9 13
5 4 9 14
5 4 9 15
5 4 9 16
5 4 9 17
5 4 9 18
5 1 10 6
5 1 10 7
5 1 10 8
5 1 10 9
5 1 10 10
5 1 10 11
5 1 10 12
5 1 10 13
5 1 10 14
5 1 10 15
5 1 10 16
5 1 10 17
5 1 10 18
5 2 10 6
5 2 10 7
5 2 10 8
5 2 10 9
5 2 10 10
5 2 10 11
5 2 10 12
5 2 10 13
5 2 10 14
5 2 10 15
5 2 10 16
5 2 10 17
5 2 10 18
5 3 10 6
5 3 10 7
5 3 10 8
5 3 10 9
5 3 10 10
5 3 10 11
5 3 10 12
5 3 10 13
5 3 10 14
5 3 10 15
5 3 10 16
5 3 10 17
5 3 10 18
5 4 10 6
5 4 10 7
5 4 10 8
5 4 10 9
5 4 10 10
5 4 10 11
5 4 10 12
5 4 10 13
5 4 10 14
5 4 10 15
5 4 10 16
5 4 10 17
5 4 10 18
5 1 11 6
5 1 11 7
5 1 11 8
5 1 11 9
5 1 11 10
5 1 11 11
5 1 11 12
5 1 11 13
5 1 11 14
5 1 11 15
5 1 11 16
5 1 11 17
5 1 11 18
5 2 11 6
5 2 11 7
5 2 11 8
5 2 11 9
5 2 11 10
5 2 11 11
5 2 11 12
5 2 11 13
5 2 11 14
5 2 11 15
5 2 11 16
5 2 11 17
5 2 11 18
5 3 11 6
5 3 11 7
5 3 11 8
5 3 11 9
5 3 11 10
5 3 11 11
5 3 11 12
5 3 11 13
5 3 11 14
5 3 11 15
5 3 11 16
5 3 11 17
5 3 11 18
5 4 11 6
5 4 11 7
5 4 11 8
5 4 11 9
5 4 11 10
5 4 11 11
5 4 11 12
5 4 11 13
5 4 11 14
5 4 11 15
5 4 11 16
5 4 11 17
5 4 11 18
6 1 8 6
6 1 8 7
6 1 8 8
6 1 8 9
6 1 8 10
6 1 8 11
6 1 8 12
6 1 8 13
6 1 8 14
6 1 8 15
6 1 8 16
6 1 8 17
6 1 8 18
6 2 8 6
6 2 8 7
6 2 8 8
6 2 8 9
6 2 8 10
6 2 8 11
6 2 8 12
6 2 8 13
6 2 8 14
6 2 8 15
6 2 8 16
6 2 8 17
6 2 8 18
6 3 8 6
6 3 8 7
6 3 8 8
6 3 8 9
6 3 8 10
6 3 8 11
6 3 8 12
6 3 8 13
6 3 8 14
6 3 8 15
6 3 8 16
6 3 8 17
6 3 8 18
6 4 8 6
6 4 8 7
6 4 8 8
6 4 8 9
6 4 8 10
6 4 8 11
6 4 8 12
6 4 8 13
6 4 8 14
6 4 8 15
6 4 8 16
6 4 8 17
6 4 8 18
6 1 9 6
6 1 9 7
6 1 9 8
6 1 9 9
6 1 9 10
6 1 9 11
6 1 9 12
6 1 9 13
6 1 9 14
6 1 9 15
6 1 9 16
6 1 9 17
6 1 9 18
6 2 9 6
6 2 9 7
6 2 9 8
6 2 9 9
6 2 9 10
6 2 9 11
6 2 9 12
6 2 9 13
6 2 9 14
6 2 9 15
6 2 9 16
6 2 9 17
6 2 9 18
6 3 9 6
6 3 9 7
6 3 9 8
6 3 9 9
6 3 9 10
6 3 9 11
6 3 9 12
6 3 9 13
6 3 9 14
6 3 9 15
6 3 9 16
6 3 9 17
6 3 9 18
6 4 9 6
6 4 9 7
6 4 9 8
6 4 9 9
6 4 9 10
6 4 9 11
6 4 9 12
6 4 9 13
6 4 9 14
6 4 9 15
6 4 9 16
6 4 9 17
6 4 9 18
6 1 10 6
6 1 10 7
6 1 10 8
6 1 10 9
6 1 10 10
6 1 10 11
6 1 10 12
6 1 10 13
6 1 10 14
6 1 10 15
6 1 10 16
6 1 10 17
6 1 10 18
6 2 10 6
6 2 10 7
6 2 10 8
6 2 10 9
6 2 10 10
6 2 10 11
6 2 10 12
6 2 10 13
6 2 10 14
6 2 10 15
6 2 10 16
6 2 10 17
6 2 10 18
6 3 10 6
6 3 10 7
6 3 10 8
6 3 10 9
6 3 10 10
6 3 10 11
6 3 10 12
6 3 10 13
6 3 10 14
6 3 10 15
6 3 10 16
6 3 10 17
6 3 10 18
6 4 10 6
6 4 10 7
6 4 10 8
6 4 10 9
6 4 10 10
6 4 10 11
6 4 10 12
6 4 10 13
6 4 10 14
6 4 10 15
6 4 10 16
6 4 10 17
6 4 10 18
6 1 11 6
6 1 11 7
6 1 11 8
6 1 11 9
6 1 11 10
6 1 11 11
6 1 11 12
6 1 11 13
6 1 11 14
6 1 11 15
6 1 11 16
6 1 11 17
6 1 11 18
6 2 11 6
6 2 11 7
6 2 11 8
6 2 11 9
6 2 11 10
6 2 11 11
6 2 11 12
6 2 11 13
6 2 11 14
6 2 11 15
6 2 11 16
6 2 11 17
6 2 11 18
6 3 11 6
6 3 11 7
6 3 11 8
6 3 11 9
6 3 11 10
6 3 11 11
6 3 11 12
6 3 11 13
6 3 11 14
6 3 11 15
6 3 11 16
6 3 11 17
6 3 11 18
6 4 11 6
6 4 11 7
6 4 11 8
6 4 11 9
6 4 11 10
6 4 11 11
6 4 11 12
6 4 11 13
6 4 11 14
6 4 11 15
6 4 11 16
6 4 11 17
6 4 11 18
