19 20
00000000000000000000
00000000001111110000
00000011111111110000
00000011111111110000
00000011111111110000
00001111111111110000
00001111111111110000
00001111111001110000
00001010011001110000
00001010011001110000
00001010011111110000
01111111111111110000
01001010010001110000
01001010010001110000
01001111111111110000
01111111111111110000
00000010010000110000
00000011111111110000
00000000000000000000
283
2 11 11 14
2 11 11 15
2 11 11 16
2 11 12 14
2 11 12 15
2 11 12 16
3 10 11 14
3 10 11 15
3 10 11 16
3 11 11 14
3 11 11 15
3 11 11 16
3 7 12 10
3 7 12 11
3 7 12 14
3 7 12 15
3 7 12 16
3 10 12 14
3 10 12 15
3 10 12 16
3 11 12 14
3 11 12 15
3 11 12 16
3 7 15 10
3 7 15 14
3 7 15 15
3 7 15 16
3 10 15 14
3 10 15 15
3 10 15 16
3 7 16 10
3 7 16 14
3 7 16 15
3 7 16 16
3 10 16 14
3 10 16 15
3 10 16 16
3 7 18 10
3 7 18 15
3 7 18 16
3 10 18 15
3 10 18 16
4 10 11 14
4 10 11 15
4 10 11 16
4 11 11 14
4 11 11 15
4 11 11 16
4 7 12 10
4 7 12 11
4 7 12 14
4 7 12 15
4 7 12 16
4 10 12 14
4 10 12 15
4 10 12 16
4 11 12 14
4 11 12 15
4 11 12 16
4 7 15 10
4 7 15 14
4 7 15 15
4 7 15 16
4 10 15 14
4 10 15 15
4 10 15 16
4 7 16 10
4 7 16 14
4 7 16 15
4 7 16 16
4 10 16 14
4 10 16 15
4 10 16 16
4 7 18 10
4 7 18 15
4 7 18 16
4 10 18 15
4 10 18 16
5 10 11 14
5 10 11 15
5 10 11 16
5 11 11 14
5 11 11 15
5 11 11 16
5 7 12 10
5 7 12 11
5 7 12 14
5 7 12 15
5 7 12 16
5 10 12 14
5 10 12 15
5 10 12 16
5 11 12 14
5 11 12 15
5 11 12 16
5 7 15 10
5 7 15 14
5 7 15 15
5 7 15 16
5 10 15 14
5 10 15 15
5 10 15 16
5 7 16 10
5 7 16 14
5 7 16 15
5 7 16 16
5 10 16 14
5 10 16 15
5 10 16 16
5 7 18 10
5 7 18 15
5 7 18 16
5 10 18 15
5 10 18 16
6 10 11 14
6 10 11 15
6 10 11 16
6 11 11 14
6 11 11 15
6 11 11 16
6 5 12 7
6 5 12 10
6 5 12 11
6 5 12 14
6 5 12 15
6 5 12 16
6 7 12 10
6 7 12 11
6 7 12 14
6 7 12 15
6 7 12 16
6 10 12 14
6 10 12 15
6 10 12 16
6 11 12 14
6 11 12 15
6 11 12 16
6 5 15 7
6 5 15 10
6 5 15 14
6 5 15 15
6 5 15 16
6 7 15 10
6 7 15 14
6 7 15 15
6 7 15 16
6 10 15 14
6 10 15 15
6 10 15 16
6 5 16 7
6 5 16 10
6 5 16 14
6 5 16 15
6 5 16 16
6 7 16 10
6 7 16 14
6 7 16 15
6 7 16 16
6 10 16 14
6 10 16 15
6 10 16 16
6 7 18 10
6 7 18 15
6 7 18 16
6 10 18 15
6 10 18 16
7 10 11 14
7 10 11 15
7 10 11 16
7 11 11 14
7 11 11 15
7 11 11 16
7 5 12 7
7 5 12 10
7 5 12 11
7 5 12 14
7 5 12 15
7 5 12 16
7 7 12 10
7 7 12 11
7 7 12 14
7 7 12 15
7 7 12 16
7 10 12 14
7 10 12 15
7 10 12 16
7 11 12 14
7 11 12 15
7 11 12 16
7 5 15 7
7 5 15 10
7 5 15 14
7 5 15 15
7 5 15 16
7 7 15 10
7 7 15 14
7 7 15 15
7 7 15 16
7 10 15 14
7 10 15 15
7 10 15 16
7 5 16 7
7 5 16 10
7 5 16 14
7 5 16 15
7 5 16 16
7 7 16 10
7 7 16 14
7 7 16 15
7 7 16 16
7 10 16 14
7 10 16 15
7 10 16 16
7 7 18 10
7 7 18 15
7 7 18 16
7 10 18 15
7 10 18 16
8 5 12 7
8 5 12 10
8 5 12 11
8 7 12 10
8 7 12 11
8 5 15 7
8 5 15 10
8 7 15 10
8 5 16 7
8 5 16 10
8 7 16 10
8 7 18 10
11 10 15 14
11 10 15 15
11 10 15 16
11 10 16 14
11 10 16 15
11 10 16 16
11 10 18 15
11 10 18 16
12 5 15 7
12 5 15 10
12 5 15 14
12 5 15 15
12 5 15 16
12 7 15 10
12 7 15 14
12 7 15 15
12 7 15 16
12 10 15 14
12 10 15 15
12 10 15 16
12 2 16 5
12 2 16 7
12 2 16 10
12 2 16 14
12 2 16 15
12 2 16 16
12 5 16 7
12 5 16 10
12 5 16 14
12 5 16 15
12 5 16 16
12 7 16 10
12 7 16 14
12 7 16 15
12 7 16 16
12 10 16 14
12 10 16 15
12 10 16 16
12 7 18 10
12 7 18 15
12 7 18 16
12 10 18 15
12 10 18 16
15 7 18 10
15 7 18 15
15 7 18 16
15 10 18 15
15 10 18 16
16 7 18 10
16 7 18 15
16 7 18 16
16 10 18 15
16 10 18 16
