25 25
0000111000000000000000000
0001111100000000000000000
0001101100000000000000000
0001111100000000000000000
0001000100000000000000000
0001011111100000000000000
0001010100100000000000000
0001010111111111111111100
0001011111111111111111110
0001011100100101000110110
0001011100100101000110110
0001111100100101000110110
0001011100100111111111110
0001011100100111110110100
0001011100100001111111100
0001011100100000000110000
0001011100100000000110000
0001011100100000000110000
0001011100100000000110000
0001011100100000000110000
0001011100100000000110000
0001111111111111111110000
0001011100100000000100000
0001111111100000000100000
0000001111111111111100000
126
1 5 4 7
2 4 4 7
2 4 4 8
2 5 4 7
2 5 4 8
2 4 12 8
2 4 22 8
2 4 24 8
4 4 12 8
4 4 22 8
4 4 24 8
6 8 8 11
6 6 9 8
6 6 9 11
6 8 9 11
6 6 10 8
6 6 11 8
6 6 12 8
6 6 13 8
6 6 14 8
6 6 15 8
6 6 16 8
6 6 17 8
6 6 18 8
6 6 19 8
6 6 20 8
6 6 21 8
6 6 22 8
6 6 22 11
6 8 22 11
6 6 23 8
6 6 24 8
6 6 24 11
6 8 24 11
6 8 25 11
8 14 13 16
8 14 13 20
8 14 13 21
8 14 13 23
8 16 13 20
8 16 13 21
8 16 13 23
8 20 13 23
8 21 13 23
8 14 14 16
8 16 15 20
8 16 15 21
8 16 15 23
8 20 15 23
8 21 15 23
8 8 22 11
8 8 22 20
8 8 22 21
8 11 22 20
8 11 22 21
8 8 24 11
8 8 25 11
8 8 25 20
8 11 25 20
9 14 13 16
9 14 13 20
9 14 13 21
9 14 13 23
9 14 13 24
9 16 13 20
9 16 13 21
9 16 13 23
9 16 13 24
9 20 13 23
9 20 13 24
9 21 13 23
9 21 13 24
9 14 14 16
9 16 15 20
9 16 15 21
9 16 15 23
9 20 15 23
9 21 15 23
9 6 22 11
9 6 22 20
9 6 22 21
9 7 22 11
9 7 22 20
9 7 22 21
9 8 22 11
9 8 22 20
9 8 22 21
9 11 22 20
9 11 22 21
9 6 24 11
9 7 24 11
9 8 24 11
9 7 25 11
9 7 25 20
9 8 25 11
9 8 25 20
9 11 25 20
12 4 22 6
12 4 22 7
12 4 22 8
12 4 24 6
12 4 24 7
12 4 24 8
13 16 15 20
13 16 15 21
13 16 15 23
13 17 15 20
13 17 15 21
13 17 15 23
13 18 15 20
13 18 15 21
13 18 15 23
13 20 15 23
13 21 15 23
22 4 24 6
22 4 24 7
22 4 24 8
22 4 24 11
22 6 24 11
22 7 24 11
22 8 24 11
22 7 25 11
22 7 25 20
22 8 25 11
22 8 25 20
22 11 25 20
