11 15
000111111110000
111111111110000
101111110110000
101101110110000
111101111110000
101111111110000
101111111110000
111111111110000
111100000000000
111100000000000
000000000000000
130
1 6 5 10
1 6 5 11
1 7 5 10
1 7 5 11
1 8 5 10
1 8 5 11
1 4 6 6
1 4 6 7
1 4 6 8
1 4 6 10
1 4 6 11
1 6 6 10
1 6 6 11
1 7 6 10
1 7 6 11
1 8 6 10
1 8 6 11
1 4 7 6
1 4 7 7
1 4 7 8
1 4 7 10
1 4 7 11
1 6 7 10
1 6 7 11
1 7 7 10
1 7 7 11
1 8 7 10
1 8 7 11
1 4 8 6
1 4 8 7
1 4 8 8
1 4 8 10
1 4 8 11
1 6 8 10
1 6 8 11
1 7 8 10
1 7 8 11
1 8 8 10
1 8 8 11
2 1 5 3
2 1 5 4
2 6 5 10
2 6 5 11
2 7 5 10
2 7 5 11
2 8 5 10
2 8 5 11
2 3 6 6
2 3 6 7
2 3 6 8
2 3 6 10
2 3 6 11
2 4 6 6
2 4 6 7
2 4 6 8
2 4 6 10
2 4 6 11
2 6 6 10
2 6 6 11
2 7 6 10
2 7 6 11
2 8 6 10
2 8 6 11
2 3 7 6
2 3 7 7
2 3 7 8
2 3 7 10
2 3 7 11
2 4 7 6
2 4 7 7
2 4 7 8
2 4 7 10
2 4 7 11
2 6 7 10
2 6 7 11
2 7 7 10
2 7 7 11
2 8 7 10
2 8 7 11
2 1 8 3
2 1 8 4
2 1 8 6
2 1 8 7
2 1 8 8
2 1 8 10
2 1 8 11
2 3 8 6
2 3 8 7
2 3 8 8
2 3 8 10
2 3 8 11
2 4 8 6
2 4 8 7
2 4 8 8
2 4 8 10
2 4 8 11
2 6 8 10
2 6 8 11
2 7 8 10
2 7 8 11
2 8 8 10
2 8 8 11
2 1 9 3
2 1 9 4
2 1 10 3
2 1 10 4
3 3 6 6
3 3 6 7
3 3 6 8
3 4 6 6
3 4 6 7
3 4 6 8
3 3 7 6
3 3 7 7
3 3 7 8
3 4 7 6
3 4 7 7
3 4 7 8
3 3 8 6
3 3 8 7
3 3 8 8
3 4 8 6
3 4 8 7
3 4 8 8
5 1 8 3
5 1 8 4
5 1 9 3
5 1 9 4
5 1 10 3
5 1 10 4
