19 12
000000000000
000000000000
000000000000
000000000000
000000000000
111111111100
100111110100
100111111100
100111111100
100010001100
111111111100
111111111100
011010001111
011010001101
011010001101
011010001101
011111111111
001111111101
001111111111
87
6 4 8 10
6 5 8 10
6 6 8 10
6 7 8 10
6 8 8 10
6 4 9 10
6 5 9 10
6 6 9 10
6 7 9 10
6 8 9 10
6 1 11 5
6 1 11 10
6 5 11 10
6 1 12 5
6 1 12 10
6 5 12 10
6 5 17 10
6 5 18 10
6 5 19 10
8 5 11 9
8 5 11 10
8 5 12 9
8 5 12 10
8 5 17 9
8 5 17 10
8 5 18 9
8 5 18 10
8 5 19 9
8 5 19 10
9 5 11 9
9 5 11 10
9 5 12 9
9 5 12 10
9 5 17 9
9 5 17 10
9 5 18 9
9 5 18 10
9 5 19 9
9 5 19 10
11 2 17 5
11 2 17 9
11 2 17 10
11 3 17 5
11 3 17 9
11 3 17 10
11 5 17 9
11 5 17 10
11 3 18 5
11 3 18 9
11 3 18 10
11 5 18 9
11 5 18 10
11 3 19 5
11 3 19 9
11 3 19 10
11 5 19 9
11 5 19 10
12 2 17 5
12 2 17 9
12 2 17 10
12 3 17 5
12 3 17 9
12 3 17 10
12 5 17 9
12 5 17 10
12 3 18 5
12 3 18 9
12 3 18 10
12 5 18 9
12 5 18 10
12 3 19 5
12 3 19 9
12 3 19 10
12 5 19 9
12 5 19 10
13 9 17 12
13 10 17 12
13 9 19 12
13 10 19 12
17 3 19 12
17 4 19 12
17 5 19 12
17 6 19 12
17 7 19 12
17 8 19 12
17 9 19 12
17 10 19 12
