24 24
000000000000000000000000
000000000000000000000000
000000111111111111111110
001111111111111110111010
001111111111111111111010
001010100100100011111010
111111111111111011111111
111111111111111111111011
111111111111111111111111
111101101110111111111111
111111111111111111111111
101101101110101111111111
101101101110111111111111
101101101110101111111111
101101101110101111111111
101101111111111111111111
101101111111111111111111
101101111110101111111111
111111111111111111111111
111101111110101011011101
001001111110101011011101
001111111111111111111111
001111111111111111111100
000000001111111111111100
3587
3 7 5 19
3 7 5 20
3 7 5 21
3 8 5 19
3 8 5 20
3 8 5 21
3 9 5 19
3 9 5 20
3 9 5 21
3 10 5 19
3 10 5 20
3 10 5 21
3 11 5 19
3 11 5 20
3 11 5 21
3 12 5 19
3 12 5 20
3 12 5 21
3 13 5 19
3 13 5 20
3 13 5 21
3 14 5 19
3 14 5 20
3 14 5 21
3 15 5 19
3 15 5 20
3 15 5 21
3 16 5 19
3 16 5 20
3 16 5 21
3 17 5 19
3 17 5 20
3 17 5 21
3 17 6 19
3 17 6 20
3 17 6 21
3 7 7 10
3 7 7 13
3 10 7 13
3 17 7 19
3 17 7 20
3 17 7 21
3 17 7 23
3 19 7 23
3 20 7 23
3 21 7 23
3 7 8 10
3 7 8 13
3 7 8 17
3 7 8 19
3 7 8 20
3 7 8 21
3 10 8 13
3 10 8 17
3 10 8 19
3 10 8 20
3 10 8 21
3 13 8 17
3 13 8 19
3 13 8 20
3 13 8 21
3 17 8 19
3 17 8 20
3 17 8 21
3 7 9 10
3 7 9 13
3 7 9 17
3 7 9 19
3 7 9 20
3 7 9 21
3 7 9 23
3 10 9 13
3 10 9 17
3 10 9 19
3 10 9 20
3 10 9 21
3 10 9 23
3 13 9 17
3 13 9 19
3 13 9 20
3 13 9 21
3 13 9 23
3 17 9 19
3 17 9 20
3 17 9 21
3 17 9 23
3 19 9 23
3 20 9 23
3 21 9 23
3 13 10 17
3 13 10 19
3 13 10 20
3 13 10 21
3 13 10 23
3 17 10 19
3 17 10 20
3 17 10 21
3 17 10 23
3 19 10 23
3 20 10 23
3 21 10 23
3 7 11 10
3 7 11 13
3 7 11 17
3 7 11 19
3 7 11 20
3 7 11 21
3 7 11 23
3 10 11 13
3 10 11 17
3 10 11 19
3 10 11 20
3 10 11 21
3 10 11 23
3 13 11 17
3 13 11 19
3 13 11 20
3 13 11 21
3 13 11 23
3 17 11 19
3 17 11 20
3 17 11 21
3 17 11 23
3 19 11 23
3 20 11 23
3 21 11 23
3 17 12 19
3 17 12 20
3 17 12 21
3 17 12 23
3 19 12 23
3 20 12 23
3 21 12 23
3 13 13 17
3 13 13 19
3 13 13 20
3 13 13 21
3 13 13 23
3 17 13 19
3 17 13 20
3 17 13 21
3 17 13 23
3 19 13 23
3 20 13 23
3 21 13 23
3 17 14 19
3 17 14 20
3 17 14 21
3 17 14 23
3 19 14 23
3 20 14 23
3 21 14 23
3 17 15 19
3 17 15 20
3 17 15 21
3 17 15 23
3 19 15 23
3 20 15 23
3 21 15 23
3 7 16 10
3 7 16 13
3 7 16 17
3 7 16 19
3 7 16 20
3 7 16 21
3 7 16 23
3 10 16 13
3 10 16 17
3 10 16 19
3 10 16 20
3 10 16 21
3 10 16 23
3 13 16 17
3 13 16 19
3 13 16 20
3 13 16 21
3 13 16 23
3 17 16 19
3 17 16 20
3 17 16 21
3 17 16 23
3 19 16 23
3 20 16 23
3 21 16 23
3 7 17 10
3 7 17 13
3 7 17 17
3 7 17 19
3 7 17 20
3 7 17 21
3 7 17 23
3 10 17 13
3 10 17 17
3 10 17 19
3 10 17 20
3 10 17 21
3 10 17 23
3 13 17 17
3 13 17 19
3 13 17 20
3 13 17 21
3 13 17 23
3 17 17 19
3 17 17 20
3 17 17 21
3 17 17 23
3 19 17 23
3 20 17 23
3 21 17 23
3 7 18 10
3 17 18 19
3 17 18 20
3 17 18 21
3 17 18 23
3 19 18 23
3 20 18 23
3 21 18 23
3 7 19 10
3 7 19 13
3 7 19 17
3 7 19 19
3 7 19 20
3 7 19 21
3 7 19 23
3 10 19 13
3 10 19 17
3 10 19 19
3 10 19 20
3 10 19 21
3 10 19 23
3 13 19 17
3 13 19 19
3 13 19 20
3 13 19 21
3 13 19 23
3 17 19 19
3 17 19 20
3 17 19 21
3 17 19 23
3 19 19 23
3 20 19 23
3 21 19 23
3 7 20 10
3 7 21 10
3 7 22 10
3 7 22 13
3 7 22 17
3 7 22 20
3 7 22 21
3 10 22 13
3 10 22 17
3 10 22 20
3 10 22 21
3 13 22 17
3 13 22 20
3 13 22 21
3 17 22 20
3 17 22 21
3 7 23 10
3 7 23 13
3 7 23 17
3 7 23 20
3 7 23 21
3 10 23 13
3 10 23 17
3 10 23 20
3 10 23 21
3 13 23 17
3 13 23 20
3 13 23 21
3 17 23 20
3 17 23 21
3 10 24 13
3 10 24 17
3 10 24 20
3 10 24 21
3 13 24 17
3 13 24 20
3 13 24 21
3 17 24 20
3 17 24 21
4 3 7 5
4 3 7 7
4 3 7 10
4 3 7 13
4 5 7 7
4 5 7 10
4 5 7 13
4 7 7 10
4 7 7 13
4 10 7 13
4 3 8 5
4 3 8 7
4 3 8 10
4 3 8 13
4 3 8 17
4 5 8 7
4 5 8 10
4 5 8 13
4 5 8 17
4 7 8 10
4 7 8 13
4 7 8 17
4 10 8 13
4 10 8 17
4 13 8 17
4 3 9 5
4 3 9 7
4 3 9 10
4 3 9 13
4 3 9 17
4 5 9 7
4 5 9 10
4 5 9 13
4 5 9 17
4 7 9 10
4 7 9 13
4 7 9 17
4 10 9 13
4 10 9 17
4 13 9 17
4 13 10 17
4 3 11 7
4 3 11 10
4 3 11 13
4 3 11 17
4 7 11 10
4 7 11 13
4 7 11 17
4 10 11 13
4 10 11 17
4 13 11 17
4 13 13 17
4 7 16 10
4 7 16 13
4 7 16 17
4 10 16 13
4 10 16 17
4 13 16 17
4 7 17 10
4 7 17 13
4 7 17 17
4 10 17 13
4 10 17 17
4 13 17 17
4 7 18 10
4 3 19 7
4 3 19 10
4 3 19 13
4 3 19 17
4 7 19 10
4 7 19 13
4 7 19 17
4 10 19 13
4 10 19 17
4 13 19 17
4 7 20 10
4 7 21 10
4 3 22 7
4 3 22 10
4 3 22 13
4 3 22 17
4 7 22 10
4 7 22 13
4 7 22 17
4 10 22 13
4 10 22 17
4 13 22 17
4 3 23 7
4 3 23 10
4 3 23 13
4 3 23 17
4 7 23 10
4 7 23 13
4 7 23 17
4 10 23 13
4 10 23 17
4 13 23 17
4 10 24 13
4 10 24 17
4 13 24 17
5 3 7 5
5 3 7 7
5 3 7 10
5 3 7 13
5 5 7 7
5 5 7 10
5 5 7 13
5 7 7 10
5 7 7 13
5 10 7 13
5 3 8 5
5 3 8 7
5 3 8 10
5 3 8 13
5 3 8 17
5 3 8 18
5 3 8 19
5 3 8 20
5 3 8 21
5 5 8 7
5 5 8 10
5 5 8 13
5 5 8 17
5 5 8 18
5 5 8 19
5 5 8 20
5 5 8 21
5 7 8 10
5 7 8 13
5 7 8 17
5 7 8 18
5 7 8 19
5 7 8 20
5 7 8 21
5 10 8 13
5 10 8 17
5 10 8 18
5 10 8 19
5 10 8 20
5 10 8 21
5 13 8 17
5 13 8 18
5 13 8 19
5 13 8 20
5 13 8 21
5 3 9 5
5 3 9 7
5 3 9 10
5 3 9 13
5 3 9 17
5 3 9 18
5 3 9 19
5 3 9 20
5 3 9 21
5 5 9 7
5 5 9 10
5 5 9 13
5 5 9 17
5 5 9 18
5 5 9 19
5 5 9 20
5 5 9 21
5 7 9 10
5 7 9 13
5 7 9 17
5 7 9 18
5 7 9 19
5 7 9 20
5 7 9 21
5 10 9 13
5 10 9 17
5 10 9 18
5 10 9 19
5 10 9 20
5 10 9 21
5 13 9 17
5 13 9 18
5 13 9 19
5 13 9 20
5 13 9 21
5 13 10 17
5 13 10 18
5 13 10 19
5 13 10 20
5 13 10 21
5 3 11 7
5 3 11 10
5 3 11 13
5 3 11 17
5 3 11 18
5 3 11 19
5 3 11 20
5 3 11 21
5 7 11 10
5 7 11 13
5 7 11 17
5 7 11 18
5 7 11 19
5 7 11 20
5 7 11 21
5 10 11 13
5 10 11 17
5 10 11 18
5 10 11 19
5 10 11 20
5 10 11 21
5 13 11 17
5 13 11 18
5 13 11 19
5 13 11 20
5 13 11 21
5 13 13 17
5 13 13 18
5 13 13 19
5 13 13 20
5 13 13 21
5 7 16 10
5 7 16 13
5 7 16 17
5 7 16 18
5 7 16 19
5 7 16 20
5 7 16 21
5 10 16 13
5 10 16 17
5 10 16 18
5 10 16 19
5 10 16 20
5 10 16 21
5 13 16 17
5 13 16 18
5 13 16 19
5 13 16 20
5 13 16 21
5 7 17 10
5 7 17 13
5 7 17 17
5 7 17 18
5 7 17 19
5 7 17 20
5 7 17 21
5 10 17 13
5 10 17 17
5 10 17 18
5 10 17 19
5 10 17 20
5 10 17 21
5 13 17 17
5 13 17 18
5 13 17 19
5 13 17 20
5 13 17 21
5 7 18 10
5 3 19 7
5 3 19 10
5 3 19 13
5 3 19 17
5 3 19 18
5 3 19 19
5 3 19 20
5 3 19 21
5 7 19 10
5 7 19 13
5 7 19 17
5 7 19 18
5 7 19 19
5 7 19 20
5 7 19 21
5 10 19 13
5 10 19 17
5 10 19 18
5 10 19 19
5 10 19 20
5 10 19 21
5 13 19 17
5 13 19 18
5 13 19 19
5 13 19 20
5 13 19 21
5 7 20 10
5 7 21 10
5 3 22 7
5 3 22 10
5 3 22 13
5 3 22 17
5 3 22 18
5 3 22 20
5 3 22 21
5 7 22 10
5 7 22 13
5 7 22 17
5 7 22 18
5 7 22 20
5 7 22 21
5 10 22 13
5 10 22 17
5 10 22 18
5 10 22 20
5 10 22 21
5 13 22 17
5 13 22 18
5 13 22 20
5 13 22 21
5 17 22 20
5 17 22 21
5 18 22 20
5 18 22 21
5 3 23 7
5 3 23 10
5 3 23 13
5 3 23 17
5 3 23 18
5 3 23 20
5 3 23 21
5 7 23 10
5 7 23 13
5 7 23 17
5 7 23 18
5 7 23 20
5 7 23 21
5 10 23 13
5 10 23 17
5 10 23 18
5 10 23 20
5 10 23 21
5 13 23 17
5 13 23 18
5 13 23 20
5 13 23 21
5 17 23 20
5 17 23 21
5 18 23 20
5 18 23 21
5 10 24 13
5 10 24 17
5 10 24 18
5 10 24 20
5 10 24 21
5 13 24 17
5 13 24 18
5 13 24 20
5 13 24 21
5 17 24 20
5 17 24 21
5 18 24 20
5 18 24 21
6 17 22 20
6 17 22 21
6 18 22 20
6 18 22 21
6 17 23 20
6 17 23 21
6 18 23 20
6 18 23 21
6 17 24 20
6 17 24 21
6 18 24 20
6 18 24 21
7 17 9 23
7 17 9 24
7 18 9 23
7 18 9 24
7 19 9 23
7 19 9 24
7 20 9 23
7 20 9 24
7 21 9 23
7 21 9 24
7 17 10 23
7 17 10 24
7 18 10 23
7 18 10 24
7 19 10 23
7 19 10 24
7 20 10 23
7 20 10 24
7 21 10 23
7 21 10 24
7 1 11 6
7 1 11 7
7 1 11 9
7 1 11 10
7 1 11 11
7 1 11 13
7 1 11 14
7 1 11 15
7 2 11 6
7 2 11 7
7 2 11 9
7 2 11 10
7 2 11 11
7 2 11 13
7 2 11 14
7 2 11 15
7 3 11 6
7 3 11 7
7 3 11 9
7 3 11 10
7 3 11 11
7 3 11 13
7 3 11 14
7 3 11 15
7 4 11 6
7 4 11 7
7 4 11 9
7 4 11 10
7 4 11 11
7 4 11 13
7 4 11 14
7 4 11 15
7 6 11 9
7 6 11 10
7 6 11 11
7 6 11 13
7 6 11 14
7 6 11 15
7 7 11 9
7 7 11 10
7 7 11 11
7 7 11 13
7 7 11 14
7 7 11 15
7 9 11 13
7 9 11 14
7 9 11 15
7 10 11 13
7 10 11 14
7 10 11 15
7 11 11 13
7 11 11 14
7 11 11 15
7 17 11 23
7 17 11 24
7 18 11 23
7 18 11 24
7 19 11 23
7 19 11 24
7 20 11 23
7 20 11 24
7 21 11 23
7 21 11 24
7 17 12 23
7 17 12 24
7 18 12 23
7 18 12 24
7 19 12 23
7 19 12 24
7 20 12 23
7 20 12 24
7 21 12 23
7 21 12 24
7 13 13 15
7 17 13 23
7 17 13 24
7 18 13 23
7 18 13 24
7 19 13 23
7 19 13 24
7 20 13 23
7 20 13 24
7 21 13 23
7 21 13 24
7 17 14 23
7 17 14 24
7 18 14 23
7 18 14 24
7 19 14 23
7 19 14 24
7 20 14 23
7 20 14 24
7 21 14 23
7 21 14 24
7 17 15 23
7 17 15 24
7 18 15 23
7 18 15 24
7 19 15 23
7 19 15 24
7 20 15 23
7 20 15 24
7 21 15 23
7 21 15 24
7 6 16 9
7 6 16 10
7 6 16 11
7 6 16 13
7 6 16 15
7 7 16 9
7 7 16 10
7 7 16 11
7 7 16 13
7 7 16 15
7 9 16 13
7 9 16 15
7 10 16 13
7 10 16 15
7 11 16 13
7 11 16 15
7 13 16 15
7 17 16 23
7 17 16 24
7 18 16 23
7 18 16 24
7 19 16 23
7 19 16 24
7 20 16 23
7 20 16 24
7 21 16 23
7 21 16 24
7 6 17 9
7 6 17 10
7 6 17 11
7 6 17 13
7 6 17 15
7 7 17 9
7 7 17 10
7 7 17 11
7 7 17 13
7 7 17 15
7 9 17 13
7 9 17 15
7 10 17 13
7 10 17 15
7 11 17 13
7 11 17 15
7 13 17 15
7 17 17 23
7 17 17 24
7 18 17 23
7 18 17 24
7 19 17 23
7 19 17 24
7 20 17 23
7 20 17 24
7 21 17 23
7 21 17 24
7 6 18 9
7 6 18 10
7 6 18 11
7 7 18 9
7 7 18 10
7 7 18 11
7 17 18 23
7 17 18 24
7 18 18 23
7 18 18 24
7 19 18 23
7 19 18 24
7 20 18 23
7 20 18 24
7 21 18 23
7 21 18 24
7 1 19 3
7 1 19 4
7 1 19 6
7 1 19 7
7 1 19 9
7 1 19 10
7 1 19 11
7 1 19 13
7 1 19 15
7 3 19 6
7 3 19 7
7 3 19 9
7 3 19 10
7 3 19 11
7 3 19 13
7 3 19 15
7 4 19 6
7 4 19 7
7 4 19 9
7 4 19 10
7 4 19 11
7 4 19 13
7 4 19 15
7 6 19 9
7 6 19 10
7 6 19 11
7 6 19 13
7 6 19 15
7 7 19 9
7 7 19 10
7 7 19 11
7 7 19 13
7 7 19 15
7 9 19 13
7 9 19 15
7 10 19 13
7 10 19 15
7 11 19 13
7 11 19 15
7 13 19 15
7 17 19 23
7 17 19 24
7 18 19 23
7 18 19 24
7 19 19 23
7 19 19 24
7 20 19 23
7 20 19 24
7 21 19 23
7 21 19 24
7 1 20 3
7 1 20 4
7 6 20 9
7 6 20 10
7 6 20 11
7 7 20 9
7 7 20 10
7 7 20 11
7 6 21 9
7 6 21 10
7 6 21 11
7 7 21 9
7 7 21 10
7 7 21 11
7 3 22 6
7 3 22 7
7 3 22 9
7 3 22 10
7 3 22 11
7 3 22 13
7 3 22 15
7 6 22 9
7 6 22 10
7 6 22 11
7 6 22 13
7 6 22 15
7 7 22 9
7 7 22 10
7 7 22 11
7 7 22 13
7 7 22 15
7 9 22 13
7 9 22 15
7 10 22 13
7 10 22 15
7 11 22 13
7 11 22 15
7 13 22 15
7 17 22 20
7 17 22 21
7 17 22 24
7 18 22 20
7 18 22 21
7 18 22 24
7 20 22 24
7 21 22 24
7 3 23 6
7 3 23 7
7 3 23 9
7 3 23 10
7 3 23 11
7 3 23 13
7 3 23 15
7 6 23 9
7 6 23 10
7 6 23 11
7 6 23 13
7 6 23 15
7 7 23 9
7 7 23 10
7 7 23 11
7 7 23 13
7 7 23 15
7 9 23 13
7 9 23 15
7 10 23 13
7 10 23 15
7 11 23 13
7 11 23 15
7 13 23 15
7 17 23 20
7 17 23 21
7 18 23 20
7 18 23 21
7 9 24 13
7 9 24 15
7 10 24 13
7 10 24 15
7 11 24 13
7 11 24 15
7 13 24 15
7 17 24 20
7 17 24 21
7 18 24 20
7 18 24 21
8 1 11 6
8 1 11 7
8 1 11 9
8 1 11 10
8 1 11 11
8 1 11 13
8 1 11 14
8 1 11 15
8 1 11 16
8 1 11 17
8 1 11 18
8 1 11 19
8 1 11 20
8 1 11 21
8 2 11 6
8 2 11 7
8 2 11 9
8 2 11 10
8 2 11 11
8 2 11 13
8 2 11 14
8 2 11 15
8 2 11 16
8 2 11 17
8 2 11 18
8 2 11 19
8 2 11 20
8 2 11 21
8 3 11 6
8 3 11 7
8 3 11 9
8 3 11 10
8 3 11 11
8 3 11 13
8 3 11 14
8 3 11 15
8 3 11 16
8 3 11 17
8 3 11 18
8 3 11 19
8 3 11 20
8 3 11 21
8 4 11 6
8 4 11 7
8 4 11 9
8 4 11 10
8 4 11 11
8 4 11 13
8 4 11 14
8 4 11 15
8 4 11 16
8 4 11 17
8 4 11 18
8 4 11 19
8 4 11 20
8 4 11 21
8 6 11 9
8 6 11 10
8 6 11 11
8 6 11 13
8 6 11 14
8 6 11 15
8 6 11 16
8 6 11 17
8 6 11 18
8 6 11 19
8 6 11 20
8 6 11 21
8 7 11 9
8 7 11 10
8 7 11 11
8 7 11 13
8 7 11 14
8 7 11 15
8 7 11 16
8 7 11 17
8 7 11 18
8 7 11 19
8 7 11 20
8 7 11 21
8 9 11 13
8 9 11 14
8 9 11 15
8 9 11 16
8 9 11 17
8 9 11 18
8 9 11 19
8 9 11 20
8 9 11 21
8 10 11 13
8 10 11 14
8 10 11 15
8 10 11 16
8 10 11 17
8 10 11 18
8 10 11 19
8 10 11 20
8 10 11 21
8 11 11 13
8 11 11 14
8 11 11 15
8 11 11 16
8 11 11 17
8 11 11 18
8 11 11 19
8 11 11 20
8 11 11 21
8 13 13 15
8 13 13 16
8 13 13 17
8 13 13 18
8 13 13 19
8 13 13 20
8 13 13 21
8 6 16 9
8 6 16 10
8 6 16 11
8 6 16 13
8 6 16 15
8 6 16 16
8 6 16 17
8 6 16 18
8 6 16 19
8 6 16 20
8 6 16 21
8 7 16 9
8 7 16 10
8 7 16 11
8 7 16 13
8 7 16 15
8 7 16 16
8 7 16 17
8 7 16 18
8 7 16 19
8 7 16 20
8 7 16 21
8 9 16 13
8 9 16 15
8 9 16 16
8 9 16 17
8 9 16 18
8 9 16 19
8 9 16 20
8 9 16 21
8 10 16 13
8 10 16 15
8 10 16 16
8 10 16 17
8 10 16 18
8 10 16 19
8 10 16 20
8 10 16 21
8 11 16 13
8 11 16 15
8 11 16 16
8 11 16 17
8 11 16 18
8 11 16 19
8 11 16 20
8 11 16 21
8 13 16 15
8 13 16 16
8 13 16 17
8 13 16 18
8 13 16 19
8 13 16 20
8 13 16 21
8 6 17 9
8 6 17 10
8 6 17 11
8 6 17 13
8 6 17 15
8 6 17 16
8 6 17 17
8 6 17 18
8 6 17 19
8 6 17 20
8 6 17 21
8 7 17 9
8 7 17 10
8 7 17 11
8 7 17 13
8 7 17 15
8 7 17 16
8 7 17 17
8 7 17 18
8 7 17 19
8 7 17 20
8 7 17 21
8 9 17 13
8 9 17 15
8 9 17 16
8 9 17 17
8 9 17 18
8 9 17 19
8 9 17 20
8 9 17 21
8 10 17 13
8 10 17 15
8 10 17 16
8 10 17 17
8 10 17 18
8 10 17 19
8 10 17 20
8 10 17 21
8 11 17 13
8 11 17 15
8 11 17 16
8 11 17 17
8 11 17 18
8 11 17 19
8 11 17 20
8 11 17 21
8 13 17 15
8 13 17 16
8 13 17 17
8 13 17 18
8 13 17 19
8 13 17 20
8 13 17 21
8 6 18 9
8 6 18 10
8 6 18 11
8 7 18 9
8 7 18 10
8 7 18 11
8 1 19 3
8 1 19 4
8 1 19 6
8 1 19 7
8 1 19 9
8 1 19 10
8 1 19 11
8 1 19 13
8 1 19 15
8 1 19 16
8 1 19 17
8 1 19 18
8 1 19 19
8 1 19 20
8 1 19 21
8 3 19 6
8 3 19 7
8 3 19 9
8 3 19 10
8 3 19 11
8 3 19 13
8 3 19 15
8 3 19 16
8 3 19 17
8 3 19 18
8 3 19 19
8 3 19 20
8 3 19 21
8 4 19 6
8 4 19 7
8 4 19 9
8 4 19 10
8 4 19 11
8 4 19 13
8 4 19 15
8 4 19 16
8 4 19 17
8 4 19 18
8 4 19 19
8 4 19 20
8 4 19 21
8 6 19 9
8 6 19 10
8 6 19 11
8 6 19 13
8 6 19 15
8 6 19 16
8 6 19 17
8 6 19 18
8 6 19 19
8 6 19 20
8 6 19 21
8 7 19 9
8 7 19 10
8 7 19 11
8 7 19 13
8 7 19 15
8 7 19 16
8 7 19 17
8 7 19 18
8 7 19 19
8 7 19 20
8 7 19 21
8 9 19 13
8 9 19 15
8 9 19 16
8 9 19 17
8 9 19 18
8 9 19 19
8 9 19 20
8 9 19 21
8 10 19 13
8 10 19 15
8 10 19 16
8 10 19 17
8 10 19 18
8 10 19 19
8 10 19 20
8 10 19 21
8 11 19 13
8 11 19 15
8 11 19 16
8 11 19 17
8 11 19 18
8 11 19 19
8 11 19 20
8 11 19 21
8 13 19 15
8 13 19 16
8 13 19 17
8 13 19 18
8 13 19 19
8 13 19 20
8 13 19 21
8 1 20 3
8 1 20 4
8 6 20 9
8 6 20 10
8 6 20 11
8 7 20 9
8 7 20 10
8 7 20 11
8 6 21 9
8 6 21 10
8 6 21 11
8 7 21 9
8 7 21 10
8 7 21 11
8 3 22 6
8 3 22 7
8 3 22 9
8 3 22 10
8 3 22 11
8 3 22 13
8 3 22 15
8 3 22 17
8 3 22 18
8 3 22 20
8 3 22 21
8 6 22 9
8 6 22 10
8 6 22 11
8 6 22 13
8 6 22 15
8 6 22 17
8 6 22 18
8 6 22 20
8 6 22 21
8 7 22 9
8 7 22 10
8 7 22 11
8 7 22 13
8 7 22 15
8 7 22 17
8 7 22 18
8 7 22 20
8 7 22 21
8 9 22 13
8 9 22 15
8 9 22 17
8 9 22 18
8 9 22 20
8 9 22 21
8 10 22 13
8 10 22 15
8 10 22 17
8 10 22 18
8 10 22 20
8 10 22 21
8 11 22 13
8 11 22 15
8 11 22 17
8 11 22 18
8 11 22 20
8 11 22 21
8 13 22 15
8 13 22 17
8 13 22 18
8 13 22 20
8 13 22 21
8 15 22 17
8 15 22 18
8 15 22 20
8 15 22 21
8 17 22 20
8 17 22 21
8 18 22 20
8 18 22 21
8 3 23 6
8 3 23 7
8 3 23 9
8 3 23 10
8 3 23 11
8 3 23 13
8 3 23 15
8 3 23 17
8 3 23 18
8 3 23 20
8 3 23 21
8 6 23 9
8 6 23 10
8 6 23 11
8 6 23 13
8 6 23 15
8 6 23 17
8 6 23 18
8 6 23 20
8 6 23 21
8 7 23 9
8 7 23 10
8 7 23 11
8 7 23 13
8 7 23 15
8 7 23 17
8 7 23 18
8 7 23 20
8 7 23 21
8 9 23 13
8 9 23 15
8 9 23 17
8 9 23 18
8 9 23 20
8 9 23 21
8 10 23 13
8 10 23 15
8 10 23 17
8 10 23 18
8 10 23 20
8 10 23 21
8 11 23 13
8 11 23 15
8 11 23 17
8 11 23 18
8 11 23 20
8 11 23 21
8 13 23 15
8 13 23 17
8 13 23 18
8 13 23 20
8 13 23 21
8 15 23 17
8 15 23 18
8 15 23 20
8 15 23 21
8 17 23 20
8 17 23 21
8 18 23 20
8 18 23 21
8 9 24 13
8 9 24 15
8 9 24 17
8 9 24 18
8 9 24 20
8 9 24 21
8 10 24 13
8 10 24 15
8 10 24 17
8 10 24 18
8 10 24 20
8 10 24 21
8 11 24 13
8 11 24 15
8 11 24 17
8 11 24 18
8 11 24 20
8 11 24 21
8 13 24 15
8 13 24 17
8 13 24 18
8 13 24 20
8 13 24 21
8 15 24 17
8 15 24 18
8 15 24 20
8 15 24 21
8 17 24 20
8 17 24 21
8 18 24 20
8 18 24 21
9 1 11 6
9 1 11 7
9 1 11 9
9 1 11 10
9 1 11 11
9 1 11 13
9 1 11 14
9 1 11 15
9 1 11 16
9 1 11 17
9 1 11 18
9 1 11 19
9 1 11 20
9 1 11 21
9 1 11 22
9 1 11 23
9 1 11 24
9 2 11 6
9 2 11 7
9 2 11 9
9 2 11 10
9 2 11 11
9 2 11 13
9 2 11 14
9 2 11 15
9 2 11 16
9 2 11 17
9 2 11 18
9 2 11 19
9 2 11 20
9 2 11 21
9 2 11 22
9 2 11 23
9 2 11 24
9 3 11 6
9 3 11 7
9 3 11 9
9 3 11 10
9 3 11 11
9 3 11 13
9 3 11 14
9 3 11 15
9 3 11 16
9 3 11 17
9 3 11 18
9 3 11 19
9 3 11 20
9 3 11 21
9 3 11 22
9 3 11 23
9 3 11 24
9 4 11 6
9 4 11 7
9 4 11 9
9 4 11 10
9 4 11 11
9 4 11 13
9 4 11 14
9 4 11 15
9 4 11 16
9 4 11 17
9 4 11 18
9 4 11 19
9 4 11 20
9 4 11 21
9 4 11 22
9 4 11 23
9 4 11 24
9 6 11 9
9 6 11 10
9 6 11 11
9 6 11 13
9 6 11 14
9 6 11 15
9 6 11 16
9 6 11 17
9 6 11 18
9 6 11 19
9 6 11 20
9 6 11 21
9 6 11 22
9 6 11 23
9 6 11 24
9 7 11 9
9 7 11 10
9 7 11 11
9 7 11 13
9 7 11 14
9 7 11 15
9 7 11 16
9 7 11 17
9 7 11 18
9 7 11 19
9 7 11 20
9 7 11 21
9 7 11 22
9 7 11 23
9 7 11 24
9 9 11 13
9 9 11 14
9 9 11 15
9 9 11 16
9 9 11 17
9 9 11 18
9 9 11 19
9 9 11 20
9 9 11 21
9 9 11 22
9 9 11 23
9 9 11 24
9 10 11 13
9 10 11 14
9 10 11 15
9 10 11 16
9 10 11 17
9 10 11 18
9 10 11 19
9 10 11 20
9 10 11 21
9 10 11 22
9 10 11 23
9 10 11 24
9 11 11 13
9 11 11 14
9 11 11 15
9 11 11 16
9 11 11 17
9 11 11 18
9 11 11 19
9 11 11 20
9 11 11 21
9 11 11 22
9 11 11 23
9 11 11 24
9 13 13 15
9 13 13 16
9 13 13 17
9 13 13 18
9 13 13 19
9 13 13 20
9 13 13 21
9 13 13 22
9 13 13 23
9 13 13 24
9 6 16 9
9 6 16 10
9 6 16 11
9 6 16 13
9 6 16 15
9 6 16 16
9 6 16 17
9 6 16 18
9 6 16 19
9 6 16 20
9 6 16 21
9 6 16 22
9 6 16 23
9 6 16 24
9 7 16 9
9 7 16 10
9 7 16 11
9 7 16 13
9 7 16 15
9 7 16 16
9 7 16 17
9 7 16 18
9 7 16 19
9 7 16 20
9 7 16 21
9 7 16 22
9 7 16 23
9 7 16 24
9 9 16 13
9 9 16 15
9 9 16 16
9 9 16 17
9 9 16 18
9 9 16 19
9 9 16 20
9 9 16 21
9 9 16 22
9 9 16 23
9 9 16 24
9 10 16 13
9 10 16 15
9 10 16 16
9 10 16 17
9 10 16 18
9 10 16 19
9 10 16 20
9 10 16 21
9 10 16 22
9 10 16 23
9 10 16 24
9 11 16 13
9 11 16 15
9 11 16 16
9 11 16 17
9 11 16 18
9 11 16 19
9 11 16 20
9 11 16 21
9 11 16 22
9 11 16 23
9 11 16 24
9 13 16 15
9 13 16 16
9 13 16 17
9 13 16 18
9 13 16 19
9 13 16 20
9 13 16 21
9 13 16 22
9 13 16 23
9 13 16 24
9 6 17 9
9 6 17 10
9 6 17 11
9 6 17 13
9 6 17 15
9 6 17 16
9 6 17 17
9 6 17 18
9 6 17 19
9 6 17 20
9 6 17 21
9 6 17 22
9 6 17 23
9 6 17 24
9 7 17 9
9 7 17 10
9 7 17 11
9 7 17 13
9 7 17 15
9 7 17 16
9 7 17 17
9 7 17 18
9 7 17 19
9 7 17 20
9 7 17 21
9 7 17 22
9 7 17 23
9 7 17 24
9 9 17 13
9 9 17 15
9 9 17 16
9 9 17 17
9 9 17 18
9 9 17 19
9 9 17 20
9 9 17 21
9 9 17 22
9 9 17 23
9 9 17 24
9 10 17 13
9 10 17 15
9 10 17 16
9 10 17 17
9 10 17 18
9 10 17 19
9 10 17 20
9 10 17 21
9 10 17 22
9 10 17 23
9 10 17 24
9 11 17 13
9 11 17 15
9 11 17 16
9 11 17 17
9 11 17 18
9 11 17 19
9 11 17 20
9 11 17 21
9 11 17 22
9 11 17 23
9 11 17 24
9 13 17 15
9 13 17 16
9 13 17 17
9 13 17 18
9 13 17 19
9 13 17 20
9 13 17 21
9 13 17 22
9 13 17 23
9 13 17 24
9 6 18 9
9 6 18 10
9 6 18 11
9 7 18 9
9 7 18 10
9 7 18 11
9 1 19 3
9 1 19 4
9 1 19 6
9 1 19 7
9 1 19 9
9 1 19 10
9 1 19 11
9 1 19 13
9 1 19 15
9 1 19 16
9 1 19 17
9 1 19 18
9 1 19 19
9 1 19 20
9 1 19 21
9 1 19 22
9 1 19 23
9 1 19 24
9 3 19 6
9 3 19 7
9 3 19 9
9 3 19 10
9 3 19 11
9 3 19 13
9 3 19 15
9 3 19 16
9 3 19 17
9 3 19 18
9 3 19 19
9 3 19 20
9 3 19 21
9 3 19 22
9 3 19 23
9 3 19 24
9 4 19 6
9 4 19 7
9 4 19 9
9 4 19 10
9 4 19 11
9 4 19 13
9 4 19 15
9 4 19 16
9 4 19 17
9 4 19 18
9 4 19 19
9 4 19 20
9 4 19 21
9 4 19 22
9 4 19 23
9 4 19 24
9 6 19 9
9 6 19 10
9 6 19 11
9 6 19 13
9 6 19 15
9 6 19 16
9 6 19 17
9 6 19 18
9 6 19 19
9 6 19 20
9 6 19 21
9 6 19 22
9 6 19 23
9 6 19 24
9 7 19 9
9 7 19 10
9 7 19 11
9 7 19 13
9 7 19 15
9 7 19 16
9 7 19 17
9 7 19 18
9 7 19 19
9 7 19 20
9 7 19 21
9 7 19 22
9 7 19 23
9 7 19 24
9 9 19 13
9 9 19 15
9 9 19 16
9 9 19 17
9 9 19 18
9 9 19 19
9 9 19 20
9 9 19 21
9 9 19 22
9 9 19 23
9 9 19 24
9 10 19 13
9 10 19 15
9 10 19 16
9 10 19 17
9 10 19 18
9 10 19 19
9 10 19 20
9 10 19 21
9 10 19 22
9 10 19 23
9 10 19 24
9 11 19 13
9 11 19 15
9 11 19 16
9 11 19 17
9 11 19 18
9 11 19 19
9 11 19 20
9 11 19 21
9 11 19 22
9 11 19 23
9 11 19 24
9 13 19 15
9 13 19 16
9 13 19 17
9 13 19 18
9 13 19 19
9 13 19 20
9 13 19 21
9 13 19 22
9 13 19 23
9 13 19 24
9 1 20 3
9 1 20 4
9 6 20 9
9 6 20 10
9 6 20 11
9 7 20 9
9 7 20 10
9 7 20 11
9 6 21 9
9 6 21 10
9 6 21 11
9 7 21 9
9 7 21 10
9 7 21 11
9 3 22 6
9 3 22 7
9 3 22 9
9 3 22 10
9 3 22 11
9 3 22 13
9 3 22 15
9 3 22 17
9 3 22 18
9 3 22 20
9 3 22 21
9 3 22 22
9 3 22 24
9 6 22 9
9 6 22 10
9 6 22 11
9 6 22 13
9 6 22 15
9 6 22 17
9 6 22 18
9 6 22 20
9 6 22 21
9 6 22 22
9 6 22 24
9 7 22 9
9 7 22 10
9 7 22 11
9 7 22 13
9 7 22 15
9 7 22 17
9 7 22 18
9 7 22 20
9 7 22 21
9 7 22 22
9 7 22 24
9 9 22 13
9 9 22 15
9 9 22 17
9 9 22 18
9 9 22 20
9 9 22 21
9 9 22 22
9 9 22 24
9 10 22 13
9 10 22 15
9 10 22 17
9 10 22 18
9 10 22 20
9 10 22 21
9 10 22 22
9 10 22 24
9 11 22 13
9 11 22 15
9 11 22 17
9 11 22 18
9 11 22 20
9 11 22 21
9 11 22 22
9 11 22 24
9 13 22 15
9 13 22 17
9 13 22 18
9 13 22 20
9 13 22 21
9 13 22 22
9 13 22 24
9 15 22 17
9 15 22 18
9 15 22 20
9 15 22 21
9 15 22 22
9 15 22 24
9 17 22 20
9 17 22 21
9 17 22 22
9 17 22 24
9 18 22 20
9 18 22 21
9 18 22 22
9 18 22 24
9 20 22 24
9 21 22 24
9 22 22 24
9 3 23 6
9 3 23 7
9 3 23 9
9 3 23 10
9 3 23 11
9 3 23 13
9 3 23 15
9 3 23 17
9 3 23 18
9 3 23 20
9 3 23 21
9 3 23 22
9 6 23 9
9 6 23 10
9 6 23 11
9 6 23 13
9 6 23 15
9 6 23 17
9 6 23 18
9 6 23 20
9 6 23 21
9 6 23 22
9 7 23 9
9 7 23 10
9 7 23 11
9 7 23 13
9 7 23 15
9 7 23 17
9 7 23 18
9 7 23 20
9 7 23 21
9 7 23 22
9 9 23 13
9 9 23 15
9 9 23 17
9 9 23 18
9 9 23 20
9 9 23 21
9 9 23 22
9 10 23 13
9 10 23 15
9 10 23 17
9 10 23 18
9 10 23 20
9 10 23 21
9 10 23 22
9 11 23 13
9 11 23 15
9 11 23 17
9 11 23 18
9 11 23 20
9 11 23 21
9 11 23 22
9 13 23 15
9 13 23 17
9 13 23 18
9 13 23 20
9 13 23 21
9 13 23 22
9 15 23 17
9 15 23 18
9 15 23 20
9 15 23 21
9 15 23 22
9 17 23 20
9 17 23 21
9 17 23 22
9 18 23 20
9 18 23 21
9 18 23 22
9 9 24 13
9 9 24 15
9 9 24 17
9 9 24 18
9 9 24 20
9 9 24 21
9 9 24 22
9 10 24 13
9 10 24 15
9 10 24 17
9 10 24 18
9 10 24 20
9 10 24 21
9 10 24 22
9 11 24 13
9 11 24 15
9 11 24 17
9 11 24 18
9 11 24 20
9 11 24 21
9 11 24 22
9 13 24 15
9 13 24 17
9 13 24 18
9 13 24 20
9 13 24 21
9 13 24 22
9 15 24 17
9 15 24 18
9 15 24 20
9 15 24 21
9 15 24 22
9 17 24 20
9 17 24 21
9 17 24 22
9 18 24 20
9 18 24 21
9 18 24 22
10 13 13 15
10 13 13 16
10 13 13 17
10 13 13 18
10 13 13 19
10 13 13 20
10 13 13 21
10 13 13 22
10 13 13 23
10 13 13 24
10 13 16 15
10 13 16 16
10 13 16 17
10 13 16 18
10 13 16 19
10 13 16 20
10 13 16 21
10 13 16 22
10 13 16 23
10 13 16 24
10 13 17 15
10 13 17 16
10 13 17 17
10 13 17 18
10 13 17 19
10 13 17 20
10 13 17 21
10 13 17 22
10 13 17 23
10 13 17 24
10 1 19 3
10 1 19 4
10 13 19 15
10 13 19 16
10 13 19 17
10 13 19 18
10 13 19 19
10 13 19 20
10 13 19 21
10 13 19 22
10 13 19 23
10 13 19 24
10 1 20 3
10 1 20 4
10 13 22 15
10 13 22 17
10 13 22 18
10 13 22 20
10 13 22 21
10 13 22 22
10 13 22 24
10 15 22 17
10 15 22 18
10 15 22 20
10 15 22 21
10 15 22 22
10 15 22 24
10 17 22 20
10 17 22 21
10 17 22 22
10 17 22 24
10 18 22 20
10 18 22 21
10 18 22 22
10 18 22 24
10 20 22 24
10 21 22 24
10 22 22 24
10 13 23 15
10 13 23 17
10 13 23 18
10 13 23 20
10 13 23 21
10 13 23 22
10 15 23 17
10 15 23 18
10 15 23 20
10 15 23 21
10 15 23 22
10 17 23 20
10 17 23 21
10 17 23 22
10 18 23 20
10 18 23 21
10 18 23 22
10 13 24 15
10 13 24 17
10 13 24 18
10 13 24 20
10 13 24 21
10 13 24 22
10 15 24 17
10 15 24 18
10 15 24 20
10 15 24 21
10 15 24 22
10 17 24 20
10 17 24 21
10 17 24 22
10 18 24 20
10 18 24 21
10 18 24 22
11 13 13 15
11 13 13 16
11 13 13 17
11 13 13 18
11 13 13 19
11 13 13 20
11 13 13 21
11 13 13 22
11 13 13 23
11 13 13 24
11 6 16 9
11 6 16 10
11 6 16 11
11 6 16 13
11 6 16 15
11 6 16 16
11 6 16 17
11 6 16 18
11 6 16 19
11 6 16 20
11 6 16 21
11 6 16 22
11 6 16 23
11 6 16 24
11 7 16 9
11 7 16 10
11 7 16 11
11 7 16 13
11 7 16 15
11 7 16 16
11 7 16 17
11 7 16 18
11 7 16 19
11 7 16 20
11 7 16 21
11 7 16 22
11 7 16 23
11 7 16 24
11 9 16 13
11 9 16 15
11 9 16 16
11 9 16 17
11 9 16 18
11 9 16 19
11 9 16 20
11 9 16 21
11 9 16 22
11 9 16 23
11 9 16 24
11 10 16 13
11 10 16 15
11 10 16 16
11 10 16 17
11 10 16 18
11 10 16 19
11 10 16 20
11 10 16 21
11 10 16 22
11 10 16 23
11 10 16 24
11 11 16 13
11 11 16 15
11 11 16 16
11 11 16 17
11 11 16 18
11 11 16 19
11 11 16 20
11 11 16 21
11 11 16 22
11 11 16 23
11 11 16 24
11 13 16 15
11 13 16 16
11 13 16 17
11 13 16 18
11 13 16 19
11 13 16 20
11 13 16 21
11 13 16 22
11 13 16 23
11 13 16 24
11 6 17 9
11 6 17 10
11 6 17 11
11 6 17 13
11 6 17 15
11 6 17 16
11 6 17 17
11 6 17 18
11 6 17 19
11 6 17 20
11 6 17 21
11 6 17 22
11 6 17 23
11 6 17 24
11 7 17 9
11 7 17 10
11 7 17 11
11 7 17 13
11 7 17 15
11 7 17 16
11 7 17 17
11 7 17 18
11 7 17 19
11 7 17 20
11 7 17 21
11 7 17 22
11 7 17 23
11 7 17 24
11 9 17 13
11 9 17 15
11 9 17 16
11 9 17 17
11 9 17 18
11 9 17 19
11 9 17 20
11 9 17 21
11 9 17 22
11 9 17 23
11 9 17 24
11 10 17 13
11 10 17 15
11 10 17 16
11 10 17 17
11 10 17 18
11 10 17 19
11 10 17 20
11 10 17 21
11 10 17 22
11 10 17 23
11 10 17 24
11 11 17 13
11 11 17 15
11 11 17 16
11 11 17 17
11 11 17 18
11 11 17 19
11 11 17 20
11 11 17 21
11 11 17 22
11 11 17 23
11 11 17 24
11 13 17 15
11 13 17 16
11 13 17 17
11 13 17 18
11 13 17 19
11 13 17 20
11 13 17 21
11 13 17 22
11 13 17 23
11 13 17 24
11 6 18 9
11 6 18 10
11 6 18 11
11 7 18 9
11 7 18 10
11 7 18 11
11 1 19 3
11 1 19 4
11 1 19 6
11 1 19 7
11 1 19 9
11 1 19 10
11 1 19 11
11 1 19 13
11 1 19 15
11 1 19 16
11 1 19 17
11 1 19 18
11 1 19 19
11 1 19 20
11 1 19 21
11 1 19 22
11 1 19 23
11 1 19 24
11 3 19 6
11 3 19 7
11 3 19 9
11 3 19 10
11 3 19 11
11 3 19 13
11 3 19 15
11 3 19 16
11 3 19 17
11 3 19 18
11 3 19 19
11 3 19 20
11 3 19 21
11 3 19 22
11 3 19 23
11 3 19 24
11 4 19 6
11 4 19 7
11 4 19 9
11 4 19 10
11 4 19 11
11 4 19 13
11 4 19 15
11 4 19 16
11 4 19 17
11 4 19 18
11 4 19 19
11 4 19 20
11 4 19 21
11 4 19 22
11 4 19 23
11 4 19 24
11 6 19 9
11 6 19 10
11 6 19 11
11 6 19 13
11 6 19 15
11 6 19 16
11 6 19 17
11 6 19 18
11 6 19 19
11 6 19 20
11 6 19 21
11 6 19 22
11 6 19 23
11 6 19 24
11 7 19 9
11 7 19 10
11 7 19 11
11 7 19 13
11 7 19 15
11 7 19 16
11 7 19 17
11 7 19 18
11 7 19 19
11 7 19 20
11 7 19 21
11 7 19 22
11 7 19 23
11 7 19 24
11 9 19 13
11 9 19 15
11 9 19 16
11 9 19 17
11 9 19 18
11 9 19 19
11 9 19 20
11 9 19 21
11 9 19 22
11 9 19 23
11 9 19 24
11 10 19 13
11 10 19 15
11 10 19 16
11 10 19 17
11 10 19 18
11 10 19 19
11 10 19 20
11 10 19 21
11 10 19 22
11 10 19 23
11 10 19 24
11 11 19 13
11 11 19 15
11 11 19 16
11 11 19 17
11 11 19 18
11 11 19 19
11 11 19 20
11 11 19 21
11 11 19 22
11 11 19 23
11 11 19 24
11 13 19 15
11 13 19 16
11 13 19 17
11 13 19 18
11 13 19 19
11 13 19 20
11 13 19 21
11 13 19 22
11 13 19 23
11 13 19 24
11 1 20 3
11 1 20 4
11 6 20 9
11 6 20 10
11 6 20 11
11 7 20 9
11 7 20 10
11 7 20 11
11 6 21 9
11 6 21 10
11 6 21 11
11 7 21 9
11 7 21 10
11 7 21 11
11 3 22 6
11 3 22 7
11 3 22 9
11 3 22 10
11 3 22 11
11 3 22 13
11 3 22 15
11 3 22 17
11 3 22 18
11 3 22 20
11 3 22 21
11 3 22 22
11 3 22 24
11 6 22 9
11 6 22 10
11 6 22 11
11 6 22 13
11 6 22 15
11 6 22 17
11 6 22 18
11 6 22 20
11 6 22 21
11 6 22 22
11 6 22 24
11 7 22 9
11 7 22 10
11 7 22 11
11 7 22 13
11 7 22 15
11 7 22 17
11 7 22 18
11 7 22 20
11 7 22 21
11 7 22 22
11 7 22 24
11 9 22 13
11 9 22 15
11 9 22 17
11 9 22 18
11 9 22 20
11 9 22 21
11 9 22 22
11 9 22 24
11 10 22 13
11 10 22 15
11 10 22 17
11 10 22 18
11 10 22 20
11 10 22 21
11 10 22 22
11 10 22 24
11 11 22 13
11 11 22 15
11 11 22 17
11 11 22 18
11 11 22 20
11 11 22 21
11 11 22 22
11 11 22 24
11 13 22 15
11 13 22 17
11 13 22 18
11 13 22 20
11 13 22 21
11 13 22 22
11 13 22 24
11 15 22 17
11 15 22 18
11 15 22 20
11 15 22 21
11 15 22 22
11 15 22 24
11 17 22 20
11 17 22 21
11 17 22 22
11 17 22 24
11 18 22 20
11 18 22 21
11 18 22 22
11 18 22 24
11 20 22 24
11 21 22 24
11 22 22 24
11 3 23 6
11 3 23 7
11 3 23 9
11 3 23 10
11 3 23 11
11 3 23 13
11 3 23 15
11 3 23 17
11 3 23 18
11 3 23 20
11 3 23 21
11 3 23 22
11 6 23 9
11 6 23 10
11 6 23 11
11 6 23 13
11 6 23 15
11 6 23 17
11 6 23 18
11 6 23 20
11 6 23 21
11 6 23 22
11 7 23 9
11 7 23 10
11 7 23 11
11 7 23 13
11 7 23 15
11 7 23 17
11 7 23 18
11 7 23 20
11 7 23 21
11 7 23 22
11 9 23 13
11 9 23 15
11 9 23 17
11 9 23 18
11 9 23 20
11 9 23 21
11 9 23 22
11 10 23 13
11 10 23 15
11 10 23 17
11 10 23 18
11 10 23 20
11 10 23 21
11 10 23 22
11 11 23 13
11 11 23 15
11 11 23 17
11 11 23 18
11 11 23 20
11 11 23 21
11 11 23 22
11 13 23 15
11 13 23 17
11 13 23 18
11 13 23 20
11 13 23 21
11 13 23 22
11 15 23 17
11 15 23 18
11 15 23 20
11 15 23 21
11 15 23 22
11 17 23 20
11 17 23 21
11 17 23 22
11 18 23 20
11 18 23 21
11 18 23 22
11 9 24 13
11 9 24 15
11 9 24 17
11 9 24 18
11 9 24 20
11 9 24 21
11 9 24 22
11 10 24 13
11 10 24 15
11 10 24 17
11 10 24 18
11 10 24 20
11 10 24 21
11 10 24 22
11 11 24 13
11 11 24 15
11 11 24 17
11 11 24 18
11 11 24 20
11 11 24 21
11 11 24 22
11 13 24 15
11 13 24 17
11 13 24 18
11 13 24 20
11 13 24 21
11 13 24 22
11 15 24 17
11 15 24 18
11 15 24 20
11 15 24 21
11 15 24 22
11 17 24 20
11 17 24 21
11 17 24 22
11 18 24 20
11 18 24 21
11 18 24 22
12 15 22 17
12 15 22 18
12 15 22 20
12 15 22 21
12 15 22 22
12 15 22 24
12 17 22 20
12 17 22 21
12 17 22 22
12 17 22 24
12 18 22 20
12 18 22 21
12 18 22 22
12 18 22 24
12 20 22 24
12 21 22 24
12 22 22 24
12 15 23 17
12 15 23 18
12 15 23 20
12 15 23 21
12 15 23 22
12 17 23 20
12 17 23 21
12 17 23 22
12 18 23 20
12 18 23 21
12 18 23 22
12 15 24 17
12 15 24 18
12 15 24 20
12 15 24 21
12 15 24 22
12 17 24 20
12 17 24 21
12 17 24 22
12 18 24 20
12 18 24 21
12 18 24 22
13 13 16 15
13 13 16 16
13 13 16 17
13 13 16 18
13 13 16 19
13 13 16 20
13 13 16 21
13 13 16 22
13 13 16 23
13 13 16 24
13 13 17 15
13 13 17 16
13 13 17 17
13 13 17 18
13 13 17 19
13 13 17 20
13 13 17 21
13 13 17 22
13 13 17 23
13 13 17 24
13 13 19 15
13 13 19 16
13 13 19 17
13 13 19 18
13 13 19 19
13 13 19 20
13 13 19 21
13 13 19 22
13 13 19 23
13 13 19 24
13 13 22 15
13 13 22 17
13 13 22 18
13 13 22 20
13 13 22 21
13 13 22 22
13 13 22 24
13 15 22 17
13 15 22 18
13 15 22 20
13 15 22 21
13 15 22 22
13 15 22 24
13 17 22 20
13 17 22 21
13 17 22 22
13 17 22 24
13 18 22 20
13 18 22 21
13 18 22 22
13 18 22 24
13 20 22 24
13 21 22 24
13 22 22 24
13 13 23 15
13 13 23 17
13 13 23 18
13 13 23 20
13 13 23 21
13 13 23 22
13 15 23 17
13 15 23 18
13 15 23 20
13 15 23 21
13 15 23 22
13 17 23 20
13 17 23 21
13 17 23 22
13 18 23 20
13 18 23 21
13 18 23 22
13 13 24 15
13 13 24 17
13 13 24 18
13 13 24 20
13 13 24 21
13 13 24 22
13 15 24 17
13 15 24 18
13 15 24 20
13 15 24 21
13 15 24 22
13 17 24 20
13 17 24 21
13 17 24 22
13 18 24 20
13 18 24 21
13 18 24 22
14 15 22 17
14 15 22 18
14 15 22 20
14 15 22 21
14 15 22 22
14 15 22 24
14 17 22 20
14 17 22 21
14 17 22 22
14 17 22 24
14 18 22 20
14 18 22 21
14 18 22 22
14 18 22 24
14 20 22 24
14 21 22 24
14 22 22 24
14 15 23 17
14 15 23 18
14 15 23 20
14 15 23 21
14 15 23 22
14 17 23 20
14 17 23 21
14 17 23 22
14 18 23 20
14 18 23 21
14 18 23 22
14 15 24 17
14 15 24 18
14 15 24 20
14 15 24 21
14 15 24 22
14 17 24 20
14 17 24 21
14 17 24 22
14 18 24 20
14 18 24 21
14 18 24 22
15 15 22 17
15 15 22 18
15 15 22 20
15 15 22 21
15 15 22 22
15 15 22 24
15 17 22 20
15 17 22 21
15 17 22 22
15 17 22 24
15 18 22 20
15 18 22 21
15 18 22 22
15 18 22 24
15 20 22 24
15 21 22 24
15 22 22 24
15 15 23 17
15 15 23 18
15 15 23 20
15 15 23 21
15 15 23 22
15 17 23 20
15 17 23 21
15 17 23 22
15 18 23 20
15 18 23 21
15 18 23 22
15 15 24 17
15 15 24 18
15 15 24 20
15 15 24 21
15 15 24 22
15 17 24 20
15 17 24 21
15 17 24 22
15 18 24 20
15 18 24 21
15 18 24 22
16 6 19 13
16 6 19 15
16 6 19 16
16 6 19 17
16 6 19 18
16 6 19 19
16 6 19 20
16 6 19 21
16 6 19 22
16 6 19 23
16 6 19 24
16 7 19 13
16 7 19 15
16 7 19 16
16 7 19 17
16 7 19 18
16 7 19 19
16 7 19 20
16 7 19 21
16 7 19 22
16 7 19 23
16 7 19 24
16 8 19 13
16 8 19 15
16 8 19 16
16 8 19 17
16 8 19 18
16 8 19 19
16 8 19 20
16 8 19 21
16 8 19 22
16 8 19 23
16 8 19 24
16 9 19 13
16 9 19 15
16 9 19 16
16 9 19 17
16 9 19 18
16 9 19 19
16 9 19 20
16 9 19 21
16 9 19 22
16 9 19 23
16 9 19 24
16 10 19 13
16 10 19 15
16 10 19 16
16 10 19 17
16 10 19 18
16 10 19 19
16 10 19 20
16 10 19 21
16 10 19 22
16 10 19 23
16 10 19 24
16 11 19 13
16 11 19 15
16 11 19 16
16 11 19 17
16 11 19 18
16 11 19 19
16 11 19 20
16 11 19 21
16 11 19 22
16 11 19 23
16 11 19 24
16 13 19 15
16 13 19 16
16 13 19 17
16 13 19 18
16 13 19 19
16 13 19 20
16 13 19 21
16 13 19 22
16 13 19 23
16 13 19 24
16 6 22 13
16 6 22 15
16 6 22 17
16 6 22 18
16 6 22 20
16 6 22 21
16 6 22 22
16 6 22 24
16 7 22 13
16 7 22 15
16 7 22 17
16 7 22 18
16 7 22 20
16 7 22 21
16 7 22 22
16 7 22 24
16 8 22 13
16 8 22 15
16 8 22 17
16 8 22 18
16 8 22 20
16 8 22 21
16 8 22 22
16 8 22 24
16 9 22 13
16 9 22 15
16 9 22 17
16 9 22 18
16 9 22 20
16 9 22 21
16 9 22 22
16 9 22 24
16 10 22 13
16 10 22 15
16 10 22 17
16 10 22 18
16 10 22 20
16 10 22 21
16 10 22 22
16 10 22 24
16 11 22 13
16 11 22 15
16 11 22 17
16 11 22 18
16 11 22 20
16 11 22 21
16 11 22 22
16 11 22 24
16 13 22 15
16 13 22 17
16 13 22 18
16 13 22 20
16 13 22 21
16 13 22 22
16 13 22 24
16 15 22 17
16 15 22 18
16 15 22 20
16 15 22 21
16 15 22 22
16 15 22 24
16 17 22 20
16 17 22 21
16 17 22 22
16 17 22 24
16 18 22 20
16 18 22 21
16 18 22 22
16 18 22 24
16 20 22 24
16 21 22 24
16 22 22 24
16 6 23 13
16 6 23 15
16 6 23 17
16 6 23 18
16 6 23 20
16 6 23 21
16 6 23 22
16 7 23 13
16 7 23 15
16 7 23 17
16 7 23 18
16 7 23 20
16 7 23 21
16 7 23 22
16 8 23 13
16 8 23 15
16 8 23 17
16 8 23 18
16 8 23 20
16 8 23 21
16 8 23 22
16 9 23 13
16 9 23 15
16 9 23 17
16 9 23 18
16 9 23 20
16 9 23 21
16 9 23 22
16 10 23 13
16 10 23 15
16 10 23 17
16 10 23 18
16 10 23 20
16 10 23 21
16 10 23 22
16 11 23 13
16 11 23 15
16 11 23 17
16 11 23 18
16 11 23 20
16 11 23 21
16 11 23 22
16 13 23 15
16 13 23 17
16 13 23 18
16 13 23 20
16 13 23 21
16 13 23 22
16 15 23 17
16 15 23 18
16 15 23 20
16 15 23 21
16 15 23 22
16 17 23 20
16 17 23 21
16 17 23 22
16 18 23 20
16 18 23 21
16 18 23 22
16 9 24 13
16 9 24 15
16 9 24 17
16 9 24 18
16 9 24 20
16 9 24 21
16 9 24 22
16 10 24 13
16 10 24 15
16 10 24 17
16 10 24 18
16 10 24 20
16 10 24 21
16 10 24 22
16 11 24 13
16 11 24 15
16 11 24 17
16 11 24 18
16 11 24 20
16 11 24 21
16 11 24 22
16 13 24 15
16 13 24 17
16 13 24 18
16 13 24 20
16 13 24 21
16 13 24 22
16 15 24 17
16 15 24 18
16 15 24 20
16 15 24 21
16 15 24 22
16 17 24 20
16 17 24 21
16 17 24 22
16 18 24 20
16 18 24 21
16 18 24 22
17 6 19 13
17 6 19 15
17 6 19 16
17 6 19 17
17 6 19 18
17 6 19 19
17 6 19 20
17 6 19 21
17 6 19 22
17 6 19 23
17 6 19 24
17 7 19 13
17 7 19 15
17 7 19 16
17 7 19 17
17 7 19 18
17 7 19 19
17 7 19 20
17 7 19 21
17 7 19 22
17 7 19 23
17 7 19 24
17 8 19 13
17 8 19 15
17 8 19 16
17 8 19 17
17 8 19 18
17 8 19 19
17 8 19 20
17 8 19 21
17 8 19 22
17 8 19 23
17 8 19 24
17 9 19 13
17 9 19 15
17 9 19 16
17 9 19 17
17 9 19 18
17 9 19 19
17 9 19 20
17 9 19 21
17 9 19 22
17 9 19 23
17 9 19 24
17 10 19 13
17 10 19 15
17 10 19 16
17 10 19 17
17 10 19 18
17 10 19 19
17 10 19 20
17 10 19 21
17 10 19 22
17 10 19 23
17 10 19 24
17 11 19 13
17 11 19 15
17 11 19 16
17 11 19 17
17 11 19 18
17 11 19 19
17 11 19 20
17 11 19 21
17 11 19 22
17 11 19 23
17 11 19 24
17 13 19 15
17 13 19 16
17 13 19 17
17 13 19 18
17 13 19 19
17 13 19 20
17 13 19 21
17 13 19 22
17 13 19 23
17 13 19 24
17 6 22 13
17 6 22 15
17 6 22 17
17 6 22 18
17 6 22 20
17 6 22 21
17 6 22 22
17 6 22 24
17 7 22 13
17 7 22 15
17 7 22 17
17 7 22 18
17 7 22 20
17 7 22 21
17 7 22 22
17 7 22 24
17 8 22 13
17 8 22 15
17 8 22 17
17 8 22 18
17 8 22 20
17 8 22 21
17 8 22 22
17 8 22 24
17 9 22 13
17 9 22 15
17 9 22 17
17 9 22 18
17 9 22 20
17 9 22 21
17 9 22 22
17 9 22 24
17 10 22 13
17 10 22 15
17 10 22 17
17 10 22 18
17 10 22 20
17 10 22 21
17 10 22 22
17 10 22 24
17 11 22 13
17 11 22 15
17 11 22 17
17 11 22 18
17 11 22 20
17 11 22 21
17 11 22 22
17 11 22 24
17 13 22 15
17 13 22 17
17 13 22 18
17 13 22 20
17 13 22 21
17 13 22 22
17 13 22 24
17 15 22 17
17 15 22 18
17 15 22 20
17 15 22 21
17 15 22 22
17 15 22 24
17 17 22 20
17 17 22 21
17 17 22 22
17 17 22 24
17 18 22 20
17 18 22 21
17 18 22 22
17 18 22 24
17 20 22 24
17 21 22 24
17 22 22 24
17 6 23 13
17 6 23 15
17 6 23 17
17 6 23 18
17 6 23 20
17 6 23 21
17 6 23 22
17 7 23 13
17 7 23 15
17 7 23 17
17 7 23 18
17 7 23 20
17 7 23 21
17 7 23 22
17 8 23 13
17 8 23 15
17 8 23 17
17 8 23 18
17 8 23 20
17 8 23 21
17 8 23 22
17 9 23 13
17 9 23 15
17 9 23 17
17 9 23 18
17 9 23 20
17 9 23 21
17 9 23 22
17 10 23 13
17 10 23 15
17 10 23 17
17 10 23 18
17 10 23 20
17 10 23 21
17 10 23 22
17 11 23 13
17 11 23 15
17 11 23 17
17 11 23 18
17 11 23 20
17 11 23 21
17 11 23 22
17 13 23 15
17 13 23 17
17 13 23 18
17 13 23 20
17 13 23 21
17 13 23 22
17 15 23 17
17 15 23 18
17 15 23 20
17 15 23 21
17 15 23 22
17 17 23 20
17 17 23 21
17 17 23 22
17 18 23 20
17 18 23 21
17 18 23 22
17 9 24 13
17 9 24 15
17 9 24 17
17 9 24 18
17 9 24 20
17 9 24 21
17 9 24 22
17 10 24 13
17 10 24 15
17 10 24 17
17 10 24 18
17 10 24 20
17 10 24 21
17 10 24 22
17 11 24 13
17 11 24 15
17 11 24 17
17 11 24 18
17 11 24 20
17 11 24 21
17 11 24 22
17 13 24 15
17 13 24 17
17 13 24 18
17 13 24 20
17 13 24 21
17 13 24 22
17 15 24 17
17 15 24 18
17 15 24 20
17 15 24 21
17 15 24 22
17 17 24 20
17 17 24 21
17 17 24 22
17 18 24 20
17 18 24 21
17 18 24 22
18 15 22 17
18 15 22 18
18 15 22 20
18 15 22 21
18 15 22 22
18 15 22 24
18 17 22 20
18 17 22 21
18 17 22 22
18 17 22 24
18 18 22 20
18 18 22 21
18 18 22 22
18 18 22 24
18 20 22 24
18 21 22 24
18 22 22 24
18 15 23 17
18 15 23 18
18 15 23 20
18 15 23 21
18 15 23 22
18 17 23 20
18 17 23 21
18 17 23 22
18 18 23 20
18 18 23 21
18 18 23 22
18 15 24 17
18 15 24 18
18 15 24 20
18 15 24 21
18 15 24 22
18 17 24 20
18 17 24 21
18 17 24 22
18 18 24 20
18 18 24 21
18 18 24 22
19 3 22 6
19 3 22 7
19 3 22 8
19 3 22 9
19 3 22 10
19 3 22 11
19 3 22 13
19 3 22 15
19 3 22 17
19 3 22 18
19 3 22 20
19 3 22 21
19 3 22 22
19 3 22 24
19 6 22 13
19 6 22 15
19 6 22 17
19 6 22 18
19 6 22 20
19 6 22 21
19 6 22 22
19 6 22 24
19 7 22 13
19 7 22 15
19 7 22 17
19 7 22 18
19 7 22 20
19 7 22 21
19 7 22 22
19 7 22 24
19 8 22 13
19 8 22 15
19 8 22 17
19 8 22 18
19 8 22 20
19 8 22 21
19 8 22 22
19 8 22 24
19 9 22 13
19 9 22 15
19 9 22 17
19 9 22 18
19 9 22 20
19 9 22 21
19 9 22 22
19 9 22 24
19 10 22 13
19 10 22 15
19 10 22 17
19 10 22 18
19 10 22 20
19 10 22 21
19 10 22 22
19 10 22 24
19 11 22 13
19 11 22 15
19 11 22 17
19 11 22 18
19 11 22 20
19 11 22 21
19 11 22 22
19 11 22 24
19 13 22 15
19 13 22 17
19 13 22 18
19 13 22 20
19 13 22 21
19 13 22 22
19 13 22 24
19 15 22 17
19 15 22 18
19 15 22 20
19 15 22 21
19 15 22 22
19 15 22 24
19 17 22 20
19 17 22 21
19 17 22 22
19 17 22 24
19 18 22 20
19 18 22 21
19 18 22 22
19 18 22 24
19 20 22 24
19 21 22 24
19 22 22 24
19 3 23 6
19 3 23 7
19 3 23 8
19 3 23 9
19 3 23 10
19 3 23 11
19 3 23 13
19 3 23 15
19 3 23 17
19 3 23 18
19 3 23 20
19 3 23 21
19 3 23 22
19 6 23 13
19 6 23 15
19 6 23 17
19 6 23 18
19 6 23 20
19 6 23 21
19 6 23 22
19 7 23 13
19 7 23 15
19 7 23 17
19 7 23 18
19 7 23 20
19 7 23 21
19 7 23 22
19 8 23 13
19 8 23 15
19 8 23 17
19 8 23 18
19 8 23 20
19 8 23 21
19 8 23 22
19 9 23 13
19 9 23 15
19 9 23 17
19 9 23 18
19 9 23 20
19 9 23 21
19 9 23 22
19 10 23 13
19 10 23 15
19 10 23 17
19 10 23 18
19 10 23 20
19 10 23 21
19 10 23 22
19 11 23 13
19 11 23 15
19 11 23 17
19 11 23 18
19 11 23 20
19 11 23 21
19 11 23 22
19 13 23 15
19 13 23 17
19 13 23 18
19 13 23 20
19 13 23 21
19 13 23 22
19 15 23 17
19 15 23 18
19 15 23 20
19 15 23 21
19 15 23 22
19 17 23 20
19 17 23 21
19 17 23 22
19 18 23 20
19 18 23 21
19 18 23 22
19 9 24 13
19 9 24 15
19 9 24 17
19 9 24 18
19 9 24 20
19 9 24 21
19 9 24 22
19 10 24 13
19 10 24 15
19 10 24 17
19 10 24 18
19 10 24 20
19 10 24 21
19 10 24 22
19 11 24 13
19 11 24 15
19 11 24 17
19 11 24 18
19 11 24 20
19 11 24 21
19 11 24 22
19 13 24 15
19 13 24 17
19 13 24 18
19 13 24 20
19 13 24 21
19 13 24 22
19 15 24 17
19 15 24 18
19 15 24 20
19 15 24 21
19 15 24 22
19 17 24 20
19 17 24 21
19 17 24 22
19 18 24 20
19 18 24 21
19 18 24 22
