23 23
00000000000000000000000
00000000000000000000000
00000000000000000000000
01111111111111111111111
01000000100000000000001
01000000100000000000001
01000011110000000000001
01000010110000000000001
01000011110001111111101
01111111111111111111111
01111111111111111111100
00100001010001111011100
00100001010011111111111
00100001010011101011101
00100001010011101011101
00100001011111111111101
00111111111111111111101
00000000000011101000101
00000000000011111000101
00000000000011111111111
00000000000001000000100
00000000000001111111100
00000000000000000000000
268
4 2 10 9
4 2 10 23
4 9 10 23
4 2 11 9
7 7 9 9
7 7 9 10
7 7 10 9
7 7 10 10
7 7 11 9
7 7 11 10
9 14 13 19
9 14 13 20
9 14 13 21
9 15 13 19
9 15 13 20
9 15 13 21
9 16 13 19
9 16 13 20
9 16 13 21
9 17 13 19
9 17 13 20
9 17 13 21
9 14 16 17
9 14 16 19
9 14 16 20
9 14 16 21
9 15 16 17
9 15 16 19
9 15 16 20
9 15 16 21
9 17 16 19
9 17 16 20
9 17 16 21
9 8 17 10
9 14 17 17
9 14 17 19
9 14 17 20
9 14 17 21
9 15 17 17
9 15 17 19
9 15 17 20
9 15 17 21
9 17 17 19
9 17 17 20
9 17 17 21
9 14 19 17
9 15 19 17
9 14 20 17
9 14 20 21
9 15 20 17
9 15 20 21
9 17 20 21
9 14 22 21
10 14 13 19
10 14 13 20
10 14 13 21
10 15 13 19
10 15 13 20
10 15 13 21
10 16 13 19
10 16 13 20
10 16 13 21
10 17 13 19
10 17 13 20
10 17 13 21
10 10 16 14
10 10 16 15
10 10 16 17
10 10 16 19
10 10 16 20
10 10 16 21
10 14 16 17
10 14 16 19
10 14 16 20
10 14 16 21
10 15 16 17
10 15 16 19
10 15 16 20
10 15 16 21
10 17 16 19
10 17 16 20
10 17 16 21
10 3 17 8
10 3 17 10
10 3 17 14
10 3 17 15
10 3 17 17
10 3 17 19
10 3 17 20
10 3 17 21
10 8 17 10
10 8 17 14
10 8 17 15
10 8 17 17
10 8 17 19
10 8 17 20
10 8 17 21
10 10 17 14
10 10 17 15
10 10 17 17
10 10 17 19
10 10 17 20
10 10 17 21
10 14 17 17
10 14 17 19
10 14 17 20
10 14 17 21
10 15 17 17
10 15 17 19
10 15 17 20
10 15 17 21
10 17 17 19
10 17 17 20
10 17 17 21
10 14 19 17
10 15 19 17
10 14 20 17
10 14 20 21
10 15 20 17
10 15 20 21
10 17 20 21
10 14 22 21
11 14 13 19
11 14 13 20
11 14 13 21
11 15 13 19
11 15 13 20
11 15 13 21
11 16 13 19
11 16 13 20
11 16 13 21
11 17 13 19
11 17 13 20
11 17 13 21
11 10 16 14
11 10 16 15
11 10 16 17
11 10 16 19
11 10 16 20
11 10 16 21
11 14 16 17
11 14 16 19
11 14 16 20
11 14 16 21
11 15 16 17
11 15 16 19
11 15 16 20
11 15 16 21
11 17 16 19
11 17 16 20
11 17 16 21
11 3 17 8
11 3 17 10
11 3 17 14
11 3 17 15
11 3 17 17
11 3 17 19
11 3 17 20
11 3 17 21
11 8 17 10
11 8 17 14
11 8 17 15
11 8 17 17
11 8 17 19
11 8 17 20
11 8 17 21
11 10 17 14
11 10 17 15
11 10 17 17
11 10 17 19
11 10 17 20
11 10 17 21
11 14 17 17
11 14 17 19
11 14 17 20
11 14 17 21
11 15 17 17
11 15 17 19
11 15 17 20
11 15 17 21
11 17 17 19
11 17 17 20
11 17 17 21
11 14 19 17
11 15 19 17
11 14 20 17
11 14 20 21
11 15 20 17
11 15 20 21
11 17 20 21
11 14 22 21
12 14 16 17
12 15 16 17
12 14 17 17
12 15 17 17
12 14 19 17
12 15 19 17
12 14 20 17
12 15 20 17
13 13 16 17
13 13 16 19
13 13 16 20
13 13 16 21
13 14 16 17
13 14 16 19
13 14 16 20
13 14 16 21
13 15 16 17
13 15 16 19
13 15 16 20
13 15 16 21
13 17 16 19
13 17 16 20
13 17 16 21
13 13 17 17
13 13 17 19
13 13 17 20
13 13 17 21
13 14 17 17
13 14 17 19
13 14 17 20
13 14 17 21
13 15 17 17
13 15 17 19
13 15 17 20
13 15 17 21
13 17 17 19
13 17 17 20
13 17 17 21
13 13 19 17
13 14 19 17
13 15 19 17
13 13 20 17
13 13 20 21
13 13 20 23
13 14 20 17
13 14 20 21
13 14 20 23
13 15 20 17
13 15 20 21
13 15 20 23
13 17 20 21
13 17 20 23
13 21 20 23
13 14 22 21
16 13 19 17
16 14 19 17
16 15 19 17
16 13 20 17
16 13 20 21
16 14 20 17
16 14 20 21
16 15 20 17
16 15 20 21
16 17 20 21
16 14 22 21
17 13 19 17
17 14 19 17
17 15 19 17
17 13 20 17
17 13 20 21
17 14 20 17
17 14 20 21
17 15 20 17
17 15 20 21
17 17 20 21
17 14 22 21
20 14 22 21
