24 23
00000000000000000000000
00000000000000000000000
00000000000000000000000
00000000000000000000000
00000000000000111111111
00000000000000100000001
00000000000000100000001
00000000000000100000001
00000000000000100000001
00011111111111111000001
00010000000000101000001
00010000000000101000001
00010000000000101000001
00010000000000111111111
00010000000000001000000
00010000000000001000000
00010000000000001000000
00010000000000001000000
00010000000000001000000
00011111111111111000000
00000000000000000000000
00000000000000000000000
00000000000000000000000
00000000000000000000000
3
5 15 14 23
10 15 14 17
10 4 20 17
