22 12
000011111110
011111111111
010111010011
010111010011
010111011111
010111010011
010111011111
010111111011
011111111111
010011111111
111111111111
110011111011
110011111011
110011111111
111111111111
111110111011
111111111111
111110111011
111111111111
011111111111
011111111000
000000000000
695
1 8 5 11
1 8 7 11
1 5 8 8
1 6 8 8
1 5 9 8
1 5 9 11
1 6 9 8
1 6 9 11
1 8 9 11
1 5 10 8
1 5 10 11
1 6 10 8
1 6 10 11
1 8 10 11
1 5 11 8
1 5 11 11
1 6 11 8
1 6 11 11
1 8 11 11
1 5 12 8
1 6 12 8
1 5 13 8
1 6 13 8
1 5 14 8
1 5 14 11
1 6 14 8
1 6 14 11
1 8 14 11
1 5 15 8
1 5 15 11
1 6 15 8
1 6 15 11
1 8 15 11
1 5 17 8
1 5 17 11
1 8 17 11
1 5 19 8
1 5 19 11
1 8 19 11
1 5 20 8
1 5 20 11
1 8 20 11
1 5 21 8
2 8 5 11
2 8 5 12
2 8 7 11
2 8 7 12
2 4 8 8
2 5 8 8
2 6 8 8
2 2 9 4
2 2 9 5
2 2 9 6
2 2 9 8
2 2 9 11
2 2 9 12
2 4 9 8
2 4 9 11
2 4 9 12
2 5 9 8
2 5 9 11
2 5 9 12
2 6 9 8
2 6 9 11
2 6 9 12
2 8 9 11
2 8 9 12
2 5 10 8
2 5 10 11
2 5 10 12
2 6 10 8
2 6 10 11
2 6 10 12
2 8 10 11
2 8 10 12
2 2 11 5
2 2 11 6
2 2 11 8
2 2 11 11
2 2 11 12
2 5 11 8
2 5 11 11
2 5 11 12
2 6 11 8
2 6 11 11
2 6 11 12
2 8 11 11
2 8 11 12
2 5 12 8
2 6 12 8
2 5 13 8
2 6 13 8
2 5 14 8
2 5 14 11
2 5 14 12
2 6 14 8
2 6 14 11
2 6 14 12
2 8 14 11
2 8 14 12
2 2 15 5
2 2 15 6
2 2 15 8
2 2 15 11
2 2 15 12
2 5 15 8
2 5 15 11
2 5 15 12
2 6 15 8
2 6 15 11
2 6 15 12
2 8 15 11
2 8 15 12
2 2 16 5
2 2 17 5
2 2 17 8
2 2 17 11
2 2 17 12
2 5 17 8
2 5 17 11
2 5 17 12
2 8 17 11
2 8 17 12
2 2 18 5
2 2 19 5
2 2 19 8
2 2 19 11
2 2 19 12
2 5 19 8
2 5 19 11
2 5 19 12
2 8 19 11
2 8 19 12
2 2 20 5
2 2 20 8
2 2 20 11
2 2 20 12
2 5 20 8
2 5 20 11
2 5 20 12
2 8 20 11
2 8 20 12
2 2 21 5
2 2 21 8
2 5 21 8
5 8 7 11
5 8 7 12
5 8 9 11
5 8 9 12
5 8 10 11
5 8 10 12
5 8 11 11
5 8 11 12
5 8 14 11
5 8 14 12
5 8 15 11
5 8 15 12
5 8 17 11
5 8 17 12
5 8 19 11
5 8 19 12
5 8 20 11
5 8 20 12
7 8 9 11
7 8 9 12
7 9 9 11
7 9 9 12
7 8 10 11
7 8 10 12
7 9 10 11
7 9 10 12
7 8 11 11
7 8 11 12
7 9 11 11
7 9 11 12
7 8 14 11
7 8 14 12
7 9 14 11
7 9 14 12
7 8 15 11
7 8 15 12
7 9 15 11
7 9 15 12
7 8 17 11
7 8 17 12
7 9 17 11
7 9 17 12
7 8 19 11
7 8 19 12
7 9 19 11
7 9 19 12
7 8 20 11
7 8 20 12
7 9 20 11
7 9 20 12
8 5 17 7
8 5 17 8
8 5 17 9
8 5 19 7
8 5 19 8
8 5 19 9
8 5 20 7
8 5 20 8
8 5 20 9
8 5 21 7
8 5 21 8
8 5 21 9
9 2 11 5
9 2 11 6
9 2 11 7
9 2 11 8
9 2 11 9
9 2 11 10
9 2 11 11
9 2 11 12
9 5 14 11
9 5 14 12
9 6 14 11
9 6 14 12
9 7 14 11
9 7 14 12
9 8 14 11
9 8 14 12
9 9 14 11
9 9 14 12
9 2 15 5
9 2 15 6
9 2 15 7
9 2 15 8
9 2 15 9
9 2 15 11
9 2 15 12
9 5 15 11
9 5 15 12
9 6 15 11
9 6 15 12
9 7 15 11
9 7 15 12
9 8 15 11
9 8 15 12
9 9 15 11
9 9 15 12
9 2 16 5
9 2 17 5
9 2 17 7
9 2 17 8
9 2 17 9
9 2 17 11
9 2 17 12
9 5 17 7
9 5 17 8
9 5 17 9
9 5 17 11
9 5 17 12
9 7 17 11
9 7 17 12
9 8 17 11
9 8 17 12
9 9 17 11
9 9 17 12
9 2 18 5
9 2 19 5
9 2 19 7
9 2 19 8
9 2 19 9
9 2 19 11
9 2 19 12
9 5 19 7
9 5 19 8
9 5 19 9
9 5 19 11
9 5 19 12
9 7 19 11
9 7 19 12
9 8 19 11
9 8 19 12
9 9 19 11
9 9 19 12
9 2 20 5
9 2 20 7
9 2 20 8
9 2 20 9
9 2 20 11
9 2 20 12
9 5 20 7
9 5 20 8
9 5 20 9
9 5 20 11
9 5 20 12
9 7 20 11
9 7 20 12
9 8 20 11
9 8 20 12
9 9 20 11
9 9 20 12
9 2 21 5
9 2 21 7
9 2 21 8
9 2 21 9
9 5 21 7
9 5 21 8
9 5 21 9
10 5 14 11
10 5 14 12
10 6 14 11
10 6 14 12
10 7 14 11
10 7 14 12
10 8 14 11
10 8 14 12
10 9 14 11
10 9 14 12
10 5 15 11
10 5 15 12
10 6 15 11
10 6 15 12
10 7 15 11
10 7 15 12
10 8 15 11
10 8 15 12
10 9 15 11
10 9 15 12
10 5 17 7
10 5 17 8
10 5 17 9
10 5 17 11
10 5 17 12
10 7 17 11
10 7 17 12
10 8 17 11
10 8 17 12
10 9 17 11
10 9 17 12
10 5 19 7
10 5 19 8
10 5 19 9
10 5 19 11
10 5 19 12
10 7 19 11
10 7 19 12
10 8 19 11
10 8 19 12
10 9 19 11
10 9 19 12
10 5 20 7
10 5 20 8
10 5 20 9
10 5 20 11
10 5 20 12
10 7 20 11
10 7 20 12
10 8 20 11
10 8 20 12
10 9 20 11
10 9 20 12
10 5 21 7
10 5 21 8
10 5 21 9
11 5 14 11
11 5 14 12
11 6 14 11
11 6 14 12
11 7 14 11
11 7 14 12
11 8 14 11
11 8 14 12
11 9 14 11
11 9 14 12
11 1 15 5
11 1 15 6
11 1 15 7
11 1 15 8
11 1 15 9
11 1 15 11
11 1 15 12
11 2 15 5
11 2 15 6
11 2 15 7
11 2 15 8
11 2 15 9
11 2 15 11
11 2 15 12
11 5 15 11
11 5 15 12
11 6 15 11
11 6 15 12
11 7 15 11
11 7 15 12
11 8 15 11
11 8 15 12
11 9 15 11
11 9 15 12
11 1 16 5
11 2 16 5
11 1 17 5
11 1 17 7
11 1 17 8
11 1 17 9
11 1 17 11
11 1 17 12
11 2 17 5
11 2 17 7
11 2 17 8
11 2 17 9
11 2 17 11
11 2 17 12
11 5 17 7
11 5 17 8
11 5 17 9
11 5 17 11
11 5 17 12
11 7 17 11
11 7 17 12
11 8 17 11
11 8 17 12
11 9 17 11
11 9 17 12
11 1 18 5
11 2 18 5
11 1 19 5
11 1 19 7
11 1 19 8
11 1 19 9
11 1 19 11
11 1 19 12
11 2 19 5
11 2 19 7
11 2 19 8
11 2 19 9
11 2 19 11
11 2 19 12
11 5 19 7
11 5 19 8
11 5 19 9
11 5 19 11
11 5 19 12
11 7 19 11
11 7 19 12
11 8 19 11
11 8 19 12
11 9 19 11
11 9 19 12
11 2 20 5
11 2 20 7
11 2 20 8
11 2 20 9
11 2 20 11
11 2 20 12
11 5 20 7
11 5 20 8
11 5 20 9
11 5 20 11
11 5 20 12
11 7 20 11
11 7 20 12
11 8 20 11
11 8 20 12
11 9 20 11
11 9 20 12
11 2 21 5
11 2 21 7
11 2 21 8
11 2 21 9
11 5 21 7
11 5 21 8
11 5 21 9
12 5 17 7
12 5 17 8
12 5 17 9
12 5 19 7
12 5 19 8
12 5 19 9
12 5 20 7
12 5 20 8
12 5 20 9
12 5 21 7
12 5 21 8
12 5 21 9
13 5 17 7
13 5 17 8
13 5 17 9
13 5 19 7
13 5 19 8
13 5 19 9
13 5 20 7
13 5 20 8
13 5 20 9
13 5 21 7
13 5 21 8
13 5 21 9
14 5 17 7
14 5 17 8
14 5 17 9
14 5 17 11
14 5 17 12
14 7 17 11
14 7 17 12
14 8 17 11
14 8 17 12
14 9 17 11
14 9 17 12
14 5 19 7
14 5 19 8
14 5 19 9
14 5 19 11
14 5 19 12
14 7 19 11
14 7 19 12
14 8 19 11
14 8 19 12
14 9 19 11
14 9 19 12
14 5 20 7
14 5 20 8
14 5 20 9
14 5 20 11
14 5 20 12
14 7 20 11
14 7 20 12
14 8 20 11
14 8 20 12
14 9 20 11
14 9 20 12
14 5 21 7
14 5 21 8
14 5 21 9
15 1 17 7
15 1 17 8
15 1 17 9
15 1 17 11
15 1 17 12
15 2 17 7
15 2 17 8
15 2 17 9
15 2 17 11
15 2 17 12
15 3 17 7
15 3 17 8
15 3 17 9
15 3 17 11
15 3 17 12
15 4 17 7
15 4 17 8
15 4 17 9
15 4 17 11
15 4 17 12
15 5 17 7
15 5 17 8
15 5 17 9
15 5 17 11
15 5 17 12
15 7 17 11
15 7 17 12
15 8 17 11
15 8 17 12
15 9 17 11
15 9 17 12
15 1 19 7
15 1 19 8
15 1 19 9
15 1 19 11
15 1 19 12
15 2 19 7
15 2 19 8
15 2 19 9
15 2 19 11
15 2 19 12
15 3 19 7
15 3 19 8
15 3 19 9
15 3 19 11
15 3 19 12
15 4 19 7
15 4 19 8
15 4 19 9
15 4 19 11
15 4 19 12
15 5 19 7
15 5 19 8
15 5 19 9
15 5 19 11
15 5 19 12
15 7 19 11
15 7 19 12
15 8 19 11
15 8 19 12
15 9 19 11
15 9 19 12
15 2 20 7
15 2 20 8
15 2 20 9
15 2 20 11
15 2 20 12
15 3 20 7
15 3 20 8
15 3 20 9
15 3 20 11
15 3 20 12
15 4 20 7
15 4 20 8
15 4 20 9
15 4 20 11
15 4 20 12
15 5 20 7
15 5 20 8
15 5 20 9
15 5 20 11
15 5 20 12
15 7 20 11
15 7 20 12
15 8 20 11
15 8 20 12
15 9 20 11
15 9 20 12
15 2 21 7
15 2 21 8
15 2 21 9
15 3 21 7
15 3 21 8
15 3 21 9
15 4 21 7
15 4 21 8
15 4 21 9
15 5 21 7
15 5 21 8
15 5 21 9
17 1 19 7
17 1 19 8
17 1 19 9
17 1 19 11
17 1 19 12
17 2 19 7
17 2 19 8
17 2 19 9
17 2 19 11
17 2 19 12
17 3 19 7
17 3 19 8
17 3 19 9
17 3 19 11
17 3 19 12
17 4 19 7
17 4 19 8
17 4 19 9
17 4 19 11
17 4 19 12
17 5 19 7
17 5 19 8
17 5 19 9
17 5 19 11
17 5 19 12
17 7 19 11
17 7 19 12
17 8 19 11
17 8 19 12
17 9 19 11
17 9 19 12
17 2 20 7
17 2 20 8
17 2 20 9
17 2 20 11
17 2 20 12
17 3 20 7
17 3 20 8
17 3 20 9
17 3 20 11
17 3 20 12
17 4 20 7
17 4 20 8
17 4 20 9
17 4 20 11
17 4 20 12
17 5 20 7
17 5 20 8
17 5 20 9
17 5 20 11
17 5 20 12
17 7 20 11
17 7 20 12
17 8 20 11
17 8 20 12
17 9 20 11
17 9 20 12
17 2 21 7
17 2 21 8
17 2 21 9
17 3 21 7
17 3 21 8
17 3 21 9
17 4 21 7
17 4 21 8
17 4 21 9
17 5 21 7
17 5 21 8
17 5 21 9
