20 10
0000000000
0000000000
0000000000
0011111000
0010001000
0010001000
0010001000
0111111000
0110011000
0110011000
1111111000
1111111000
1100110000
1101111100
1111110100
0101010100
0101010100
0111111100
0000000000
0000000000
29
4 3 8 7
4 3 11 7
4 3 12 7
8 2 11 6
8 2 11 7
8 3 11 6
8 3 11 7
8 2 12 6
8 2 12 7
8 3 12 6
8 3 12 7
8 2 15 6
8 2 18 6
11 1 15 5
11 1 15 6
11 2 15 5
11 2 15 6
11 2 18 6
12 1 15 5
12 1 15 6
12 2 15 5
12 2 15 6
12 2 18 6
14 4 18 6
14 4 18 8
14 6 18 8
15 2 18 4
15 2 18 6
15 4 18 6
