18 18
111111111111110000
101001111111111111
101001000011010001
111111111111010001
001011000001010001
001011000001010001
001011000111110001
001011111111111111
001010000100110000
001111111111110000
001110001000000000
001111111000000000
001010000000000000
001110000000001111
000000000000001001
000000000000001001
000000000000001111
000000000000000000
43
1 1 4 3
1 1 4 6
1 1 4 11
1 1 4 12
1 3 4 6
1 3 4 11
1 3 4 12
1 6 4 11
1 6 4 12
1 12 7 14
1 6 8 12
1 6 8 14
1 12 8 14
1 3 10 14
2 6 4 11
2 6 4 12
2 12 7 14
2 6 8 12
2 6 8 14
2 6 8 18
2 12 8 14
2 12 8 18
2 14 8 18
4 5 8 12
4 6 8 12
4 3 10 5
4 3 11 5
4 3 12 5
4 3 14 5
7 10 10 13
7 10 10 14
8 5 10 10
8 5 10 13
8 5 10 14
8 10 10 13
8 10 10 14
10 3 12 9
10 4 12 9
10 5 12 9
10 3 14 5
11 3 14 5
12 3 14 5
14 15 17 18
