18 19
0000000000000000000
0000111111000000000
0000100001000000000
0000111111000000000
0000001111111111110
0000001000000000010
0000001000000000010
0000001000000000010
0111111111100000010
0111111111111111010
0100001000100101010
0111111111111111110
0100000000100101000
0100000000111111000
0100000000000100000
0100000000000100000
0100000000000100000
0111111111111100000
23
2 5 4 10
5 7 12 18
9 2 12 7
9 2 12 11
9 7 12 11
10 2 12 7
10 2 12 11
10 2 12 14
10 2 12 16
10 7 12 11
10 7 12 14
10 7 12 16
10 11 12 14
10 11 12 16
10 14 12 16
10 11 14 14
10 11 14 16
10 14 14 16
10 2 18 14
12 11 14 14
12 11 14 16
12 14 14 16
12 2 18 14
