10 22
0111111111111111111000
0100000000000000001000
0111111111111111111000
0100000010000111101000
0100000010000110101000
0100001111111111111111
0100001000000010101001
0111111111111111111001
0000001000000011100001
0000001111111111111111
40
1 2 3 19
1 2 8 19
3 9 6 14
3 9 6 15
3 9 6 17
3 9 6 19
3 14 6 17
3 14 6 19
3 15 6 17
3 15 6 19
3 17 6 19
3 2 8 15
3 2 8 17
3 2 8 19
3 15 8 17
3 15 8 19
3 17 8 19
3 15 9 17
3 15 10 17
4 14 6 17
4 15 6 17
4 15 8 17
4 15 9 17
4 15 10 17
6 7 8 15
6 7 8 17
6 7 8 19
6 15 8 17
6 15 8 19
6 17 8 19
6 15 9 17
6 7 10 15
6 7 10 17
6 7 10 22
6 15 10 17
6 15 10 22
6 17 10 22
8 7 10 15
8 7 10 16
8 7 10 17
