20 19
0000000000000000000
0000000000000000000
0000000000000000000
0111111111111110000
0100000000000010000
1111111111111111100
1100000000000010100
1111111111111110100
1000111100111111111
1000100100100000101
1111111111111111101
1010100100100000001
1010100100100000001
1010100100100000001
1010100100100000001
1110100100100000001
0000100100100000001
0000111100100000001
0000000000100000001
0000000000111111111
19
4 2 6 15
4 2 8 15
6 1 8 15
6 2 8 15
6 15 9 17
6 1 11 17
8 1 11 5
8 1 11 8
8 1 11 11
8 5 11 8
8 5 11 11
8 8 11 11
8 5 18 8
9 5 11 8
9 11 11 17
9 5 18 8
9 11 20 19
11 1 16 3
11 5 18 8
