20 21
000000000111111111110
000000000100000000010
000000000100000000010
000000000100000000010
000111111111111111110
001111111111111110110
001100000111111111110
011111111111111111100
010110000111111111100
010111111111111111100
010110000101000111000
111111111111111111000
111111111111111110000
110110000001010010000
110110000001010010000
110111111111111110000
111111111111111110000
010010000000000000000
010010000000000000000
011110000000000000000
337
1 10 5 20
1 10 7 20
5 10 7 19
5 10 7 20
5 11 7 19
5 11 7 20
5 12 7 19
5 12 7 20
5 13 7 19
5 13 7 20
5 14 7 19
5 14 7 20
5 15 7 19
5 15 7 20
5 16 7 19
5 16 7 20
5 17 7 19
5 17 7 20
5 4 8 10
5 4 8 11
5 4 8 12
5 4 8 13
5 4 8 14
5 4 8 15
5 4 8 16
5 4 8 17
5 4 8 19
5 10 8 19
5 11 8 19
5 12 8 19
5 13 8 19
5 14 8 19
5 15 8 19
5 16 8 19
5 17 8 19
5 10 9 19
5 11 9 19
5 12 9 19
5 13 9 19
5 14 9 19
5 15 9 19
5 16 9 19
5 17 9 19
5 4 10 10
5 4 10 11
5 4 10 12
5 4 10 13
5 4 10 14
5 4 10 15
5 4 10 16
5 4 10 17
5 4 10 19
5 10 10 19
5 11 10 19
5 12 10 19
5 13 10 19
5 14 10 19
5 15 10 19
5 16 10 19
5 17 10 19
5 4 12 10
5 4 12 12
5 4 12 16
5 4 12 17
5 10 12 12
5 10 12 16
5 10 12 17
5 12 12 16
5 12 12 17
5 4 13 10
5 4 13 12
5 4 13 16
5 4 13 17
5 10 13 12
5 10 13 16
5 10 13 17
5 12 13 16
5 12 13 17
5 4 16 12
5 4 16 17
5 12 16 17
5 4 17 12
5 4 17 17
5 12 17 17
6 3 8 10
6 3 8 11
6 3 8 12
6 3 8 13
6 3 8 14
6 3 8 15
6 3 8 16
6 3 8 17
6 4 8 10
6 4 8 11
6 4 8 12
6 4 8 13
6 4 8 14
6 4 8 15
6 4 8 16
6 4 8 17
6 4 10 10
6 4 10 11
6 4 10 12
6 4 10 13
6 4 10 14
6 4 10 15
6 4 10 16
6 4 10 17
6 4 12 10
6 4 12 12
6 4 12 16
6 4 12 17
6 10 12 12
6 10 12 16
6 10 12 17
6 12 12 16
6 12 12 17
6 4 13 10
6 4 13 12
6 4 13 16
6 4 13 17
6 10 13 12
6 10 13 16
6 10 13 17
6 12 13 16
6 12 13 17
6 4 16 12
6 4 16 17
6 12 16 17
6 4 17 12
6 4 17 17
6 12 17 17
7 10 12 12
7 10 12 16
7 10 12 17
7 10 12 18
7 12 12 16
7 12 12 17
7 12 12 18
7 10 13 12
7 10 13 16
7 10 13 17
7 12 13 16
7 12 13 17
7 12 16 17
7 12 17 17
8 4 10 10
8 4 10 11
8 4 10 12
8 4 10 13
8 4 10 14
8 4 10 15
8 4 10 16
8 4 10 17
8 4 10 18
8 4 10 19
8 5 10 10
8 5 10 11
8 5 10 12
8 5 10 13
8 5 10 14
8 5 10 15
8 5 10 16
8 5 10 17
8 5 10 18
8 5 10 19
8 2 12 4
8 2 12 5
8 2 12 10
8 2 12 12
8 2 12 16
8 2 12 17
8 2 12 18
8 4 12 10
8 4 12 12
8 4 12 16
8 4 12 17
8 4 12 18
8 5 12 10
8 5 12 12
8 5 12 16
8 5 12 17
8 5 12 18
8 10 12 12
8 10 12 16
8 10 12 17
8 10 12 18
8 12 12 16
8 12 12 17
8 12 12 18
8 2 13 4
8 2 13 5
8 2 13 10
8 2 13 12
8 2 13 16
8 2 13 17
8 4 13 10
8 4 13 12
8 4 13 16
8 4 13 17
8 5 13 10
8 5 13 12
8 5 13 16
8 5 13 17
8 10 13 12
8 10 13 16
8 10 13 17
8 12 13 16
8 12 13 17
8 4 16 12
8 4 16 17
8 5 16 12
8 5 16 17
8 12 16 17
8 2 17 4
8 2 17 5
8 2 17 12
8 2 17 17
8 4 17 12
8 4 17 17
8 5 17 12
8 5 17 17
8 12 17 17
8 2 20 5
9 10 12 12
9 10 12 16
9 10 12 17
9 10 12 18
9 12 12 16
9 12 12 17
9 12 12 18
9 10 13 12
9 10 13 16
9 10 13 17
9 12 13 16
9 12 13 17
9 12 16 17
9 12 17 17
10 4 12 10
10 4 12 12
10 4 12 16
10 4 12 17
10 4 12 18
10 5 12 10
10 5 12 12
10 5 12 16
10 5 12 17
10 5 12 18
10 10 12 12
10 10 12 16
10 10 12 17
10 10 12 18
10 12 12 16
10 12 12 17
10 12 12 18
10 4 13 10
10 4 13 12
10 4 13 16
10 4 13 17
10 5 13 10
10 5 13 12
10 5 13 16
10 5 13 17
10 10 13 12
10 10 13 16
10 10 13 17
10 12 13 16
10 12 13 17
10 4 16 12
10 4 16 17
10 5 16 12
10 5 16 17
10 12 16 17
10 4 17 12
10 4 17 17
10 5 17 12
10 5 17 17
10 12 17 17
12 4 16 12
12 4 16 14
12 4 16 17
12 5 16 12
12 5 16 14
12 5 16 17
12 12 16 14
12 12 16 17
12 14 16 17
12 1 17 4
12 1 17 5
12 1 17 12
12 1 17 14
12 1 17 17
12 2 17 4
12 2 17 5
12 2 17 12
12 2 17 14
12 2 17 17
12 4 17 12
12 4 17 14
12 4 17 17
12 5 17 12
12 5 17 14
12 5 17 17
12 12 17 14
12 12 17 17
12 14 17 17
12 2 20 5
13 4 16 12
13 4 16 14
13 4 16 17
13 5 16 12
13 5 16 14
13 5 16 17
13 12 16 14
13 12 16 17
13 14 16 17
13 1 17 4
13 1 17 5
13 1 17 12
13 1 17 14
13 1 17 17
13 2 17 4
13 2 17 5
13 2 17 12
13 2 17 14
13 2 17 17
13 4 17 12
13 4 17 14
13 4 17 17
13 5 17 12
13 5 17 14
13 5 17 17
13 12 17 14
13 12 17 17
13 14 17 17
13 2 20 5
17 2 20 5
