25 22
0000000000000111100000
0000000000000100100000
0000001111100100100000
0000001000100100100000
0000001000100100100000
0000001001111111111111
0000011111111100100001
0000011001101100100001
0001111111111111111001
0001011001111100101001
0001011001111100101001
0001011001111100101001
0001011001111100101001
0001011001111100101001
0001011001111100101001
0001011111111100101001
0001001001111111101001
0001111111111111111001
0000001001111000000001
0000001001111000000001
0001111001111000000001
0001011001111000000001
0001011111101000000001
0001010001111000000001
0001110001111111111111
259
1 14 6 17
1 14 9 17
1 14 17 17
1 14 18 17
3 7 7 11
3 7 9 11
3 7 16 11
3 7 18 11
3 7 23 11
6 10 9 13
6 10 9 14
6 10 9 17
6 11 9 13
6 11 9 14
6 11 9 17
6 13 9 17
6 14 9 17
6 10 10 13
6 10 10 14
6 11 10 13
6 11 10 14
6 10 11 13
6 10 11 14
6 11 11 13
6 11 11 14
6 10 12 13
6 10 12 14
6 11 12 13
6 11 12 14
6 10 13 13
6 10 13 14
6 11 13 13
6 11 13 14
6 10 14 13
6 10 14 14
6 11 14 13
6 11 14 14
6 10 15 13
6 10 15 14
6 11 15 13
6 11 15 14
6 10 16 13
6 10 16 14
6 11 16 13
6 11 16 14
6 10 17 13
6 10 17 14
6 10 17 17
6 11 17 13
6 11 17 14
6 11 17 17
6 13 17 17
6 14 17 17
6 10 18 13
6 10 18 14
6 10 18 17
6 11 18 13
6 11 18 14
6 11 18 17
6 13 18 17
6 14 18 17
6 10 19 13
6 11 19 13
6 10 20 13
6 11 20 13
6 10 21 13
6 11 21 13
6 10 22 13
6 11 22 13
6 10 24 13
6 11 24 13
6 10 25 13
6 10 25 22
6 11 25 13
6 11 25 22
6 13 25 22
7 6 9 10
7 6 9 11
7 6 9 13
7 6 9 14
7 7 9 10
7 7 9 11
7 7 9 13
7 7 9 14
7 10 9 13
7 10 9 14
7 11 9 13
7 11 9 14
7 10 10 13
7 10 10 14
7 11 10 13
7 11 10 14
7 10 11 13
7 10 11 14
7 11 11 13
7 11 11 14
7 10 12 13
7 10 12 14
7 11 12 13
7 11 12 14
7 10 13 13
7 10 13 14
7 11 13 13
7 11 13 14
7 10 14 13
7 10 14 14
7 11 14 13
7 11 14 14
7 10 15 13
7 10 15 14
7 11 15 13
7 11 15 14
7 6 16 10
7 6 16 11
7 6 16 13
7 6 16 14
7 7 16 10
7 7 16 11
7 7 16 13
7 7 16 14
7 10 16 13
7 10 16 14
7 11 16 13
7 11 16 14
7 10 17 13
7 10 17 14
7 11 17 13
7 11 17 14
7 7 18 10
7 7 18 11
7 7 18 13
7 7 18 14
7 10 18 13
7 10 18 14
7 11 18 13
7 11 18 14
7 10 19 13
7 11 19 13
7 10 20 13
7 11 20 13
7 10 21 13
7 11 21 13
7 10 22 13
7 11 22 13
7 7 23 10
7 7 23 11
7 10 24 13
7 11 24 13
7 10 25 13
7 11 25 13
9 6 16 10
9 6 16 11
9 6 16 12
9 6 16 13
9 6 16 14
9 7 16 10
9 7 16 11
9 7 16 12
9 7 16 13
9 7 16 14
9 10 17 17
9 11 17 17
9 12 17 17
9 13 17 17
9 14 17 17
9 4 18 7
9 4 18 10
9 4 18 11
9 4 18 12
9 4 18 13
9 4 18 14
9 4 18 17
9 4 18 19
9 7 18 10
9 7 18 11
9 7 18 12
9 7 18 13
9 7 18 14
9 7 18 17
9 7 18 19
9 10 18 17
9 10 18 19
9 11 18 17
9 11 18 19
9 12 18 17
9 12 18 19
9 13 18 17
9 13 18 19
9 14 18 17
9 14 18 19
9 17 18 19
9 7 23 10
9 7 23 11
9 10 24 13
9 11 24 13
9 10 25 13
9 11 25 13
10 10 24 13
10 11 24 13
10 10 25 13
10 11 25 13
11 10 24 13
11 11 24 13
11 10 25 13
11 11 25 13
12 10 24 13
12 11 24 13
12 10 25 13
12 11 25 13
13 10 24 13
13 11 24 13
13 10 25 13
13 11 25 13
14 10 24 13
14 11 24 13
14 10 25 13
14 11 25 13
15 10 24 13
15 11 24 13
15 10 25 13
15 11 25 13
16 7 18 10
16 7 18 11
16 7 18 12
16 7 18 13
16 7 18 14
16 7 23 10
16 7 23 11
16 10 24 13
16 11 24 13
16 10 25 13
16 11 25 13
17 10 24 13
17 11 24 13
17 10 25 13
17 11 25 13
18 7 23 10
18 7 23 11
18 10 24 13
18 11 24 13
18 10 25 13
18 11 25 13
19 10 24 13
19 11 24 13
19 10 25 13
19 11 25 13
20 10 24 13
20 11 24 13
20 10 25 13
20 11 25 13
21 10 24 13
21 11 24 13
21 4 25 6
21 10 25 13
21 11 25 13
22 10 24 13
22 11 24 13
22 10 25 13
22 11 25 13
