23 23
11111111111111111111110
10001000000000000010010
10001000000000000010010
10001000000000000010010
10001000000000000010010
10001111111111111110010
11111111111111111110010
00111010100001000010010
00111111111111111110010
00111010100001000000010
00111111111111111111110
00111111111001000000000
00111111101001011111000
00111111101001010001000
00111111111001010001000
00111010111111010001000
00111010100001010001000
00111010100001010001000
00111010100001010001000
00111010100001011111000
00111010100001000000000
00111011111111000000000
00111111100000000000000
223
1 5 6 19
1 1 7 5
1 1 7 19
1 5 7 19
1 5 9 19
1 5 11 22
6 5 9 7
6 5 9 9
6 5 9 14
6 5 9 19
6 7 9 9
6 7 9 14
6 7 9 19
6 9 9 14
6 9 9 19
6 14 9 19
6 5 11 7
6 5 11 9
6 5 11 14
6 7 11 9
6 7 11 14
6 9 11 14
6 5 12 7
6 5 12 9
6 7 12 9
6 5 13 7
6 5 13 9
6 7 13 9
6 5 14 7
6 5 14 9
6 7 14 9
6 5 15 7
6 5 15 9
6 7 15 9
6 9 16 14
6 7 22 9
6 7 22 14
6 9 22 14
6 5 23 7
6 5 23 9
6 7 23 9
7 3 9 7
7 3 9 9
7 3 9 14
7 3 9 19
7 4 9 7
7 4 9 9
7 4 9 14
7 4 9 19
7 5 9 7
7 5 9 9
7 5 9 14
7 5 9 19
7 7 9 9
7 7 9 14
7 7 9 19
7 9 9 14
7 9 9 19
7 14 9 19
7 3 11 7
7 3 11 9
7 3 11 14
7 4 11 7
7 4 11 9
7 4 11 14
7 5 11 7
7 5 11 9
7 5 11 14
7 7 11 9
7 7 11 14
7 9 11 14
7 3 12 7
7 3 12 9
7 4 12 7
7 4 12 9
7 5 12 7
7 5 12 9
7 7 12 9
7 3 13 7
7 3 13 9
7 4 13 7
7 4 13 9
7 5 13 7
7 5 13 9
7 7 13 9
7 3 14 7
7 3 14 9
7 4 14 7
7 4 14 9
7 5 14 7
7 5 14 9
7 7 14 9
7 3 15 7
7 3 15 9
7 4 15 7
7 4 15 9
7 5 15 7
7 5 15 9
7 7 15 9
7 9 16 14
7 7 22 9
7 7 22 14
7 9 22 14
7 3 23 7
7 3 23 9
7 4 23 7
7 4 23 9
7 5 23 7
7 5 23 9
7 7 23 9
9 3 11 7
9 3 11 9
9 3 11 14
9 4 11 7
9 4 11 9
9 4 11 14
9 5 11 7
9 5 11 9
9 5 11 14
9 7 11 9
9 7 11 14
9 9 11 14
9 3 12 7
9 3 12 9
9 4 12 7
9 4 12 9
9 5 12 7
9 5 12 9
9 7 12 9
9 3 13 7
9 3 13 9
9 4 13 7
9 4 13 9
9 5 13 7
9 5 13 9
9 7 13 9
9 3 14 7
9 3 14 9
9 4 14 7
9 4 14 9
9 5 14 7
9 5 14 9
9 7 14 9
9 3 15 7
9 3 15 9
9 4 15 7
9 4 15 9
9 5 15 7
9 5 15 9
9 7 15 9
9 9 16 14
9 7 22 9
9 7 22 14
9 9 22 14
9 3 23 7
9 3 23 9
9 4 23 7
9 4 23 9
9 5 23 7
9 5 23 9
9 7 23 9
11 3 15 11
11 4 15 11
11 5 15 11
11 6 15 11
11 7 15 11
11 8 15 11
11 9 15 11
11 9 16 11
11 9 16 14
11 11 16 14
11 7 22 9
11 7 22 14
11 9 22 14
11 3 23 7
11 3 23 9
11 4 23 7
11 4 23 9
11 5 23 7
11 5 23 9
11 7 23 9
12 3 15 11
12 4 15 11
12 5 15 11
12 6 15 11
12 7 15 11
12 8 15 11
12 9 15 11
12 9 16 11
12 7 22 9
12 3 23 7
12 3 23 9
12 4 23 7
12 4 23 9
12 5 23 7
12 5 23 9
12 7 23 9
13 16 20 20
13 7 22 9
13 3 23 7
13 3 23 9
13 4 23 7
13 4 23 9
13 5 23 7
13 5 23 9
13 7 23 9
14 7 22 9
14 3 23 7
14 3 23 9
14 4 23 7
14 4 23 9
14 5 23 7
14 5 23 9
14 7 23 9
15 7 22 9
15 3 23 7
15 3 23 9
15 4 23 7
15 4 23 9
15 5 23 7
15 5 23 9
15 7 23 9
16 9 22 14
