11 16
1111100000000000
1101111000000000
1101101000011110
1101111111111110
1101101101110010
1101101111110010
1101101000010010
1101111111111110
1111111111010010
1111111011110010
0111111111011110
68
1 1 9 4
1 1 9 5
1 2 9 4
1 2 9 5
1 1 10 4
1 1 10 5
1 2 10 4
1 2 10 5
1 2 11 4
1 2 11 5
2 4 4 7
2 5 4 7
2 4 8 7
2 5 8 7
2 4 9 7
2 5 9 7
2 4 10 7
2 5 10 7
2 4 11 7
2 5 11 7
3 12 8 15
3 12 11 15
4 7 6 10
4 7 6 11
4 7 6 12
4 8 6 10
4 8 6 11
4 8 6 12
4 4 8 7
4 4 8 12
4 4 8 15
4 5 8 7
4 5 8 12
4 5 8 15
4 7 8 12
4 7 8 15
4 12 8 15
4 4 9 7
4 5 9 7
4 4 10 7
4 5 10 7
4 4 11 7
4 5 11 7
4 12 11 15
6 7 8 12
8 9 10 12
8 10 10 12
8 4 11 9
8 4 11 10
8 5 11 9
8 5 11 10
8 6 11 9
8 6 11 10
8 7 11 9
8 7 11 10
8 12 11 15
9 2 11 9
9 2 11 10
9 3 11 9
9 3 11 10
9 4 11 9
9 4 11 10
9 5 11 9
9 5 11 10
9 6 11 9
9 6 11 10
9 7 11 9
9 7 11 10
