10 20
01111111111111111110
11111111111111010110
11111111111111010110
11111111111111010110
11111110110001010110
11111111111111111110
10100011111111111110
10100011111111111110
10111110011111111100
11111111111111000000
268
1 2 6 9
1 2 6 10
1 2 6 14
1 2 6 16
1 2 6 18
1 2 6 19
1 3 6 9
1 3 6 10
1 3 6 14
1 3 6 16
1 3 6 18
1 3 6 19
1 4 6 9
1 4 6 10
1 4 6 14
1 4 6 16
1 4 6 18
1 4 6 19
1 5 6 9
1 5 6 10
1 5 6 14
1 5 6 16
1 5 6 18
1 5 6 19
1 6 6 9
1 6 6 10
1 6 6 14
1 6 6 16
1 6 6 18
1 6 6 19
1 7 6 9
1 7 6 10
1 7 6 14
1 7 6 16
1 7 6 18
1 7 6 19
1 9 6 14
1 9 6 16
1 9 6 18
1 9 6 19
1 10 6 14
1 10 6 16
1 10 6 18
1 10 6 19
1 14 6 16
1 14 6 18
1 14 6 19
1 16 6 18
1 16 6 19
1 7 7 9
1 7 7 10
1 7 7 14
1 7 7 16
1 7 7 18
1 7 7 19
1 9 7 14
1 9 7 16
1 9 7 18
1 9 7 19
1 10 7 14
1 10 7 16
1 10 7 18
1 10 7 19
1 14 7 16
1 14 7 18
1 14 7 19
1 16 7 18
1 16 7 19
1 7 8 9
1 7 8 10
1 7 8 14
1 7 8 16
1 7 8 18
1 7 8 19
1 9 8 14
1 9 8 16
1 9 8 18
1 9 8 19
1 10 8 14
1 10 8 16
1 10 8 18
1 10 8 19
1 14 8 16
1 14 8 18
1 14 8 19
1 16 8 18
1 16 8 19
1 3 9 7
1 10 9 14
1 10 9 16
1 10 9 18
1 14 9 16
1 14 9 18
1 16 9 18
1 3 10 7
1 3 10 10
1 3 10 14
1 7 10 10
1 7 10 14
1 10 10 14
2 1 6 9
2 1 6 10
2 1 6 14
2 2 6 9
2 2 6 10
2 2 6 14
2 3 6 9
2 3 6 10
2 3 6 14
2 4 6 9
2 4 6 10
2 4 6 14
2 5 6 9
2 5 6 10
2 5 6 14
2 6 6 9
2 6 6 10
2 6 6 14
2 7 6 9
2 7 6 10
2 7 6 14
2 9 6 14
2 10 6 14
2 7 7 9
2 7 7 10
2 7 7 14
2 9 7 14
2 10 7 14
2 7 8 9
2 7 8 10
2 7 8 14
2 9 8 14
2 10 8 14
2 3 9 7
2 10 9 14
2 1 10 3
2 1 10 7
2 1 10 10
2 1 10 14
2 3 10 7
2 3 10 10
2 3 10 14
2 7 10 10
2 7 10 14
2 10 10 14
3 1 6 9
3 1 6 10
3 1 6 14
3 2 6 9
3 2 6 10
3 2 6 14
3 3 6 9
3 3 6 10
3 3 6 14
3 4 6 9
3 4 6 10
3 4 6 14
3 5 6 9
3 5 6 10
3 5 6 14
3 6 6 9
3 6 6 10
3 6 6 14
3 7 6 9
3 7 6 10
3 7 6 14
3 9 6 14
3 10 6 14
3 7 7 9
3 7 7 10
3 7 7 14
3 9 7 14
3 10 7 14
3 7 8 9
3 7 8 10
3 7 8 14
3 9 8 14
3 10 8 14
3 3 9 7
3 10 9 14
3 1 10 3
3 1 10 7
3 1 10 10
3 1 10 14
3 3 10 7
3 3 10 10
3 3 10 14
3 7 10 10
3 7 10 14
3 10 10 14
4 1 6 9
4 1 6 10
4 1 6 14
4 2 6 9
4 2 6 10
4 2 6 14
4 3 6 9
4 3 6 10
4 3 6 14
4 4 6 9
4 4 6 10
4 4 6 14
4 5 6 9
4 5 6 10
4 5 6 14
4 6 6 9
4 6 6 10
4 6 6 14
4 7 6 9
4 7 6 10
4 7 6 14
4 9 6 14
4 10 6 14
4 7 7 9
4 7 7 10
4 7 7 14
4 9 7 14
4 10 7 14
4 7 8 9
4 7 8 10
4 7 8 14
4 9 8 14
4 10 8 14
4 3 9 7
4 10 9 14
4 1 10 3
4 1 10 7
4 1 10 10
4 1 10 14
4 3 10 7
4 3 10 10
4 3 10 14
4 7 10 10
4 7 10 14
4 10 10 14
5 3 9 7
5 1 10 3
5 1 10 7
5 3 10 7
6 3 9 7
6 1 10 3
6 1 10 7
6 1 10 10
6 1 10 11
6 1 10 12
6 1 10 13
6 1 10 14
6 3 10 7
6 3 10 10
6 3 10 11
6 3 10 12
6 3 10 13
6 3 10 14
6 7 10 10
6 7 10 11
6 7 10 12
6 7 10 13
6 7 10 14
7 7 10 10
7 7 10 11
7 7 10 12
7 7 10 13
7 7 10 14
8 7 10 10
8 7 10 11
8 7 10 12
8 7 10 13
8 7 10 14
