14 13
0011111100000
1111111111100
1011111100100
1111111111110
1010111100110
1011111100110
1111111100110
1011111110110
1111110110110
0011111110110
0010111110110
0010100000110
0011111111110
0000000000000
160
1 3 6 5
1 3 6 6
1 3 6 7
1 3 6 8
1 3 7 5
1 3 7 6
1 3 7 7
1 3 7 8
1 3 8 5
1 3 8 6
1 3 8 7
1 3 8 8
1 3 9 5
1 3 9 6
1 3 10 5
1 3 10 6
1 3 10 8
1 5 10 8
1 6 10 8
1 5 11 8
1 6 11 8
1 3 13 5
2 1 4 3
2 1 4 4
2 1 4 5
2 1 4 6
2 1 4 7
2 1 4 8
2 1 4 11
2 3 4 11
2 4 4 11
2 5 4 11
2 6 4 11
2 7 4 11
2 8 4 11
2 3 6 5
2 3 6 6
2 3 6 7
2 3 6 8
2 1 7 3
2 1 7 5
2 1 7 6
2 1 7 7
2 1 7 8
2 3 7 5
2 3 7 6
2 3 7 7
2 3 7 8
2 3 8 5
2 3 8 6
2 3 8 7
2 3 8 8
2 1 9 3
2 1 9 5
2 1 9 6
2 3 9 5
2 3 9 6
2 3 10 5
2 3 10 6
2 3 10 8
2 5 10 8
2 6 10 8
2 5 11 8
2 6 11 8
2 3 13 5
2 3 13 11
2 5 13 11
3 3 6 5
3 3 6 6
3 3 6 7
3 3 6 8
3 3 7 5
3 3 7 6
3 3 7 7
3 3 7 8
3 3 8 5
3 3 8 6
3 3 8 7
3 3 8 8
3 3 9 5
3 3 9 6
3 3 10 5
3 3 10 6
3 3 10 8
3 5 10 8
3 6 10 8
3 5 11 8
3 6 11 8
3 3 13 5
4 3 6 5
4 3 6 6
4 3 6 7
4 3 6 8
4 1 7 3
4 1 7 5
4 1 7 6
4 1 7 7
4 1 7 8
4 3 7 5
4 3 7 6
4 3 7 7
4 3 7 8
4 3 8 5
4 3 8 6
4 3 8 7
4 3 8 8
4 1 9 3
4 1 9 5
4 1 9 6
4 3 9 5
4 3 9 6
4 3 10 5
4 3 10 6
4 3 10 8
4 5 10 8
4 6 10 8
4 5 11 8
4 6 11 8
4 3 13 5
4 3 13 11
4 3 13 12
4 5 13 11
4 5 13 12
5 5 10 8
5 6 10 8
5 5 11 8
5 6 11 8
6 3 10 8
6 4 10 8
6 5 10 8
6 6 10 8
6 5 11 8
6 6 11 8
6 3 13 5
7 1 9 3
7 1 9 4
7 1 9 5
7 1 9 6
7 3 10 8
7 4 10 8
7 5 10 8
7 6 10 8
7 5 11 8
7 6 11 8
7 3 13 5
8 3 10 8
8 3 10 9
8 4 10 8
8 4 10 9
8 5 10 8
8 5 10 9
8 6 10 8
8 6 10 9
8 5 11 8
8 5 11 9
8 6 11 8
8 6 11 9
8 3 13 5
9 3 13 5
10 3 13 5
