19 11
00000000000
00000000000
11111111111
10111111111
10111001001
10111111101
10111001101
10111111101
10111001101
11111111111
11111111111
10011001101
11111111111
00010000100
00010000100
00010000100
00010000100
00011111100
00000000000
133
3 3 6 8
3 4 6 8
3 5 6 8
3 3 8 8
3 4 8 8
3 5 8 8
3 1 10 3
3 1 10 4
3 1 10 5
3 1 10 8
3 1 10 11
3 3 10 8
3 3 10 11
3 4 10 8
3 4 10 11
3 5 10 8
3 5 10 11
3 8 10 11
3 1 11 3
3 1 11 4
3 1 11 5
3 1 11 8
3 1 11 11
3 3 11 8
3 3 11 11
3 4 11 8
3 4 11 11
3 5 11 8
3 5 11 11
3 8 11 11
3 1 13 4
3 1 13 5
3 1 13 8
3 1 13 11
3 4 13 8
3 4 13 11
3 5 13 8
3 5 13 11
3 8 13 11
4 3 6 8
4 4 6 8
4 5 6 8
4 3 8 8
4 4 8 8
4 5 8 8
4 3 10 8
4 3 10 11
4 4 10 8
4 4 10 11
4 5 10 8
4 5 10 11
4 8 10 11
4 3 11 8
4 3 11 11
4 4 11 8
4 4 11 11
4 5 11 8
4 5 11 11
4 8 11 11
4 4 13 8
4 4 13 11
4 5 13 8
4 5 13 11
4 8 13 11
6 3 8 8
6 3 8 9
6 4 8 8
6 4 8 9
6 5 8 8
6 5 8 9
6 3 10 8
6 3 10 9
6 4 10 8
6 4 10 9
6 5 10 8
6 5 10 9
6 3 11 8
6 3 11 9
6 4 11 8
6 4 11 9
6 5 11 8
6 5 11 9
6 4 13 8
6 4 13 9
6 5 13 8
6 5 13 9
6 4 18 9
8 3 10 8
8 3 10 9
8 4 10 8
8 4 10 9
8 5 10 8
8 5 10 9
8 3 11 8
8 3 11 9
8 4 11 8
8 4 11 9
8 5 11 8
8 5 11 9
8 4 13 8
8 4 13 9
8 5 13 8
8 5 13 9
8 4 18 9
10 1 13 4
10 1 13 5
10 1 13 8
10 1 13 9
10 1 13 11
10 4 13 8
10 4 13 9
10 4 13 11
10 5 13 8
10 5 13 9
10 5 13 11
10 8 13 11
10 9 13 11
10 4 18 9
11 1 13 4
11 1 13 5
11 1 13 8
11 1 13 9
11 1 13 11
11 4 13 8
11 4 13 9
11 4 13 11
11 5 13 8
11 5 13 9
11 5 13 11
11 8 13 11
11 9 13 11
11 4 18 9
13 4 18 9
