14 20
00111111111111111111
00111111111111100001
00100101000000100001
00100101000000100001
00100101011110100001
00100101010010100001
00111111111111110001
00100111111111111111
00111111111111110000
00100001011010010000
00111111111111110000
00111111010010100000
00001111111111100000
00000000011110000000
121
1 3 7 6
1 3 7 8
1 3 7 15
1 6 7 8
1 6 7 15
1 8 7 15
1 6 8 8
1 6 8 15
1 6 8 20
1 8 8 15
1 8 8 20
1 15 8 20
1 3 9 6
1 3 9 8
1 3 9 15
1 6 9 8
1 6 9 15
1 8 9 15
1 3 11 8
1 3 12 8
2 3 7 6
2 3 7 8
2 3 7 15
2 6 7 8
2 6 7 15
2 8 7 15
2 6 8 8
2 6 8 15
2 8 8 15
2 3 9 6
2 3 9 8
2 3 9 15
2 6 9 8
2 6 9 15
2 8 9 15
2 3 11 8
2 3 12 8
5 10 7 13
5 10 8 13
5 10 9 13
5 10 11 13
5 10 13 13
5 10 14 13
7 3 9 6
7 3 9 7
7 3 9 8
7 3 9 9
7 3 9 10
7 3 9 11
7 3 9 12
7 3 9 13
7 3 9 14
7 3 9 15
7 3 9 16
7 3 11 8
7 3 11 10
7 3 11 11
7 3 11 13
7 3 11 16
7 8 11 10
7 8 11 11
7 8 11 13
7 8 11 16
7 10 11 13
7 10 11 16
7 11 11 13
7 11 11 16
7 13 11 16
7 3 12 8
7 8 13 10
7 8 13 13
7 10 13 13
7 10 14 13
8 8 11 10
8 8 11 11
8 8 11 13
8 8 11 16
8 10 11 13
8 10 11 16
8 11 11 13
8 11 11 16
8 13 11 16
8 8 13 10
8 8 13 13
8 10 13 13
8 10 14 13
9 3 11 8
9 3 11 10
9 3 11 11
9 3 11 13
9 3 11 16
9 8 11 10
9 8 11 11
9 8 11 13
9 8 11 16
9 10 11 13
9 10 11 16
9 11 11 13
9 11 11 16
9 13 11 16
9 3 12 8
9 8 13 10
9 8 13 13
9 10 13 13
9 10 14 13
11 5 13 10
11 5 13 13
11 5 13 15
11 6 13 10
11 6 13 13
11 6 13 15
11 7 13 10
11 7 13 13
11 7 13 15
11 8 13 10
11 8 13 13
11 8 13 15
11 10 13 13
11 10 13 15
11 13 13 15
11 10 14 13
