22 22
0000000000000000000000
0000000000001111110000
1111111100001000010000
1000000100001011110000
1000000100001111111111
1111111100001110110001
1100000100001110110001
1100000100001110110001
1100000100001110110001
1100000100001110110001
1100000100001111110001
1100000100001010110001
1100000100001010110001
1111111100001010111101
1000000100111111111111
1000000100101010110101
1000000100101010110101
1000000100101010111101
1000000100101010110001
1111111100101111111111
0000000000101000110001
0000000000111111111111
96
2 13 5 18
2 13 11 18
2 13 15 18
2 13 20 18
2 13 22 18
3 1 6 8
3 1 14 8
3 1 20 8
4 15 11 17
4 15 11 18
4 15 15 17
4 15 15 18
4 15 20 17
4 15 20 18
5 13 11 17
5 13 11 18
5 14 11 17
5 14 11 18
5 15 11 17
5 15 11 18
5 13 15 15
5 13 15 17
5 13 15 18
5 13 15 22
5 15 15 17
5 15 15 18
5 15 15 22
5 17 15 22
5 18 15 22
5 13 20 15
5 13 20 17
5 13 20 18
5 13 20 22
5 15 20 17
5 15 20 18
5 15 20 22
5 17 20 22
5 18 20 22
5 13 22 17
5 13 22 18
5 13 22 22
5 17 22 22
5 18 22 22
6 1 14 8
6 2 14 8
6 13 15 15
6 1 20 8
6 13 20 15
7 13 15 15
7 13 20 15
8 13 15 15
8 13 20 15
9 13 15 15
9 13 20 15
10 13 15 15
10 13 20 15
11 13 15 15
11 13 15 17
11 13 15 18
11 15 15 17
11 15 15 18
11 13 20 15
11 13 20 17
11 13 20 18
11 15 20 17
11 15 20 18
11 13 22 17
11 13 22 18
14 17 18 20
14 18 18 20
14 1 20 8
15 17 18 20
15 18 18 20
15 13 20 15
15 13 20 17
15 13 20 18
15 13 20 22
15 15 20 17
15 15 20 18
15 15 20 22
15 17 20 22
15 18 20 22
15 11 22 13
15 11 22 17
15 11 22 18
15 11 22 22
15 13 22 17
15 13 22 18
15 13 22 22
15 17 22 22
15 18 22 22
20 13 22 17
20 13 22 18
20 13 22 22
20 17 22 22
20 18 22 22
