20 20
00000000000000000000
00000011111111111110
00111111111110000010
00100010000110000010
00100010000110000010
00111111111111111110
01111111100110000000
01100100100110000000
01100100100110000000
01100100100110000000
01100100100110000000
01100100100110000000
01111111111110000000
01100100100100000000
01111111111100000000
01111111111111000000
00100000000001000000
00100000000001000000
00111111111111000000
00000000000000000000
70
2 7 6 12
2 7 6 13
2 7 6 19
2 12 6 19
2 13 6 19
3 3 6 7
3 3 6 12
3 3 6 13
3 7 6 12
3 7 6 13
3 3 7 7
3 3 13 12
3 3 13 13
3 3 15 12
3 3 16 12
6 3 13 6
6 3 13 9
6 3 13 12
6 3 13 13
6 6 13 9
6 6 13 12
6 6 13 13
6 9 13 12
6 9 13 13
6 3 15 6
6 3 15 9
6 3 15 12
6 6 15 9
6 6 15 12
6 9 15 12
6 3 16 6
6 3 16 9
6 3 16 12
6 6 16 9
6 6 16 12
6 9 16 12
7 2 13 6
7 2 13 9
7 3 13 6
7 3 13 9
7 6 13 9
7 2 15 6
7 2 15 9
7 3 15 6
7 3 15 9
7 6 15 9
7 2 16 6
7 2 16 9
7 3 16 6
7 3 16 9
7 6 16 9
13 2 15 6
13 2 15 9
13 2 15 12
13 3 15 6
13 3 15 9
13 3 15 12
13 6 15 9
13 6 15 12
13 9 15 12
13 2 16 6
13 2 16 9
13 2 16 12
13 3 16 6
13 3 16 9
13 3 16 12
13 6 16 9
13 6 16 12
13 9 16 12
16 3 19 14
