20 16
0000000000000000
0000001111111110
0000001000000010
0111111000000010
0100001000000010
1111111111111110
1100001000001110
1111111111101110
1100001000101110
1111111000101110
1000001000101110
1000001000101110
1000001111111110
1000000000101100
1000000000101100
1111111111111100
1111111111111110
1000000000000010
1111111111111110
0000000000000000
26
2 7 6 15
2 7 13 15
4 2 6 7
4 2 8 7
4 2 10 7
6 1 8 7
6 2 8 7
6 1 10 7
6 2 10 7
6 7 13 13
6 7 13 14
6 7 13 15
6 1 16 13
6 1 16 14
6 1 17 13
6 1 17 14
8 1 10 7
8 2 10 7
8 7 13 11
8 1 16 11
8 1 17 11
13 11 16 13
13 11 16 14
13 11 17 13
13 11 17 14
17 1 19 15
