12 25
0111111111111111111111000
0100010000111111111111000
0100010000100000010011000
0111111111111111111111000
0000010000000000011111000
0000010000000000011001000
0000010000000111011111000
0000010000000101010000000
0111010000000101010000000
0101010000000101010000000
0111011111111111110000000
0000000000000000000000000
33
1 2 4 6
1 2 4 11
1 2 4 18
1 2 4 21
1 2 4 22
1 6 4 11
1 6 4 18
1 6 4 21
1 6 4 22
1 11 4 18
1 11 4 21
1 11 4 22
1 18 4 21
1 18 4 22
1 18 5 21
1 18 5 22
1 18 7 22
1 6 11 18
2 11 4 18
2 11 4 21
2 11 4 22
2 18 4 21
2 18 4 22
2 18 5 21
2 18 5 22
2 18 7 22
4 18 7 22
4 19 7 22
4 6 11 18
5 18 7 22
5 19 7 22
7 14 11 16
9 2 11 4
