19 19
0000000000000000000
0001111110000000000
0001101011111111111
0001111111111000001
0001111011101000001
0001101011101000001
0001101011101000001
0001101011101000001
0001101011101000001
1111111111111111111
1001101010111010000
1001101010110010000
1001101010110010000
1001111111110010000
1001111111100010000
1001101000000010000
1001111000000010000
1111111111111110000
0000000000000000000
137
2 4 4 7
2 4 4 9
2 5 4 7
2 5 4 9
2 7 4 9
2 4 5 7
2 5 5 7
2 4 10 7
2 4 10 9
2 5 10 7
2 5 10 9
2 7 10 9
2 4 14 7
2 4 14 9
2 5 14 7
2 5 14 9
2 7 14 9
2 4 15 7
2 4 15 9
2 5 15 7
2 5 15 9
2 7 15 9
2 4 17 7
2 5 17 7
2 4 18 7
2 5 18 7
3 9 10 13
3 9 10 19
3 10 10 13
3 10 10 19
3 11 10 13
3 11 10 19
3 13 10 19
3 11 11 13
3 9 14 11
3 9 15 11
4 4 10 7
4 4 10 9
4 4 10 10
4 4 10 11
4 4 10 13
4 5 10 7
4 5 10 9
4 5 10 10
4 5 10 11
4 5 10 13
4 7 10 9
4 7 10 10
4 7 10 11
4 7 10 13
4 9 10 13
4 10 10 13
4 11 10 13
4 11 11 13
4 4 14 7
4 4 14 9
4 4 14 11
4 5 14 7
4 5 14 9
4 5 14 11
4 7 14 9
4 7 14 11
4 9 14 11
4 4 15 7
4 4 15 9
4 4 15 11
4 5 15 7
4 5 15 9
4 5 15 11
4 7 15 9
4 7 15 11
4 9 15 11
4 4 17 7
4 5 17 7
4 4 18 7
4 5 18 7
5 4 10 7
5 5 10 7
5 4 14 7
5 5 14 7
5 9 14 11
5 4 15 7
5 5 15 7
5 9 15 11
5 4 17 7
5 5 17 7
5 4 18 7
5 5 18 7
6 9 14 11
6 9 15 11
7 9 14 11
7 9 15 11
8 9 14 11
8 9 15 11
9 9 14 11
9 9 15 11
10 4 14 7
10 4 14 9
10 4 14 11
10 4 14 12
10 5 14 7
10 5 14 9
10 5 14 11
10 5 14 12
10 7 14 9
10 7 14 11
10 7 14 12
10 9 14 11
10 9 14 12
10 4 15 7
10 4 15 9
10 4 15 11
10 5 15 7
10 5 15 9
10 5 15 11
10 7 15 9
10 7 15 11
10 9 15 11
10 4 17 7
10 5 17 7
10 1 18 4
10 1 18 5
10 1 18 7
10 1 18 15
10 4 18 7
10 4 18 15
10 5 18 7
10 5 18 15
10 7 18 15
14 4 17 7
14 5 17 7
14 4 18 7
14 5 18 7
15 4 17 7
15 5 17 7
15 4 18 7
15 5 18 7
