15 25
0000000000000000000000000
1111111111111111000000000
1000000000000001000000000
1000000000000001000000000
1011111111111111111110000
1010000000000001000010000
1010000000000001000010000
1010000000000001000010000
1010000000000001000010000
1010000000000001000010000
1010000000000001000010000
1111111111111111111110000
1110000000000001000110000
1111111111111111111110000
1111111111111111000000000
24
2 1 12 16
2 1 14 16
2 1 15 16
5 3 12 16
5 3 12 21
5 16 12 21
5 3 14 16
5 3 14 21
5 16 14 21
5 3 15 16
12 1 14 16
12 1 14 20
12 1 14 21
12 2 14 16
12 2 14 20
12 2 14 21
12 3 14 16
12 3 14 20
12 3 14 21
12 16 14 20
12 16 14 21
12 1 15 16
12 2 15 16
12 3 15 16
