11 13
0011111111111
1111111111111
1011111111111
1010100100111
1011111111111
1111111111110
0010000000100
0010000000100
0010111000100
0010101000100
0011111111100
74
1 3 5 5
1 3 5 8
1 3 5 11
1 3 5 12
1 3 5 13
1 5 5 8
1 5 5 11
1 5 5 12
1 5 5 13
1 8 5 11
1 8 5 12
1 8 5 13
1 3 6 5
1 3 6 8
1 3 6 11
1 3 6 12
1 5 6 8
1 5 6 11
1 5 6 12
1 8 6 11
1 8 6 12
1 3 11 11
2 3 5 5
2 3 5 8
2 3 5 11
2 3 5 12
2 3 5 13
2 5 5 8
2 5 5 11
2 5 5 12
2 5 5 13
2 8 5 11
2 8 5 12
2 8 5 13
2 1 6 3
2 1 6 5
2 1 6 8
2 1 6 11
2 1 6 12
2 3 6 5
2 3 6 8
2 3 6 11
2 3 6 12
2 5 6 8
2 5 6 11
2 5 6 12
2 8 6 11
2 8 6 12
2 3 11 11
3 3 5 5
3 3 5 8
3 3 5 11
3 3 5 12
3 3 5 13
3 5 5 8
3 5 5 11
3 5 5 12
3 5 5 13
3 8 5 11
3 8 5 12
3 8 5 13
3 3 6 5
3 3 6 8
3 3 6 11
3 3 6 12
3 5 6 8
3 5 6 11
3 5 6 12
3 8 6 11
3 8 6 12
3 3 11 11
5 3 11 11
6 3 11 11
9 5 11 7
