25 13
0000000000000
1110000000000
1010011111111
1111111111101
1111111111101
1111011001101
1111011001101
1111011001101
1111111001101
1111111111101
1111111001101
1111111001101
1111111001101
1111111111101
1110111111111
1111111111100
1110010001100
1110010001100
1111111111100
1111111111100
1110010000100
1111111111100
0010000000100
0011111111100
0000000000000
534
2 1 4 3
2 1 5 3
2 1 6 3
2 1 7 3
2 1 8 3
2 1 9 3
2 1 10 3
2 1 11 3
2 1 12 3
2 1 13 3
2 1 14 3
2 1 15 3
2 1 16 3
2 1 17 3
2 1 18 3
2 1 19 3
2 1 20 3
2 1 21 3
2 1 22 3
3 6 10 10
3 6 10 11
3 7 10 10
3 7 10 11
3 6 14 10
3 6 14 11
3 7 14 10
3 7 14 11
3 6 15 10
3 6 15 11
3 6 15 13
3 7 15 10
3 7 15 11
3 7 15 13
3 10 15 13
3 11 15 13
3 6 16 10
3 6 16 11
3 7 16 10
3 7 16 11
3 6 19 10
3 6 19 11
3 6 20 10
3 6 20 11
3 6 22 11
4 1 9 6
4 1 9 7
4 2 9 6
4 2 9 7
4 3 9 6
4 3 9 7
4 4 9 6
4 4 9 7
4 1 10 6
4 1 10 7
4 1 10 10
4 1 10 11
4 2 10 6
4 2 10 7
4 2 10 10
4 2 10 11
4 3 10 6
4 3 10 7
4 3 10 10
4 3 10 11
4 4 10 6
4 4 10 7
4 4 10 10
4 4 10 11
4 6 10 10
4 6 10 11
4 7 10 10
4 7 10 11
4 1 11 6
4 1 11 7
4 2 11 6
4 2 11 7
4 3 11 6
4 3 11 7
4 4 11 6
4 4 11 7
4 1 12 6
4 1 12 7
4 2 12 6
4 2 12 7
4 3 12 6
4 3 12 7
4 4 12 6
4 4 12 7
4 1 13 6
4 1 13 7
4 2 13 6
4 2 13 7
4 3 13 6
4 3 13 7
4 4 13 6
4 4 13 7
4 1 14 6
4 1 14 7
4 1 14 10
4 1 14 11
4 2 14 6
4 2 14 7
4 2 14 10
4 2 14 11
4 3 14 6
4 3 14 7
4 3 14 10
4 3 14 11
4 4 14 6
4 4 14 7
4 4 14 10
4 4 14 11
4 6 14 10
4 6 14 11
4 7 14 10
4 7 14 11
4 6 15 10
4 6 15 11
4 7 15 10
4 7 15 11
4 1 16 6
4 1 16 7
4 1 16 10
4 1 16 11
4 2 16 6
4 2 16 7
4 2 16 10
4 2 16 11
4 3 16 6
4 3 16 7
4 3 16 10
4 3 16 11
4 6 16 10
4 6 16 11
4 7 16 10
4 7 16 11
4 1 19 6
4 1 19 10
4 1 19 11
4 2 19 6
4 2 19 10
4 2 19 11
4 3 19 6
4 3 19 10
4 3 19 11
4 6 19 10
4 6 19 11
4 1 20 6
4 1 20 10
4 1 20 11
4 2 20 6
4 2 20 10
4 2 20 11
4 3 20 6
4 3 20 10
4 3 20 11
4 6 20 10
4 6 20 11
4 1 22 6
4 1 22 11
4 2 22 6
4 2 22 11
4 3 22 6
4 3 22 11
4 6 22 11
4 3 24 11
5 1 9 6
5 1 9 7
5 2 9 6
5 2 9 7
5 3 9 6
5 3 9 7
5 4 9 6
5 4 9 7
5 1 10 6
5 1 10 7
5 1 10 10
5 1 10 11
5 2 10 6
5 2 10 7
5 2 10 10
5 2 10 11
5 3 10 6
5 3 10 7
5 3 10 10
5 3 10 11
5 4 10 6
5 4 10 7
5 4 10 10
5 4 10 11
5 6 10 10
5 6 10 11
5 7 10 10
5 7 10 11
5 1 11 6
5 1 11 7
5 2 11 6
5 2 11 7
5 3 11 6
5 3 11 7
5 4 11 6
5 4 11 7
5 1 12 6
5 1 12 7
5 2 12 6
5 2 12 7
5 3 12 6
5 3 12 7
5 4 12 6
5 4 12 7
5 1 13 6
5 1 13 7
5 2 13 6
5 2 13 7
5 3 13 6
5 3 13 7
5 4 13 6
5 4 13 7
5 1 14 6
5 1 14 7
5 1 14 10
5 1 14 11
5 2 14 6
5 2 14 7
5 2 14 10
5 2 14 11
5 3 14 6
5 3 14 7
5 3 14 10
5 3 14 11
5 4 14 6
5 4 14 7
5 4 14 10
5 4 14 11
5 6 14 10
5 6 14 11
5 7 14 10
5 7 14 11
5 6 15 10
5 6 15 11
5 7 15 10
5 7 15 11
5 1 16 6
5 1 16 7
5 1 16 10
5 1 16 11
5 2 16 6
5 2 16 7
5 2 16 10
5 2 16 11
5 3 16 6
5 3 16 7
5 3 16 10
5 3 16 11
5 6 16 10
5 6 16 11
5 7 16 10
5 7 16 11
5 1 19 6
5 1 19 10
5 1 19 11
5 2 19 6
5 2 19 10
5 2 19 11
5 3 19 6
5 3 19 10
5 3 19 11
5 6 19 10
5 6 19 11
5 1 20 6
5 1 20 10
5 1 20 11
5 2 20 6
5 2 20 10
5 2 20 11
5 3 20 6
5 3 20 10
5 3 20 11
5 6 20 10
5 6 20 11
5 1 22 6
5 1 22 11
5 2 22 6
5 2 22 11
5 3 22 6
5 3 22 11
5 6 22 11
5 3 24 11
9 1 16 5
9 1 16 6
9 1 16 7
9 2 16 5
9 2 16 6
9 2 16 7
9 3 16 5
9 3 16 6
9 3 16 7
9 1 19 6
9 2 19 6
9 3 19 6
9 1 20 6
9 2 20 6
9 3 20 6
9 1 22 6
9 2 22 6
9 3 22 6
10 1 14 10
10 1 14 11
10 2 14 10
10 2 14 11
10 3 14 10
10 3 14 11
10 4 14 10
10 4 14 11
10 5 14 10
10 5 14 11
10 6 14 10
10 6 14 11
10 7 14 10
10 7 14 11
10 5 15 10
10 5 15 11
10 6 15 10
10 6 15 11
10 7 15 10
10 7 15 11
10 1 16 5
10 1 16 6
10 1 16 7
10 1 16 10
10 1 16 11
10 2 16 5
10 2 16 6
10 2 16 7
10 2 16 10
10 2 16 11
10 3 16 5
10 3 16 6
10 3 16 7
10 3 16 10
10 3 16 11
10 5 16 10
10 5 16 11
10 6 16 10
10 6 16 11
10 7 16 10
10 7 16 11
10 1 19 6
10 1 19 10
10 1 19 11
10 2 19 6
10 2 19 10
10 2 19 11
10 3 19 6
10 3 19 10
10 3 19 11
10 6 19 10
10 6 19 11
10 1 20 6
10 1 20 10
10 1 20 11
10 2 20 6
10 2 20 10
10 2 20 11
10 3 20 6
10 3 20 10
10 3 20 11
10 6 20 10
10 6 20 11
10 1 22 6
10 1 22 11
10 2 22 6
10 2 22 11
10 3 22 6
10 3 22 11
10 6 22 11
10 3 24 11
11 1 16 5
11 1 16 6
11 1 16 7
11 2 16 5
11 2 16 6
11 2 16 7
11 3 16 5
11 3 16 6
11 3 16 7
11 1 19 6
11 2 19 6
11 3 19 6
11 1 20 6
11 2 20 6
11 3 20 6
11 1 22 6
11 2 22 6
11 3 22 6
12 1 16 5
12 1 16 6
12 1 16 7
12 2 16 5
12 2 16 6
12 2 16 7
12 3 16 5
12 3 16 6
12 3 16 7
12 1 19 6
12 2 19 6
12 3 19 6
12 1 20 6
12 2 20 6
12 3 20 6
12 1 22 6
12 2 22 6
12 3 22 6
13 1 16 5
13 1 16 6
13 1 16 7
13 2 16 5
13 2 16 6
13 2 16 7
13 3 16 5
13 3 16 6
13 3 16 7
13 1 19 6
13 2 19 6
13 3 19 6
13 1 20 6
13 2 20 6
13 3 20 6
13 1 22 6
13 2 22 6
13 3 22 6
14 1 16 5
14 1 16 6
14 1 16 7
14 1 16 8
14 1 16 9
14 1 16 10
14 1 16 11
14 2 16 5
14 2 16 6
14 2 16 7
14 2 16 8
14 2 16 9
14 2 16 10
14 2 16 11
14 3 16 5
14 3 16 6
14 3 16 7
14 3 16 8
14 3 16 9
14 3 16 10
14 3 16 11
14 1 19 6
14 1 19 10
14 1 19 11
14 2 19 6
14 2 19 10
14 2 19 11
14 3 19 6
14 3 19 10
14 3 19 11
14 6 19 10
14 6 19 11
14 1 20 6
14 1 20 10
14 1 20 11
14 2 20 6
14 2 20 10
14 2 20 11
14 3 20 6
14 3 20 10
14 3 20 11
14 6 20 10
14 6 20 11
14 1 22 6
14 1 22 11
14 2 22 6
14 2 22 11
14 3 22 6
14 3 22 11
14 6 22 11
14 3 24 11
15 6 19 10
15 6 19 11
15 6 20 10
15 6 20 11
15 6 22 11
16 1 19 6
16 1 19 10
16 1 19 11
16 2 19 6
16 2 19 10
16 2 19 11
16 3 19 6
16 3 19 10
16 3 19 11
16 6 19 10
16 6 19 11
16 1 20 6
16 1 20 10
16 1 20 11
16 2 20 6
16 2 20 10
16 2 20 11
16 3 20 6
16 3 20 10
16 3 20 11
16 6 20 10
16 6 20 11
16 1 22 6
16 1 22 11
16 2 22 6
16 2 22 11
16 3 22 6
16 3 22 11
16 6 22 11
16 3 24 11
19 1 22 6
19 1 22 11
19 2 22 6
19 2 22 11
19 3 22 6
19 3 22 11
19 6 22 11
19 3 24 11
20 1 22 6
20 1 22 11
20 2 22 6
20 2 22 11
20 3 22 6
20 3 22 11
20 6 22 11
20 3 24 11
22 3 24 11
