21 22
0000000000000011111110
0000000000000010000010
0000000000000010000010
0000000000111010000010
0000000000101010000010
0000000000101010000010
0000000000101111100010
0011111111111110100010
0010000000111111100010
0111111111111010000010
0110000001111010000010
0111111111111010000010
0010000000111010000010
0010000000111010000010
0111111111111010000010
0100000010101011111110
0111111110101000000000
0000000000101000000000
0000000000111000000000
0000000000000000000000
0000000000000000000000
45
1 15 16 21
4 11 8 13
4 11 9 13
4 11 10 13
4 11 11 13
4 11 12 13
4 11 13 13
4 11 14 13
4 11 15 13
4 11 19 13
7 13 9 17
7 14 9 17
7 15 9 17
8 3 10 11
8 3 10 12
8 3 10 13
8 3 12 11
8 3 12 12
8 3 12 13
8 3 15 11
8 3 15 12
8 3 15 13
8 11 19 13
9 11 19 13
10 2 12 10
10 2 12 11
10 2 12 12
10 2 12 13
10 3 12 10
10 3 12 11
10 3 12 12
10 3 12 13
10 3 15 11
10 3 15 12
10 3 15 13
10 11 19 13
11 11 19 13
12 3 15 11
12 3 15 12
12 3 15 13
12 11 19 13
13 11 19 13
14 11 19 13
15 2 17 9
15 11 19 13
