23 24
000000111111111110000000
000111110000000010000000
000100110000000010000000
000101111111100010000000
000101110000100010000000
000101110000100010000000
000111110000100010000000
000001100000100010000000
000001100000100010000000
000001100000100010000000
000001100000100010000000
000001111111110010000000
000001111111111110000000
000001111100110000000000
000001100100110000001110
000001100100110000001010
000001100100110000001010
000001100100110000001110
000001100100110000000000
000001111100110000000000
000001000000110000000000
000001000000110000000000
000001111111110000000000
19
1 7 13 17
2 4 7 7
2 4 7 8
4 6 12 13
4 7 12 13
4 6 13 13
4 7 13 13
4 6 23 13
12 6 20 10
12 7 20 10
12 6 23 13
12 6 23 14
13 6 20 10
13 7 20 10
13 6 23 13
13 6 23 14
14 6 20 10
14 7 20 10
15 21 18 23
