10 10
0111110000
0111110000
0101110000
0111111000
0101111000
0101011000
0111111110
0111110110
0111111110
0111111110
73
1 2 4 4
1 2 4 5
1 2 4 6
1 2 7 4
1 2 7 6
1 4 7 6
1 2 8 4
1 2 8 6
1 4 8 6
1 2 9 4
1 2 9 6
1 4 9 6
1 2 10 4
1 2 10 6
1 4 10 6
2 2 4 4
2 2 4 5
2 2 4 6
2 2 7 4
2 2 7 6
2 4 7 6
2 2 8 4
2 2 8 6
2 4 8 6
2 2 9 4
2 2 9 6
2 4 9 6
2 2 10 4
2 2 10 6
2 4 10 6
3 4 7 6
3 4 8 6
3 4 9 6
3 4 10 6
4 2 7 4
4 2 7 6
4 2 7 7
4 4 7 6
4 4 7 7
4 2 8 4
4 2 8 6
4 4 8 6
4 2 9 4
4 2 9 6
4 4 9 6
4 2 10 4
4 2 10 6
4 4 10 6
5 4 7 6
5 4 7 7
5 4 8 6
5 4 9 6
5 4 10 6
7 2 9 8
7 2 9 9
7 3 9 8
7 3 9 9
7 4 9 8
7 4 9 9
7 5 9 8
7 5 9 9
7 6 9 8
7 6 9 9
7 2 10 8
7 2 10 9
7 3 10 8
7 3 10 9
7 4 10 8
7 4 10 9
7 5 10 8
7 5 10 9
7 6 10 8
7 6 10 9
