22 15
000111111111111
000100100001001
111111111101001
110100111111111
110100100101011
111111111101011
010110100001011
010110100001011
010110100001011
010110100001011
010110100001011
010110100001011
010110100001011
011111111111111
011110111111111
011110100001011
011110100001011
011110100001011
011111111111111
010100100001010
011100111111110
000111111111000
133
1 4 3 7
1 7 4 12
1 7 4 15
1 12 4 15
1 4 6 7
1 4 14 7
1 4 14 12
1 4 14 15
1 7 14 12
1 7 14 15
1 12 14 15
1 7 15 12
1 7 15 15
1 12 15 15
1 4 19 7
1 4 19 12
1 4 19 15
1 7 19 12
1 7 19 15
1 12 19 15
1 7 21 12
1 4 22 7
1 4 22 12
1 7 22 12
3 1 6 4
3 1 6 7
3 1 6 10
3 2 6 4
3 2 6 7
3 2 6 10
3 4 6 7
3 4 6 10
3 7 6 10
3 2 14 4
3 2 14 7
3 4 14 7
3 2 15 4
3 2 16 4
3 2 17 4
3 2 18 4
3 2 19 4
3 2 19 7
3 4 19 7
3 2 21 4
3 4 22 7
4 7 6 10
4 7 14 12
4 7 14 14
4 7 14 15
4 12 14 14
4 12 14 15
4 7 15 12
4 7 15 14
4 7 15 15
4 12 15 14
4 12 15 15
4 7 19 12
4 7 19 14
4 7 19 15
4 12 19 14
4 12 19 15
4 7 21 12
4 7 21 14
4 12 21 14
4 7 22 12
6 2 14 4
6 2 14 5
6 2 14 7
6 4 14 7
6 5 14 7
6 2 15 4
6 2 15 5
6 2 16 4
6 2 16 5
6 2 17 4
6 2 17 5
6 2 18 4
6 2 18 5
6 2 19 4
6 2 19 5
6 2 19 7
6 4 19 7
6 5 19 7
6 2 21 4
6 4 22 7
14 2 19 7
14 2 19 12
14 2 19 14
14 2 19 15
14 3 19 7
14 3 19 12
14 3 19 14
14 3 19 15
14 4 19 7
14 4 19 12
14 4 19 14
14 4 19 15
14 5 19 7
14 5 19 12
14 5 19 14
14 5 19 15
14 7 19 12
14 7 19 14
14 7 19 15
14 12 19 14
14 12 19 15
14 2 21 4
14 7 21 12
14 7 21 14
14 12 21 14
14 4 22 7
14 4 22 12
14 7 22 12
15 7 19 12
15 7 19 14
15 7 19 15
15 12 19 14
15 12 19 15
15 2 21 4
15 7 21 12
15 7 21 14
15 12 21 14
15 7 22 12
16 2 21 4
17 2 21 4
18 2 21 4
19 2 21 4
19 7 21 12
19 7 21 14
19 12 21 14
19 4 22 7
19 4 22 12
19 7 22 12
