12 12
111111111111
111111111111
111111111111
111111111111
111111111101
111111111111
111111111111
111111111111
111111111111
111111111111
111111111111
011111111111
276
1 1 6 12
1 2 6 12
1 3 6 12
1 4 6 12
1 5 6 12
1 6 6 12
1 7 6 12
1 8 6 12
1 9 6 12
1 10 6 12
1 1 7 12
1 2 7 12
1 3 7 12
1 4 7 12
1 5 7 12
1 6 7 12
1 7 7 12
1 8 7 12
1 9 7 12
1 10 7 12
1 1 8 12
1 2 8 12
1 3 8 12
1 4 8 12
1 5 8 12
1 6 8 12
1 7 8 12
1 8 8 12
1 9 8 12
1 10 8 12
1 1 9 12
1 2 9 12
1 3 9 12
1 4 9 12
1 5 9 12
1 6 9 12
1 7 9 12
1 8 9 12
1 9 9 12
1 10 9 12
1 1 10 12
1 2 10 12
1 3 10 12
1 4 10 12
1 5 10 12
1 6 10 12
1 7 10 12
1 8 10 12
1 9 10 12
1 10 10 12
1 1 11 12
1 2 11 12
1 3 11 12
1 4 11 12
1 5 11 12
1 6 11 12
1 7 11 12
1 8 11 12
1 9 11 12
1 10 11 12
1 2 12 12
1 3 12 12
1 4 12 12
1 5 12 12
1 6 12 12
1 7 12 12
1 8 12 12
1 9 12 12
1 10 12 12
2 1 6 12
2 2 6 12
2 3 6 12
2 4 6 12
2 5 6 12
2 6 6 12
2 7 6 12
2 8 6 12
2 9 6 12
2 10 6 12
2 1 7 12
2 2 7 12
2 3 7 12
2 4 7 12
2 5 7 12
2 6 7 12
2 7 7 12
2 8 7 12
2 9 7 12
2 10 7 12
2 1 8 12
2 2 8 12
2 3 8 12
2 4 8 12
2 5 8 12
2 6 8 12
2 7 8 12
2 8 8 12
2 9 8 12
2 10 8 12
2 1 9 12
2 2 9 12
2 3 9 12
2 4 9 12
2 5 9 12
2 6 9 12
2 7 9 12
2 8 9 12
2 9 9 12
2 10 9 12
2 1 10 12
2 2 10 12
2 3 10 12
2 4 10 12
2 5 10 12
2 6 10 12
2 7 10 12
2 8 10 12
2 9 10 12
2 10 10 12
2 1 11 12
2 2 11 12
2 3 11 12
2 4 11 12
2 5 11 12
2 6 11 12
2 7 11 12
2 8 11 12
2 9 11 12
2 10 11 12
2 2 12 12
2 3 12 12
2 4 12 12
2 5 12 12
2 6 12 12
2 7 12 12
2 8 12 12
2 9 12 12
2 10 12 12
3 1 6 12
3 2 6 12
3 3 6 12
3 4 6 12
3 5 6 12
3 6 6 12
3 7 6 12
3 8 6 12
3 9 6 12
3 10 6 12
3 1 7 12
3 2 7 12
3 3 7 12
3 4 7 12
3 5 7 12
3 6 7 12
3 7 7 12
3 8 7 12
3 9 7 12
3 10 7 12
3 1 8 12
3 2 8 12
3 3 8 12
3 4 8 12
3 5 8 12
3 6 8 12
3 7 8 12
3 8 8 12
3 9 8 12
3 10 8 12
3 1 9 12
3 2 9 12
3 3 9 12
3 4 9 12
3 5 9 12
3 6 9 12
3 7 9 12
3 8 9 12
3 9 9 12
3 10 9 12
3 1 10 12
3 2 10 12
3 3 10 12
3 4 10 12
3 5 10 12
3 6 10 12
3 7 10 12
3 8 10 12
3 9 10 12
3 10 10 12
3 1 11 12
3 2 11 12
3 3 11 12
3 4 11 12
3 5 11 12
3 6 11 12
3 7 11 12
3 8 11 12
3 9 11 12
3 10 11 12
3 2 12 12
3 3 12 12
3 4 12 12
3 5 12 12
3 6 12 12
3 7 12 12
3 8 12 12
3 9 12 12
3 10 12 12
4 1 6 12
4 2 6 12
4 3 6 12
4 4 6 12
4 5 6 12
4 6 6 12
4 7 6 12
4 8 6 12
4 9 6 12
4 10 6 12
4 1 7 12
4 2 7 12
4 3 7 12
4 4 7 12
4 5 7 12
4 6 7 12
4 7 7 12
4 8 7 12
4 9 7 12
4 10 7 12
4 1 8 12
4 2 8 12
4 3 8 12
4 4 8 12
4 5 8 12
4 6 8 12
4 7 8 12
4 8 8 12
4 9 8 12
4 10 8 12
4 1 9 12
4 2 9 12
4 3 9 12
4 4 9 12
4 5 9 12
4 6 9 12
4 7 9 12
4 8 9 12
4 9 9 12
4 10 9 12
4 1 10 12
4 2 10 12
4 3 10 12
4 4 10 12
4 5 10 12
4 6 10 12
4 7 10 12
4 8 10 12
4 9 10 12
4 10 10 12
4 1 11 12
4 2 11 12
4 3 11 12
4 4 11 12
4 5 11 12
4 6 11 12
4 7 11 12
4 8 11 12
4 9 11 12
4 10 11 12
4 2 12 12
4 3 12 12
4 4 12 12
4 5 12 12
4 6 12 12
4 7 12 12
4 8 12 12
4 9 12 12
4 10 12 12
