18 11
00000001110
00000001010
11111001111
10001001111
11111111111
10111111111
10111001111
11111111111
10111001111
10111001111
11111001101
10110001111
10110001101
10110001111
10110001101
11110001101
00100001111
00111111000
111
1 8 3 10
1 8 4 10
1 8 5 10
1 8 6 10
1 8 7 10
1 8 8 10
1 8 9 10
1 8 10 10
3 1 5 5
3 1 8 5
3 1 11 5
3 8 12 11
3 9 12 11
3 8 14 11
3 9 14 11
3 8 17 11
3 9 17 11
4 8 12 11
4 9 12 11
4 8 14 11
4 9 14 11
4 8 17 11
4 9 17 11
5 1 8 3
5 1 8 4
5 1 8 5
5 1 8 8
5 1 8 9
5 1 8 10
5 1 8 11
5 3 8 8
5 3 8 9
5 3 8 10
5 3 8 11
5 4 8 8
5 4 8 9
5 4 8 10
5 4 8 11
5 5 8 8
5 5 8 9
5 5 8 10
5 5 8 11
5 1 11 3
5 1 11 4
5 1 11 5
5 8 12 11
5 9 12 11
5 8 14 11
5 9 14 11
5 1 16 3
5 1 16 4
5 8 17 11
5 9 17 11
5 3 18 8
6 3 8 8
6 3 8 9
6 3 8 10
6 3 8 11
6 4 8 8
6 4 8 9
6 4 8 10
6 4 8 11
6 5 8 8
6 5 8 9
6 5 8 10
6 5 8 11
6 8 12 11
6 9 12 11
6 8 14 11
6 9 14 11
6 8 17 11
6 9 17 11
6 3 18 8
7 8 12 11
7 9 12 11
7 8 14 11
7 9 14 11
7 8 17 11
7 9 17 11
8 1 11 3
8 1 11 4
8 1 11 5
8 8 12 11
8 9 12 11
8 8 14 11
8 9 14 11
8 1 16 3
8 1 16 4
8 8 17 11
8 9 17 11
8 3 18 8
9 8 12 11
9 9 12 11
9 8 14 11
9 9 14 11
9 8 17 11
9 9 17 11
10 8 12 11
10 9 12 11
10 8 14 11
10 9 14 11
10 8 17 11
10 9 17 11
11 1 16 3
11 1 16 4
12 8 14 11
12 9 14 11
12 8 17 11
12 9 17 11
14 8 17 11
14 9 17 11
