18 25
0000000000000000000000000
0000000001111111111000000
1111111111111111111111111
1000000001000111111111111
1000001111111111111111111
1000001001010100001000001
1000001001010111001000001
1001111111111111111111111
1001001001010101001000011
1001001001011111111111111
1001111111111111111111011
1001101111111111111111111
1001100001000101001001011
1001100001000101001001011
1001111111111111111111111
1111111111111111111111111
0000000000100000000010000
0000000000111111111110000
381
2 10 5 14
2 10 5 15
2 10 5 16
2 10 5 17
2 10 5 18
2 10 5 19
2 10 8 14
2 10 8 19
2 14 8 19
2 14 10 19
2 10 11 14
2 10 11 19
2 14 11 19
2 10 12 14
2 10 12 19
2 14 12 19
2 10 15 14
2 10 15 19
2 14 15 19
2 10 16 14
2 10 16 19
2 14 16 19
3 10 5 14
3 10 5 15
3 10 5 16
3 10 5 17
3 10 5 18
3 10 5 19
3 10 5 20
3 10 5 21
3 10 5 22
3 10 5 23
3 10 5 24
3 10 5 25
3 10 8 14
3 10 8 19
3 10 8 25
3 14 8 19
3 14 8 25
3 19 8 25
3 14 10 19
3 14 10 25
3 19 10 25
3 10 11 14
3 10 11 19
3 14 11 19
3 10 12 14
3 10 12 19
3 10 12 25
3 14 12 19
3 14 12 25
3 19 12 25
3 10 15 14
3 10 15 19
3 10 15 25
3 14 15 19
3 14 15 25
3 19 15 25
3 1 16 10
3 1 16 14
3 1 16 19
3 1 16 25
3 10 16 14
3 10 16 19
3 10 16 25
3 14 16 19
3 14 16 25
3 19 16 25
4 14 8 19
4 14 8 25
4 19 8 25
4 14 10 19
4 14 10 25
4 19 10 25
4 14 11 19
4 14 12 19
4 14 12 25
4 19 12 25
4 14 15 19
4 14 15 25
4 19 15 25
4 14 16 19
4 14 16 25
4 19 16 25
5 7 8 10
5 7 8 12
5 7 8 14
5 7 8 19
5 7 8 25
5 10 8 12
5 10 8 14
5 10 8 19
5 10 8 25
5 12 8 14
5 12 8 19
5 12 8 25
5 14 8 19
5 14 8 25
5 19 8 25
5 12 10 14
5 12 10 19
5 12 10 25
5 14 10 19
5 14 10 25
5 19 10 25
5 7 11 10
5 7 11 12
5 7 11 14
5 7 11 19
5 10 11 12
5 10 11 14
5 10 11 19
5 12 11 14
5 12 11 19
5 14 11 19
5 7 12 10
5 7 12 12
5 7 12 14
5 7 12 19
5 7 12 25
5 10 12 12
5 10 12 14
5 10 12 19
5 10 12 25
5 12 12 14
5 12 12 19
5 12 12 25
5 14 12 19
5 14 12 25
5 19 12 25
5 10 15 14
5 10 15 19
5 10 15 25
5 14 15 19
5 14 15 25
5 19 15 25
5 10 16 14
5 10 16 19
5 10 16 25
5 14 16 19
5 14 16 25
5 19 16 25
7 14 10 16
7 14 11 16
7 14 12 16
7 14 15 16
7 14 16 16
8 12 10 14
8 12 10 16
8 12 10 19
8 12 10 24
8 12 10 25
8 14 10 16
8 14 10 19
8 14 10 24
8 14 10 25
8 16 10 19
8 16 10 24
8 16 10 25
8 19 10 24
8 19 10 25
8 4 11 7
8 4 11 10
8 4 11 12
8 4 11 14
8 4 11 16
8 4 11 19
8 7 11 10
8 7 11 12
8 7 11 14
8 7 11 16
8 7 11 19
8 10 11 12
8 10 11 14
8 10 11 16
8 10 11 19
8 12 11 14
8 12 11 16
8 12 11 19
8 14 11 16
8 14 11 19
8 16 11 19
8 7 12 10
8 7 12 12
8 7 12 14
8 7 12 16
8 7 12 19
8 7 12 24
8 7 12 25
8 10 12 12
8 10 12 14
8 10 12 16
8 10 12 19
8 10 12 24
8 10 12 25
8 12 12 14
8 12 12 16
8 12 12 19
8 12 12 24
8 12 12 25
8 14 12 16
8 14 12 19
8 14 12 24
8 14 12 25
8 16 12 19
8 16 12 24
8 16 12 25
8 19 12 24
8 19 12 25
8 4 15 10
8 4 15 14
8 4 15 16
8 4 15 19
8 4 15 24
8 4 15 25
8 10 15 14
8 10 15 16
8 10 15 19
8 10 15 24
8 10 15 25
8 14 15 16
8 14 15 19
8 14 15 24
8 14 15 25
8 16 15 19
8 16 15 24
8 16 15 25
8 19 15 24
8 19 15 25
8 4 16 10
8 4 16 14
8 4 16 16
8 4 16 19
8 4 16 24
8 4 16 25
8 10 16 14
8 10 16 16
8 10 16 19
8 10 16 24
8 10 16 25
8 14 16 16
8 14 16 19
8 14 16 24
8 14 16 25
8 16 16 19
8 16 16 24
8 16 16 25
8 19 16 24
8 19 16 25
10 12 12 24
10 12 12 25
10 13 12 24
10 13 12 25
10 14 12 24
10 14 12 25
10 15 12 24
10 15 12 25
10 16 12 24
10 16 12 25
10 17 12 24
10 17 12 25
10 18 12 24
10 18 12 25
10 19 12 24
10 19 12 25
10 20 12 24
10 20 12 25
10 21 12 24
10 21 12 25
10 22 12 24
10 22 12 25
10 14 15 16
10 14 15 19
10 14 15 22
10 14 15 24
10 14 15 25
10 16 15 19
10 16 15 22
10 16 15 24
10 16 15 25
10 19 15 22
10 19 15 24
10 19 15 25
10 22 15 24
10 22 15 25
10 14 16 16
10 14 16 19
10 14 16 22
10 14 16 24
10 14 16 25
10 16 16 19
10 16 16 22
10 16 16 24
10 16 16 25
10 19 16 22
10 19 16 24
10 19 16 25
10 22 16 24
10 22 16 25
11 4 15 10
11 4 15 14
11 4 15 16
11 4 15 19
11 4 15 22
11 5 15 10
11 5 15 14
11 5 15 16
11 5 15 19
11 5 15 22
11 10 15 14
11 10 15 16
11 10 15 19
11 10 15 22
11 14 15 16
11 14 15 19
11 14 15 22
11 16 15 19
11 16 15 22
11 19 15 22
11 4 16 10
11 4 16 14
11 4 16 16
11 4 16 19
11 4 16 22
11 5 16 10
11 5 16 14
11 5 16 16
11 5 16 19
11 5 16 22
11 10 16 14
11 10 16 16
11 10 16 19
11 10 16 22
11 14 16 16
11 14 16 19
11 14 16 22
11 16 16 19
11 16 16 22
11 19 16 22
12 10 15 14
12 10 15 16
12 10 15 19
12 10 15 22
12 10 15 24
12 10 15 25
12 14 15 16
12 14 15 19
12 14 15 22
12 14 15 24
12 14 15 25
12 16 15 19
12 16 15 22
12 16 15 24
12 16 15 25
12 19 15 22
12 19 15 24
12 19 15 25
12 22 15 24
12 22 15 25
12 10 16 14
12 10 16 16
12 10 16 19
12 10 16 22
12 10 16 24
12 10 16 25
12 14 16 16
12 14 16 19
12 14 16 22
12 14 16 24
12 14 16 25
12 16 16 19
12 16 16 22
12 16 16 24
12 16 16 25
12 19 16 22
12 19 16 24
12 19 16 25
12 22 16 24
12 22 16 25
15 11 18 21
16 11 18 21
