11 11
11111111111
11111111111
11111100101
11111111111
11111111111
11111111111
01111111111
01111111111
01111111111
01111111111
01111111111
188
1 1 4 9
1 1 4 11
1 2 4 9
1 2 4 11
1 3 4 9
1 3 4 11
1 4 4 9
1 4 4 11
1 5 4 9
1 5 4 11
1 6 4 9
1 6 4 11
1 9 4 11
1 1 5 9
1 1 5 11
1 2 5 9
1 2 5 11
1 3 5 9
1 3 5 11
1 4 5 9
1 4 5 11
1 5 5 9
1 5 5 11
1 6 5 9
1 6 5 11
1 9 5 11
1 1 6 9
1 1 6 11
1 2 6 9
1 2 6 11
1 3 6 9
1 3 6 11
1 4 6 9
1 4 6 11
1 5 6 9
1 5 6 11
1 6 6 9
1 6 6 11
1 9 6 11
1 2 7 9
1 2 7 11
1 3 7 9
1 3 7 11
1 4 7 9
1 4 7 11
1 5 7 9
1 5 7 11
1 6 7 9
1 6 7 11
1 9 7 11
1 2 8 9
1 2 8 11
1 3 8 9
1 3 8 11
1 4 8 9
1 4 8 11
1 5 8 9
1 5 8 11
1 6 8 9
1 6 8 11
1 9 8 11
1 2 9 9
1 2 9 11
1 3 9 9
1 3 9 11
1 4 9 9
1 4 9 11
1 5 9 9
1 5 9 11
1 6 9 9
1 6 9 11
1 9 9 11
1 2 10 9
1 2 10 11
1 3 10 9
1 3 10 11
1 4 10 9
1 4 10 11
1 5 10 9
1 5 10 11
1 6 10 9
1 6 10 11
1 9 10 11
1 2 11 9
1 2 11 11
1 3 11 9
1 3 11 11
1 4 11 9
1 4 11 11
1 5 11 9
1 5 11 11
1 6 11 9
1 6 11 11
1 9 11 11
2 1 4 9
2 1 4 11
2 2 4 9
2 2 4 11
2 3 4 9
2 3 4 11
2 4 4 9
2 4 4 11
2 5 4 9
2 5 4 11
2 6 4 9
2 6 4 11
2 9 4 11
2 1 5 9
2 1 5 11
2 2 5 9
2 2 5 11
2 3 5 9
2 3 5 11
2 4 5 9
2 4 5 11
2 5 5 9
2 5 5 11
2 6 5 9
2 6 5 11
2 9 5 11
2 1 6 9
2 1 6 11
2 2 6 9
2 2 6 11
2 3 6 9
2 3 6 11
2 4 6 9
2 4 6 11
2 5 6 9
2 5 6 11
2 6 6 9
2 6 6 11
2 9 6 11
2 2 7 9
2 2 7 11
2 3 7 9
2 3 7 11
2 4 7 9
2 4 7 11
2 5 7 9
2 5 7 11
2 6 7 9
2 6 7 11
2 9 7 11
2 2 8 9
2 2 8 11
2 3 8 9
2 3 8 11
2 4 8 9
2 4 8 11
2 5 8 9
2 5 8 11
2 6 8 9
2 6 8 11
2 9 8 11
2 2 9 9
2 2 9 11
2 3 9 9
2 3 9 11
2 4 9 9
2 4 9 11
2 5 9 9
2 5 9 11
2 6 9 9
2 6 9 11
2 9 9 11
2 2 10 9
2 2 10 11
2 3 10 9
2 3 10 11
2 4 10 9
2 4 10 11
2 5 10 9
2 5 10 11
2 6 10 9
2 6 10 11
2 9 10 11
2 2 11 9
2 2 11 11
2 3 11 9
2 3 11 11
2 4 11 9
2 4 11 11
2 5 11 9
2 5 11 11
2 6 11 9
2 6 11 11
2 9 11 11
