23 23
00011111111111111111110
00010000011000110000110
00111111111111111100110
00110000101111111111110
00111111111111111111111
11111111111111111100111
10111111111111111100111
11111111111111111100111
00000100101111110100111
00000100101111111111111
00000101111111110100111
00001111111111111111111
11111111111111111111111
10001101101111111110111
10001111111111111111111
10001101101101111110011
10111111101111111111111
10101111111111111111110
11111111111111111111110
00111111111111111100010
00001111101000110000010
00000000001111110000010
00000000000000111111110
2423
1 4 3 10
1 4 3 11
1 4 3 15
1 4 3 16
1 10 3 15
1 10 3 16
1 11 3 15
1 11 3 16
1 11 4 15
1 11 4 16
1 11 4 21
1 11 4 22
1 15 4 21
1 15 4 22
1 16 4 21
1 16 4 22
1 4 5 11
1 4 5 15
1 4 5 16
1 4 5 21
1 4 5 22
1 11 5 15
1 11 5 16
1 11 5 21
1 11 5 22
1 15 5 21
1 15 5 22
1 16 5 21
1 16 5 22
1 4 6 11
1 4 6 15
1 4 6 16
1 11 6 15
1 11 6 16
1 4 7 11
1 4 7 15
1 4 7 16
1 11 7 15
1 11 7 16
1 4 8 11
1 4 8 15
1 4 8 16
1 11 8 15
1 11 8 16
1 11 9 15
1 11 9 16
1 11 10 15
1 11 10 16
1 11 10 21
1 11 10 22
1 15 10 21
1 15 10 22
1 16 10 21
1 16 10 22
1 11 11 15
1 11 11 16
1 11 12 15
1 11 12 16
1 11 12 21
1 11 12 22
1 15 12 21
1 15 12 22
1 16 12 21
1 16 12 22
1 11 13 15
1 11 13 16
1 11 13 21
1 11 13 22
1 15 13 21
1 15 13 22
1 16 13 21
1 16 13 22
1 11 14 15
1 11 14 16
1 11 15 15
1 11 15 16
1 11 15 21
1 11 15 22
1 15 15 21
1 15 15 22
1 16 15 21
1 16 15 22
1 11 17 15
1 11 17 16
1 11 17 22
1 15 17 22
1 16 17 22
1 11 18 15
1 11 18 16
1 11 18 22
1 15 18 22
1 16 18 22
1 11 19 15
1 11 19 16
1 11 19 22
1 15 19 22
1 16 19 22
1 11 20 15
1 11 20 16
1 11 22 15
1 11 22 16
1 15 23 22
1 16 23 22
3 3 5 9
3 3 5 11
3 3 5 12
3 3 5 13
3 3 5 14
3 3 5 15
3 3 5 16
3 3 5 17
3 3 5 18
3 4 5 9
3 4 5 11
3 4 5 12
3 4 5 13
3 4 5 14
3 4 5 15
3 4 5 16
3 4 5 17
3 4 5 18
3 9 5 11
3 9 5 12
3 9 5 13
3 9 5 14
3 9 5 15
3 9 5 16
3 9 5 17
3 9 5 18
3 3 6 9
3 3 6 11
3 3 6 12
3 3 6 13
3 3 6 14
3 3 6 15
3 3 6 16
3 3 6 17
3 3 6 18
3 4 6 9
3 4 6 11
3 4 6 12
3 4 6 13
3 4 6 14
3 4 6 15
3 4 6 16
3 4 6 17
3 4 6 18
3 9 6 11
3 9 6 12
3 9 6 13
3 9 6 14
3 9 6 15
3 9 6 16
3 9 6 17
3 9 6 18
3 3 7 9
3 3 7 11
3 3 7 12
3 3 7 13
3 3 7 14
3 3 7 15
3 3 7 16
3 3 7 17
3 3 7 18
3 4 7 9
3 4 7 11
3 4 7 12
3 4 7 13
3 4 7 14
3 4 7 15
3 4 7 16
3 4 7 17
3 4 7 18
3 9 7 11
3 9 7 12
3 9 7 13
3 9 7 14
3 9 7 15
3 9 7 16
3 9 7 17
3 9 7 18
3 3 8 9
3 3 8 11
3 3 8 12
3 3 8 13
3 3 8 14
3 3 8 15
3 3 8 16
3 3 8 17
3 3 8 18
3 4 8 9
3 4 8 11
3 4 8 12
3 4 8 13
3 4 8 14
3 4 8 15
3 4 8 16
3 4 8 17
3 4 8 18
3 9 8 11
3 9 8 12
3 9 8 13
3 9 8 14
3 9 8 15
3 9 8 16
3 9 8 17
3 9 8 18
3 11 10 18
3 12 10 18
3 13 10 18
3 14 10 18
3 15 10 18
3 16 10 18
3 9 11 11
3 9 11 12
3 9 11 13
3 9 11 14
3 9 11 15
3 9 11 16
3 9 12 11
3 9 12 12
3 9 12 13
3 9 12 14
3 9 12 15
3 9 12 16
3 9 12 18
3 11 12 18
3 12 12 18
3 13 12 18
3 14 12 18
3 15 12 18
3 16 12 18
3 9 13 11
3 9 13 12
3 9 13 13
3 9 13 14
3 9 13 15
3 9 13 16
3 9 13 18
3 11 13 18
3 12 13 18
3 13 13 18
3 14 13 18
3 15 13 18
3 16 13 18
3 11 14 18
3 12 14 18
3 13 14 18
3 14 14 18
3 15 14 18
3 16 14 18
3 9 15 11
3 9 15 12
3 9 15 13
3 9 15 14
3 9 15 15
3 9 15 16
3 9 15 18
3 11 15 18
3 12 15 18
3 13 15 18
3 14 15 18
3 15 15 18
3 16 15 18
3 14 16 18
3 15 16 18
3 16 16 18
3 11 17 14
3 11 17 15
3 11 17 16
3 11 17 18
3 12 17 14
3 12 17 15
3 12 17 16
3 12 17 18
3 14 17 18
3 15 17 18
3 16 17 18
3 9 18 11
3 9 18 12
3 9 18 14
3 9 18 15
3 9 18 16
3 9 18 18
3 11 18 14
3 11 18 15
3 11 18 16
3 11 18 18
3 12 18 14
3 12 18 15
3 12 18 16
3 12 18 18
3 14 18 18
3 15 18 18
3 16 18 18
3 9 19 11
3 9 19 12
3 9 19 14
3 9 19 15
3 9 19 16
3 9 19 18
3 11 19 14
3 11 19 15
3 11 19 16
3 11 19 18
3 12 19 14
3 12 19 15
3 12 19 16
3 12 19 18
3 14 19 18
3 15 19 18
3 16 19 18
3 9 20 11
3 9 20 12
3 9 20 14
3 9 20 15
3 9 20 16
3 9 20 18
3 11 20 14
3 11 20 15
3 11 20 16
3 11 20 18
3 12 20 14
3 12 20 15
3 12 20 16
3 12 20 18
3 14 20 18
3 15 20 18
3 16 20 18
3 11 22 15
3 11 22 16
4 11 10 18
4 11 10 21
4 11 10 22
4 12 10 18
4 12 10 21
4 12 10 22
4 13 10 18
4 13 10 21
4 13 10 22
4 14 10 18
4 14 10 21
4 14 10 22
4 15 10 18
4 15 10 21
4 15 10 22
4 16 10 18
4 16 10 21
4 16 10 22
4 18 10 21
4 18 10 22
4 11 12 18
4 11 12 21
4 11 12 22
4 12 12 18
4 12 12 21
4 12 12 22
4 13 12 18
4 13 12 21
4 13 12 22
4 14 12 18
4 14 12 21
4 14 12 22
4 15 12 18
4 15 12 21
4 15 12 22
4 16 12 18
4 16 12 21
4 16 12 22
4 18 12 21
4 18 12 22
4 11 13 18
4 11 13 21
4 11 13 22
4 12 13 18
4 12 13 21
4 12 13 22
4 13 13 18
4 13 13 21
4 13 13 22
4 14 13 18
4 14 13 21
4 14 13 22
4 15 13 18
4 15 13 21
4 15 13 22
4 16 13 18
4 16 13 21
4 16 13 22
4 18 13 21
4 18 13 22
4 11 14 18
4 12 14 18
4 13 14 18
4 14 14 18
4 15 14 18
4 16 14 18
4 11 15 18
4 11 15 21
4 11 15 22
4 12 15 18
4 12 15 21
4 12 15 22
4 13 15 18
4 13 15 21
4 13 15 22
4 14 15 18
4 14 15 21
4 14 15 22
4 15 15 18
4 15 15 21
4 15 15 22
4 16 15 18
4 16 15 21
4 16 15 22
4 18 15 21
4 18 15 22
4 14 16 18
4 15 16 18
4 16 16 18
4 11 17 14
4 11 17 15
4 11 17 16
4 11 17 18
4 11 17 22
4 12 17 14
4 12 17 15
4 12 17 16
4 12 17 18
4 12 17 22
4 14 17 18
4 14 17 22
4 15 17 18
4 15 17 22
4 16 17 18
4 16 17 22
4 18 17 22
4 11 18 14
4 11 18 15
4 11 18 16
4 11 18 18
4 11 18 22
4 12 18 14
4 12 18 15
4 12 18 16
4 12 18 18
4 12 18 22
4 14 18 18
4 14 18 22
4 15 18 18
4 15 18 22
4 16 18 18
4 16 18 22
4 18 18 22
4 11 19 14
4 11 19 15
4 11 19 16
4 11 19 18
4 11 19 22
4 12 19 14
4 12 19 15
4 12 19 16
4 12 19 18
4 12 19 22
4 14 19 18
4 14 19 22
4 15 19 18
4 15 19 22
4 16 19 18
4 16 19 22
4 18 19 22
4 11 20 14
4 11 20 15
4 11 20 16
4 11 20 18
4 12 20 14
4 12 20 15
4 12 20 16
4 12 20 18
4 14 20 18
4 15 20 18
4 16 20 18
4 11 22 15
4 11 22 16
4 15 23 22
4 16 23 22
5 11 10 18
5 11 10 21
5 11 10 22
5 11 10 23
5 12 10 18
5 12 10 21
5 12 10 22
5 12 10 23
5 13 10 18
5 13 10 21
5 13 10 22
5 13 10 23
5 14 10 18
5 14 10 21
5 14 10 22
5 14 10 23
5 15 10 18
5 15 10 21
5 15 10 22
5 15 10 23
5 16 10 18
5 16 10 21
5 16 10 22
5 16 10 23
5 18 10 21
5 18 10 22
5 18 10 23
5 9 11 11
5 9 11 12
5 9 11 13
5 9 11 14
5 9 11 15
5 9 11 16
5 6 12 9
5 6 12 11
5 6 12 12
5 6 12 13
5 6 12 14
5 6 12 15
5 6 12 16
5 6 12 18
5 6 12 21
5 6 12 22
5 6 12 23
5 9 12 11
5 9 12 12
5 9 12 13
5 9 12 14
5 9 12 15
5 9 12 16
5 9 12 18
5 9 12 21
5 9 12 22
5 9 12 23
5 11 12 18
5 11 12 21
5 11 12 22
5 11 12 23
5 12 12 18
5 12 12 21
5 12 12 22
5 12 12 23
5 13 12 18
5 13 12 21
5 13 12 22
5 13 12 23
5 14 12 18
5 14 12 21
5 14 12 22
5 14 12 23
5 15 12 18
5 15 12 21
5 15 12 22
5 15 12 23
5 16 12 18
5 16 12 21
5 16 12 22
5 16 12 23
5 18 12 21
5 18 12 22
5 18 12 23
5 6 13 9
5 6 13 11
5 6 13 12
5 6 13 13
5 6 13 14
5 6 13 15
5 6 13 16
5 6 13 18
5 6 13 21
5 6 13 22
5 6 13 23
5 9 13 11
5 9 13 12
5 9 13 13
5 9 13 14
5 9 13 15
5 9 13 16
5 9 13 18
5 9 13 21
5 9 13 22
5 9 13 23
5 11 13 18
5 11 13 21
5 11 13 22
5 11 13 23
5 12 13 18
5 12 13 21
5 12 13 22
5 12 13 23
5 13 13 18
5 13 13 21
5 13 13 22
5 13 13 23
5 14 13 18
5 14 13 21
5 14 13 22
5 14 13 23
5 15 13 18
5 15 13 21
5 15 13 22
5 15 13 23
5 16 13 18
5 16 13 21
5 16 13 22
5 16 13 23
5 18 13 21
5 18 13 22
5 18 13 23
5 11 14 18
5 12 14 18
5 13 14 18
5 14 14 18
5 15 14 18
5 16 14 18
5 6 15 9
5 6 15 11
5 6 15 12
5 6 15 13
5 6 15 14
5 6 15 15
5 6 15 16
5 6 15 18
5 6 15 21
5 6 15 22
5 6 15 23
5 9 15 11
5 9 15 12
5 9 15 13
5 9 15 14
5 9 15 15
5 9 15 16
5 9 15 18
5 9 15 21
5 9 15 22
5 9 15 23
5 11 15 18
5 11 15 21
5 11 15 22
5 11 15 23
5 12 15 18
5 12 15 21
5 12 15 22
5 12 15 23
5 13 15 18
5 13 15 21
5 13 15 22
5 13 15 23
5 14 15 18
5 14 15 21
5 14 15 22
5 14 15 23
5 15 15 18
5 15 15 21
5 15 15 22
5 15 15 23
5 16 15 18
5 16 15 21
5 16 15 22
5 16 15 23
5 18 15 21
5 18 15 22
5 18 15 23
5 14 16 18
5 15 16 18
5 16 16 18
5 6 17 9
5 11 17 14
5 11 17 15
5 11 17 16
5 11 17 18
5 11 17 22
5 11 17 23
5 12 17 14
5 12 17 15
5 12 17 16
5 12 17 18
5 12 17 22
5 12 17 23
5 14 17 18
5 14 17 22
5 14 17 23
5 15 17 18
5 15 17 22
5 15 17 23
5 16 17 18
5 16 17 22
5 16 17 23
5 18 17 22
5 18 17 23
5 6 18 9
5 6 18 11
5 6 18 12
5 6 18 14
5 6 18 15
5 6 18 16
5 6 18 18
5 6 18 22
5 9 18 11
5 9 18 12
5 9 18 14
5 9 18 15
5 9 18 16
5 9 18 18
5 9 18 22
5 11 18 14
5 11 18 15
5 11 18 16
5 11 18 18
5 11 18 22
5 12 18 14
5 12 18 15
5 12 18 16
5 12 18 18
5 12 18 22
5 14 18 18
5 14 18 22
5 15 18 18
5 15 18 22
5 16 18 18
5 16 18 22
5 18 18 22
5 6 19 9
5 6 19 11
5 6 19 12
5 6 19 14
5 6 19 15
5 6 19 16
5 6 19 18
5 6 19 22
5 9 19 11
5 9 19 12
5 9 19 14
5 9 19 15
5 9 19 16
5 9 19 18
5 9 19 22
5 11 19 14
5 11 19 15
5 11 19 16
5 11 19 18
5 11 19 22
5 12 19 14
5 12 19 15
5 12 19 16
5 12 19 18
5 12 19 22
5 14 19 18
5 14 19 22
5 15 19 18
5 15 19 22
5 16 19 18
5 16 19 22
5 18 19 22
5 6 20 9
5 6 20 11
5 6 20 12
5 6 20 14
5 6 20 15
5 6 20 16
5 6 20 18
5 9 20 11
5 9 20 12
5 9 20 14
5 9 20 15
5 9 20 16
5 9 20 18
5 11 20 14
5 11 20 15
5 11 20 16
5 11 20 18
5 12 20 14
5 12 20 15
5 12 20 16
5 12 20 18
5 14 20 18
5 15 20 18
5 16 20 18
5 6 21 9
5 11 22 15
5 11 22 16
5 15 23 22
5 16 23 22
6 1 8 3
6 1 8 4
6 1 8 5
6 1 8 6
6 1 8 7
6 1 8 8
6 1 8 9
6 1 8 10
6 1 8 11
6 1 8 12
6 1 8 13
6 1 8 14
6 1 8 15
6 1 8 16
6 1 8 17
6 1 8 18
6 11 10 18
6 12 10 18
6 13 10 18
6 14 10 18
6 15 10 18
6 16 10 18
6 9 11 11
6 9 11 12
6 9 11 13
6 9 11 14
6 9 11 15
6 9 11 16
6 6 12 9
6 6 12 11
6 6 12 12
6 6 12 13
6 6 12 14
6 6 12 15
6 6 12 16
6 6 12 18
6 9 12 11
6 9 12 12
6 9 12 13
6 9 12 14
6 9 12 15
6 9 12 16
6 9 12 18
6 11 12 18
6 12 12 18
6 13 12 18
6 14 12 18
6 15 12 18
6 16 12 18
6 6 13 9
6 6 13 11
6 6 13 12
6 6 13 13
6 6 13 14
6 6 13 15
6 6 13 16
6 6 13 18
6 9 13 11
6 9 13 12
6 9 13 13
6 9 13 14
6 9 13 15
6 9 13 16
6 9 13 18
6 11 13 18
6 12 13 18
6 13 13 18
6 14 13 18
6 15 13 18
6 16 13 18
6 11 14 18
6 12 14 18
6 13 14 18
6 14 14 18
6 15 14 18
6 16 14 18
6 6 15 9
6 6 15 11
6 6 15 12
6 6 15 13
6 6 15 14
6 6 15 15
6 6 15 16
6 6 15 18
6 9 15 11
6 9 15 12
6 9 15 13
6 9 15 14
6 9 15 15
6 9 15 16
6 9 15 18
6 11 15 18
6 12 15 18
6 13 15 18
6 14 15 18
6 15 15 18
6 16 15 18
6 14 16 18
6 15 16 18
6 16 16 18
6 6 17 9
6 11 17 14
6 11 17 15
6 11 17 16
6 11 17 18
6 12 17 14
6 12 17 15
6 12 17 16
6 12 17 18
6 14 17 18
6 15 17 18
6 16 17 18
6 6 18 9
6 6 18 11
6 6 18 12
6 6 18 14
6 6 18 15
6 6 18 16
6 6 18 18
6 9 18 11
6 9 18 12
6 9 18 14
6 9 18 15
6 9 18 16
6 9 18 18
6 11 18 14
6 11 18 15
6 11 18 16
6 11 18 18
6 12 18 14
6 12 18 15
6 12 18 16
6 12 18 18
6 14 18 18
6 15 18 18
6 16 18 18
6 6 19 9
6 6 19 11
6 6 19 12
6 6 19 14
6 6 19 15
6 6 19 16
6 6 19 18
6 9 19 11
6 9 19 12
6 9 19 14
6 9 19 15
6 9 19 16
6 9 19 18
6 11 19 14
6 11 19 15
6 11 19 16
6 11 19 18
6 12 19 14
6 12 19 15
6 12 19 16
6 12 19 18
6 14 19 18
6 15 19 18
6 16 19 18
6 6 20 9
6 6 20 11
6 6 20 12
6 6 20 14
6 6 20 15
6 6 20 16
6 6 20 18
6 9 20 11
6 9 20 12
6 9 20 14
6 9 20 15
6 9 20 16
6 9 20 18
6 11 20 14
6 11 20 15
6 11 20 16
6 11 20 18
6 12 20 14
6 12 20 15
6 12 20 16
6 12 20 18
6 14 20 18
6 15 20 18
6 16 20 18
6 6 21 9
6 11 22 15
6 11 22 16
7 11 10 18
7 12 10 18
7 13 10 18
7 14 10 18
7 15 10 18
7 16 10 18
7 9 11 11
7 9 11 12
7 9 11 13
7 9 11 14
7 9 11 15
7 9 11 16
7 6 12 9
7 6 12 11
7 6 12 12
7 6 12 13
7 6 12 14
7 6 12 15
7 6 12 16
7 6 12 18
7 9 12 11
7 9 12 12
7 9 12 13
7 9 12 14
7 9 12 15
7 9 12 16
7 9 12 18
7 11 12 18
7 12 12 18
7 13 12 18
7 14 12 18
7 15 12 18
7 16 12 18
7 6 13 9
7 6 13 11
7 6 13 12
7 6 13 13
7 6 13 14
7 6 13 15
7 6 13 16
7 6 13 18
7 9 13 11
7 9 13 12
7 9 13 13
7 9 13 14
7 9 13 15
7 9 13 16
7 9 13 18
7 11 13 18
7 12 13 18
7 13 13 18
7 14 13 18
7 15 13 18
7 16 13 18
7 11 14 18
7 12 14 18
7 13 14 18
7 14 14 18
7 15 14 18
7 16 14 18
7 6 15 9
7 6 15 11
7 6 15 12
7 6 15 13
7 6 15 14
7 6 15 15
7 6 15 16
7 6 15 18
7 9 15 11
7 9 15 12
7 9 15 13
7 9 15 14
7 9 15 15
7 9 15 16
7 9 15 18
7 11 15 18
7 12 15 18
7 13 15 18
7 14 15 18
7 15 15 18
7 16 15 18
7 14 16 18
7 15 16 18
7 16 16 18
7 6 17 9
7 11 17 14
7 11 17 15
7 11 17 16
7 11 17 18
7 12 17 14
7 12 17 15
7 12 17 16
7 12 17 18
7 14 17 18
7 15 17 18
7 16 17 18
7 6 18 9
7 6 18 11
7 6 18 12
7 6 18 14
7 6 18 15
7 6 18 16
7 6 18 18
7 9 18 11
7 9 18 12
7 9 18 14
7 9 18 15
7 9 18 16
7 9 18 18
7 11 18 14
7 11 18 15
7 11 18 16
7 11 18 18
7 12 18 14
7 12 18 15
7 12 18 16
7 12 18 18
7 14 18 18
7 15 18 18
7 16 18 18
7 6 19 9
7 6 19 11
7 6 19 12
7 6 19 14
7 6 19 15
7 6 19 16
7 6 19 18
7 9 19 11
7 9 19 12
7 9 19 14
7 9 19 15
7 9 19 16
7 9 19 18
7 11 19 14
7 11 19 15
7 11 19 16
7 11 19 18
7 12 19 14
7 12 19 15
7 12 19 16
7 12 19 18
7 14 19 18
7 15 19 18
7 16 19 18
7 6 20 9
7 6 20 11
7 6 20 12
7 6 20 14
7 6 20 15
7 6 20 16
7 6 20 18
7 9 20 11
7 9 20 12
7 9 20 14
7 9 20 15
7 9 20 16
7 9 20 18
7 11 20 14
7 11 20 15
7 11 20 16
7 11 20 18
7 12 20 14
7 12 20 15
7 12 20 16
7 12 20 18
7 14 20 18
7 15 20 18
7 16 20 18
7 6 21 9
7 11 22 15
7 11 22 16
8 11 10 18
8 12 10 18
8 13 10 18
8 14 10 18
8 15 10 18
8 16 10 18
8 9 11 11
8 9 11 12
8 9 11 13
8 9 11 14
8 9 11 15
8 9 11 16
8 6 12 9
8 6 12 11
8 6 12 12
8 6 12 13
8 6 12 14
8 6 12 15
8 6 12 16
8 6 12 18
8 9 12 11
8 9 12 12
8 9 12 13
8 9 12 14
8 9 12 15
8 9 12 16
8 9 12 18
8 11 12 18
8 12 12 18
8 13 12 18
8 14 12 18
8 15 12 18
8 16 12 18
8 6 13 9
8 6 13 11
8 6 13 12
8 6 13 13
8 6 13 14
8 6 13 15
8 6 13 16
8 6 13 18
8 9 13 11
8 9 13 12
8 9 13 13
8 9 13 14
8 9 13 15
8 9 13 16
8 9 13 18
8 11 13 18
8 12 13 18
8 13 13 18
8 14 13 18
8 15 13 18
8 16 13 18
8 11 14 18
8 12 14 18
8 13 14 18
8 14 14 18
8 15 14 18
8 16 14 18
8 6 15 9
8 6 15 11
8 6 15 12
8 6 15 13
8 6 15 14
8 6 15 15
8 6 15 16
8 6 15 18
8 9 15 11
8 9 15 12
8 9 15 13
8 9 15 14
8 9 15 15
8 9 15 16
8 9 15 18
8 11 15 18
8 12 15 18
8 13 15 18
8 14 15 18
8 15 15 18
8 16 15 18
8 14 16 18
8 15 16 18
8 16 16 18
8 6 17 9
8 11 17 14
8 11 17 15
8 11 17 16
8 11 17 18
8 12 17 14
8 12 17 15
8 12 17 16
8 12 17 18
8 14 17 18
8 15 17 18
8 16 17 18
8 6 18 9
8 6 18 11
8 6 18 12
8 6 18 14
8 6 18 15
8 6 18 16
8 6 18 18
8 9 18 11
8 9 18 12
8 9 18 14
8 9 18 15
8 9 18 16
8 9 18 18
8 11 18 14
8 11 18 15
8 11 18 16
8 11 18 18
8 12 18 14
8 12 18 15
8 12 18 16
8 12 18 18
8 14 18 18
8 15 18 18
8 16 18 18
8 6 19 9
8 6 19 11
8 6 19 12
8 6 19 14
8 6 19 15
8 6 19 16
8 6 19 18
8 9 19 11
8 9 19 12
8 9 19 14
8 9 19 15
8 9 19 16
8 9 19 18
8 11 19 14
8 11 19 15
8 11 19 16
8 11 19 18
8 12 19 14
8 12 19 15
8 12 19 16
8 12 19 18
8 14 19 18
8 15 19 18
8 16 19 18
8 6 20 9
8 6 20 11
8 6 20 12
8 6 20 14
8 6 20 15
8 6 20 16
8 6 20 18
8 9 20 11
8 9 20 12
8 9 20 14
8 9 20 15
8 9 20 16
8 9 20 18
8 11 20 14
8 11 20 15
8 11 20 16
8 11 20 18
8 12 20 14
8 12 20 15
8 12 20 16
8 12 20 18
8 14 20 18
8 15 20 18
8 16 20 18
8 6 21 9
8 11 22 15
8 11 22 16
9 11 17 14
9 11 17 15
9 11 17 16
9 12 17 14
9 12 17 15
9 12 17 16
9 11 18 14
9 11 18 15
9 11 18 16
9 12 18 14
9 12 18 15
9 12 18 16
9 11 19 14
9 11 19 15
9 11 19 16
9 12 19 14
9 12 19 15
9 12 19 16
9 11 20 14
9 11 20 15
9 11 20 16
9 12 20 14
9 12 20 15
9 12 20 16
9 11 22 15
9 11 22 16
10 11 12 18
10 11 12 21
10 11 12 22
10 11 12 23
10 12 12 18
10 12 12 21
10 12 12 22
10 12 12 23
10 13 12 18
10 13 12 21
10 13 12 22
10 13 12 23
10 14 12 18
10 14 12 21
10 14 12 22
10 14 12 23
10 15 12 18
10 15 12 21
10 15 12 22
10 15 12 23
10 16 12 18
10 16 12 21
10 16 12 22
10 16 12 23
10 18 12 21
10 18 12 22
10 18 12 23
10 11 13 18
10 11 13 21
10 11 13 22
10 11 13 23
10 12 13 18
10 12 13 21
10 12 13 22
10 12 13 23
10 13 13 18
10 13 13 21
10 13 13 22
10 13 13 23
10 14 13 18
10 14 13 21
10 14 13 22
10 14 13 23
10 15 13 18
10 15 13 21
10 15 13 22
10 15 13 23
10 16 13 18
10 16 13 21
10 16 13 22
10 16 13 23
10 18 13 21
10 18 13 22
10 18 13 23
10 11 14 18
10 12 14 18
10 13 14 18
10 14 14 18
10 15 14 18
10 16 14 18
10 11 15 18
10 11 15 21
10 11 15 22
10 11 15 23
10 12 15 18
10 12 15 21
10 12 15 22
10 12 15 23
10 13 15 18
10 13 15 21
10 13 15 22
10 13 15 23
10 14 15 18
10 14 15 21
10 14 15 22
10 14 15 23
10 15 15 18
10 15 15 21
10 15 15 22
10 15 15 23
10 16 15 18
10 16 15 21
10 16 15 22
10 16 15 23
10 18 15 21
10 18 15 22
10 18 15 23
10 14 16 18
10 15 16 18
10 16 16 18
10 11 17 14
10 11 17 15
10 11 17 16
10 11 17 18
10 11 17 22
10 11 17 23
10 12 17 14
10 12 17 15
10 12 17 16
10 12 17 18
10 12 17 22
10 12 17 23
10 14 17 18
10 14 17 22
10 14 17 23
10 15 17 18
10 15 17 22
10 15 17 23
10 16 17 18
10 16 17 22
10 16 17 23
10 18 17 22
10 18 17 23
10 11 18 14
10 11 18 15
10 11 18 16
10 11 18 18
10 11 18 22
10 12 18 14
10 12 18 15
10 12 18 16
10 12 18 18
10 12 18 22
10 14 18 18
10 14 18 22
10 15 18 18
10 15 18 22
10 16 18 18
10 16 18 22
10 18 18 22
10 11 19 14
10 11 19 15
10 11 19 16
10 11 19 18
10 11 19 22
10 12 19 14
10 12 19 15
10 12 19 16
10 12 19 18
10 12 19 22
10 14 19 18
10 14 19 22
10 15 19 18
10 15 19 22
10 16 19 18
10 16 19 22
10 18 19 22
10 11 20 14
10 11 20 15
10 11 20 16
10 11 20 18
10 12 20 14
10 12 20 15
10 12 20 16
10 12 20 18
10 14 20 18
10 15 20 18
10 16 20 18
10 11 22 15
10 11 22 16
10 15 23 22
10 16 23 22
11 8 15 11
11 8 15 12
11 8 15 13
11 8 15 14
11 8 15 15
11 8 15 16
11 9 15 11
11 9 15 12
11 9 15 13
11 9 15 14
11 9 15 15
11 9 15 16
11 11 17 14
11 11 17 15
11 11 17 16
11 12 17 14
11 12 17 15
11 12 17 16
11 8 18 11
11 8 18 12
11 8 18 14
11 8 18 15
11 8 18 16
11 9 18 11
11 9 18 12
11 9 18 14
11 9 18 15
11 9 18 16
11 11 18 14
11 11 18 15
11 11 18 16
11 12 18 14
11 12 18 15
11 12 18 16
11 8 19 11
11 8 19 12
11 8 19 14
11 8 19 15
11 8 19 16
11 9 19 11
11 9 19 12
11 9 19 14
11 9 19 15
11 9 19 16
11 11 19 14
11 11 19 15
11 11 19 16
11 12 19 14
11 12 19 15
11 12 19 16
11 8 20 11
11 8 20 12
11 8 20 14
11 8 20 15
11 8 20 16
11 9 20 11
11 9 20 12
11 9 20 14
11 9 20 15
11 9 20 16
11 11 20 14
11 11 20 15
11 11 20 16
11 12 20 14
11 12 20 15
11 12 20 16
11 11 22 15
11 11 22 16
12 5 15 8
12 5 15 9
12 5 15 11
12 5 15 12
12 5 15 13
12 5 15 14
12 5 15 15
12 5 15 16
12 5 15 17
12 5 15 18
12 5 15 19
12 5 15 21
12 5 15 22
12 5 15 23
12 6 15 8
12 6 15 9
12 6 15 11
12 6 15 12
12 6 15 13
12 6 15 14
12 6 15 15
12 6 15 16
12 6 15 17
12 6 15 18
12 6 15 19
12 6 15 21
12 6 15 22
12 6 15 23
12 8 15 11
12 8 15 12
12 8 15 13
12 8 15 14
12 8 15 15
12 8 15 16
12 8 15 17
12 8 15 18
12 8 15 19
12 8 15 21
12 8 15 22
12 8 15 23
12 9 15 11
12 9 15 12
12 9 15 13
12 9 15 14
12 9 15 15
12 9 15 16
12 9 15 17
12 9 15 18
12 9 15 19
12 9 15 21
12 9 15 22
12 9 15 23
12 11 15 21
12 11 15 22
12 11 15 23
12 12 15 21
12 12 15 22
12 12 15 23
12 13 15 21
12 13 15 22
12 13 15 23
12 14 15 21
12 14 15 22
12 14 15 23
12 15 15 21
12 15 15 22
12 15 15 23
12 16 15 21
12 16 15 22
12 16 15 23
12 17 15 21
12 17 15 22
12 17 15 23
12 18 15 21
12 18 15 22
12 18 15 23
12 19 15 21
12 19 15 22
12 19 15 23
12 5 17 8
12 5 17 9
12 6 17 8
12 6 17 9
12 11 17 14
12 11 17 15
12 11 17 16
12 11 17 17
12 11 17 18
12 11 17 19
12 11 17 22
12 11 17 23
12 12 17 14
12 12 17 15
12 12 17 16
12 12 17 17
12 12 17 18
12 12 17 19
12 12 17 22
12 12 17 23
12 14 17 22
12 14 17 23
12 15 17 22
12 15 17 23
12 16 17 22
12 16 17 23
12 17 17 22
12 17 17 23
12 18 17 22
12 18 17 23
12 19 17 22
12 19 17 23
12 5 18 8
12 5 18 9
12 5 18 11
12 5 18 12
12 5 18 14
12 5 18 15
12 5 18 16
12 5 18 17
12 5 18 18
12 5 18 19
12 5 18 22
12 6 18 8
12 6 18 9
12 6 18 11
12 6 18 12
12 6 18 14
12 6 18 15
12 6 18 16
12 6 18 17
12 6 18 18
12 6 18 19
12 6 18 22
12 8 18 11
12 8 18 12
12 8 18 14
12 8 18 15
12 8 18 16
12 8 18 17
12 8 18 18
12 8 18 19
12 8 18 22
12 9 18 11
12 9 18 12
12 9 18 14
12 9 18 15
12 9 18 16
12 9 18 17
12 9 18 18
12 9 18 19
12 9 18 22
12 11 18 14
12 11 18 15
12 11 18 16
12 11 18 17
12 11 18 18
12 11 18 19
12 11 18 22
12 12 18 14
12 12 18 15
12 12 18 16
12 12 18 17
12 12 18 18
12 12 18 19
12 12 18 22
12 14 18 22
12 15 18 22
12 16 18 22
12 17 18 22
12 18 18 22
12 19 18 22
12 5 19 8
12 5 19 9
12 5 19 11
12 5 19 12
12 5 19 14
12 5 19 15
12 5 19 16
12 5 19 17
12 5 19 18
12 5 19 19
12 5 19 22
12 6 19 8
12 6 19 9
12 6 19 11
12 6 19 12
12 6 19 14
12 6 19 15
12 6 19 16
12 6 19 17
12 6 19 18
12 6 19 19
12 6 19 22
12 8 19 11
12 8 19 12
12 8 19 14
12 8 19 15
12 8 19 16
12 8 19 17
12 8 19 18
12 8 19 19
12 8 19 22
12 9 19 11
12 9 19 12
12 9 19 14
12 9 19 15
12 9 19 16
12 9 19 17
12 9 19 18
12 9 19 19
12 9 19 22
12 11 19 14
12 11 19 15
12 11 19 16
12 11 19 17
12 11 19 18
12 11 19 19
12 11 19 22
12 12 19 14
12 12 19 15
12 12 19 16
12 12 19 17
12 12 19 18
12 12 19 19
12 12 19 22
12 14 19 22
12 15 19 22
12 16 19 22
12 17 19 22
12 18 19 22
12 19 19 22
12 5 20 8
12 5 20 9
12 5 20 11
12 5 20 12
12 5 20 14
12 5 20 15
12 5 20 16
12 5 20 17
12 5 20 18
12 6 20 8
12 6 20 9
12 6 20 11
12 6 20 12
12 6 20 14
12 6 20 15
12 6 20 16
12 6 20 17
12 6 20 18
12 8 20 11
12 8 20 12
12 8 20 14
12 8 20 15
12 8 20 16
12 8 20 17
12 8 20 18
12 9 20 11
12 9 20 12
12 9 20 14
12 9 20 15
12 9 20 16
12 9 20 17
12 9 20 18
12 11 20 14
12 11 20 15
12 11 20 16
12 11 20 17
12 11 20 18
12 12 20 14
12 12 20 15
12 12 20 16
12 12 20 17
12 12 20 18
12 5 21 8
12 5 21 9
12 6 21 8
12 6 21 9
12 11 22 15
12 11 22 16
12 15 23 22
12 16 23 22
13 5 15 8
13 5 15 9
13 5 15 11
13 5 15 12
13 5 15 13
13 5 15 14
13 5 15 15
13 5 15 16
13 5 15 17
13 5 15 18
13 5 15 19
13 5 15 21
13 5 15 22
13 5 15 23
13 6 15 8
13 6 15 9
13 6 15 11
13 6 15 12
13 6 15 13
13 6 15 14
13 6 15 15
13 6 15 16
13 6 15 17
13 6 15 18
13 6 15 19
13 6 15 21
13 6 15 22
13 6 15 23
13 8 15 11
13 8 15 12
13 8 15 13
13 8 15 14
13 8 15 15
13 8 15 16
13 8 15 17
13 8 15 18
13 8 15 19
13 8 15 21
13 8 15 22
13 8 15 23
13 9 15 11
13 9 15 12
13 9 15 13
13 9 15 14
13 9 15 15
13 9 15 16
13 9 15 17
13 9 15 18
13 9 15 19
13 9 15 21
13 9 15 22
13 9 15 23
13 11 15 21
13 11 15 22
13 11 15 23
13 12 15 21
13 12 15 22
13 12 15 23
13 13 15 21
13 13 15 22
13 13 15 23
13 14 15 21
13 14 15 22
13 14 15 23
13 15 15 21
13 15 15 22
13 15 15 23
13 16 15 21
13 16 15 22
13 16 15 23
13 17 15 21
13 17 15 22
13 17 15 23
13 18 15 21
13 18 15 22
13 18 15 23
13 19 15 21
13 19 15 22
13 19 15 23
13 5 17 8
13 5 17 9
13 6 17 8
13 6 17 9
13 11 17 14
13 11 17 15
13 11 17 16
13 11 17 17
13 11 17 18
13 11 17 19
13 11 17 22
13 11 17 23
13 12 17 14
13 12 17 15
13 12 17 16
13 12 17 17
13 12 17 18
13 12 17 19
13 12 17 22
13 12 17 23
13 14 17 22
13 14 17 23
13 15 17 22
13 15 17 23
13 16 17 22
13 16 17 23
13 17 17 22
13 17 17 23
13 18 17 22
13 18 17 23
13 19 17 22
13 19 17 23
13 5 18 8
13 5 18 9
13 5 18 11
13 5 18 12
13 5 18 14
13 5 18 15
13 5 18 16
13 5 18 17
13 5 18 18
13 5 18 19
13 5 18 22
13 6 18 8
13 6 18 9
13 6 18 11
13 6 18 12
13 6 18 14
13 6 18 15
13 6 18 16
13 6 18 17
13 6 18 18
13 6 18 19
13 6 18 22
13 8 18 11
13 8 18 12
13 8 18 14
13 8 18 15
13 8 18 16
13 8 18 17
13 8 18 18
13 8 18 19
13 8 18 22
13 9 18 11
13 9 18 12
13 9 18 14
13 9 18 15
13 9 18 16
13 9 18 17
13 9 18 18
13 9 18 19
13 9 18 22
13 11 18 14
13 11 18 15
13 11 18 16
13 11 18 17
13 11 18 18
13 11 18 19
13 11 18 22
13 12 18 14
13 12 18 15
13 12 18 16
13 12 18 17
13 12 18 18
13 12 18 19
13 12 18 22
13 14 18 22
13 15 18 22
13 16 18 22
13 17 18 22
13 18 18 22
13 19 18 22
13 1 19 5
13 1 19 6
13 1 19 8
13 1 19 9
13 1 19 11
13 1 19 12
13 1 19 14
13 1 19 15
13 1 19 16
13 1 19 17
13 1 19 18
13 1 19 19
13 1 19 22
13 5 19 8
13 5 19 9
13 5 19 11
13 5 19 12
13 5 19 14
13 5 19 15
13 5 19 16
13 5 19 17
13 5 19 18
13 5 19 19
13 5 19 22
13 6 19 8
13 6 19 9
13 6 19 11
13 6 19 12
13 6 19 14
13 6 19 15
13 6 19 16
13 6 19 17
13 6 19 18
13 6 19 19
13 6 19 22
13 8 19 11
13 8 19 12
13 8 19 14
13 8 19 15
13 8 19 16
13 8 19 17
13 8 19 18
13 8 19 19
13 8 19 22
13 9 19 11
13 9 19 12
13 9 19 14
13 9 19 15
13 9 19 16
13 9 19 17
13 9 19 18
13 9 19 19
13 9 19 22
13 11 19 14
13 11 19 15
13 11 19 16
13 11 19 17
13 11 19 18
13 11 19 19
13 11 19 22
13 12 19 14
13 12 19 15
13 12 19 16
13 12 19 17
13 12 19 18
13 12 19 19
13 12 19 22
13 14 19 22
13 15 19 22
13 16 19 22
13 17 19 22
13 18 19 22
13 19 19 22
13 5 20 8
13 5 20 9
13 5 20 11
13 5 20 12
13 5 20 14
13 5 20 15
13 5 20 16
13 5 20 17
13 5 20 18
13 6 20 8
13 6 20 9
13 6 20 11
13 6 20 12
13 6 20 14
13 6 20 15
13 6 20 16
13 6 20 17
13 6 20 18
13 8 20 11
13 8 20 12
13 8 20 14
13 8 20 15
13 8 20 16
13 8 20 17
13 8 20 18
13 9 20 11
13 9 20 12
13 9 20 14
13 9 20 15
13 9 20 16
13 9 20 17
13 9 20 18
13 11 20 14
13 11 20 15
13 11 20 16
13 11 20 17
13 11 20 18
13 12 20 14
13 12 20 15
13 12 20 16
13 12 20 17
13 12 20 18
13 5 21 8
13 5 21 9
13 6 21 8
13 6 21 9
13 11 22 15
13 11 22 16
13 15 23 22
13 16 23 22
14 11 17 14
14 11 17 15
14 11 17 16
14 11 17 17
14 11 17 18
14 11 17 19
14 12 17 14
14 12 17 15
14 12 17 16
14 12 17 17
14 12 17 18
14 12 17 19
14 11 18 14
14 11 18 15
14 11 18 16
14 11 18 17
14 11 18 18
14 11 18 19
14 12 18 14
14 12 18 15
14 12 18 16
14 12 18 17
14 12 18 18
14 12 18 19
14 11 19 14
14 11 19 15
14 11 19 16
14 11 19 17
14 11 19 18
14 11 19 19
14 12 19 14
14 12 19 15
14 12 19 16
14 12 19 17
14 12 19 18
14 12 19 19
14 11 20 14
14 11 20 15
14 11 20 16
14 11 20 17
14 11 20 18
14 12 20 14
14 12 20 15
14 12 20 16
14 12 20 17
14 12 20 18
14 11 22 15
14 11 22 16
15 5 17 8
15 5 17 9
15 6 17 8
15 6 17 9
15 11 17 14
15 11 17 15
15 11 17 16
15 11 17 17
15 11 17 18
15 11 17 19
15 11 17 22
15 11 17 23
15 12 17 14
15 12 17 15
15 12 17 16
15 12 17 17
15 12 17 18
15 12 17 19
15 12 17 22
15 12 17 23
15 14 17 22
15 14 17 23
15 15 17 22
15 15 17 23
15 16 17 22
15 16 17 23
15 17 17 22
15 17 17 23
15 18 17 22
15 18 17 23
15 19 17 22
15 19 17 23
15 5 18 8
15 5 18 9
15 5 18 11
15 5 18 12
15 5 18 14
15 5 18 15
15 5 18 16
15 5 18 17
15 5 18 18
15 5 18 19
15 5 18 22
15 6 18 8
15 6 18 9
15 6 18 11
15 6 18 12
15 6 18 14
15 6 18 15
15 6 18 16
15 6 18 17
15 6 18 18
15 6 18 19
15 6 18 22
15 8 18 11
15 8 18 12
15 8 18 14
15 8 18 15
15 8 18 16
15 8 18 17
15 8 18 18
15 8 18 19
15 8 18 22
15 9 18 11
15 9 18 12
15 9 18 14
15 9 18 15
15 9 18 16
15 9 18 17
15 9 18 18
15 9 18 19
15 9 18 22
15 11 18 14
15 11 18 15
15 11 18 16
15 11 18 17
15 11 18 18
15 11 18 19
15 11 18 22
15 12 18 14
15 12 18 15
15 12 18 16
15 12 18 17
15 12 18 18
15 12 18 19
15 12 18 22
15 14 18 22
15 15 18 22
15 16 18 22
15 17 18 22
15 18 18 22
15 19 18 22
15 5 19 8
15 5 19 9
15 5 19 11
15 5 19 12
15 5 19 14
15 5 19 15
15 5 19 16
15 5 19 17
15 5 19 18
15 5 19 19
15 5 19 22
15 6 19 8
15 6 19 9
15 6 19 11
15 6 19 12
15 6 19 14
15 6 19 15
15 6 19 16
15 6 19 17
15 6 19 18
15 6 19 19
15 6 19 22
15 8 19 11
15 8 19 12
15 8 19 14
15 8 19 15
15 8 19 16
15 8 19 17
15 8 19 18
15 8 19 19
15 8 19 22
15 9 19 11
15 9 19 12
15 9 19 14
15 9 19 15
15 9 19 16
15 9 19 17
15 9 19 18
15 9 19 19
15 9 19 22
15 11 19 14
15 11 19 15
15 11 19 16
15 11 19 17
15 11 19 18
15 11 19 19
15 11 19 22
15 12 19 14
15 12 19 15
15 12 19 16
15 12 19 17
15 12 19 18
15 12 19 19
15 12 19 22
15 14 19 22
15 15 19 22
15 16 19 22
15 17 19 22
15 18 19 22
15 19 19 22
15 5 20 8
15 5 20 9
15 5 20 11
15 5 20 12
15 5 20 14
15 5 20 15
15 5 20 16
15 5 20 17
15 5 20 18
15 6 20 8
15 6 20 9
15 6 20 11
15 6 20 12
15 6 20 14
15 6 20 15
15 6 20 16
15 6 20 17
15 6 20 18
15 8 20 11
15 8 20 12
15 8 20 14
15 8 20 15
15 8 20 16
15 8 20 17
15 8 20 18
15 9 20 11
15 9 20 12
15 9 20 14
15 9 20 15
15 9 20 16
15 9 20 17
15 9 20 18
15 11 20 14
15 11 20 15
15 11 20 16
15 11 20 17
15 11 20 18
15 12 20 14
15 12 20 15
15 12 20 16
15 12 20 17
15 12 20 18
15 5 21 8
15 5 21 9
15 6 21 8
15 6 21 9
15 11 22 15
15 11 22 16
15 15 23 22
15 16 23 22
17 3 19 5
17 3 19 6
17 3 19 7
17 3 19 8
17 3 19 9
17 3 20 5
17 3 20 6
17 3 20 7
17 3 20 8
17 3 20 9
17 11 22 15
17 11 22 16
17 15 23 22
17 16 23 22
18 11 22 15
18 11 22 16
18 15 23 22
18 16 23 22
19 11 22 15
19 11 22 16
19 15 23 22
19 16 23 22
20 11 22 15
20 11 22 16
