15 17
00000000011111111
00011110010000001
01111111111111111
01011111111110101
01111111111111111
01111011011010001
01111011011111111
01111111111010000
00111111111110000
00101000010010000
00101000010010000
00101000010010000
00101000010010000
00101111111110000
00111111110000000
194
1 10 3 17
1 10 5 17
1 10 7 17
2 4 8 7
2 5 8 7
2 4 9 7
2 5 9 7
3 2 5 4
3 2 5 5
3 2 5 6
3 2 5 7
3 2 5 8
3 2 5 9
3 2 5 10
3 2 5 11
3 2 5 12
3 2 5 13
3 2 5 15
3 2 5 17
3 4 5 15
3 4 5 17
3 5 5 15
3 5 5 17
3 6 5 15
3 6 5 17
3 7 5 15
3 7 5 17
3 8 5 15
3 8 5 17
3 9 5 15
3 9 5 17
3 10 5 15
3 10 5 17
3 11 5 15
3 11 5 17
3 12 5 15
3 12 5 17
3 13 5 15
3 13 5 17
3 15 5 17
3 2 6 4
3 2 6 5
3 2 7 4
3 2 7 5
3 10 7 13
3 10 7 17
3 11 7 13
3 11 7 17
3 13 7 17
3 2 8 4
3 2 8 5
3 2 8 7
3 2 8 8
3 2 8 10
3 2 8 11
3 4 8 7
3 4 8 8
3 4 8 10
3 4 8 11
3 5 8 7
3 5 8 8
3 5 8 10
3 5 8 11
3 7 8 10
3 7 8 11
3 8 8 10
3 8 8 11
3 4 9 7
3 4 9 8
3 4 9 10
3 4 9 11
3 4 9 13
3 5 9 7
3 5 9 8
3 5 9 10
3 5 9 11
3 5 9 13
3 7 9 10
3 7 9 11
3 7 9 13
3 8 9 10
3 8 9 11
3 8 9 13
3 10 9 13
3 11 9 13
3 5 14 10
3 5 14 13
3 10 14 13
3 5 15 10
4 10 7 13
4 11 7 13
4 4 8 7
4 4 8 8
4 4 8 10
4 4 8 11
4 5 8 7
4 5 8 8
4 5 8 10
4 5 8 11
4 7 8 10
4 7 8 11
4 8 8 10
4 8 8 11
4 4 9 7
4 4 9 8
4 4 9 10
4 4 9 11
4 4 9 13
4 5 9 7
4 5 9 8
4 5 9 10
4 5 9 11
4 5 9 13
4 7 9 10
4 7 9 11
4 7 9 13
4 8 9 10
4 8 9 11
4 8 9 13
4 10 9 13
4 11 9 13
4 5 14 10
4 5 14 13
4 10 14 13
4 5 15 10
5 10 7 13
5 10 7 17
5 11 7 13
5 11 7 17
5 13 7 17
5 2 8 7
5 2 8 8
5 2 8 10
5 2 8 11
5 3 8 7
5 3 8 8
5 3 8 10
5 3 8 11
5 4 8 7
5 4 8 8
5 4 8 10
5 4 8 11
5 5 8 7
5 5 8 8
5 5 8 10
5 5 8 11
5 7 8 10
5 7 8 11
5 8 8 10
5 8 8 11
5 3 9 7
5 3 9 8
5 3 9 10
5 3 9 11
5 3 9 13
5 4 9 7
5 4 9 8
5 4 9 10
5 4 9 11
5 4 9 13
5 5 9 7
5 5 9 8
5 5 9 10
5 5 9 11
5 5 9 13
5 7 9 10
5 7 9 11
5 7 9 13
5 8 9 10
5 8 9 11
5 8 9 13
5 10 9 13
5 11 9 13
5 5 14 10
5 5 14 13
5 10 14 13
5 3 15 5
5 3 15 10
5 5 15 10
6 3 15 5
7 10 9 13
7 11 9 13
7 10 14 13
7 3 15 5
8 5 14 10
8 3 15 5
8 3 15 10
8 5 15 10
9 5 14 10
9 5 14 13
9 10 14 13
9 3 15 5
9 3 15 10
9 5 15 10
