20 24
000000000000000000000000
000000000000000000000000
011111111111111111110000
010111111111111111111111
010100000000000000010001
010100000000000000010001
010100000000000000010001
010100000000000000010001
010100000000000000010001
010111111111111111111111
010000000000000000010000
011111111111111111110000
011111100000000000000000
010000100000000000000000
010000100000000000000000
011111101111110000000000
000000001000010000000000
000000001000010000000000
000000001111110000000000
000000000000000000000000
8
3 4 10 20
3 2 12 20
4 4 10 20
4 4 10 24
4 20 10 24
12 2 16 7
13 2 16 7
16 9 19 14
