16 10
0011111000
0010001000
1111111000
1010001000
1111111000
1010000000
1010000000
1111111000
1110011000
1110011000
1111111100
1111111100
1100010100
1111111100
0111110000
0000000000
42
1 3 3 7
1 3 5 7
3 1 5 3
3 1 5 7
3 3 5 7
3 1 8 3
3 1 9 3
3 1 10 3
3 1 11 3
3 1 12 3
5 1 8 3
5 1 9 3
5 1 10 3
5 1 11 3
5 1 12 3
8 1 11 6
8 1 11 7
8 2 11 6
8 2 11 7
8 3 11 6
8 3 11 7
8 1 12 6
8 1 12 7
8 2 12 6
8 2 12 7
8 3 12 6
8 3 12 7
8 1 14 6
8 2 14 6
8 2 15 6
11 1 14 6
11 1 14 8
11 2 14 6
11 2 14 8
11 6 14 8
11 2 15 6
12 1 14 6
12 1 14 8
12 2 14 6
12 2 14 8
12 6 14 8
12 2 15 6
