10 24
000111111111111111111111
111111111000111111100001
100111111111111111111111
111111111111111111111110
100101001100000000010010
111111111100000000010010
110111001111111111111110
110000001100001000011000
111111111111111111111000
111111111000000000000000
164
1 4 3 13
1 4 3 14
1 4 3 15
1 4 3 16
1 4 3 17
1 4 3 18
1 4 3 19
1 4 3 24
1 5 3 13
1 5 3 14
1 5 3 15
1 5 3 16
1 5 3 17
1 5 3 18
1 5 3 19
1 5 3 24
1 6 3 13
1 6 3 14
1 6 3 15
1 6 3 16
1 6 3 17
1 6 3 18
1 6 3 19
1 6 3 24
1 7 3 13
1 7 3 14
1 7 3 15
1 7 3 16
1 7 3 17
1 7 3 18
1 7 3 19
1 7 3 24
1 8 3 13
1 8 3 14
1 8 3 15
1 8 3 16
1 8 3 17
1 8 3 18
1 8 3 19
1 8 3 24
1 9 3 13
1 9 3 14
1 9 3 15
1 9 3 16
1 9 3 17
1 9 3 18
1 9 3 19
1 9 3 24
1 13 3 24
1 14 3 24
1 15 3 24
1 16 3 24
1 17 3 24
1 18 3 24
1 19 3 24
1 4 4 13
1 4 4 14
1 4 4 15
1 4 4 16
1 4 4 17
1 4 4 18
1 4 4 19
1 5 4 13
1 5 4 14
1 5 4 15
1 5 4 16
1 5 4 17
1 5 4 18
1 5 4 19
1 6 4 13
1 6 4 14
1 6 4 15
1 6 4 16
1 6 4 17
1 6 4 18
1 6 4 19
1 7 4 13
1 7 4 14
1 7 4 15
1 7 4 16
1 7 4 17
1 7 4 18
1 7 4 19
1 8 4 13
1 8 4 14
1 8 4 15
1 8 4 16
1 8 4 17
1 8 4 18
1 8 4 19
1 9 4 13
1 9 4 14
1 9 4 15
1 9 4 16
1 9 4 17
1 9 4 18
1 9 4 19
1 4 6 6
1 4 6 9
1 6 6 9
1 4 7 6
2 1 4 4
2 1 4 5
2 1 4 6
2 1 4 7
2 1 4 8
2 1 4 9
2 1 6 4
2 1 6 6
2 1 6 9
2 4 6 6
2 4 6 9
2 6 6 9
2 4 7 6
2 1 9 9
2 1 10 9
3 4 6 6
3 4 6 9
3 4 6 10
3 6 6 9
3 6 6 10
3 4 7 6
3 9 7 20
3 9 7 23
3 10 7 20
3 10 7 23
3 20 7 23
3 9 9 20
3 10 9 20
4 1 6 4
4 1 6 6
4 1 6 9
4 1 6 10
4 4 6 6
4 4 6 9
4 4 6 10
4 6 6 9
4 6 6 10
4 4 7 6
4 9 7 20
4 9 7 23
4 10 7 20
4 10 7 23
4 20 7 23
4 1 9 9
4 1 9 10
4 1 9 20
4 9 9 20
4 10 9 20
4 1 10 9
6 1 9 9
6 1 9 10
6 2 9 9
6 2 9 10
6 1 10 9
6 2 10 9
7 9 9 15
7 9 9 20
7 9 9 21
7 10 9 15
7 10 9 20
7 10 9 21
7 15 9 20
7 15 9 21
