13 12
000111100000
000100100000
111111111111
100110100001
101111111001
101110101001
101111111001
101010011001
111111111111
001010011001
001111111001
000011111111
000000000000
49
1 4 3 7
1 4 5 7
1 4 7 7
3 4 5 7
3 5 5 7
3 4 7 7
3 5 7 7
3 1 9 5
3 1 9 12
3 5 9 12
3 5 12 12
5 3 7 7
5 3 7 9
5 4 7 7
5 4 7 9
5 5 7 7
5 5 7 9
5 7 7 9
5 3 9 5
5 3 9 9
5 5 9 9
5 3 11 5
5 3 11 9
5 5 11 9
5 5 12 9
6 3 9 5
6 3 11 5
7 3 9 5
7 3 9 8
7 3 9 9
7 5 9 8
7 5 9 9
7 3 11 5
7 3 11 8
7 3 11 9
7 5 11 8
7 5 11 9
7 5 12 8
7 5 12 9
9 3 11 5
9 3 11 8
9 3 11 9
9 5 11 8
9 5 11 9
9 5 12 8
9 5 12 9
9 5 12 12
9 8 12 12
9 9 12 12
