20 19
0000011111100000000
0000010000101111000
0000010000101001000
0011111111111111110
0011111111111111010
0010001000001111110
0010001001111111100
0010001001001011100
0011111001001011100
0010000001001011100
0010000001001011100
0011111111111111100
0010000011011011100
1111111111111111111
1011111111111110101
1000000011010000101
1000000011111111101
1000000010010000001
1111111111111111111
0000000011110000000
126
1 6 4 11
1 6 5 11
2 13 4 16
2 13 5 16
2 13 6 16
2 13 7 16
2 13 12 16
2 13 14 16
4 13 6 18
4 14 6 18
4 15 6 18
4 16 6 18
4 3 9 7
4 3 12 13
4 3 12 15
4 3 12 16
4 13 12 15
4 13 12 16
4 3 14 13
4 3 14 15
4 3 14 16
4 13 14 15
4 13 14 16
4 3 15 13
4 3 15 15
4 13 15 15
5 3 9 7
5 3 12 13
5 3 12 15
5 3 12 16
5 13 12 15
5 13 12 16
5 3 14 13
5 3 14 15
5 3 14 16
5 13 14 15
5 13 14 16
5 3 15 13
5 3 15 15
5 13 15 15
6 13 12 15
6 13 12 16
6 13 12 17
6 13 14 15
6 13 14 16
6 13 14 17
6 13 15 15
7 10 12 13
7 10 12 15
7 10 12 16
7 10 12 17
7 13 12 15
7 13 12 16
7 13 12 17
7 10 14 13
7 10 14 15
7 10 14 16
7 10 14 17
7 13 14 15
7 13 14 16
7 13 14 17
7 10 15 13
7 10 15 15
7 13 15 15
7 10 17 17
12 3 14 9
12 3 14 10
12 3 14 12
12 3 14 13
12 3 14 15
12 3 14 16
12 3 14 17
12 9 14 12
12 9 14 13
12 9 14 15
12 9 14 16
12 9 14 17
12 10 14 12
12 10 14 13
12 10 14 15
12 10 14 16
12 10 14 17
12 12 14 15
12 12 14 16
12 12 14 17
12 13 14 15
12 13 14 16
12 13 14 17
12 3 15 9
12 3 15 10
12 3 15 12
12 3 15 13
12 3 15 15
12 9 15 12
12 9 15 13
12 9 15 15
12 10 15 12
12 10 15 13
12 10 15 15
12 12 15 15
12 13 15 15
12 9 17 12
12 9 17 17
12 10 17 12
12 10 17 17
12 12 17 17
12 9 19 12
12 9 20 12
14 9 17 12
14 9 17 17
14 10 17 12
14 10 17 17
14 12 17 17
14 1 19 9
14 1 19 12
14 1 19 19
14 9 19 12
14 9 19 19
14 12 19 19
14 9 20 12
15 9 17 12
15 10 17 12
15 9 19 12
15 9 20 12
17 9 19 12
17 9 20 12
