25 13
0000000000000
0000000000000
0000000000000
0000001111100
0000001000100
0000001000100
0000001000100
0000001000100
0000001000100
1111111111100
1000001001100
1111001001100
1101001001100
1111111111100
0101001000100
0111111111100
0111001000100
0111001000100
0111001000100
0111001000100
0111001000100
0111001000100
0010001111100
0011111111100
0000000000000
40
4 7 10 11
4 7 14 11
4 7 16 11
4 7 23 11
4 7 24 11
10 1 14 7
10 1 14 10
10 1 14 11
10 7 14 10
10 7 14 11
10 7 16 11
10 7 23 11
10 7 24 11
12 1 14 4
12 2 14 4
12 2 16 4
12 2 17 4
12 2 18 4
12 2 19 4
12 2 20 4
12 2 21 4
12 2 22 4
14 2 16 4
14 2 16 7
14 2 16 11
14 4 16 7
14 4 16 11
14 7 16 11
14 2 17 4
14 2 18 4
14 2 19 4
14 2 20 4
14 2 21 4
14 2 22 4
14 7 23 11
14 7 24 11
16 7 23 11
16 3 24 7
16 3 24 11
16 7 24 11
