25 17
00000000000000000
00000000000000000
00111111111110000
00100000101110000
00111111111111111
00110000101010001
00110000101010001
00110000101010001
00110000101010001
00110000101010001
00110000101110001
00111111111110001
00111111111110001
00111111111111111
00100000101110000
00100000101110000
00100000101110000
00111111111110000
00111111111110000
00000000100010000
00000000100010000
00001111111110000
00001000001000000
00001000001000000
00001111111000000
148
3 3 5 9
3 3 5 11
3 3 5 12
3 3 5 13
3 9 5 11
3 9 5 12
3 9 5 13
3 11 11 13
3 3 12 9
3 3 12 11
3 3 12 13
3 9 12 11
3 9 12 13
3 11 12 13
3 3 13 9
3 3 13 11
3 3 13 13
3 9 13 11
3 9 13 13
3 11 13 13
3 3 14 9
3 3 14 11
3 3 14 13
3 9 14 11
3 9 14 13
3 11 14 13
3 11 15 13
3 11 16 13
3 11 17 13
3 3 18 9
3 3 18 11
3 3 18 13
3 9 18 11
3 9 18 13
3 11 18 13
3 3 19 9
3 3 19 11
3 3 19 13
3 9 19 11
3 9 19 13
3 11 19 13
3 9 22 13
4 11 11 13
4 11 12 13
4 11 13 13
4 11 14 13
4 11 15 13
4 11 16 13
4 11 17 13
4 11 18 13
4 11 19 13
5 11 11 13
5 3 12 9
5 3 12 11
5 3 12 13
5 4 12 9
5 4 12 11
5 4 12 13
5 9 12 11
5 9 12 13
5 11 12 13
5 3 13 9
5 3 13 11
5 3 13 13
5 4 13 9
5 4 13 11
5 4 13 13
5 9 13 11
5 9 13 13
5 11 13 13
5 3 14 9
5 3 14 11
5 3 14 13
5 3 14 17
5 4 14 9
5 4 14 11
5 4 14 13
5 4 14 17
5 9 14 11
5 9 14 13
5 9 14 17
5 11 14 13
5 11 14 17
5 13 14 17
5 11 15 13
5 11 16 13
5 11 17 13
5 3 18 9
5 3 18 11
5 3 18 13
5 9 18 11
5 9 18 13
5 11 18 13
5 3 19 9
5 3 19 11
5 3 19 13
5 9 19 11
5 9 19 13
5 11 19 13
5 9 22 13
12 3 18 9
12 3 18 11
12 3 18 12
12 3 18 13
12 9 18 11
12 9 18 12
12 9 18 13
12 3 19 9
12 3 19 11
12 3 19 12
12 3 19 13
12 9 19 11
12 9 19 12
12 9 19 13
12 9 22 13
13 3 18 9
13 3 18 11
13 3 18 12
13 3 18 13
13 9 18 11
13 9 18 12
13 9 18 13
13 3 19 9
13 3 19 11
13 3 19 12
13 3 19 13
13 9 19 11
13 9 19 12
13 9 19 13
13 9 22 13
14 3 18 9
14 3 18 11
14 3 18 12
14 3 18 13
14 9 18 11
14 9 18 12
14 9 18 13
14 3 19 9
14 3 19 11
14 3 19 12
14 3 19 13
14 9 19 11
14 9 19 12
14 9 19 13
14 9 22 13
18 9 22 13
19 9 22 13
22 5 25 11
