10 18
000000111111111110
111111111010001010
100111111111111010
100101111011111010
100101111111111110
111111111011111000
100101111111111000
100100010010101000
111111110011101000
000000000011111000
129
1 7 3 11
1 7 3 15
1 8 3 11
1 8 3 15
1 9 3 11
1 9 3 15
1 11 3 15
1 11 4 15
1 7 5 11
1 7 5 15
1 7 5 17
1 8 5 11
1 8 5 15
1 8 5 17
1 9 5 11
1 9 5 15
1 9 5 17
1 11 5 15
1 11 5 17
1 15 5 17
1 11 6 15
1 7 7 11
1 7 7 15
1 8 7 11
1 8 7 15
1 9 7 11
1 9 7 15
1 11 7 15
1 11 10 15
2 1 6 4
2 1 6 6
2 1 6 7
2 1 6 8
2 1 6 9
2 4 6 6
2 4 6 7
2 4 6 8
2 4 6 9
2 1 9 4
2 1 9 8
2 4 9 8
3 6 5 11
3 6 5 12
3 6 5 13
3 6 5 14
3 6 5 15
3 7 5 11
3 7 5 12
3 7 5 13
3 7 5 14
3 7 5 15
3 8 5 11
3 8 5 12
3 8 5 13
3 8 5 14
3 8 5 15
3 9 5 11
3 9 5 12
3 9 5 13
3 9 5 14
3 9 5 15
3 4 6 6
3 4 6 7
3 4 6 8
3 4 6 9
3 6 7 11
3 6 7 12
3 6 7 13
3 6 7 14
3 6 7 15
3 7 7 11
3 7 7 12
3 7 7 13
3 7 7 14
3 7 7 15
3 8 7 11
3 8 7 12
3 8 7 13
3 8 7 14
3 8 7 15
3 9 7 11
3 9 7 12
3 9 7 13
3 9 7 14
3 9 7 15
3 4 9 8
3 11 9 13
3 11 10 13
3 11 10 15
3 13 10 15
4 11 9 13
4 11 10 13
4 11 10 15
4 13 10 15
5 6 7 11
5 6 7 12
5 6 7 13
5 6 7 14
5 6 7 15
5 7 7 11
5 7 7 12
5 7 7 13
5 7 7 14
5 7 7 15
5 8 7 11
5 8 7 12
5 8 7 13
5 8 7 14
5 8 7 15
5 9 7 11
5 9 7 12
5 9 7 13
5 9 7 14
5 9 7 15
5 11 9 13
5 11 10 13
5 11 10 15
5 13 10 15
6 1 9 4
6 1 9 8
6 4 9 8
6 11 9 13
6 11 10 13
6 11 10 15
6 13 10 15
7 11 9 13
7 11 10 13
7 11 10 15
7 13 10 15
