14 23
00011111110000000000000
11111100010000000000000
10010100010000000000000
10111111111111111111100
11111110010000001000100
11111110010000001000100
11111111111111111000100
11111110010000000000100
11111110010000000000100
11111111110000000000100
00111111111111111111100
00000000000000000000000
00000000000000000000000
00000000000000000000000
75
1 4 4 6
1 4 4 10
1 6 4 10
1 4 5 6
1 4 6 6
1 4 7 6
1 4 7 10
1 6 7 10
1 4 8 6
1 4 9 6
1 4 10 6
1 4 10 10
1 6 10 10
1 4 11 6
1 4 11 10
1 6 11 10
2 4 4 6
2 1 5 4
2 1 5 6
2 4 5 6
2 1 6 4
2 1 6 6
2 4 6 6
2 1 7 4
2 1 7 6
2 4 7 6
2 1 8 4
2 1 8 6
2 4 8 6
2 1 9 4
2 1 9 6
2 4 9 6
2 1 10 4
2 1 10 6
2 4 10 6
2 4 11 6
4 3 7 10
4 3 7 17
4 4 7 10
4 4 7 17
4 5 7 10
4 5 7 17
4 6 7 10
4 6 7 17
4 7 7 10
4 7 7 17
4 10 7 17
4 3 10 10
4 4 10 10
4 5 10 10
4 6 10 10
4 7 10 10
4 3 11 10
4 3 11 21
4 4 11 10
4 4 11 21
4 5 11 10
4 5 11 21
4 6 11 10
4 6 11 21
4 7 11 10
4 7 11 21
4 10 11 21
7 1 10 10
7 2 10 10
7 3 10 10
7 4 10 10
7 5 10 10
7 6 10 10
7 7 10 10
7 3 11 10
7 4 11 10
7 5 11 10
7 6 11 10
7 7 11 10
