12 10
0000111111
1111111111
1000100111
1000100111
1011111111
1010100111
1111111111
1011111101
1111111111
0100110101
0111110111
0000000000
69
1 5 5 8
1 5 5 9
1 5 5 10
1 5 7 8
1 5 7 9
1 5 7 10
1 5 8 8
1 5 9 8
1 5 9 10
1 8 9 10
1 8 11 10
2 5 5 8
2 5 5 9
2 5 5 10
2 1 7 5
2 1 7 8
2 1 7 9
2 1 7 10
2 5 7 8
2 5 7 9
2 5 7 10
2 5 8 8
2 1 9 5
2 1 9 8
2 1 9 10
2 5 9 8
2 5 9 10
2 8 9 10
2 8 11 10
3 8 9 10
3 8 11 10
4 8 9 10
4 8 11 10
5 3 7 5
5 3 7 8
5 3 7 9
5 3 7 10
5 5 7 8
5 5 7 9
5 5 7 10
5 3 8 5
5 3 8 8
5 5 8 8
5 3 9 5
5 3 9 8
5 3 9 10
5 5 9 8
5 5 9 10
5 8 9 10
5 8 11 10
6 8 9 10
6 8 11 10
7 1 9 3
7 1 9 4
7 1 9 5
7 1 9 6
7 1 9 7
7 1 9 8
7 1 9 10
7 3 9 10
7 4 9 10
7 5 9 10
7 6 9 10
7 7 9 10
7 8 9 10
7 8 11 10
9 2 11 5
9 2 11 6
9 8 11 10
