17 22
0000111111111111111100
0000100000000000000100
0000100000000000000100
0000111111111111111100
0000110000000000111100
0000110000000000101100
0000111111111111111100
0000100000100000111100
0000100000100000111100
0000100000100000111100
0000100000100000010100
0000100000111111110100
0000100000000000000100
0000100000011110000100
0000111111111111111100
0000000000010010000000
0000000000011110000000
30
1 5 4 20
1 5 7 20
1 5 15 20
4 5 7 17
4 5 7 19
4 5 7 20
4 6 7 17
4 6 7 19
4 6 7 20
4 17 7 19
4 17 7 20
4 17 8 19
4 17 8 20
4 17 9 19
4 17 9 20
4 17 10 19
4 17 10 20
4 5 15 20
5 17 7 19
5 17 7 20
5 17 8 19
5 17 8 20
5 17 9 19
5 17 9 20
5 17 10 19
5 17 10 20
7 11 12 18
7 5 15 20
14 12 17 15
15 12 17 15
