19 10
0111100000
0100100000
1111100000
1101100000
1111100000
0100100000
0111111111
0101111111
0111111111
0101110011
0101111111
0111110010
0111111110
0100100010
0100100010
0100100010
0111100010
0000111110
0000000000
81
1 2 3 5
1 2 5 5
1 2 7 5
1 2 9 5
1 2 12 5
1 2 13 5
1 2 17 5
3 1 5 4
3 1 5 5
3 2 5 4
3 2 5 5
3 2 7 5
3 2 9 5
3 2 12 5
3 2 13 5
3 2 17 5
5 2 7 5
5 2 9 5
5 2 12 5
5 2 13 5
5 2 17 5
7 2 9 4
7 2 9 5
7 2 9 6
7 2 9 7
7 2 9 8
7 2 9 9
7 2 9 10
7 4 11 9
7 4 11 10
7 5 11 9
7 5 11 10
7 6 11 9
7 6 11 10
7 2 12 4
7 2 12 5
7 2 12 6
7 2 13 4
7 2 13 5
7 2 13 6
7 2 13 9
7 4 13 9
7 5 13 9
7 6 13 9
7 2 17 5
7 5 18 9
8 4 11 9
8 4 11 10
8 5 11 9
8 5 11 10
8 6 11 9
8 6 11 10
8 4 13 9
8 5 13 9
8 6 13 9
8 5 18 9
9 4 11 9
9 4 11 10
9 5 11 9
9 5 11 10
9 6 11 9
9 6 11 10
9 2 12 4
9 2 12 5
9 2 12 6
9 2 13 4
9 2 13 5
9 2 13 6
9 2 13 9
9 4 13 9
9 5 13 9
9 6 13 9
9 2 17 5
9 5 18 9
11 4 13 9
11 5 13 9
11 6 13 9
11 5 18 9
12 2 17 5
13 2 17 5
13 5 18 9
