18 12
011110000000
011111111110
111111111110
111111111111
111111011111
111111111111
111111111111
111111111111
011111111111
010111111111
011111111111
011110011111
010111111111
011111111111
011111110011
010111111111
011111111110
000000000000
922
1 2 11 4
1 2 11 5
1 2 12 4
1 2 12 5
1 2 14 4
1 2 14 5
1 2 15 4
1 2 15 5
1 2 17 4
1 2 17 5
2 2 6 8
2 2 6 9
2 2 6 10
2 2 6 11
2 3 6 8
2 3 6 9
2 3 6 10
2 3 6 11
2 4 6 8
2 4 6 9
2 4 6 10
2 4 6 11
2 5 6 8
2 5 6 9
2 5 6 10
2 5 6 11
2 6 6 8
2 6 6 9
2 6 6 10
2 6 6 11
2 2 7 8
2 2 7 9
2 2 7 10
2 2 7 11
2 3 7 8
2 3 7 9
2 3 7 10
2 3 7 11
2 4 7 8
2 4 7 9
2 4 7 10
2 4 7 11
2 5 7 8
2 5 7 9
2 5 7 10
2 5 7 11
2 6 7 8
2 6 7 9
2 6 7 10
2 6 7 11
2 2 8 8
2 2 8 9
2 2 8 10
2 2 8 11
2 3 8 8
2 3 8 9
2 3 8 10
2 3 8 11
2 4 8 8
2 4 8 9
2 4 8 10
2 4 8 11
2 5 8 8
2 5 8 9
2 5 8 10
2 5 8 11
2 6 8 8
2 6 8 9
2 6 8 10
2 6 8 11
2 2 9 8
2 2 9 9
2 2 9 10
2 2 9 11
2 3 9 8
2 3 9 9
2 3 9 10
2 3 9 11
2 4 9 8
2 4 9 9
2 4 9 10
2 4 9 11
2 5 9 8
2 5 9 9
2 5 9 10
2 5 9 11
2 6 9 8
2 6 9 9
2 6 9 10
2 6 9 11
2 4 10 8
2 4 10 9
2 4 10 10
2 4 10 11
2 5 10 8
2 5 10 9
2 5 10 10
2 5 10 11
2 6 10 8
2 6 10 9
2 6 10 10
2 6 10 11
2 2 11 4
2 2 11 5
2 2 11 6
2 2 11 8
2 2 11 9
2 2 11 10
2 2 11 11
2 4 11 8
2 4 11 9
2 4 11 10
2 4 11 11
2 5 11 8
2 5 11 9
2 5 11 10
2 5 11 11
2 6 11 8
2 6 11 9
2 6 11 10
2 6 11 11
2 2 12 4
2 2 12 5
2 4 13 8
2 4 13 9
2 4 13 10
2 4 13 11
2 5 13 8
2 5 13 9
2 5 13 10
2 5 13 11
2 2 14 4
2 2 14 5
2 2 14 8
2 2 14 9
2 2 14 10
2 2 14 11
2 4 14 8
2 4 14 9
2 4 14 10
2 4 14 11
2 5 14 8
2 5 14 9
2 5 14 10
2 5 14 11
2 2 15 4
2 2 15 5
2 2 15 8
2 4 15 8
2 5 15 8
2 4 16 8
2 4 16 11
2 5 16 8
2 5 16 11
2 8 16 11
2 2 17 4
2 2 17 5
2 2 17 8
2 2 17 11
2 4 17 8
2 4 17 11
2 5 17 8
2 5 17 11
2 8 17 11
3 1 6 8
3 1 6 9
3 1 6 10
3 1 6 11
3 2 6 8
3 2 6 9
3 2 6 10
3 2 6 11
3 3 6 8
3 3 6 9
3 3 6 10
3 3 6 11
3 4 6 8
3 4 6 9
3 4 6 10
3 4 6 11
3 5 6 8
3 5 6 9
3 5 6 10
3 5 6 11
3 6 6 8
3 6 6 9
3 6 6 10
3 6 6 11
3 1 7 8
3 1 7 9
3 1 7 10
3 1 7 11
3 2 7 8
3 2 7 9
3 2 7 10
3 2 7 11
3 3 7 8
3 3 7 9
3 3 7 10
3 3 7 11
3 4 7 8
3 4 7 9
3 4 7 10
3 4 7 11
3 5 7 8
3 5 7 9
3 5 7 10
3 5 7 11
3 6 7 8
3 6 7 9
3 6 7 10
3 6 7 11
3 1 8 8
3 1 8 9
3 1 8 10
3 1 8 11
3 2 8 8
3 2 8 9
3 2 8 10
3 2 8 11
3 3 8 8
3 3 8 9
3 3 8 10
3 3 8 11
3 4 8 8
3 4 8 9
3 4 8 10
3 4 8 11
3 5 8 8
3 5 8 9
3 5 8 10
3 5 8 11
3 6 8 8
3 6 8 9
3 6 8 10
3 6 8 11
3 2 9 8
3 2 9 9
3 2 9 10
3 2 9 11
3 3 9 8
3 3 9 9
3 3 9 10
3 3 9 11
3 4 9 8
3 4 9 9
3 4 9 10
3 4 9 11
3 5 9 8
3 5 9 9
3 5 9 10
3 5 9 11
3 6 9 8
3 6 9 9
3 6 9 10
3 6 9 11
3 4 10 8
3 4 10 9
3 4 10 10
3 4 10 11
3 5 10 8
3 5 10 9
3 5 10 10
3 5 10 11
3 6 10 8
3 6 10 9
3 6 10 10
3 6 10 11
3 2 11 4
3 2 11 5
3 2 11 6
3 2 11 8
3 2 11 9
3 2 11 10
3 2 11 11
3 4 11 8
3 4 11 9
3 4 11 10
3 4 11 11
3 5 11 8
3 5 11 9
3 5 11 10
3 5 11 11
3 6 11 8
3 6 11 9
3 6 11 10
3 6 11 11
3 2 12 4
3 2 12 5
3 4 13 8
3 4 13 9
3 4 13 10
3 4 13 11
3 5 13 8
3 5 13 9
3 5 13 10
3 5 13 11
3 2 14 4
3 2 14 5
3 2 14 8
3 2 14 9
3 2 14 10
3 2 14 11
3 4 14 8
3 4 14 9
3 4 14 10
3 4 14 11
3 5 14 8
3 5 14 9
3 5 14 10
3 5 14 11
3 2 15 4
3 2 15 5
3 2 15 8
3 4 15 8
3 5 15 8
3 4 16 8
3 4 16 11
3 5 16 8
3 5 16 11
3 8 16 11
3 2 17 4
3 2 17 5
3 2 17 8
3 2 17 11
3 4 17 8
3 4 17 11
3 5 17 8
3 5 17 11
3 8 17 11
4 1 6 8
4 1 6 9
4 1 6 10
4 1 6 11
4 1 6 12
4 2 6 8
4 2 6 9
4 2 6 10
4 2 6 11
4 2 6 12
4 3 6 8
4 3 6 9
4 3 6 10
4 3 6 11
4 3 6 12
4 4 6 8
4 4 6 9
4 4 6 10
4 4 6 11
4 4 6 12
4 5 6 8
4 5 6 9
4 5 6 10
4 5 6 11
4 5 6 12
4 6 6 8
4 6 6 9
4 6 6 10
4 6 6 11
4 6 6 12
4 1 7 8
4 1 7 9
4 1 7 10
4 1 7 11
4 1 7 12
4 2 7 8
4 2 7 9
4 2 7 10
4 2 7 11
4 2 7 12
4 3 7 8
4 3 7 9
4 3 7 10
4 3 7 11
4 3 7 12
4 4 7 8
4 4 7 9
4 4 7 10
4 4 7 11
4 4 7 12
4 5 7 8
4 5 7 9
4 5 7 10
4 5 7 11
4 5 7 12
4 6 7 8
4 6 7 9
4 6 7 10
4 6 7 11
4 6 7 12
4 1 8 8
4 1 8 9
4 1 8 10
4 1 8 11
4 1 8 12
4 2 8 8
4 2 8 9
4 2 8 10
4 2 8 11
4 2 8 12
4 3 8 8
4 3 8 9
4 3 8 10
4 3 8 11
4 3 8 12
4 4 8 8
4 4 8 9
4 4 8 10
4 4 8 11
4 4 8 12
4 5 8 8
4 5 8 9
4 5 8 10
4 5 8 11
4 5 8 12
4 6 8 8
4 6 8 9
4 6 8 10
4 6 8 11
4 6 8 12
4 2 9 8
4 2 9 9
4 2 9 10
4 2 9 11
4 2 9 12
4 3 9 8
4 3 9 9
4 3 9 10
4 3 9 11
4 3 9 12
4 4 9 8
4 4 9 9
4 4 9 10
4 4 9 11
4 4 9 12
4 5 9 8
4 5 9 9
4 5 9 10
4 5 9 11
4 5 9 12
4 6 9 8
4 6 9 9
4 6 9 10
4 6 9 11
4 6 9 12
4 4 10 8
4 4 10 9
4 4 10 10
4 4 10 11
4 4 10 12
4 5 10 8
4 5 10 9
4 5 10 10
4 5 10 11
4 5 10 12
4 6 10 8
4 6 10 9
4 6 10 10
4 6 10 11
4 6 10 12
4 2 11 4
4 2 11 5
4 2 11 6
4 2 11 8
4 2 11 9
4 2 11 10
4 2 11 11
4 2 11 12
4 4 11 8
4 4 11 9
4 4 11 10
4 4 11 11
4 4 11 12
4 5 11 8
4 5 11 9
4 5 11 10
4 5 11 11
4 5 11 12
4 6 11 8
4 6 11 9
4 6 11 10
4 6 11 11
4 6 11 12
4 2 12 4
4 2 12 5
4 4 13 8
4 4 13 9
4 4 13 10
4 4 13 11
4 4 13 12
4 5 13 8
4 5 13 9
4 5 13 10
4 5 13 11
4 5 13 12
4 2 14 4
4 2 14 5
4 2 14 8
4 2 14 9
4 2 14 10
4 2 14 11
4 2 14 12
4 4 14 8
4 4 14 9
4 4 14 10
4 4 14 11
4 4 14 12
4 5 14 8
4 5 14 9
4 5 14 10
4 5 14 11
4 5 14 12
4 2 15 4
4 2 15 5
4 2 15 8
4 4 15 8
4 5 15 8
4 4 16 8
4 4 16 11
4 4 16 12
4 5 16 8
4 5 16 11
4 5 16 12
4 8 16 11
4 8 16 12
4 2 17 4
4 2 17 5
4 2 17 8
4 2 17 11
4 4 17 8
4 4 17 11
4 5 17 8
4 5 17 11
4 8 17 11
5 2 11 4
5 2 11 5
5 2 11 6
5 2 12 4
5 2 12 5
5 2 14 4
5 2 14 5
5 2 15 4
5 2 15 5
5 8 16 11
5 8 16 12
5 2 17 4
5 2 17 5
5 8 17 11
6 2 11 4
6 2 11 5
6 2 11 6
6 2 11 7
6 2 11 8
6 2 11 9
6 2 11 10
6 2 11 11
6 2 11 12
6 2 12 4
6 2 12 5
6 4 13 8
6 4 13 9
6 4 13 10
6 4 13 11
6 4 13 12
6 5 13 8
6 5 13 9
6 5 13 10
6 5 13 11
6 5 13 12
6 2 14 4
6 2 14 5
6 2 14 8
6 2 14 9
6 2 14 10
6 2 14 11
6 2 14 12
6 4 14 8
6 4 14 9
6 4 14 10
6 4 14 11
6 4 14 12
6 5 14 8
6 5 14 9
6 5 14 10
6 5 14 11
6 5 14 12
6 2 15 4
6 2 15 5
6 2 15 8
6 4 15 8
6 5 15 8
6 4 16 8
6 4 16 11
6 4 16 12
6 5 16 8
6 5 16 11
6 5 16 12
6 8 16 11
6 8 16 12
6 2 17 4
6 2 17 5
6 2 17 8
6 2 17 11
6 4 17 8
6 4 17 11
6 5 17 8
6 5 17 11
6 8 17 11
7 2 11 4
7 2 11 5
7 2 11 6
7 2 11 7
7 2 11 8
7 2 11 9
7 2 11 10
7 2 11 11
7 2 11 12
7 2 12 4
7 2 12 5
7 4 13 8
7 4 13 9
7 4 13 10
7 4 13 11
7 4 13 12
7 5 13 8
7 5 13 9
7 5 13 10
7 5 13 11
7 5 13 12
7 2 14 4
7 2 14 5
7 2 14 8
7 2 14 9
7 2 14 10
7 2 14 11
7 2 14 12
7 4 14 8
7 4 14 9
7 4 14 10
7 4 14 11
7 4 14 12
7 5 14 8
7 5 14 9
7 5 14 10
7 5 14 11
7 5 14 12
7 2 15 4
7 2 15 5
7 2 15 8
7 4 15 8
7 5 15 8
7 4 16 8
7 4 16 11
7 4 16 12
7 5 16 8
7 5 16 11
7 5 16 12
7 8 16 11
7 8 16 12
7 2 17 4
7 2 17 5
7 2 17 8
7 2 17 11
7 4 17 8
7 4 17 11
7 5 17 8
7 5 17 11
7 8 17 11
8 2 11 4
8 2 11 5
8 2 11 6
8 2 11 7
8 2 11 8
8 2 11 9
8 2 11 10
8 2 11 11
8 2 11 12
8 2 12 4
8 2 12 5
8 4 13 8
8 4 13 9
8 4 13 10
8 4 13 11
8 4 13 12
8 5 13 8
8 5 13 9
8 5 13 10
8 5 13 11
8 5 13 12
8 2 14 4
8 2 14 5
8 2 14 8
8 2 14 9
8 2 14 10
8 2 14 11
8 2 14 12
8 4 14 8
8 4 14 9
8 4 14 10
8 4 14 11
8 4 14 12
8 5 14 8
8 5 14 9
8 5 14 10
8 5 14 11
8 5 14 12
8 2 15 4
8 2 15 5
8 2 15 8
8 4 15 8
8 5 15 8
8 4 16 8
8 4 16 11
8 4 16 12
8 5 16 8
8 5 16 11
8 5 16 12
8 8 16 11
8 8 16 12
8 2 17 4
8 2 17 5
8 2 17 8
8 2 17 11
8 4 17 8
8 4 17 11
8 5 17 8
8 5 17 11
8 8 17 11
9 2 11 4
9 2 11 5
9 2 11 6
9 2 11 7
9 2 11 8
9 2 11 9
9 2 11 10
9 2 11 11
9 2 11 12
9 2 12 4
9 2 12 5
9 4 13 8
9 4 13 9
9 4 13 10
9 4 13 11
9 4 13 12
9 5 13 8
9 5 13 9
9 5 13 10
9 5 13 11
9 5 13 12
9 2 14 4
9 2 14 5
9 2 14 8
9 2 14 9
9 2 14 10
9 2 14 11
9 2 14 12
9 4 14 8
9 4 14 9
9 4 14 10
9 4 14 11
9 4 14 12
9 5 14 8
9 5 14 9
9 5 14 10
9 5 14 11
9 5 14 12
9 2 15 4
9 2 15 5
9 2 15 8
9 4 15 8
9 5 15 8
9 4 16 8
9 4 16 11
9 4 16 12
9 5 16 8
9 5 16 11
9 5 16 12
9 8 16 11
9 8 16 12
9 2 17 4
9 2 17 5
9 2 17 8
9 2 17 11
9 4 17 8
9 4 17 11
9 5 17 8
9 5 17 11
9 8 17 11
10 4 13 8
10 4 13 9
10 4 13 10
10 4 13 11
10 4 13 12
10 5 13 8
10 5 13 9
10 5 13 10
10 5 13 11
10 5 13 12
10 4 14 8
10 4 14 9
10 4 14 10
10 4 14 11
10 4 14 12
10 5 14 8
10 5 14 9
10 5 14 10
10 5 14 11
10 5 14 12
10 4 15 8
10 5 15 8
10 4 16 8
10 4 16 11
10 4 16 12
10 5 16 8
10 5 16 11
10 5 16 12
10 8 16 11
10 8 16 12
10 4 17 8
10 4 17 11
10 5 17 8
10 5 17 11
10 8 17 11
11 4 13 8
11 4 13 9
11 4 13 10
11 4 13 11
11 4 13 12
11 5 13 8
11 5 13 9
11 5 13 10
11 5 13 11
11 5 13 12
11 2 14 4
11 2 14 5
11 2 14 8
11 2 14 9
11 2 14 10
11 2 14 11
11 2 14 12
11 4 14 8
11 4 14 9
11 4 14 10
11 4 14 11
11 4 14 12
11 5 14 8
11 5 14 9
11 5 14 10
11 5 14 11
11 5 14 12
11 2 15 4
11 2 15 5
11 2 15 8
11 4 15 8
11 5 15 8
11 4 16 8
11 4 16 11
11 4 16 12
11 5 16 8
11 5 16 11
11 5 16 12
11 8 16 11
11 8 16 12
11 2 17 4
11 2 17 5
11 2 17 8
11 2 17 11
11 4 17 8
11 4 17 11
11 5 17 8
11 5 17 11
11 8 17 11
12 2 14 4
12 2 14 5
12 2 15 4
12 2 15 5
12 8 16 11
12 8 16 12
12 2 17 4
12 2 17 5
12 8 17 11
13 4 16 11
13 4 16 12
13 5 16 11
13 5 16 12
13 6 16 11
13 6 16 12
13 7 16 11
13 7 16 12
13 8 16 11
13 8 16 12
13 4 17 11
13 5 17 11
13 6 17 11
13 7 17 11
13 8 17 11
14 4 16 11
14 4 16 12
14 5 16 11
14 5 16 12
14 6 16 11
14 6 16 12
14 7 16 11
14 7 16 12
14 8 16 11
14 8 16 12
14 2 17 4
14 2 17 5
14 2 17 6
14 2 17 7
14 2 17 8
14 2 17 11
14 4 17 11
14 5 17 11
14 6 17 11
14 7 17 11
14 8 17 11
15 2 17 4
15 2 17 5
15 2 17 6
15 2 17 7
15 2 17 8
