19 15
000001111100000
111001000100000
101001111100000
101111100000000
111111100000000
111000100000000
111000100000000
111000100000000
111000100000000
111111100000000
111111100000000
101010000000000
101010000000000
101010000000000
111110000000000
101000000000000
101000000000000
111000000000000
000000000000000
37
1 6 3 10
2 1 5 3
2 1 6 3
2 1 7 3
2 1 8 3
2 1 9 3
2 1 10 3
2 1 11 3
2 1 15 3
2 1 18 3
4 3 10 7
4 3 11 7
5 1 10 7
5 2 10 7
5 3 10 7
5 1 11 7
5 2 11 7
5 3 11 7
5 1 15 3
5 1 18 3
6 1 15 3
6 1 18 3
7 1 15 3
7 1 18 3
8 1 15 3
8 1 18 3
9 1 15 3
9 1 18 3
10 1 15 3
10 1 15 5
10 3 15 5
10 1 18 3
11 1 15 3
11 1 15 5
11 3 15 5
11 1 18 3
15 1 18 3
