10 10
1111111000
1111111111
1100111111
1111111111
1110111111
1111111111
0110100111
0111111111
0100111111
0111111110
130
1 1 4 5
1 1 4 6
1 1 4 7
1 2 4 5
1 2 4 6
1 2 4 7
1 1 6 5
1 1 6 6
1 1 6 7
1 2 6 5
1 2 6 6
1 2 6 7
1 2 8 5
1 2 10 5
2 1 4 5
2 1 4 6
2 1 4 7
2 1 4 8
2 1 4 9
2 1 4 10
2 2 4 5
2 2 4 6
2 2 4 7
2 2 4 8
2 2 4 9
2 2 4 10
2 1 6 5
2 1 6 6
2 1 6 7
2 1 6 8
2 1 6 9
2 1 6 10
2 2 6 5
2 2 6 6
2 2 6 7
2 2 6 8
2 2 6 9
2 2 6 10
2 2 8 5
2 2 8 8
2 2 8 9
2 2 8 10
2 5 8 8
2 5 8 9
2 5 8 10
2 5 9 8
2 5 9 9
2 5 9 10
2 2 10 5
2 2 10 8
2 2 10 9
2 5 10 8
2 5 10 9
3 5 8 8
3 5 8 9
3 5 8 10
3 5 9 8
3 5 9 9
3 5 9 10
3 5 10 8
3 5 10 9
4 1 6 5
4 1 6 6
4 1 6 7
4 1 6 8
4 1 6 9
4 1 6 10
4 2 6 5
4 2 6 6
4 2 6 7
4 2 6 8
4 2 6 9
4 2 6 10
4 3 6 5
4 3 6 6
4 3 6 7
4 3 6 8
4 3 6 9
4 3 6 10
4 2 8 5
4 2 8 8
4 2 8 9
4 2 8 10
4 3 8 5
4 3 8 8
4 3 8 9
4 3 8 10
4 5 8 8
4 5 8 9
4 5 8 10
4 5 9 8
4 5 9 9
4 5 9 10
4 2 10 5
4 2 10 8
4 2 10 9
4 5 10 8
4 5 10 9
5 5 8 8
5 5 8 9
5 5 8 10
5 5 9 8
5 5 9 9
5 5 9 10
5 5 10 8
5 5 10 9
6 2 8 5
6 2 8 8
6 2 8 9
6 2 8 10
6 3 8 5
6 3 8 8
6 3 8 9
6 3 8 10
6 5 8 8
6 5 8 9
6 5 8 10
6 5 9 8
6 5 9 9
6 5 9 10
6 2 10 5
6 2 10 8
6 2 10 9
6 5 10 8
6 5 10 9
8 2 10 5
8 2 10 6
8 2 10 7
8 2 10 8
8 2 10 9
