19 18
000111111111000000
011111111111100000
010100010011100000
011111111111111111
010101110011100101
011111111111111111
010111111111100100
011111111111111100
010000010011111110
010000010011110110
010000010011110110
010000010011110110
010000010011110110
010000010011111110
010000010010110100
011111111111110100
000000000000100100
000000000000111100
000000000000000000
242
1 4 4 8
1 4 4 11
1 4 4 12
1 8 4 11
1 8 4 12
1 4 6 8
1 4 6 11
1 4 6 12
1 8 6 11
1 8 6 12
1 4 7 8
1 4 7 11
1 4 7 12
1 8 7 11
1 8 7 12
1 4 8 8
1 4 8 11
1 4 8 12
1 8 8 11
1 8 8 12
1 8 16 11
2 2 4 4
2 2 4 8
2 2 4 11
2 2 4 12
2 2 4 13
2 4 4 8
2 4 4 11
2 4 4 12
2 4 4 13
2 8 4 11
2 8 4 12
2 8 4 13
2 2 6 4
2 2 6 8
2 2 6 11
2 2 6 12
2 2 6 13
2 4 6 8
2 4 6 11
2 4 6 12
2 4 6 13
2 8 6 11
2 8 6 12
2 8 6 13
2 4 7 8
2 4 7 11
2 4 7 12
2 4 7 13
2 8 7 11
2 8 7 12
2 8 7 13
2 2 8 4
2 2 8 8
2 2 8 11
2 2 8 12
2 2 8 13
2 4 8 8
2 4 8 11
2 4 8 12
2 4 8 13
2 8 8 11
2 8 8 12
2 8 8 13
2 2 16 8
2 2 16 11
2 2 16 13
2 8 16 11
2 8 16 13
2 11 16 13
3 11 16 13
4 2 6 4
4 2 6 6
4 2 6 7
4 2 6 8
4 2 6 11
4 2 6 12
4 2 6 13
4 2 6 16
4 2 6 18
4 4 6 6
4 4 6 7
4 4 6 8
4 4 6 11
4 4 6 12
4 4 6 13
4 4 6 16
4 4 6 18
4 6 6 11
4 6 6 12
4 6 6 13
4 6 6 16
4 6 6 18
4 7 6 11
4 7 6 12
4 7 6 13
4 7 6 16
4 7 6 18
4 8 6 11
4 8 6 12
4 8 6 13
4 8 6 16
4 8 6 18
4 11 6 16
4 11 6 18
4 12 6 16
4 12 6 18
4 13 6 16
4 13 6 18
4 16 6 18
4 4 7 6
4 4 7 7
4 4 7 8
4 4 7 11
4 4 7 12
4 4 7 13
4 6 7 11
4 6 7 12
4 6 7 13
4 7 7 11
4 7 7 12
4 7 7 13
4 8 7 11
4 8 7 12
4 8 7 13
4 2 8 4
4 2 8 6
4 2 8 7
4 2 8 8
4 2 8 11
4 2 8 12
4 2 8 13
4 2 8 16
4 4 8 6
4 4 8 7
4 4 8 8
4 4 8 11
4 4 8 12
4 4 8 13
4 4 8 16
4 6 8 11
4 6 8 12
4 6 8 13
4 6 8 16
4 7 8 11
4 7 8 12
4 7 8 13
4 7 8 16
4 8 8 11
4 8 8 12
4 8 8 13
4 8 8 16
4 11 8 16
4 12 8 16
4 13 8 16
4 11 9 16
4 12 9 16
4 13 9 16
4 11 14 16
4 12 14 16
4 13 14 16
4 2 16 8
4 2 16 11
4 2 16 13
4 8 16 11
4 8 16 13
4 11 16 13
4 13 18 16
5 11 16 13
6 2 8 4
6 2 8 5
6 2 8 6
6 2 8 7
6 2 8 8
6 2 8 9
6 2 8 10
6 2 8 11
6 2 8 12
6 2 8 13
6 2 8 16
6 4 8 16
6 5 8 16
6 6 8 16
6 7 8 16
6 8 8 16
6 9 8 16
6 10 8 16
6 11 8 16
6 12 8 16
6 13 8 16
6 11 9 16
6 12 9 16
6 13 9 16
6 11 14 16
6 12 14 16
6 13 14 16
6 2 16 8
6 2 16 11
6 2 16 13
6 8 16 11
6 8 16 13
6 11 16 13
6 13 18 16
7 8 16 11
7 8 16 13
7 11 16 13
8 11 14 16
8 12 14 16
8 13 14 16
8 14 14 16
8 2 16 8
8 2 16 11
8 2 16 13
8 2 16 14
8 8 16 11
8 8 16 13
8 8 16 14
8 11 16 13
8 11 16 14
8 13 18 16
9 11 14 16
9 11 14 17
9 12 14 16
9 12 14 17
9 13 14 16
9 13 14 17
9 14 14 16
9 14 14 17
9 11 16 13
9 11 16 14
9 13 18 16
10 11 16 13
10 11 16 14
11 11 16 13
11 11 16 14
12 11 16 13
12 11 16 14
13 11 16 13
13 11 16 14
14 11 16 13
14 11 16 14
14 13 18 16
