18 25
0000001111111001111111000
0000001101001001000001000
0000001111111111100001000
0011111101001001100001000
0010111111001001100001000
0010101111111111100001000
0010101111001001000001000
1111111111111111111111100
1010101111001001000001100
1010111111001001000001100
1010001101001001000001100
1010111111111001111111100
1010101101001000000000100
1111111111111111111111100
0010101101001000000000000
0011111101001000000000000
0000101111111000000000000
0000111111111000000000000
264
1 7 3 10
1 7 3 13
1 8 3 10
1 8 3 13
1 10 3 13
1 7 5 10
1 8 5 10
1 7 6 10
1 7 6 13
1 8 6 10
1 8 6 13
1 10 6 13
1 7 7 10
1 8 7 10
1 7 8 10
1 7 8 13
1 8 8 10
1 8 8 13
1 10 8 13
1 16 8 22
1 7 9 10
1 8 9 10
1 7 10 10
1 8 10 10
1 7 12 10
1 7 12 13
1 8 12 10
1 8 12 13
1 10 12 13
1 16 12 22
1 7 14 10
1 7 14 13
1 8 14 10
1 8 14 13
1 10 14 13
1 7 17 10
1 7 17 13
1 8 17 10
1 8 17 13
1 10 17 13
1 7 18 10
1 7 18 13
1 8 18 10
1 8 18 13
1 10 18 13
3 7 5 10
3 8 5 10
3 7 6 10
3 7 6 13
3 7 6 16
3 7 6 17
3 8 6 10
3 8 6 13
3 8 6 16
3 8 6 17
3 10 6 13
3 10 6 16
3 10 6 17
3 13 6 16
3 13 6 17
3 7 7 10
3 8 7 10
3 7 8 10
3 7 8 13
3 7 8 16
3 8 8 10
3 8 8 13
3 8 8 16
3 10 8 13
3 10 8 16
3 13 8 16
3 7 9 10
3 8 9 10
3 7 10 10
3 8 10 10
3 7 12 10
3 7 12 13
3 8 12 10
3 8 12 13
3 10 12 13
3 7 14 10
3 7 14 13
3 8 14 10
3 8 14 13
3 10 14 13
3 7 17 10
3 7 17 13
3 8 17 10
3 8 17 13
3 10 17 13
3 7 18 10
3 7 18 13
3 8 18 10
3 8 18 13
3 10 18 13
4 3 8 5
4 3 8 7
4 3 8 8
4 5 8 7
4 5 8 8
4 5 10 7
4 5 10 8
4 3 14 7
4 3 14 8
4 3 16 7
4 3 16 8
5 5 8 7
5 5 8 8
5 5 8 9
5 5 8 10
5 5 10 7
5 5 10 8
5 5 10 9
5 5 10 10
5 7 12 10
5 8 12 10
5 7 14 10
5 8 14 10
5 7 17 10
5 8 17 10
5 7 18 10
5 8 18 10
6 7 8 13
6 7 8 16
6 8 8 13
6 8 8 16
6 9 8 13
6 9 8 16
6 10 8 13
6 10 8 16
6 13 8 16
6 7 12 10
6 7 12 13
6 8 12 10
6 8 12 13
6 10 12 13
6 7 14 10
6 7 14 13
6 8 14 10
6 8 14 13
6 10 14 13
6 7 17 10
6 7 17 13
6 8 17 10
6 8 17 13
6 10 17 13
6 7 18 10
6 7 18 13
6 8 18 10
6 8 18 13
6 10 18 13
7 7 12 10
7 8 12 10
7 7 14 10
7 8 14 10
7 7 17 10
7 8 17 10
7 7 18 10
7 8 18 10
8 5 10 7
8 5 10 8
8 5 10 9
8 5 10 10
8 7 12 10
8 7 12 13
8 8 12 10
8 8 12 13
8 10 12 13
8 16 12 22
8 16 12 23
8 1 14 3
8 1 14 7
8 1 14 8
8 1 14 10
8 1 14 13
8 1 14 23
8 3 14 7
8 3 14 8
8 3 14 10
8 3 14 13
8 3 14 23
8 7 14 10
8 7 14 13
8 7 14 23
8 8 14 10
8 8 14 13
8 8 14 23
8 10 14 13
8 10 14 23
8 13 14 23
8 3 16 7
8 3 16 8
8 7 17 10
8 7 17 13
8 8 17 10
8 8 17 13
8 10 17 13
8 7 18 10
8 7 18 13
8 8 18 10
8 8 18 13
8 10 18 13
9 7 12 10
9 8 12 10
9 7 14 10
9 8 14 10
9 7 17 10
9 8 17 10
9 7 18 10
9 8 18 10
10 7 12 10
10 8 12 10
10 7 14 10
10 8 14 10
10 7 17 10
10 8 17 10
10 7 18 10
10 8 18 10
12 5 14 7
12 5 14 8
12 5 14 10
12 5 14 13
12 7 14 10
12 7 14 13
12 8 14 10
12 8 14 13
12 10 14 13
12 5 16 7
12 5 16 8
12 7 17 10
12 7 17 13
12 8 17 10
12 8 17 13
12 10 17 13
12 5 18 7
12 5 18 8
12 5 18 10
12 5 18 13
12 7 18 10
12 7 18 13
12 8 18 10
12 8 18 13
12 10 18 13
14 3 16 5
14 3 16 7
14 3 16 8
14 5 16 7
14 5 16 8
14 7 17 10
14 7 17 13
14 8 17 10
14 8 17 13
14 10 17 13
14 5 18 7
14 5 18 8
14 5 18 10
14 5 18 13
14 7 18 10
14 7 18 13
14 8 18 10
14 8 18 13
14 10 18 13
16 5 18 7
16 5 18 8
