22 22
0001111100000000000000
0001000100000000000000
0001000100000000000000
0001000100000000000000
0001000100001111111111
0001000100001000000001
0001000100001000000001
0001000100001000000001
0001000100001000000001
0001000100001000000001
0001000100001000000001
0001000100001000000001
0001000100001000000001
0001000100001000000001
0001000100001000000001
0001000100001000000001
0001000100001000000001
0001000100001000000001
0001000100001000000001
0001000100001000000001
0001111100001000000001
0000000000001111111111
2
1 4 21 8
5 13 22 22
