16 17
00111111111000000
00100000111111111
00111111111111111
00000001111111111
00000011111111111
00111111111111111
00111111111111111
00110011111101101
00110011111111101
00111111111111111
00111111111111111
00111111111111100
00100100110111100
00111111111111100
00111111111110000
00000111100000000
660
1 3 3 9
1 3 3 10
1 3 3 11
2 9 9 14
2 9 9 15
2 10 9 14
2 10 9 15
2 11 9 14
2 11 9 15
2 12 9 14
2 12 9 15
2 9 10 14
2 9 10 15
2 9 10 17
2 10 10 14
2 10 10 15
2 10 10 17
2 11 10 14
2 11 10 15
2 11 10 17
2 12 10 14
2 12 10 15
2 12 10 17
2 14 10 17
2 15 10 17
2 9 11 14
2 9 11 15
2 9 11 17
2 10 11 14
2 10 11 15
2 10 11 17
2 11 11 14
2 11 11 15
2 11 11 17
2 12 11 14
2 12 11 15
2 12 11 17
2 14 11 17
2 15 11 17
2 9 12 14
2 9 12 15
2 10 12 14
2 10 12 15
2 11 12 14
2 11 12 15
2 12 12 14
2 12 12 15
2 12 13 14
2 12 13 15
2 9 14 12
2 9 14 14
2 9 14 15
2 10 14 12
2 10 14 14
2 10 14 15
2 12 14 14
2 12 14 15
2 9 15 12
2 10 15 12
3 8 9 14
3 8 9 15
3 9 9 14
3 9 9 15
3 10 9 14
3 10 9 15
3 11 9 14
3 11 9 15
3 12 9 14
3 12 9 15
3 8 10 14
3 8 10 15
3 8 10 17
3 9 10 14
3 9 10 15
3 9 10 17
3 10 10 14
3 10 10 15
3 10 10 17
3 11 10 14
3 11 10 15
3 11 10 17
3 12 10 14
3 12 10 15
3 12 10 17
3 14 10 17
3 15 10 17
3 8 11 14
3 8 11 15
3 8 11 17
3 9 11 14
3 9 11 15
3 9 11 17
3 10 11 14
3 10 11 15
3 10 11 17
3 11 11 14
3 11 11 15
3 11 11 17
3 12 11 14
3 12 11 15
3 12 11 17
3 14 11 17
3 15 11 17
3 8 12 14
3 8 12 15
3 9 12 14
3 9 12 15
3 10 12 14
3 10 12 15
3 11 12 14
3 11 12 15
3 12 12 14
3 12 12 15
3 12 13 14
3 12 13 15
3 9 14 12
3 9 14 14
3 9 14 15
3 10 14 12
3 10 14 14
3 10 14 15
3 12 14 14
3 12 14 15
3 9 15 12
3 10 15 12
4 8 9 14
4 8 9 15
4 9 9 14
4 9 9 15
4 10 9 14
4 10 9 15
4 11 9 14
4 11 9 15
4 12 9 14
4 12 9 15
4 8 10 14
4 8 10 15
4 8 10 17
4 9 10 14
4 9 10 15
4 9 10 17
4 10 10 14
4 10 10 15
4 10 10 17
4 11 10 14
4 11 10 15
4 11 10 17
4 12 10 14
4 12 10 15
4 12 10 17
4 14 10 17
4 15 10 17
4 8 11 14
4 8 11 15
4 8 11 17
4 9 11 14
4 9 11 15
4 9 11 17
4 10 11 14
4 10 11 15
4 10 11 17
4 11 11 14
4 11 11 15
4 11 11 17
4 12 11 14
4 12 11 15
4 12 11 17
4 14 11 17
4 15 11 17
4 8 12 14
4 8 12 15
4 9 12 14
4 9 12 15
4 10 12 14
4 10 12 15
4 11 12 14
4 11 12 15
4 12 12 14
4 12 12 15
4 12 13 14
4 12 13 15
4 9 14 12
4 9 14 14
4 9 14 15
4 10 14 12
4 10 14 14
4 10 14 15
4 12 14 14
4 12 14 15
4 9 15 12
4 10 15 12
5 7 9 14
5 7 9 15
5 8 9 14
5 8 9 15
5 9 9 14
5 9 9 15
5 10 9 14
5 10 9 15
5 11 9 14
5 11 9 15
5 12 9 14
5 12 9 15
5 7 10 14
5 7 10 15
5 7 10 17
5 8 10 14
5 8 10 15
5 8 10 17
5 9 10 14
5 9 10 15
5 9 10 17
5 10 10 14
5 10 10 15
5 10 10 17
5 11 10 14
5 11 10 15
5 11 10 17
5 12 10 14
5 12 10 15
5 12 10 17
5 14 10 17
5 15 10 17
5 7 11 14
5 7 11 15
5 7 11 17
5 8 11 14
5 8 11 15
5 8 11 17
5 9 11 14
5 9 11 15
5 9 11 17
5 10 11 14
5 10 11 15
5 10 11 17
5 11 11 14
5 11 11 15
5 11 11 17
5 12 11 14
5 12 11 15
5 12 11 17
5 14 11 17
5 15 11 17
5 7 12 14
5 7 12 15
5 8 12 14
5 8 12 15
5 9 12 14
5 9 12 15
5 10 12 14
5 10 12 15
5 11 12 14
5 11 12 15
5 12 12 14
5 12 12 15
5 12 13 14
5 12 13 15
5 9 14 12
5 9 14 14
5 9 14 15
5 10 14 12
5 10 14 14
5 10 14 15
5 12 14 14
5 12 14 15
5 9 15 12
5 10 15 12
6 7 9 14
6 7 9 15
6 8 9 14
6 8 9 15
6 9 9 14
6 9 9 15
6 10 9 14
6 10 9 15
6 11 9 14
6 11 9 15
6 12 9 14
6 12 9 15
6 3 10 7
6 3 10 8
6 3 10 9
6 3 10 10
6 3 10 11
6 3 10 12
6 3 10 14
6 3 10 15
6 3 10 17
6 4 10 7
6 4 10 8
6 4 10 9
6 4 10 10
6 4 10 11
6 4 10 12
6 4 10 14
6 4 10 15
6 4 10 17
6 7 10 14
6 7 10 15
6 7 10 17
6 8 10 14
6 8 10 15
6 8 10 17
6 9 10 14
6 9 10 15
6 9 10 17
6 10 10 14
6 10 10 15
6 10 10 17
6 11 10 14
6 11 10 15
6 11 10 17
6 12 10 14
6 12 10 15
6 12 10 17
6 14 10 17
6 15 10 17
6 3 11 7
6 3 11 8
6 3 11 9
6 3 11 10
6 3 11 11
6 3 11 12
6 3 11 14
6 3 11 15
6 3 11 17
6 4 11 7
6 4 11 8
6 4 11 9
6 4 11 10
6 4 11 11
6 4 11 12
6 4 11 14
6 4 11 15
6 4 11 17
6 7 11 14
6 7 11 15
6 7 11 17
6 8 11 14
6 8 11 15
6 8 11 17
6 9 11 14
6 9 11 15
6 9 11 17
6 10 11 14
6 10 11 15
6 10 11 17
6 11 11 14
6 11 11 15
6 11 11 17
6 12 11 14
6 12 11 15
6 12 11 17
6 14 11 17
6 15 11 17
6 3 12 7
6 3 12 8
6 3 12 9
6 3 12 10
6 3 12 11
6 3 12 12
6 3 12 14
6 3 12 15
6 4 12 7
6 4 12 8
6 4 12 9
6 4 12 10
6 4 12 11
6 4 12 12
6 4 12 14
6 4 12 15
6 7 12 14
6 7 12 15
6 8 12 14
6 8 12 15
6 9 12 14
6 9 12 15
6 10 12 14
6 10 12 15
6 11 12 14
6 11 12 15
6 12 12 14
6 12 12 15
6 12 13 14
6 12 13 15
6 3 14 9
6 3 14 10
6 3 14 12
6 3 14 14
6 3 14 15
6 9 14 12
6 9 14 14
6 9 14 15
6 10 14 12
6 10 14 14
6 10 14 15
6 12 14 14
6 12 14 15
6 3 15 9
6 3 15 10
6 3 15 12
6 9 15 12
6 10 15 12
7 7 9 14
7 7 9 15
7 8 9 14
7 8 9 15
7 9 9 14
7 9 9 15
7 10 9 14
7 10 9 15
7 11 9 14
7 11 9 15
7 12 9 14
7 12 9 15
7 3 10 7
7 3 10 8
7 3 10 9
7 3 10 10
7 3 10 11
7 3 10 12
7 3 10 14
7 3 10 15
7 3 10 17
7 4 10 7
7 4 10 8
7 4 10 9
7 4 10 10
7 4 10 11
7 4 10 12
7 4 10 14
7 4 10 15
7 4 10 17
7 7 10 14
7 7 10 15
7 7 10 17
7 8 10 14
7 8 10 15
7 8 10 17
7 9 10 14
7 9 10 15
7 9 10 17
7 10 10 14
7 10 10 15
7 10 10 17
7 11 10 14
7 11 10 15
7 11 10 17
7 12 10 14
7 12 10 15
7 12 10 17
7 14 10 17
7 15 10 17
7 3 11 7
7 3 11 8
7 3 11 9
7 3 11 10
7 3 11 11
7 3 11 12
7 3 11 14
7 3 11 15
7 3 11 17
7 4 11 7
7 4 11 8
7 4 11 9
7 4 11 10
7 4 11 11
7 4 11 12
7 4 11 14
7 4 11 15
7 4 11 17
7 7 11 14
7 7 11 15
7 7 11 17
7 8 11 14
7 8 11 15
7 8 11 17
7 9 11 14
7 9 11 15
7 9 11 17
7 10 11 14
7 10 11 15
7 10 11 17
7 11 11 14
7 11 11 15
7 11 11 17
7 12 11 14
7 12 11 15
7 12 11 17
7 14 11 17
7 15 11 17
7 3 12 7
7 3 12 8
7 3 12 9
7 3 12 10
7 3 12 11
7 3 12 12
7 3 12 14
7 3 12 15
7 4 12 7
7 4 12 8
7 4 12 9
7 4 12 10
7 4 12 11
7 4 12 12
7 4 12 14
7 4 12 15
7 7 12 14
7 7 12 15
7 8 12 14
7 8 12 15
7 9 12 14
7 9 12 15
7 10 12 14
7 10 12 15
7 11 12 14
7 11 12 15
7 12 12 14
7 12 12 15
7 12 13 14
7 12 13 15
7 3 14 9
7 3 14 10
7 3 14 12
7 3 14 14
7 3 14 15
7 9 14 12
7 9 14 14
7 9 14 15
7 10 14 12
7 10 14 14
7 10 14 15
7 12 14 14
7 12 14 15
7 3 15 9
7 3 15 10
7 3 15 12
7 9 15 12
7 10 15 12
8 9 14 12
8 10 14 12
8 9 15 12
8 10 15 12
9 9 14 12
9 9 14 13
9 9 14 14
9 9 14 15
9 10 14 12
9 10 14 13
9 10 14 14
9 10 14 15
9 9 15 12
9 9 15 13
9 10 15 12
9 10 15 13
10 3 14 6
10 3 14 9
10 3 14 10
10 3 14 12
10 3 14 13
10 3 14 14
10 3 14 15
10 6 14 9
10 6 14 10
10 6 14 12
10 6 14 13
10 6 14 14
10 6 14 15
10 9 14 12
10 9 14 13
10 9 14 14
10 9 14 15
10 10 14 12
10 10 14 13
10 10 14 14
10 10 14 15
10 3 15 6
10 3 15 9
10 3 15 10
10 3 15 12
10 3 15 13
10 6 15 9
10 6 15 10
10 6 15 12
10 6 15 13
10 9 15 12
10 9 15 13
10 10 15 12
10 10 15 13
10 6 16 9
11 3 14 6
11 3 14 9
11 3 14 10
11 3 14 12
11 3 14 13
11 3 14 14
11 3 14 15
11 6 14 9
11 6 14 10
11 6 14 12
11 6 14 13
11 6 14 14
11 6 14 15
11 9 14 12
11 9 14 13
11 9 14 14
11 9 14 15
11 10 14 12
11 10 14 13
11 10 14 14
11 10 14 15
11 3 15 6
11 3 15 9
11 3 15 10
11 3 15 12
11 3 15 13
11 6 15 9
11 6 15 10
11 6 15 12
11 6 15 13
11 9 15 12
11 9 15 13
11 10 15 12
11 10 15 13
11 6 16 9
12 3 14 6
12 3 14 9
12 3 14 10
12 3 14 12
12 3 14 13
12 3 14 14
12 3 14 15
12 6 14 9
12 6 14 10
12 6 14 12
12 6 14 13
12 6 14 14
12 6 14 15
12 9 14 12
12 9 14 13
12 9 14 14
12 9 14 15
12 10 14 12
12 10 14 13
12 10 14 14
12 10 14 15
12 3 15 6
12 3 15 9
12 3 15 10
12 3 15 12
12 3 15 13
12 6 15 9
12 6 15 10
12 6 15 12
12 6 15 13
12 9 15 12
12 9 15 13
12 10 15 12
12 10 15 13
12 6 16 9
