19 12
001110000000
011111111110
011010110010
011010110010
111111110010
101011110010
101011110010
101011111110
111111111110
111111111110
011011111110
011011111100
011111111100
010011111100
010011111100
011111111100
011111111100
010011100100
011111111100
193
1 3 5 5
1 3 9 5
1 3 10 5
1 3 13 5
2 2 5 5
2 2 5 7
2 2 5 8
2 3 5 5
2 3 5 7
2 3 5 8
2 5 5 7
2 5 5 8
2 5 6 7
2 5 6 8
2 5 7 7
2 5 7 8
2 5 8 7
2 5 8 8
2 5 8 11
2 7 8 11
2 8 8 11
2 3 9 5
2 3 9 7
2 3 9 8
2 3 9 11
2 5 9 7
2 5 9 8
2 5 9 11
2 7 9 11
2 8 9 11
2 3 10 5
2 3 10 7
2 3 10 8
2 3 10 11
2 5 10 7
2 5 10 8
2 5 10 11
2 7 10 11
2 8 10 11
2 5 11 7
2 5 11 8
2 5 11 11
2 7 11 11
2 8 11 11
2 5 12 7
2 5 12 8
2 3 13 5
2 3 13 7
2 3 13 8
2 5 13 7
2 5 13 8
2 5 14 7
2 5 14 8
2 5 15 7
2 5 15 8
2 5 16 7
2 5 16 8
2 5 17 7
2 5 17 8
2 5 18 7
2 5 19 7
5 1 9 3
5 1 9 5
5 1 9 6
5 1 9 7
5 1 9 8
5 3 9 5
5 3 9 6
5 3 9 7
5 3 9 8
5 1 10 3
5 1 10 5
5 1 10 6
5 1 10 7
5 1 10 8
5 3 10 5
5 3 10 6
5 3 10 7
5 3 10 8
5 3 13 5
5 3 13 6
5 3 13 7
5 3 13 8
8 5 19 10
8 6 19 10
8 7 19 10
9 2 13 5
9 2 13 6
9 2 13 7
9 2 13 8
9 2 13 9
9 2 13 10
9 3 13 5
9 3 13 6
9 3 13 7
9 3 13 8
9 3 13 9
9 3 13 10
9 2 16 5
9 2 16 6
9 2 16 7
9 2 16 8
9 2 16 9
9 2 16 10
9 2 17 5
9 2 17 6
9 2 17 7
9 2 17 8
9 2 17 9
9 2 17 10
9 2 19 5
9 2 19 6
9 2 19 7
9 2 19 10
9 5 19 10
9 6 19 10
9 7 19 10
10 2 13 5
10 2 13 6
10 2 13 7
10 2 13 8
10 2 13 9
10 2 13 10
10 3 13 5
10 3 13 6
10 3 13 7
10 3 13 8
10 3 13 9
10 3 13 10
10 2 16 5
10 2 16 6
10 2 16 7
10 2 16 8
10 2 16 9
10 2 16 10
10 2 17 5
10 2 17 6
10 2 17 7
10 2 17 8
10 2 17 9
10 2 17 10
10 2 19 5
10 2 19 6
10 2 19 7
10 2 19 10
10 5 19 10
10 6 19 10
10 7 19 10
11 5 19 10
11 6 19 10
11 7 19 10
12 5 19 10
12 6 19 10
12 7 19 10
13 2 16 5
13 2 16 6
13 2 16 7
13 2 16 8
13 2 16 9
13 2 16 10
13 2 17 5
13 2 17 6
13 2 17 7
13 2 17 8
13 2 17 9
13 2 17 10
13 2 19 5
13 2 19 6
13 2 19 7
13 2 19 10
13 5 19 10
13 6 19 10
13 7 19 10
14 5 19 10
14 6 19 10
14 7 19 10
15 5 19 10
15 6 19 10
15 7 19 10
16 2 19 5
16 2 19 6
16 2 19 7
16 2 19 10
16 5 19 10
16 6 19 10
16 7 19 10
17 2 19 5
17 2 19 6
17 2 19 7
17 2 19 10
17 5 19 10
17 6 19 10
17 7 19 10
