10 10
0111011100
0111010100
0111111100
0111110100
0101111111
1111111111
1111101111
1111111111
1011111111
1111000000
89
1 6 3 8
1 6 5 8
1 2 6 4
1 6 6 8
1 2 7 4
1 2 8 4
2 2 6 4
2 2 7 4
2 2 8 4
3 4 5 8
3 5 5 8
3 6 5 8
3 2 6 4
3 2 6 5
3 2 6 6
3 2 6 8
3 4 6 8
3 5 6 8
3 6 6 8
3 2 7 4
3 2 7 5
3 2 8 4
3 2 8 5
3 2 8 8
3 4 8 8
3 5 8 8
3 4 9 8
3 5 9 8
4 2 6 4
4 2 6 5
4 2 6 6
4 2 7 4
4 2 7 5
4 2 8 4
4 2 8 5
5 4 8 7
5 4 8 8
5 4 8 9
5 4 8 10
5 5 8 7
5 5 8 8
5 5 8 9
5 5 8 10
5 4 9 7
5 4 9 8
5 4 9 9
5 4 9 10
5 5 9 7
5 5 9 8
5 5 9 9
5 5 9 10
6 1 8 7
6 1 8 8
6 1 8 9
6 1 8 10
6 2 8 7
6 2 8 8
6 2 8 9
6 2 8 10
6 3 8 7
6 3 8 8
6 3 8 9
6 3 8 10
6 4 8 7
6 4 8 8
6 4 8 9
6 4 8 10
6 5 8 7
6 5 8 8
6 5 8 9
6 5 8 10
6 3 9 7
6 3 9 8
6 3 9 9
6 3 9 10
6 4 9 7
6 4 9 8
6 4 9 9
6 4 9 10
6 5 9 7
6 5 9 8
6 5 9 9
6 5 9 10
6 1 10 3
6 1 10 4
7 1 10 3
7 1 10 4
8 1 10 3
8 1 10 4
