14 14
11111111111000
11111111111000
11111111111000
11011010111000
11011010111110
11111111111010
11111111111111
11111111110011
11111111110011
11111111111111
10110110111110
10110110110000
10111111110000
11111111110000
521
1 1 6 4
1 1 6 5
1 1 6 7
1 1 6 9
1 1 6 10
1 1 6 11
1 2 6 4
1 2 6 5
1 2 6 7
1 2 6 9
1 2 6 10
1 2 6 11
1 4 6 7
1 4 6 9
1 4 6 10
1 4 6 11
1 5 6 7
1 5 6 9
1 5 6 10
1 5 6 11
1 7 6 9
1 7 6 10
1 7 6 11
1 1 7 4
1 1 7 5
1 1 7 7
1 1 7 9
1 1 7 10
1 1 7 11
1 2 7 4
1 2 7 5
1 2 7 7
1 2 7 9
1 2 7 10
1 2 7 11
1 4 7 7
1 4 7 9
1 4 7 10
1 4 7 11
1 5 7 7
1 5 7 9
1 5 7 10
1 5 7 11
1 7 7 9
1 7 7 10
1 7 7 11
1 1 8 4
1 1 8 5
1 1 8 7
1 1 8 9
1 1 8 10
1 2 8 4
1 2 8 5
1 2 8 7
1 2 8 9
1 2 8 10
1 4 8 7
1 4 8 9
1 4 8 10
1 5 8 7
1 5 8 9
1 5 8 10
1 7 8 9
1 7 8 10
1 1 9 4
1 1 9 5
1 1 9 7
1 1 9 9
1 1 9 10
1 2 9 4
1 2 9 5
1 2 9 7
1 2 9 9
1 2 9 10
1 4 9 7
1 4 9 9
1 4 9 10
1 5 9 7
1 5 9 9
1 5 9 10
1 7 9 9
1 7 9 10
1 1 10 4
1 1 10 5
1 1 10 7
1 1 10 9
1 1 10 10
1 2 10 4
1 2 10 5
1 2 10 7
1 2 10 9
1 2 10 10
1 4 10 7
1 4 10 9
1 4 10 10
1 5 10 7
1 5 10 9
1 5 10 10
1 7 10 9
1 7 10 10
1 4 13 7
1 4 13 9
1 4 13 10
1 7 13 9
1 7 13 10
1 1 14 4
1 1 14 7
1 1 14 9
1 1 14 10
1 4 14 7
1 4 14 9
1 4 14 10
1 7 14 9
1 7 14 10
2 1 6 4
2 1 6 5
2 1 6 7
2 1 6 9
2 1 6 10
2 1 6 11
2 2 6 4
2 2 6 5
2 2 6 7
2 2 6 9
2 2 6 10
2 2 6 11
2 4 6 7
2 4 6 9
2 4 6 10
2 4 6 11
2 5 6 7
2 5 6 9
2 5 6 10
2 5 6 11
2 7 6 9
2 7 6 10
2 7 6 11
2 1 7 4
2 1 7 5
2 1 7 7
2 1 7 9
2 1 7 10
2 1 7 11
2 2 7 4
2 2 7 5
2 2 7 7
2 2 7 9
2 2 7 10
2 2 7 11
2 4 7 7
2 4 7 9
2 4 7 10
2 4 7 11
2 5 7 7
2 5 7 9
2 5 7 10
2 5 7 11
2 7 7 9
2 7 7 10
2 7 7 11
2 1 8 4
2 1 8 5
2 1 8 7
2 1 8 9
2 1 8 10
2 2 8 4
2 2 8 5
2 2 8 7
2 2 8 9
2 2 8 10
2 4 8 7
2 4 8 9
2 4 8 10
2 5 8 7
2 5 8 9
2 5 8 10
2 7 8 9
2 7 8 10
2 1 9 4
2 1 9 5
2 1 9 7
2 1 9 9
2 1 9 10
2 2 9 4
2 2 9 5
2 2 9 7
2 2 9 9
2 2 9 10
2 4 9 7
2 4 9 9
2 4 9 10
2 5 9 7
2 5 9 9
2 5 9 10
2 7 9 9
2 7 9 10
2 1 10 4
2 1 10 5
2 1 10 7
2 1 10 9
2 1 10 10
2 2 10 4
2 2 10 5
2 2 10 7
2 2 10 9
2 2 10 10
2 4 10 7
2 4 10 9
2 4 10 10
2 5 10 7
2 5 10 9
2 5 10 10
2 7 10 9
2 7 10 10
2 4 13 7
2 4 13 9
2 4 13 10
2 7 13 9
2 7 13 10
2 1 14 4
2 1 14 7
2 1 14 9
2 1 14 10
2 4 14 7
2 4 14 9
2 4 14 10
2 7 14 9
2 7 14 10
3 1 6 4
3 1 6 5
3 1 6 7
3 1 6 9
3 1 6 10
3 1 6 11
3 2 6 4
3 2 6 5
3 2 6 7
3 2 6 9
3 2 6 10
3 2 6 11
3 4 6 7
3 4 6 9
3 4 6 10
3 4 6 11
3 5 6 7
3 5 6 9
3 5 6 10
3 5 6 11
3 7 6 9
3 7 6 10
3 7 6 11
3 1 7 4
3 1 7 5
3 1 7 7
3 1 7 9
3 1 7 10
3 1 7 11
3 2 7 4
3 2 7 5
3 2 7 7
3 2 7 9
3 2 7 10
3 2 7 11
3 4 7 7
3 4 7 9
3 4 7 10
3 4 7 11
3 5 7 7
3 5 7 9
3 5 7 10
3 5 7 11
3 7 7 9
3 7 7 10
3 7 7 11
3 1 8 4
3 1 8 5
3 1 8 7
3 1 8 9
3 1 8 10
3 2 8 4
3 2 8 5
3 2 8 7
3 2 8 9
3 2 8 10
3 4 8 7
3 4 8 9
3 4 8 10
3 5 8 7
3 5 8 9
3 5 8 10
3 7 8 9
3 7 8 10
3 1 9 4
3 1 9 5
3 1 9 7
3 1 9 9
3 1 9 10
3 2 9 4
3 2 9 5
3 2 9 7
3 2 9 9
3 2 9 10
3 4 9 7
3 4 9 9
3 4 9 10
3 5 9 7
3 5 9 9
3 5 9 10
3 7 9 9
3 7 9 10
3 1 10 4
3 1 10 5
3 1 10 7
3 1 10 9
3 1 10 10
3 2 10 4
3 2 10 5
3 2 10 7
3 2 10 9
3 2 10 10
3 4 10 7
3 4 10 9
3 4 10 10
3 5 10 7
3 5 10 9
3 5 10 10
3 7 10 9
3 7 10 10
3 4 13 7
3 4 13 9
3 4 13 10
3 7 13 9
3 7 13 10
3 1 14 4
3 1 14 7
3 1 14 9
3 1 14 10
3 4 14 7
3 4 14 9
3 4 14 10
3 7 14 9
3 7 14 10
5 9 7 13
5 10 7 13
5 11 7 13
5 9 10 13
5 10 10 13
5 9 11 13
5 10 11 13
6 3 13 6
6 3 13 7
6 3 13 9
6 3 13 10
6 4 13 6
6 4 13 7
6 4 13 9
6 4 13 10
6 6 13 9
6 6 13 10
6 7 13 9
6 7 13 10
6 1 14 3
6 1 14 4
6 1 14 6
6 1 14 7
6 1 14 9
6 1 14 10
6 3 14 6
6 3 14 7
6 3 14 9
6 3 14 10
6 4 14 6
6 4 14 7
6 4 14 9
6 4 14 10
6 6 14 9
6 6 14 10
6 7 14 9
6 7 14 10
7 1 10 13
7 1 10 14
7 2 10 13
7 2 10 14
7 3 10 13
7 3 10 14
7 4 10 13
7 4 10 14
7 5 10 13
7 5 10 14
7 6 10 13
7 6 10 14
7 7 10 13
7 7 10 14
7 8 10 13
7 8 10 14
7 9 10 13
7 9 10 14
7 10 10 13
7 10 10 14
7 9 11 13
7 10 11 13
7 3 13 6
7 3 13 7
7 3 13 9
7 3 13 10
7 4 13 6
7 4 13 7
7 4 13 9
7 4 13 10
7 6 13 9
7 6 13 10
7 7 13 9
7 7 13 10
7 1 14 3
7 1 14 4
7 1 14 6
7 1 14 7
7 1 14 9
7 1 14 10
7 3 14 6
7 3 14 7
7 3 14 9
7 3 14 10
7 4 14 6
7 4 14 7
7 4 14 9
7 4 14 10
7 6 14 9
7 6 14 10
7 7 14 9
7 7 14 10
8 3 13 6
8 3 13 7
8 3 13 9
8 3 13 10
8 4 13 6
8 4 13 7
8 4 13 9
8 4 13 10
8 6 13 9
8 6 13 10
8 7 13 9
8 7 13 10
8 1 14 3
8 1 14 4
8 1 14 6
8 1 14 7
8 1 14 9
8 1 14 10
8 3 14 6
8 3 14 7
8 3 14 9
8 3 14 10
8 4 14 6
8 4 14 7
8 4 14 9
8 4 14 10
8 6 14 9
8 6 14 10
8 7 14 9
8 7 14 10
9 3 13 6
9 3 13 7
9 3 13 9
9 3 13 10
9 4 13 6
9 4 13 7
9 4 13 9
9 4 13 10
9 6 13 9
9 6 13 10
9 7 13 9
9 7 13 10
9 1 14 3
9 1 14 4
9 1 14 6
9 1 14 7
9 1 14 9
9 1 14 10
9 3 14 6
9 3 14 7
9 3 14 9
9 3 14 10
9 4 14 6
9 4 14 7
9 4 14 9
9 4 14 10
9 6 14 9
9 6 14 10
9 7 14 9
9 7 14 10
10 3 13 6
10 3 13 7
10 3 13 9
10 3 13 10
10 4 13 6
10 4 13 7
10 4 13 9
10 4 13 10
10 6 13 9
10 6 13 10
10 7 13 9
10 7 13 10
10 1 14 3
10 1 14 4
10 1 14 6
10 1 14 7
10 1 14 9
10 1 14 10
10 3 14 6
10 3 14 7
10 3 14 9
10 3 14 10
10 4 14 6
10 4 14 7
10 4 14 9
10 4 14 10
10 6 14 9
10 6 14 10
10 7 14 9
10 7 14 10
