22 17
00000000000000000
00000111111111100
01110100000000100
01010100001110100
01010100001010100
01010100001010100
01111111111111100
01010000001110100
01010000001111100
01010000000100000
01010000000100000
01110000000100000
01000000000100000
01000000000100000
01000000000100000
01000000000100000
01000000000100000
01111111111100000
00000000000000000
00000000000011110
00000000000010010
00000000000011110
12
2 6 7 15
3 2 7 4
3 2 12 4
4 11 7 13
4 11 8 13
4 11 9 13
7 11 9 15
7 12 9 15
7 13 9 15
7 2 12 4
7 2 18 12
20 13 22 16
