12 19
0000111111111100000
0001111100000100000
0001111111111111110
0001101100000000010
0001101100000000010
0001101100000000010
0001101111111111110
0001111111111111111
0001111000100001001
0001111111111111111
0001111111111111000
0000000000111111000
67
1 5 3 14
1 6 3 14
1 7 3 14
1 8 3 14
1 5 8 7
1 5 8 8
1 5 9 7
1 5 10 7
1 5 11 7
2 4 8 7
2 4 8 8
2 5 8 7
2 5 8 8
2 4 9 7
2 5 9 7
2 4 10 7
2 5 10 7
2 4 11 7
2 5 11 7
3 7 7 18
3 8 7 18
3 4 8 7
3 4 8 8
3 4 8 18
3 5 8 7
3 5 8 8
3 5 8 18
3 7 8 18
3 8 8 18
3 4 9 7
3 5 9 7
3 4 10 7
3 5 10 7
3 4 11 7
3 5 11 7
7 7 10 11
7 7 10 16
7 11 10 16
7 7 11 11
7 7 11 16
7 11 11 16
7 11 12 16
8 4 10 11
8 4 10 16
8 4 10 19
8 5 10 11
8 5 10 16
8 5 10 19
8 6 10 11
8 6 10 16
8 6 10 19
8 7 10 11
8 7 10 16
8 7 10 19
8 11 10 16
8 11 10 19
8 16 10 19
8 4 11 11
8 4 11 16
8 5 11 11
8 5 11 16
8 6 11 11
8 6 11 16
8 7 11 11
8 7 11 16
8 11 11 16
8 11 12 16
