17 20
00000000000000000000
00000111111110000000
00000110000110000000
01111111111110111100
01001111111110100100
01001110001010100100
01111111111010100100
00000010000010100100
00000010000010100100
00000010000011111110
00000010000011100110
00000010000011111110
00001111111111000010
00001010000011000010
00001111111111000010
00000011111111111110
00000000000000000000
46
2 6 4 12
2 6 4 13
2 7 4 12
2 7 4 13
2 6 5 12
2 6 5 13
2 7 5 12
2 7 5 13
2 7 13 13
2 7 15 13
2 7 16 13
4 2 7 5
4 2 7 6
4 2 7 7
4 2 7 11
4 5 7 11
4 6 7 11
4 7 7 11
4 15 10 18
4 15 12 18
4 7 13 13
4 7 15 13
4 7 16 13
5 5 7 11
5 6 7 11
5 7 7 11
5 7 13 13
5 7 15 13
5 7 16 13
10 13 12 18
10 13 12 19
10 14 12 18
10 14 12 19
10 15 12 18
10 15 12 19
10 13 16 19
10 14 16 19
12 13 16 19
12 14 16 19
13 5 15 7
13 5 15 13
13 5 15 14
13 7 15 13
13 7 15 14
13 7 16 13
13 7 16 14
