13 14
00000000000000
00000000000000
11111111111111
11111111100011
11111111111111
11111111111111
11111111111111
10111001100011
10111001111111
11111001100011
11111111111111
11110001100010
00000001111110
214
3 1 5 13
3 1 5 14
3 2 5 13
3 2 5 14
3 3 5 13
3 3 5 14
3 4 5 13
3 4 5 14
3 5 5 13
3 5 5 14
3 6 5 13
3 6 5 14
3 7 5 13
3 7 5 14
3 8 5 13
3 8 5 14
3 9 5 13
3 9 5 14
3 1 6 13
3 1 6 14
3 2 6 13
3 2 6 14
3 3 6 13
3 3 6 14
3 4 6 13
3 4 6 14
3 5 6 13
3 5 6 14
3 6 6 13
3 6 6 14
3 7 6 13
3 7 6 14
3 8 6 13
3 8 6 14
3 9 6 13
3 9 6 14
3 1 7 13
3 1 7 14
3 2 7 13
3 2 7 14
3 3 7 13
3 3 7 14
3 4 7 13
3 4 7 14
3 5 7 13
3 5 7 14
3 6 7 13
3 6 7 14
3 7 7 13
3 7 7 14
3 8 7 13
3 8 7 14
3 9 7 13
3 9 7 14
3 8 9 13
3 8 9 14
3 9 9 13
3 9 9 14
3 1 10 3
3 1 10 4
3 1 10 5
3 1 11 3
3 1 11 4
3 1 11 5
3 1 11 8
3 1 11 9
3 1 11 13
3 1 11 14
3 3 11 8
3 3 11 9
3 3 11 13
3 3 11 14
3 4 11 8
3 4 11 9
3 4 11 13
3 4 11 14
3 5 11 8
3 5 11 9
3 5 11 13
3 5 11 14
3 8 11 13
3 8 11 14
3 9 11 13
3 9 11 14
3 1 12 3
3 1 12 4
3 8 13 13
3 9 13 13
4 1 10 3
4 1 10 4
4 1 10 5
4 1 11 3
4 1 11 4
4 1 11 5
4 1 11 8
4 1 11 9
4 3 11 8
4 3 11 9
4 4 11 8
4 4 11 9
4 5 11 8
4 5 11 9
4 1 12 3
4 1 12 4
5 8 9 13
5 8 9 14
5 9 9 13
5 9 9 14
5 1 10 3
5 1 10 4
5 1 10 5
5 1 11 3
5 1 11 4
5 1 11 5
5 1 11 8
5 1 11 9
5 1 11 13
5 1 11 14
5 3 11 8
5 3 11 9
5 3 11 13
5 3 11 14
5 4 11 8
5 4 11 9
5 4 11 13
5 4 11 14
5 5 11 8
5 5 11 9
5 5 11 13
5 5 11 14
5 8 11 13
5 8 11 14
5 9 11 13
5 9 11 14
5 1 12 3
5 1 12 4
5 8 13 13
5 9 13 13
6 8 9 13
6 8 9 14
6 9 9 13
6 9 9 14
6 1 10 3
6 1 10 4
6 1 10 5
6 1 11 3
6 1 11 4
6 1 11 5
6 1 11 8
6 1 11 9
6 1 11 13
6 1 11 14
6 3 11 8
6 3 11 9
6 3 11 13
6 3 11 14
6 4 11 8
6 4 11 9
6 4 11 13
6 4 11 14
6 5 11 8
6 5 11 9
6 5 11 13
6 5 11 14
6 8 11 13
6 8 11 14
6 9 11 13
6 9 11 14
6 1 12 3
6 1 12 4
6 8 13 13
6 9 13 13
7 8 9 13
7 8 9 14
7 9 9 13
7 9 9 14
7 1 10 3
7 1 10 4
7 1 10 5
7 1 11 3
7 1 11 4
7 1 11 5
7 1 11 8
7 1 11 9
7 1 11 13
7 1 11 14
7 3 11 8
7 3 11 9
7 3 11 13
7 3 11 14
7 4 11 8
7 4 11 9
7 4 11 13
7 4 11 14
7 5 11 8
7 5 11 9
7 5 11 13
7 5 11 14
7 8 11 13
7 8 11 14
7 9 11 13
7 9 11 14
7 1 12 3
7 1 12 4
7 8 13 13
7 9 13 13
9 8 11 13
9 8 11 14
9 9 11 13
9 9 11 14
9 8 13 13
9 9 13 13
11 8 13 13
11 9 13 13
