16 14
11111111111000
10010111111110
10010111111110
10010101101110
10111111111110
10110111101110
10111111111110
10011111111110
10011100101110
11111100101110
00011100101110
00011100101110
00011100101110
00011111111110
00010111111110
00011111111100
314
1 4 5 6
1 4 5 8
1 4 5 9
1 4 5 11
1 6 5 8
1 6 5 9
1 6 5 11
1 8 5 11
1 9 5 11
1 6 6 8
1 6 6 9
1 4 7 6
1 4 7 8
1 4 7 9
1 4 7 11
1 6 7 8
1 6 7 9
1 6 7 11
1 8 7 11
1 9 7 11
1 4 8 6
1 4 8 8
1 4 8 9
1 4 8 11
1 6 8 8
1 6 8 9
1 6 8 11
1 8 8 11
1 9 8 11
1 4 9 6
1 1 10 4
1 1 10 6
1 4 10 6
1 4 11 6
1 4 12 6
1 4 13 6
1 4 14 6
1 4 14 9
1 4 14 11
1 6 14 9
1 6 14 11
1 9 14 11
1 6 15 9
1 6 15 11
1 9 15 11
1 4 16 6
1 4 16 9
1 4 16 11
1 6 16 9
1 6 16 11
1 9 16 11
2 6 5 8
2 6 5 9
2 6 5 11
2 6 5 12
2 6 5 13
2 8 5 11
2 8 5 12
2 8 5 13
2 9 5 11
2 9 5 12
2 9 5 13
2 6 6 8
2 6 6 9
2 6 7 8
2 6 7 9
2 6 7 11
2 6 7 12
2 6 7 13
2 8 7 11
2 8 7 12
2 8 7 13
2 9 7 11
2 9 7 12
2 9 7 13
2 6 8 8
2 6 8 9
2 6 8 11
2 6 8 12
2 6 8 13
2 8 8 11
2 8 8 12
2 8 8 13
2 9 8 11
2 9 8 12
2 9 8 13
2 6 14 9
2 6 14 11
2 6 14 12
2 6 14 13
2 9 14 11
2 9 14 12
2 9 14 13
2 6 15 9
2 6 15 11
2 6 15 12
2 6 15 13
2 9 15 11
2 9 15 12
2 9 15 13
2 6 16 9
2 6 16 11
2 6 16 12
2 9 16 11
2 9 16 12
3 6 5 8
3 6 5 9
3 6 5 11
3 6 5 12
3 6 5 13
3 8 5 11
3 8 5 12
3 8 5 13
3 9 5 11
3 9 5 12
3 9 5 13
3 6 6 8
3 6 6 9
3 6 7 8
3 6 7 9
3 6 7 11
3 6 7 12
3 6 7 13
3 8 7 11
3 8 7 12
3 8 7 13
3 9 7 11
3 9 7 12
3 9 7 13
3 6 8 8
3 6 8 9
3 6 8 11
3 6 8 12
3 6 8 13
3 8 8 11
3 8 8 12
3 8 8 13
3 9 8 11
3 9 8 12
3 9 8 13
3 6 14 9
3 6 14 11
3 6 14 12
3 6 14 13
3 9 14 11
3 9 14 12
3 9 14 13
3 6 15 9
3 6 15 11
3 6 15 12
3 6 15 13
3 9 15 11
3 9 15 12
3 9 15 13
3 6 16 9
3 6 16 11
3 6 16 12
3 9 16 11
3 9 16 12
5 3 7 6
5 3 7 7
5 3 7 8
5 3 7 9
5 3 7 11
5 3 7 12
5 3 7 13
5 4 7 6
5 4 7 7
5 4 7 8
5 4 7 9
5 4 7 11
5 4 7 12
5 4 7 13
5 6 7 11
5 6 7 12
5 6 7 13
5 7 7 11
5 7 7 12
5 7 7 13
5 8 7 11
5 8 7 12
5 8 7 13
5 9 7 11
5 9 7 12
5 9 7 13
5 4 8 6
5 4 8 7
5 4 8 8
5 4 8 9
5 4 8 11
5 4 8 12
5 4 8 13
5 6 8 11
5 6 8 12
5 6 8 13
5 7 8 11
5 7 8 12
5 7 8 13
5 8 8 11
5 8 8 12
5 8 8 13
5 9 8 11
5 9 8 12
5 9 8 13
5 4 9 6
5 4 10 6
5 4 11 6
5 4 12 6
5 4 13 6
5 4 14 6
5 4 14 9
5 4 14 11
5 4 14 12
5 4 14 13
5 6 14 9
5 6 14 11
5 6 14 12
5 6 14 13
5 9 14 11
5 9 14 12
5 9 14 13
5 6 15 9
5 6 15 11
5 6 15 12
5 6 15 13
5 9 15 11
5 9 15 12
5 9 15 13
5 4 16 6
5 4 16 9
5 4 16 11
5 4 16 12
5 6 16 9
5 6 16 11
5 6 16 12
5 9 16 11
5 9 16 12
6 6 14 9
6 6 15 9
6 6 16 9
7 4 14 9
7 4 14 11
7 4 14 12
7 4 14 13
7 5 14 9
7 5 14 11
7 5 14 12
7 5 14 13
7 6 14 9
7 6 14 11
7 6 14 12
7 6 14 13
7 9 14 11
7 9 14 12
7 9 14 13
7 6 15 9
7 6 15 11
7 6 15 12
7 6 15 13
7 9 15 11
7 9 15 12
7 9 15 13
7 4 16 6
7 4 16 9
7 4 16 11
7 4 16 12
7 6 16 9
7 6 16 11
7 6 16 12
7 9 16 11
7 9 16 12
8 4 14 9
8 4 14 11
8 4 14 12
8 4 14 13
8 5 14 9
8 5 14 11
8 5 14 12
8 5 14 13
8 6 14 9
8 6 14 11
8 6 14 12
8 6 14 13
8 9 14 11
8 9 14 12
8 9 14 13
8 6 15 9
8 6 15 11
8 6 15 12
8 6 15 13
8 9 15 11
8 9 15 12
8 9 15 13
8 4 16 6
8 4 16 9
8 4 16 11
8 4 16 12
8 6 16 9
8 6 16 11
8 6 16 12
8 9 16 11
8 9 16 12
9 4 16 6
10 4 16 6
11 4 16 6
12 4 16 6
13 4 16 6
14 4 16 6
14 4 16 7
14 4 16 8
14 4 16 9
14 4 16 10
14 4 16 11
14 4 16 12
