17 25
0000000000111111111111110
0000000000100000000000010
0000000000100000000000010
0000000000100000111100010
0000000000100000100100010
0000000000111111111111110
0000000000111111100100000
0000011111111111111110000
0000010000100001100110000
0000011111111111111110000
0000000000000000000000000
0000000000000000000111110
0000000000000000000100010
0000000000000000000100010
0000000000000000000100010
0000000000000000000100010
0000000000000000000111110
32
1 11 6 24
4 17 6 20
4 17 8 20
4 17 10 20
6 11 8 20
6 12 8 20
6 13 8 20
6 14 8 20
6 15 8 20
6 16 8 20
6 17 8 20
6 11 10 16
6 11 10 17
6 11 10 20
6 16 10 20
6 17 10 20
7 11 10 16
7 11 10 17
8 6 10 11
8 6 10 16
8 6 10 17
8 6 10 20
8 6 10 21
8 11 10 16
8 11 10 17
8 11 10 20
8 11 10 21
8 16 10 20
8 16 10 21
8 17 10 20
8 17 10 21
12 20 17 24
