15 17
00111111111111110
00100000011100010
00111111111111110
00100001010100000
11111111111111111
10100001010100001
11111111010100001
11111111111111111
10001000010100000
11111000010100000
00000000011100000
00001111111111110
00001000000000010
00001000000000010
00001111111111110
59
1 3 3 10
1 3 3 11
1 3 3 12
1 3 3 16
1 10 3 16
1 11 3 16
1 12 3 16
1 3 5 10
1 3 5 12
1 10 5 12
1 3 8 10
1 3 8 12
1 10 8 12
1 10 11 12
1 10 12 12
2 10 5 12
2 10 8 12
2 10 11 12
2 10 12 12
3 3 5 8
3 3 5 10
3 3 5 12
3 8 5 10
3 8 5 12
3 10 5 12
3 3 7 8
3 3 8 8
3 3 8 10
3 3 8 12
3 8 8 10
3 8 8 12
3 10 8 12
3 10 11 12
3 10 12 12
5 1 7 3
5 1 7 8
5 3 7 8
5 1 8 3
5 1 8 8
5 1 8 10
5 1 8 12
5 1 8 17
5 3 8 8
5 3 8 10
5 3 8 12
5 3 8 17
5 8 8 10
5 8 8 12
5 8 8 17
5 10 8 12
5 10 8 17
5 12 8 17
5 10 11 12
5 10 12 12
7 1 10 5
8 1 10 5
8 10 11 12
8 10 12 12
12 5 15 16
