21 24
001111111111111100000000
001000000000000100000000
001111111111111111000000
001100000000000101111100
001100000000000101000100
011111111111111111111100
011101000000000101000000
011101111111111111111000
011101000000000101001000
011101000000000101001000
011101111111111111111000
011101000000000101000000
011111111111111101000000
011101000000000001000000
011101000000000001000000
011111111111111111000000
001101000000000001000000
001101000000000001000000
001111000000000001000000
000100000000000001000000
000111111111111111000000
57
1 3 3 16
1 3 6 16
1 3 13 16
3 3 6 16
3 3 6 18
3 4 6 16
3 4 6 18
3 16 6 18
3 16 8 18
3 16 11 18
3 3 13 16
3 4 13 16
3 3 16 18
3 4 16 18
3 4 21 18
4 18 6 22
6 6 8 16
6 6 8 18
6 16 8 18
6 6 11 16
6 6 11 18
6 16 11 18
6 2 13 6
6 2 13 16
6 3 13 6
6 3 13 16
6 4 13 6
6 4 13 16
6 6 13 16
6 2 16 6
6 2 16 18
6 3 16 6
6 3 16 18
6 4 16 6
6 4 16 18
6 6 16 18
6 3 19 6
6 4 19 6
6 4 21 18
8 6 11 16
8 6 11 18
8 6 11 21
8 16 11 18
8 16 11 21
8 18 11 21
8 6 13 16
8 6 16 18
11 6 13 16
11 6 16 18
13 2 16 6
13 3 16 6
13 4 16 6
13 3 19 6
13 4 19 6
16 3 19 6
16 4 19 6
16 4 21 18
