25 15
000000111111111
011111111110001
010000110111111
010000110110011
010000110110011
010000110110011
010000110110011
010000111110011
010000110110011
010000110110011
010000111111011
010000110111111
010000110111011
010001111111111
011111111111011
000001110111011
000001110111011
000001110111011
000001111111011
000001110111011
000001111111011
000001110101011
000001111111111
000001100111111
000001111111110
298
1 10 3 15
1 11 3 15
1 7 8 10
1 7 8 11
1 8 8 10
1 8 8 11
1 7 11 10
1 7 11 11
1 8 11 10
1 8 11 11
1 10 12 15
1 11 12 15
1 7 14 10
1 7 14 11
1 7 14 15
1 8 14 10
1 8 14 11
1 8 14 15
1 10 14 15
1 11 14 15
1 7 15 10
1 7 15 11
1 8 15 10
1 8 15 11
1 7 19 10
1 7 19 11
1 8 19 10
1 8 19 11
1 7 21 10
1 7 21 11
1 8 21 10
1 8 21 11
1 7 23 10
1 7 23 15
1 8 23 10
1 8 23 15
1 10 23 15
1 10 24 15
1 7 25 10
2 7 8 10
2 7 8 11
2 8 8 10
2 8 8 11
2 7 11 10
2 7 11 11
2 8 11 10
2 8 11 11
2 7 14 10
2 7 14 11
2 8 14 10
2 8 14 11
2 2 15 7
2 2 15 8
2 2 15 10
2 2 15 11
2 7 15 10
2 7 15 11
2 8 15 10
2 8 15 11
2 7 19 10
2 7 19 11
2 8 19 10
2 8 19 11
2 7 21 10
2 7 21 11
2 8 21 10
2 8 21 11
2 7 23 10
2 8 23 10
2 7 25 10
3 10 12 14
3 10 12 15
3 11 12 14
3 11 12 15
3 10 14 14
3 10 14 15
3 11 14 14
3 11 14 15
3 10 23 14
3 10 23 15
3 10 24 14
3 10 24 15
3 10 25 14
8 7 11 10
8 7 11 11
8 8 11 10
8 8 11 11
8 7 14 10
8 7 14 11
8 8 14 10
8 8 14 11
8 7 15 10
8 7 15 11
8 8 15 10
8 8 15 11
8 7 19 10
8 7 19 11
8 8 19 10
8 8 19 11
8 7 21 10
8 7 21 11
8 8 21 10
8 8 21 11
8 7 23 10
8 8 23 10
8 7 25 10
11 7 14 10
11 7 14 11
11 7 14 12
11 8 14 10
11 8 14 11
11 8 14 12
11 7 15 10
11 7 15 11
11 7 15 12
11 8 15 10
11 8 15 11
11 8 15 12
11 7 19 10
11 7 19 11
11 7 19 12
11 8 19 10
11 8 19 11
11 8 19 12
11 7 21 10
11 7 21 11
11 7 21 12
11 8 21 10
11 8 21 11
11 8 21 12
11 7 23 10
11 7 23 12
11 8 23 10
11 8 23 12
11 10 23 12
11 10 24 12
11 7 25 10
11 7 25 12
11 10 25 12
12 10 14 14
12 10 14 15
12 11 14 14
12 11 14 15
12 12 14 14
12 12 14 15
12 10 23 12
12 10 23 14
12 10 23 15
12 12 23 14
12 12 23 15
12 10 24 12
12 10 24 14
12 10 24 15
12 12 24 14
12 12 24 15
12 10 25 12
12 10 25 14
12 12 25 14
13 10 23 12
13 10 24 12
13 10 25 12
14 6 19 10
14 6 19 11
14 6 19 12
14 7 19 10
14 7 19 11
14 7 19 12
14 8 19 10
14 8 19 11
14 8 19 12
14 6 21 10
14 6 21 11
14 6 21 12
14 7 21 10
14 7 21 11
14 7 21 12
14 8 21 10
14 8 21 11
14 8 21 12
14 6 23 10
14 6 23 12
14 6 23 14
14 6 23 15
14 7 23 10
14 7 23 12
14 7 23 14
14 7 23 15
14 8 23 10
14 8 23 12
14 8 23 14
14 8 23 15
14 10 23 12
14 10 23 14
14 10 23 15
14 12 23 14
14 12 23 15
14 10 24 12
14 10 24 14
14 10 24 15
14 12 24 14
14 12 24 15
14 6 25 10
14 6 25 12
14 6 25 14
14 7 25 10
14 7 25 12
14 7 25 14
14 10 25 12
14 10 25 14
14 12 25 14
15 6 19 10
15 6 19 11
15 6 19 12
15 7 19 10
15 7 19 11
15 7 19 12
15 8 19 10
15 8 19 11
15 8 19 12
15 6 21 10
15 6 21 11
15 6 21 12
15 7 21 10
15 7 21 11
15 7 21 12
15 8 21 10
15 8 21 11
15 8 21 12
15 6 23 10
15 6 23 12
15 7 23 10
15 7 23 12
15 8 23 10
15 8 23 12
15 10 23 12
15 10 24 12
15 6 25 10
15 6 25 12
15 7 25 10
15 7 25 12
15 10 25 12
16 10 23 12
16 10 24 12
16 10 25 12
17 10 23 12
17 10 24 12
17 10 25 12
18 10 23 12
18 10 24 12
18 10 25 12
19 6 21 10
19 6 21 11
19 6 21 12
19 7 21 10
19 7 21 11
19 7 21 12
19 8 21 10
19 8 21 11
19 8 21 12
19 6 23 10
19 6 23 12
19 7 23 10
19 7 23 12
19 8 23 10
19 8 23 12
19 10 23 12
19 10 24 12
19 6 25 10
19 6 25 12
19 7 25 10
19 7 25 12
19 10 25 12
20 10 23 12
20 10 24 12
20 10 25 12
21 6 23 10
21 6 23 12
21 7 23 10
21 7 23 12
21 8 23 10
21 8 23 12
21 10 23 12
21 10 24 12
21 6 25 10
21 6 25 12
21 7 25 10
21 7 25 12
21 10 25 12
23 6 25 10
23 6 25 11
23 6 25 12
23 6 25 13
23 6 25 14
23 7 25 10
23 7 25 11
23 7 25 12
23 7 25 13
23 7 25 14
