24 16
0000000000000000
0000000000000000
0000011110000000
0000010010000000
0000010010000000
0000010010000000
0000010010000000
0000011111111100
0001111110000100
0001010010000100
0001011111111100
0001111110000000
0000010010000000
0000010010000000
0000011110000000
0000000000000000
0000000000000000
0000000000000000
0000000000000000
0000000000000000
0000000000000000
0000000000000000
0000000000000000
0000000000000000
17
3 6 8 9
3 6 9 9
3 6 11 9
3 6 12 9
3 6 15 9
8 6 11 9
8 6 11 14
8 9 11 14
8 6 12 9
8 6 15 9
9 6 11 9
9 4 12 6
9 4 12 9
9 6 12 9
9 6 15 9
11 6 15 9
12 6 15 9
