22 11
00000111000
00000101110
11111111111
10000101011
11111101011
10001101011
10011111111
10011101011
11111111111
10010111111
10010111111
10010111111
10111111111
10110111111
10110111111
10110111111
11111111111
00110011110
00110010110
00110010110
00111111110
00000000000
214
1 6 3 8
1 6 7 8
1 6 9 8
1 6 10 8
1 6 11 8
1 6 12 8
1 6 13 8
1 6 14 8
1 6 15 8
1 6 16 8
1 6 17 8
2 8 7 10
2 8 9 10
2 8 10 10
2 8 11 10
2 8 12 10
2 8 13 10
2 8 14 10
2 8 15 10
2 8 16 10
2 8 17 10
2 8 18 10
3 1 5 6
3 6 7 8
3 6 7 10
3 6 7 11
3 8 7 10
3 8 7 11
3 1 9 6
3 1 9 8
3 1 9 10
3 1 9 11
3 6 9 8
3 6 9 10
3 6 9 11
3 8 9 10
3 8 9 11
3 6 10 8
3 6 10 10
3 6 10 11
3 8 10 10
3 8 10 11
3 6 11 8
3 6 11 10
3 6 11 11
3 8 11 10
3 8 11 11
3 6 12 8
3 6 12 10
3 6 12 11
3 8 12 10
3 8 12 11
3 6 13 8
3 6 13 10
3 6 13 11
3 8 13 10
3 8 13 11
3 6 14 8
3 6 14 10
3 6 14 11
3 8 14 10
3 8 14 11
3 6 15 8
3 6 15 10
3 6 15 11
3 8 15 10
3 8 15 11
3 6 16 8
3 6 16 10
3 6 16 11
3 8 16 10
3 8 16 11
3 1 17 6
3 1 17 8
3 1 17 10
3 1 17 11
3 6 17 8
3 6 17 10
3 6 17 11
3 8 17 10
3 8 17 11
3 8 18 10
5 1 9 5
5 1 9 6
5 1 17 6
7 4 9 8
7 4 9 10
7 4 9 11
7 5 9 8
7 5 9 10
7 5 9 11
7 6 9 8
7 6 9 10
7 6 9 11
7 8 9 10
7 8 9 11
7 6 10 8
7 6 10 10
7 6 10 11
7 8 10 10
7 8 10 11
7 6 11 8
7 6 11 10
7 6 11 11
7 8 11 10
7 8 11 11
7 6 12 8
7 6 12 10
7 6 12 11
7 8 12 10
7 8 12 11
7 4 13 6
7 4 13 8
7 4 13 10
7 4 13 11
7 6 13 8
7 6 13 10
7 6 13 11
7 8 13 10
7 8 13 11
7 6 14 8
7 6 14 10
7 6 14 11
7 8 14 10
7 8 14 11
7 6 15 8
7 6 15 10
7 6 15 11
7 8 15 10
7 8 15 11
7 6 16 8
7 6 16 10
7 6 16 11
7 8 16 10
7 8 16 11
7 4 17 6
7 4 17 8
7 4 17 10
7 4 17 11
7 6 17 8
7 6 17 10
7 6 17 11
7 8 17 10
7 8 17 11
7 8 18 10
7 4 21 10
8 4 13 6
8 4 17 6
9 4 13 6
9 4 13 7
9 4 13 8
9 4 13 9
9 4 13 10
9 4 13 11
9 1 17 4
9 1 17 6
9 1 17 7
9 1 17 8
9 1 17 9
9 1 17 10
9 1 17 11
9 4 17 6
9 4 17 7
9 4 17 8
9 4 17 9
9 4 17 10
9 4 17 11
9 4 21 7
9 4 21 9
9 4 21 10
9 7 21 9
9 7 21 10
10 7 21 9
10 7 21 10
11 7 21 9
11 7 21 10
12 7 21 9
12 7 21 10
13 3 17 6
13 3 17 7
13 3 17 8
13 3 17 9
13 3 17 10
13 3 17 11
13 4 17 6
13 4 17 7
13 4 17 8
13 4 17 9
13 4 17 10
13 4 17 11
13 3 21 7
13 3 21 9
13 3 21 10
13 4 21 7
13 4 21 9
13 4 21 10
13 7 21 9
13 7 21 10
14 7 21 9
14 7 21 10
15 7 21 9
15 7 21 10
16 7 21 9
16 7 21 10
17 3 21 7
17 3 21 9
17 3 21 10
17 4 21 7
17 4 21 9
17 4 21 10
17 7 21 9
17 7 21 10
18 7 21 9
18 7 21 10
