18 20
00000000111111111100
00000000100000000100
00000011111111111100
00000010100000000100
00000010100000000100
00000010111111111100
00000010000000000100
00111111100111111100
00100010100100001100
00100011111111111100
00111110100100001000
00110010100100001000
00110010100100001000
00110010100111111000
00111110100000000000
00111111100000000000
00000000000000000000
00000000000000000000
19
1 9 3 18
1 9 6 18
3 9 6 18
3 7 10 18
8 7 10 9
8 12 10 17
8 12 10 18
8 3 11 7
8 12 14 17
8 3 15 7
8 3 16 7
8 3 16 9
8 7 16 9
10 12 14 17
10 7 16 9
11 3 15 7
11 4 15 7
11 3 16 7
11 4 16 7
