15 12
011111110000
111111111100
111111111100
110010111100
111111111100
111111111100
111010110100
111111111100
011011111110
011010111010
011111111010
000010101010
000011111110
000010101000
000011111000
238
1 2 5 5
1 2 5 7
1 2 5 8
1 5 5 7
1 5 5 8
1 2 6 5
1 2 6 7
1 2 6 8
1 5 6 7
1 5 6 8
1 2 8 5
1 2 8 7
1 2 8 8
1 5 8 7
1 5 8 8
1 5 9 7
1 5 9 8
1 2 11 5
1 2 11 7
1 2 11 8
1 5 11 7
1 5 11 8
1 5 13 7
1 5 15 7
2 1 5 5
2 1 5 7
2 1 5 8
2 1 5 9
2 1 5 10
2 2 5 5
2 2 5 7
2 2 5 8
2 2 5 9
2 2 5 10
2 5 5 7
2 5 5 8
2 5 5 9
2 5 5 10
2 1 6 5
2 1 6 7
2 1 6 8
2 1 6 9
2 1 6 10
2 2 6 5
2 2 6 7
2 2 6 8
2 2 6 9
2 2 6 10
2 5 6 7
2 5 6 8
2 5 6 9
2 5 6 10
2 1 8 5
2 1 8 7
2 1 8 8
2 1 8 10
2 2 8 5
2 2 8 7
2 2 8 8
2 2 8 10
2 5 8 7
2 5 8 8
2 5 8 10
2 7 8 10
2 8 8 10
2 5 9 7
2 5 9 8
2 5 9 10
2 7 9 10
2 8 9 10
2 2 11 5
2 2 11 7
2 2 11 8
2 5 11 7
2 5 11 8
2 5 13 7
2 5 15 7
3 1 5 5
3 1 5 7
3 1 5 8
3 1 5 9
3 1 5 10
3 2 5 5
3 2 5 7
3 2 5 8
3 2 5 9
3 2 5 10
3 5 5 7
3 5 5 8
3 5 5 9
3 5 5 10
3 1 6 5
3 1 6 7
3 1 6 8
3 1 6 9
3 1 6 10
3 2 6 5
3 2 6 7
3 2 6 8
3 2 6 9
3 2 6 10
3 5 6 7
3 5 6 8
3 5 6 9
3 5 6 10
3 1 8 5
3 1 8 7
3 1 8 8
3 1 8 10
3 2 8 5
3 2 8 7
3 2 8 8
3 2 8 10
3 5 8 7
3 5 8 8
3 5 8 10
3 7 8 10
3 8 8 10
3 5 9 7
3 5 9 8
3 5 9 10
3 7 9 10
3 8 9 10
3 2 11 5
3 2 11 7
3 2 11 8
3 5 11 7
3 5 11 8
3 5 13 7
3 5 15 7
4 7 8 10
4 8 8 10
4 7 9 10
4 8 9 10
5 1 8 5
5 1 8 7
5 1 8 8
5 1 8 10
5 2 8 5
5 2 8 7
5 2 8 8
5 2 8 10
5 3 8 5
5 3 8 7
5 3 8 8
5 3 8 10
5 5 8 7
5 5 8 8
5 5 8 10
5 7 8 10
5 8 8 10
5 5 9 7
5 5 9 8
5 5 9 10
5 7 9 10
5 8 9 10
5 2 11 5
5 2 11 7
5 2 11 8
5 3 11 5
5 3 11 7
5 3 11 8
5 5 11 7
5 5 11 8
5 5 13 7
5 5 15 7
6 1 8 5
6 1 8 7
6 1 8 8
6 1 8 10
6 2 8 5
6 2 8 7
6 2 8 8
6 2 8 10
6 3 8 5
6 3 8 7
6 3 8 8
6 3 8 10
6 5 8 7
6 5 8 8
6 5 8 10
6 7 8 10
6 8 8 10
6 5 9 7
6 5 9 8
6 5 9 10
6 7 9 10
6 8 9 10
6 2 11 5
6 2 11 7
6 2 11 8
6 3 11 5
6 3 11 7
6 3 11 8
6 5 11 7
6 5 11 8
6 5 13 7
6 5 15 7
8 2 11 5
8 2 11 7
8 2 11 8
8 2 11 9
8 3 11 5
8 3 11 7
8 3 11 8
8 3 11 9
8 5 11 7
8 5 11 8
8 5 11 9
8 5 13 7
8 5 13 9
8 7 13 9
8 5 15 7
8 5 15 9
8 7 15 9
9 5 11 7
9 5 11 8
9 5 11 9
9 5 13 7
9 5 13 9
9 5 13 11
9 7 13 9
9 7 13 11
9 9 13 11
9 5 15 7
9 5 15 9
9 7 15 9
10 7 13 9
10 7 15 9
11 5 13 7
11 5 13 9
11 7 13 9
11 5 15 7
11 5 15 9
11 7 15 9
13 5 15 7
13 5 15 9
13 7 15 9
