12 14
00000000000000
11111111110000
10000111111111
10011111111101
10010111110101
10011111111101
10010111110101
11111111111111
00011111111100
00010110000100
00010110000100
00011111111100
103
2 1 8 6
2 1 8 7
2 1 8 8
2 1 8 9
2 1 8 10
3 6 6 12
3 7 6 12
3 8 6 12
3 9 6 12
3 10 6 12
3 6 8 12
3 6 8 14
3 7 8 12
3 7 8 14
3 8 8 12
3 8 8 14
3 9 8 12
3 9 8 14
3 10 8 12
3 10 8 14
3 12 8 14
3 6 9 12
3 7 9 12
3 8 9 12
3 9 9 12
3 10 9 12
3 6 12 12
3 7 12 12
4 4 6 6
4 4 6 7
4 4 6 8
4 4 6 9
4 4 6 10
4 4 6 12
4 6 6 12
4 7 6 12
4 8 6 12
4 9 6 12
4 10 6 12
4 4 8 6
4 4 8 7
4 4 8 8
4 4 8 9
4 4 8 10
4 4 8 12
4 6 8 12
4 7 8 12
4 8 8 12
4 9 8 12
4 10 8 12
4 4 9 6
4 4 9 7
4 4 9 8
4 4 9 9
4 4 9 10
4 4 9 12
4 6 9 12
4 7 9 12
4 8 9 12
4 9 9 12
4 10 9 12
4 4 12 6
4 4 12 7
4 4 12 12
4 6 12 12
4 7 12 12
6 4 8 6
6 4 8 7
6 4 8 8
6 4 8 9
6 4 8 10
6 4 8 12
6 6 8 12
6 7 8 12
6 8 8 12
6 9 8 12
6 10 8 12
6 4 9 6
6 4 9 7
6 4 9 8
6 4 9 9
6 4 9 10
6 4 9 12
6 6 9 12
6 7 9 12
6 8 9 12
6 9 9 12
6 10 9 12
6 4 12 6
6 4 12 7
6 4 12 12
6 6 12 12
6 7 12 12
8 4 12 6
8 4 12 7
8 4 12 12
8 6 12 12
8 7 12 12
9 4 12 6
9 4 12 7
9 4 12 12
9 6 12 12
9 7 12 12
