16 22
1111111111111111111111
1000001000000000000001
1000001000000000000001
1111111111111111111101
1101001000000001000101
1101111111111111111101
1100101111111111111111
1100101000011001111111
1111111111111111111111
1000101000011000000000
1111111111011000000000
1100101001011000000000
1111111111011000000000
0000100000011000000000
0000111111111000000000
0000000000000000000000
97
1 1 4 7
1 7 7 22
1 1 9 7
1 1 9 22
1 7 9 22
1 1 11 7
1 1 13 7
4 4 6 7
4 4 6 16
4 4 6 20
4 7 6 16
4 7 6 20
4 16 6 20
4 7 7 16
4 7 7 20
4 16 7 20
4 16 8 20
4 1 9 7
4 1 9 16
4 1 9 20
4 2 9 7
4 2 9 16
4 2 9 20
4 7 9 16
4 7 9 20
4 16 9 20
4 1 11 7
4 1 13 7
6 5 9 7
6 5 9 12
6 5 9 13
6 5 9 16
6 5 9 17
6 5 9 18
6 5 9 19
6 5 9 20
6 7 9 12
6 7 9 13
6 7 9 16
6 7 9 17
6 7 9 18
6 7 9 19
6 7 9 20
6 12 9 16
6 12 9 17
6 12 9 18
6 12 9 19
6 12 9 20
6 13 9 16
6 13 9 17
6 13 9 18
6 13 9 19
6 13 9 20
6 5 11 7
6 5 13 7
6 5 15 12
6 5 15 13
7 7 9 12
7 7 9 13
7 7 9 16
7 7 9 17
7 7 9 18
7 7 9 19
7 7 9 20
7 7 9 21
7 7 9 22
7 12 9 16
7 12 9 17
7 12 9 18
7 12 9 19
7 12 9 20
7 12 9 21
7 12 9 22
7 13 9 16
7 13 9 17
7 13 9 18
7 13 9 19
7 13 9 20
7 13 9 21
7 13 9 22
9 1 11 5
9 1 11 7
9 5 11 7
9 1 13 5
9 1 13 7
9 5 13 7
9 5 15 12
9 5 15 13
11 1 13 5
11 1 13 7
11 1 13 10
11 2 13 5
11 2 13 7
11 2 13 10
11 5 13 7
11 5 13 10
11 7 13 10
