25 25
0000001111111111000000000
0001111111110001000000000
0001001000010001000000000
0001001000010001000000000
0001001000010001000000000
0001001000010001000000000
0001001000010001000000000
0001001000010001000000000
0001001000010011111111100
0001111111110011000000100
0011111111111111111111110
0010101010001011000010110
0010101010001011000010110
0010111111111111000010110
0010100010101010000010110
0011111111111111111111110
0000111111101010000000100
0000000010001010000000100
0000000011111010000000100
0000000000000010000000100
0000000000000010000000100
0000000000000011111111100
0000000000000000000000000
0000000000000000000000000
0000000000000000000000000
80
1 7 10 12
1 7 11 12
1 7 11 16
1 12 11 16
1 7 14 16
2 4 10 7
2 4 10 12
2 7 10 12
2 4 11 7
2 4 11 12
2 7 11 12
9 15 11 23
9 16 11 23
9 15 16 23
9 15 22 23
10 5 14 7
10 5 14 9
10 7 14 9
10 5 16 9
10 5 17 9
11 5 14 7
11 5 14 9
11 5 14 13
11 5 14 15
11 5 14 16
11 7 14 9
11 7 14 13
11 7 14 15
11 7 14 16
11 9 14 13
11 9 14 15
11 9 14 16
11 13 14 15
11 13 14 16
11 3 16 5
11 3 16 9
11 3 16 13
11 3 16 15
11 3 16 21
11 3 16 23
11 3 16 24
11 5 16 9
11 5 16 13
11 5 16 15
11 5 16 21
11 5 16 23
11 5 16 24
11 9 16 13
11 9 16 15
11 9 16 21
11 9 16 23
11 9 16 24
11 13 16 15
11 13 16 21
11 13 16 23
11 13 16 24
11 15 16 21
11 15 16 23
11 15 16 24
11 21 16 23
11 21 16 24
11 5 17 9
11 9 19 13
11 15 22 23
14 5 16 9
14 5 16 11
14 5 16 13
14 5 16 15
14 9 16 11
14 9 16 13
14 9 16 15
14 11 16 13
14 11 16 15
14 13 16 15
14 5 17 9
14 5 17 11
14 9 17 11
14 9 19 13
16 9 19 13
16 15 22 23
