14 15
011111111111111
010001111111101
111111111111111
111111111111110
111111111110110
111111111111110
111111111111110
111111111110110
111111111111110
111111111111110
111111111111110
111111111111110
111111111111110
111111111111110
805
1 2 3 6
1 2 3 7
1 2 3 8
1 2 3 9
1 2 3 10
1 2 3 11
1 2 3 12
1 2 3 13
1 2 3 15
1 6 3 15
1 7 3 15
1 8 3 15
1 9 3 15
1 10 3 15
1 11 3 15
1 12 3 15
1 13 3 15
1 2 4 6
1 2 4 7
1 2 4 8
1 2 4 9
1 2 4 10
1 2 4 11
1 2 4 12
1 2 4 13
1 2 5 6
1 2 5 7
1 2 5 8
1 2 5 9
1 2 5 10
1 2 5 11
1 2 6 6
1 2 6 7
1 2 6 8
1 2 6 9
1 2 6 10
1 2 6 11
1 2 6 13
1 6 6 13
1 7 6 13
1 8 6 13
1 9 6 13
1 10 6 13
1 11 6 13
1 2 7 6
1 2 7 7
1 2 7 8
1 2 7 9
1 2 7 10
1 2 7 11
1 2 7 13
1 6 7 13
1 7 7 13
1 8 7 13
1 9 7 13
1 10 7 13
1 11 7 13
1 2 8 6
1 2 8 7
1 2 8 8
1 2 8 9
1 2 8 10
1 2 8 11
1 2 9 6
1 2 9 7
1 2 9 8
1 2 9 9
1 2 9 10
1 2 9 11
1 2 9 13
1 6 9 13
1 7 9 13
1 8 9 13
1 9 9 13
1 10 9 13
1 11 9 13
1 2 10 6
1 2 10 7
1 2 10 8
1 2 10 9
1 2 10 10
1 2 10 11
1 2 10 13
1 6 10 13
1 7 10 13
1 8 10 13
1 9 10 13
1 10 10 13
1 11 10 13
1 2 11 6
1 2 11 7
1 2 11 8
1 2 11 9
1 2 11 10
1 2 11 11
1 2 11 13
1 6 11 13
1 7 11 13
1 8 11 13
1 9 11 13
1 10 11 13
1 11 11 13
1 2 12 6
1 2 12 7
1 2 12 8
1 2 12 9
1 2 12 10
1 2 12 11
1 2 12 13
1 6 12 13
1 7 12 13
1 8 12 13
1 9 12 13
1 10 12 13
1 11 12 13
1 2 13 6
1 2 13 7
1 2 13 8
1 2 13 9
1 2 13 10
1 2 13 11
1 2 13 13
1 6 13 13
1 7 13 13
1 8 13 13
1 9 13 13
1 10 13 13
1 11 13 13
1 2 14 6
1 2 14 7
1 2 14 8
1 2 14 9
1 2 14 10
1 2 14 11
1 2 14 13
1 6 14 13
1 7 14 13
1 8 14 13
1 9 14 13
1 10 14 13
1 11 14 13
2 6 6 13
2 7 6 13
2 8 6 13
2 9 6 13
2 10 6 13
2 11 6 13
2 6 7 13
2 7 7 13
2 8 7 13
2 9 7 13
2 10 7 13
2 11 7 13
2 6 9 13
2 7 9 13
2 8 9 13
2 9 9 13
2 10 9 13
2 11 9 13
2 6 10 13
2 7 10 13
2 8 10 13
2 9 10 13
2 10 10 13
2 11 10 13
2 6 11 13
2 7 11 13
2 8 11 13
2 9 11 13
2 10 11 13
2 11 11 13
2 6 12 13
2 7 12 13
2 8 12 13
2 9 12 13
2 10 12 13
2 11 12 13
2 6 13 13
2 7 13 13
2 8 13 13
2 9 13 13
2 10 13 13
2 11 13 13
2 6 14 13
2 7 14 13
2 8 14 13
2 9 14 13
2 10 14 13
2 11 14 13
3 1 6 13
3 1 6 14
3 2 6 13
3 2 6 14
3 3 6 13
3 3 6 14
3 4 6 13
3 4 6 14
3 5 6 13
3 5 6 14
3 6 6 13
3 6 6 14
3 7 6 13
3 7 6 14
3 8 6 13
3 8 6 14
3 9 6 13
3 9 6 14
3 10 6 13
3 10 6 14
3 11 6 13
3 11 6 14
3 1 7 13
3 1 7 14
3 2 7 13
3 2 7 14
3 3 7 13
3 3 7 14
3 4 7 13
3 4 7 14
3 5 7 13
3 5 7 14
3 6 7 13
3 6 7 14
3 7 7 13
3 7 7 14
3 8 7 13
3 8 7 14
3 9 7 13
3 9 7 14
3 10 7 13
3 10 7 14
3 11 7 13
3 11 7 14
3 1 9 13
3 1 9 14
3 2 9 13
3 2 9 14
3 3 9 13
3 3 9 14
3 4 9 13
3 4 9 14
3 5 9 13
3 5 9 14
3 6 9 13
3 6 9 14
3 7 9 13
3 7 9 14
3 8 9 13
3 8 9 14
3 9 9 13
3 9 9 14
3 10 9 13
3 10 9 14
3 11 9 13
3 11 9 14
3 1 10 13
3 1 10 14
3 2 10 13
3 2 10 14
3 3 10 13
3 3 10 14
3 4 10 13
3 4 10 14
3 5 10 13
3 5 10 14
3 6 10 13
3 6 10 14
3 7 10 13
3 7 10 14
3 8 10 13
3 8 10 14
3 9 10 13
3 9 10 14
3 10 10 13
3 10 10 14
3 11 10 13
3 11 10 14
3 1 11 13
3 1 11 14
3 2 11 13
3 2 11 14
3 3 11 13
3 3 11 14
3 4 11 13
3 4 11 14
3 5 11 13
3 5 11 14
3 6 11 13
3 6 11 14
3 7 11 13
3 7 11 14
3 8 11 13
3 8 11 14
3 9 11 13
3 9 11 14
3 10 11 13
3 10 11 14
3 11 11 13
3 11 11 14
3 1 12 13
3 1 12 14
3 2 12 13
3 2 12 14
3 3 12 13
3 3 12 14
3 4 12 13
3 4 12 14
3 5 12 13
3 5 12 14
3 6 12 13
3 6 12 14
3 7 12 13
3 7 12 14
3 8 12 13
3 8 12 14
3 9 12 13
3 9 12 14
3 10 12 13
3 10 12 14
3 11 12 13
3 11 12 14
3 1 13 13
3 1 13 14
3 2 13 13
3 2 13 14
3 3 13 13
3 3 13 14
3 4 13 13
3 4 13 14
3 5 13 13
3 5 13 14
3 6 13 13
3 6 13 14
3 7 13 13
3 7 13 14
3 8 13 13
3 8 13 14
3 9 13 13
3 9 13 14
3 10 13 13
3 10 13 14
3 11 13 13
3 11 13 14
3 1 14 13
3 1 14 14
3 2 14 13
3 2 14 14
3 3 14 13
3 3 14 14
3 4 14 13
3 4 14 14
3 5 14 13
3 5 14 14
3 6 14 13
3 6 14 14
3 7 14 13
3 7 14 14
3 8 14 13
3 8 14 14
3 9 14 13
3 9 14 14
3 10 14 13
3 10 14 14
3 11 14 13
3 11 14 14
4 1 6 13
4 1 6 14
4 2 6 13
4 2 6 14
4 3 6 13
4 3 6 14
4 4 6 13
4 4 6 14
4 5 6 13
4 5 6 14
4 6 6 13
4 6 6 14
4 7 6 13
4 7 6 14
4 8 6 13
4 8 6 14
4 9 6 13
4 9 6 14
4 10 6 13
4 10 6 14
4 11 6 13
4 11 6 14
4 1 7 13
4 1 7 14
4 2 7 13
4 2 7 14
4 3 7 13
4 3 7 14
4 4 7 13
4 4 7 14
4 5 7 13
4 5 7 14
4 6 7 13
4 6 7 14
4 7 7 13
4 7 7 14
4 8 7 13
4 8 7 14
4 9 7 13
4 9 7 14
4 10 7 13
4 10 7 14
4 11 7 13
4 11 7 14
4 1 9 13
4 1 9 14
4 2 9 13
4 2 9 14
4 3 9 13
4 3 9 14
4 4 9 13
4 4 9 14
4 5 9 13
4 5 9 14
4 6 9 13
4 6 9 14
4 7 9 13
4 7 9 14
4 8 9 13
4 8 9 14
4 9 9 13
4 9 9 14
4 10 9 13
4 10 9 14
4 11 9 13
4 11 9 14
4 1 10 13
4 1 10 14
4 2 10 13
4 2 10 14
4 3 10 13
4 3 10 14
4 4 10 13
4 4 10 14
4 5 10 13
4 5 10 14
4 6 10 13
4 6 10 14
4 7 10 13
4 7 10 14
4 8 10 13
4 8 10 14
4 9 10 13
4 9 10 14
4 10 10 13
4 10 10 14
4 11 10 13
4 11 10 14
4 1 11 13
4 1 11 14
4 2 11 13
4 2 11 14
4 3 11 13
4 3 11 14
4 4 11 13
4 4 11 14
4 5 11 13
4 5 11 14
4 6 11 13
4 6 11 14
4 7 11 13
4 7 11 14
4 8 11 13
4 8 11 14
4 9 11 13
4 9 11 14
4 10 11 13
4 10 11 14
4 11 11 13
4 11 11 14
4 1 12 13
4 1 12 14
4 2 12 13
4 2 12 14
4 3 12 13
4 3 12 14
4 4 12 13
4 4 12 14
4 5 12 13
4 5 12 14
4 6 12 13
4 6 12 14
4 7 12 13
4 7 12 14
4 8 12 13
4 8 12 14
4 9 12 13
4 9 12 14
4 10 12 13
4 10 12 14
4 11 12 13
4 11 12 14
4 1 13 13
4 1 13 14
4 2 13 13
4 2 13 14
4 3 13 13
4 3 13 14
4 4 13 13
4 4 13 14
4 5 13 13
4 5 13 14
4 6 13 13
4 6 13 14
4 7 13 13
4 7 13 14
4 8 13 13
4 8 13 14
4 9 13 13
4 9 13 14
4 10 13 13
4 10 13 14
4 11 13 13
4 11 13 14
4 1 14 13
4 1 14 14
4 2 14 13
4 2 14 14
4 3 14 13
4 3 14 14
4 4 14 13
4 4 14 14
4 5 14 13
4 5 14 14
4 6 14 13
4 6 14 14
4 7 14 13
4 7 14 14
4 8 14 13
4 8 14 14
4 9 14 13
4 9 14 14
4 10 14 13
4 10 14 14
4 11 14 13
4 11 14 14
6 1 9 13
6 1 9 14
6 2 9 13
6 2 9 14
6 3 9 13
6 3 9 14
6 4 9 13
6 4 9 14
6 5 9 13
6 5 9 14
6 6 9 13
6 6 9 14
6 7 9 13
6 7 9 14
6 8 9 13
6 8 9 14
6 9 9 13
6 9 9 14
6 10 9 13
6 10 9 14
6 11 9 13
6 11 9 14
6 1 10 13
6 1 10 14
6 2 10 13
6 2 10 14
6 3 10 13
6 3 10 14
6 4 10 13
6 4 10 14
6 5 10 13
6 5 10 14
6 6 10 13
6 6 10 14
6 7 10 13
6 7 10 14
6 8 10 13
6 8 10 14
6 9 10 13
6 9 10 14
6 10 10 13
6 10 10 14
6 11 10 13
6 11 10 14
6 1 11 13
6 1 11 14
6 2 11 13
6 2 11 14
6 3 11 13
6 3 11 14
6 4 11 13
6 4 11 14
6 5 11 13
6 5 11 14
6 6 11 13
6 6 11 14
6 7 11 13
6 7 11 14
6 8 11 13
6 8 11 14
6 9 11 13
6 9 11 14
6 10 11 13
6 10 11 14
6 11 11 13
6 11 11 14
6 1 12 13
6 1 12 14
6 2 12 13
6 2 12 14
6 3 12 13
6 3 12 14
6 4 12 13
6 4 12 14
6 5 12 13
6 5 12 14
6 6 12 13
6 6 12 14
6 7 12 13
6 7 12 14
6 8 12 13
6 8 12 14
6 9 12 13
6 9 12 14
6 10 12 13
6 10 12 14
6 11 12 13
6 11 12 14
6 1 13 13
6 1 13 14
6 2 13 13
6 2 13 14
6 3 13 13
6 3 13 14
6 4 13 13
6 4 13 14
6 5 13 13
6 5 13 14
6 6 13 13
6 6 13 14
6 7 13 13
6 7 13 14
6 8 13 13
6 8 13 14
6 9 13 13
6 9 13 14
6 10 13 13
6 10 13 14
6 11 13 13
6 11 13 14
6 1 14 13
6 1 14 14
6 2 14 13
6 2 14 14
6 3 14 13
6 3 14 14
6 4 14 13
6 4 14 14
6 5 14 13
6 5 14 14
6 6 14 13
6 6 14 14
6 7 14 13
6 7 14 14
6 8 14 13
6 8 14 14
6 9 14 13
6 9 14 14
6 10 14 13
6 10 14 14
6 11 14 13
6 11 14 14
7 1 9 13
7 1 9 14
7 2 9 13
7 2 9 14
7 3 9 13
7 3 9 14
7 4 9 13
7 4 9 14
7 5 9 13
7 5 9 14
7 6 9 13
7 6 9 14
7 7 9 13
7 7 9 14
7 8 9 13
7 8 9 14
7 9 9 13
7 9 9 14
7 10 9 13
7 10 9 14
7 11 9 13
7 11 9 14
7 1 10 13
7 1 10 14
7 2 10 13
7 2 10 14
7 3 10 13
7 3 10 14
7 4 10 13
7 4 10 14
7 5 10 13
7 5 10 14
7 6 10 13
7 6 10 14
7 7 10 13
7 7 10 14
7 8 10 13
7 8 10 14
7 9 10 13
7 9 10 14
7 10 10 13
7 10 10 14
7 11 10 13
7 11 10 14
7 1 11 13
7 1 11 14
7 2 11 13
7 2 11 14
7 3 11 13
7 3 11 14
7 4 11 13
7 4 11 14
7 5 11 13
7 5 11 14
7 6 11 13
7 6 11 14
7 7 11 13
7 7 11 14
7 8 11 13
7 8 11 14
7 9 11 13
7 9 11 14
7 10 11 13
7 10 11 14
7 11 11 13
7 11 11 14
7 1 12 13
7 1 12 14
7 2 12 13
7 2 12 14
7 3 12 13
7 3 12 14
7 4 12 13
7 4 12 14
7 5 12 13
7 5 12 14
7 6 12 13
7 6 12 14
7 7 12 13
7 7 12 14
7 8 12 13
7 8 12 14
7 9 12 13
7 9 12 14
7 10 12 13
7 10 12 14
7 11 12 13
7 11 12 14
7 1 13 13
7 1 13 14
7 2 13 13
7 2 13 14
7 3 13 13
7 3 13 14
7 4 13 13
7 4 13 14
7 5 13 13
7 5 13 14
7 6 13 13
7 6 13 14
7 7 13 13
7 7 13 14
7 8 13 13
7 8 13 14
7 9 13 13
7 9 13 14
7 10 13 13
7 10 13 14
7 11 13 13
7 11 13 14
7 1 14 13
7 1 14 14
7 2 14 13
7 2 14 14
7 3 14 13
7 3 14 14
7 4 14 13
7 4 14 14
7 5 14 13
7 5 14 14
7 6 14 13
7 6 14 14
7 7 14 13
7 7 14 14
7 8 14 13
7 8 14 14
7 9 14 13
7 9 14 14
7 10 14 13
7 10 14 14
7 11 14 13
7 11 14 14
