10 23
00000000001111000000000
00000111111001000000000
01111100001111111111111
01001100001101000000001
01001100001111111111111
01001101111111110000011
01111111111111111111111
00000101101101111101011
00000111111111111111111
00000111111111111111111
239
1 11 3 14
1 11 5 14
1 11 6 14
1 11 7 14
1 11 9 14
1 11 10 14
2 6 7 11
2 6 9 11
2 6 10 11
3 11 5 14
3 11 5 23
3 12 5 14
3 12 5 23
3 14 5 23
3 11 6 14
3 12 6 14
3 2 7 5
3 2 7 6
3 11 7 14
3 11 7 23
3 12 7 14
3 12 7 23
3 14 7 23
3 11 9 14
3 11 9 23
3 12 9 14
3 12 9 23
3 14 9 23
3 11 10 14
3 11 10 23
3 12 10 14
3 12 10 23
3 14 10 23
5 11 7 22
5 11 7 23
5 12 7 22
5 12 7 23
5 13 7 22
5 13 7 23
5 14 7 22
5 14 7 23
5 15 7 22
5 15 7 23
5 16 7 22
5 16 7 23
5 11 9 14
5 11 9 15
5 11 9 16
5 11 9 22
5 11 9 23
5 12 9 14
5 12 9 15
5 12 9 16
5 12 9 22
5 12 9 23
5 14 9 22
5 14 9 23
5 15 9 22
5 15 9 23
5 16 9 22
5 16 9 23
5 11 10 14
5 11 10 15
5 11 10 16
5 11 10 22
5 11 10 23
5 12 10 14
5 12 10 15
5 12 10 16
5 12 10 22
5 12 10 23
5 14 10 22
5 14 10 23
5 15 10 22
5 15 10 23
5 16 10 22
5 16 10 23
6 8 9 11
6 8 9 12
6 8 9 14
6 8 9 15
6 8 9 16
6 9 9 11
6 9 9 12
6 9 9 14
6 9 9 15
6 9 9 16
6 11 9 14
6 11 9 15
6 11 9 16
6 12 9 14
6 12 9 15
6 12 9 16
6 8 10 11
6 8 10 12
6 8 10 14
6 8 10 15
6 8 10 16
6 9 10 11
6 9 10 12
6 9 10 14
6 9 10 15
6 9 10 16
6 11 10 14
6 11 10 15
6 11 10 16
6 12 10 14
6 12 10 15
6 12 10 16
7 6 9 8
7 6 9 9
7 6 9 11
7 6 9 12
7 6 9 14
7 6 9 15
7 6 9 16
7 6 9 17
7 6 9 18
7 6 9 20
7 6 9 22
7 6 9 23
7 8 9 11
7 8 9 12
7 8 9 14
7 8 9 15
7 8 9 16
7 8 9 17
7 8 9 18
7 8 9 20
7 8 9 22
7 8 9 23
7 9 9 11
7 9 9 12
7 9 9 14
7 9 9 15
7 9 9 16
7 9 9 17
7 9 9 18
7 9 9 20
7 9 9 22
7 9 9 23
7 11 9 14
7 11 9 15
7 11 9 16
7 11 9 17
7 11 9 18
7 11 9 20
7 11 9 22
7 11 9 23
7 12 9 14
7 12 9 15
7 12 9 16
7 12 9 17
7 12 9 18
7 12 9 20
7 12 9 22
7 12 9 23
7 14 9 20
7 14 9 22
7 14 9 23
7 15 9 20
7 15 9 22
7 15 9 23
7 16 9 20
7 16 9 22
7 16 9 23
7 17 9 20
7 17 9 22
7 17 9 23
7 18 9 20
7 18 9 22
7 18 9 23
7 20 9 22
7 20 9 23
7 6 10 8
7 6 10 9
7 6 10 11
7 6 10 12
7 6 10 14
7 6 10 15
7 6 10 16
7 6 10 17
7 6 10 18
7 6 10 20
7 6 10 22
7 6 10 23
7 8 10 11
7 8 10 12
7 8 10 14
7 8 10 15
7 8 10 16
7 8 10 17
7 8 10 18
7 8 10 20
7 8 10 22
7 8 10 23
7 9 10 11
7 9 10 12
7 9 10 14
7 9 10 15
7 9 10 16
7 9 10 17
7 9 10 18
7 9 10 20
7 9 10 22
7 9 10 23
7 11 10 14
7 11 10 15
7 11 10 16
7 11 10 17
7 11 10 18
7 11 10 20
7 11 10 22
7 11 10 23
7 12 10 14
7 12 10 15
7 12 10 16
7 12 10 17
7 12 10 18
7 12 10 20
7 12 10 22
7 12 10 23
7 14 10 20
7 14 10 22
7 14 10 23
7 15 10 20
7 15 10 22
7 15 10 23
7 16 10 20
7 16 10 22
7 16 10 23
7 17 10 20
7 17 10 22
7 17 10 23
7 18 10 20
7 18 10 22
7 18 10 23
7 20 10 22
7 20 10 23
