13 16
0000000000000000
0001111111100000
0001000000100000
0001000000101110
0001000111111111
1111100100101011
1001100111101011
1111100111111111
1101100100101011
1101100111111111
1101100111101010
1111100000101010
1111111111101110
53
2 4 13 11
4 13 8 15
4 13 10 15
4 13 13 15
5 8 7 11
5 8 8 11
5 8 8 13
5 8 8 15
5 8 8 16
5 11 8 13
5 11 8 15
5 11 8 16
5 13 8 15
5 13 8 16
5 8 10 11
5 8 10 13
5 8 10 15
5 8 10 16
5 11 10 13
5 11 10 15
5 11 10 16
5 13 10 15
5 13 10 16
5 8 11 11
5 13 13 15
6 1 8 4
6 1 8 5
6 1 12 4
6 1 12 5
6 1 13 4
6 1 13 5
7 8 10 11
7 8 11 11
8 8 10 11
8 8 10 13
8 8 10 15
8 8 10 16
8 11 10 13
8 11 10 15
8 11 10 16
8 13 10 15
8 13 10 16
8 8 11 11
8 1 12 4
8 1 12 5
8 2 12 4
8 2 12 5
8 1 13 4
8 1 13 5
8 2 13 4
8 2 13 5
8 13 13 15
10 13 13 15
