18 25
0000000000000000000000000
0011111111111000000000000
0011000010001000000000000
0011111111111000000000000
0010000010000000000000000
0010000010000000000000000
0010000010000000000000000
0010000010000000000000000
0010000010111111111100000
0010000011110000000100000
0010000010110000000100000
0010000010110000000100000
0010000011110000000100000
0010000010100000000100000
0010000010100000000100000
0011111110111111111100000
0000000000000000000000000
0000000000000000000000000
10
2 3 4 9
2 3 4 13
2 4 4 9
2 4 4 13
2 9 4 13
2 3 16 9
4 3 16 9
9 11 16 20
10 9 13 11
10 9 13 12
