11 15
000111111110000
111111111111111
101111111110001
111111111111111
001101111111111
011111111111111
010111111111111
011111111111011
000111111111111
000100111111111
000111111100000
335
1 4 6 6
1 4 6 7
1 4 6 8
1 4 6 9
1 4 6 10
1 4 6 11
1 4 7 6
1 4 7 7
1 4 7 8
1 4 7 9
1 4 7 10
1 4 7 11
1 4 8 6
1 4 8 7
1 4 8 8
1 4 8 9
1 4 8 10
1 4 8 11
1 4 9 6
1 4 9 7
1 4 9 8
1 4 9 9
1 4 9 10
1 4 9 11
1 4 11 7
1 4 11 8
1 4 11 9
1 4 11 10
2 1 4 3
2 1 4 4
2 1 4 5
2 1 4 6
2 1 4 7
2 1 4 8
2 1 4 9
2 1 4 10
2 1 4 11
2 1 4 15
2 3 4 15
2 4 4 15
2 5 4 15
2 6 4 15
2 7 4 15
2 8 4 15
2 9 4 15
2 10 4 15
2 11 4 15
2 6 5 15
2 7 5 15
2 8 5 15
2 9 5 15
2 10 5 15
2 11 5 15
2 3 6 6
2 3 6 7
2 3 6 8
2 3 6 9
2 3 6 10
2 3 6 11
2 3 6 15
2 4 6 6
2 4 6 7
2 4 6 8
2 4 6 9
2 4 6 10
2 4 6 11
2 4 6 15
2 6 6 15
2 7 6 15
2 8 6 15
2 9 6 15
2 10 6 15
2 11 6 15
2 4 7 6
2 4 7 7
2 4 7 8
2 4 7 9
2 4 7 10
2 4 7 11
2 4 7 15
2 6 7 15
2 7 7 15
2 8 7 15
2 9 7 15
2 10 7 15
2 11 7 15
2 4 8 6
2 4 8 7
2 4 8 8
2 4 8 9
2 4 8 10
2 4 8 11
2 4 9 6
2 4 9 7
2 4 9 8
2 4 9 9
2 4 9 10
2 4 9 11
2 4 9 15
2 6 9 15
2 7 9 15
2 8 9 15
2 9 9 15
2 10 9 15
2 11 9 15
2 7 10 15
2 8 10 15
2 9 10 15
2 10 10 15
2 11 10 15
2 4 11 7
2 4 11 8
2 4 11 9
2 4 11 10
3 3 6 6
3 3 6 7
3 3 6 8
3 3 6 9
3 3 6 10
3 3 6 11
3 4 6 6
3 4 6 7
3 4 6 8
3 4 6 9
3 4 6 10
3 4 6 11
3 4 7 6
3 4 7 7
3 4 7 8
3 4 7 9
3 4 7 10
3 4 7 11
3 4 8 6
3 4 8 7
3 4 8 8
3 4 8 9
3 4 8 10
3 4 8 11
3 4 9 6
3 4 9 7
3 4 9 8
3 4 9 9
3 4 9 10
3 4 9 11
3 4 11 7
3 4 11 8
3 4 11 9
3 4 11 10
4 3 6 6
4 3 6 7
4 3 6 8
4 3 6 9
4 3 6 10
4 3 6 11
4 3 6 12
4 3 6 13
4 3 6 14
4 3 6 15
4 4 6 6
4 4 6 7
4 4 6 8
4 4 6 9
4 4 6 10
4 4 6 11
4 4 6 12
4 4 6 13
4 4 6 14
4 4 6 15
4 4 7 6
4 4 7 7
4 4 7 8
4 4 7 9
4 4 7 10
4 4 7 11
4 4 7 12
4 4 7 13
4 4 7 14
4 4 7 15
4 4 8 6
4 4 8 7
4 4 8 8
4 4 8 9
4 4 8 10
4 4 8 11
4 4 8 12
4 4 9 6
4 4 9 7
4 4 9 8
4 4 9 9
4 4 9 10
4 4 9 11
4 4 9 12
4 4 9 14
4 4 9 15
4 6 9 14
4 6 9 15
4 7 9 14
4 7 9 15
4 8 9 14
4 8 9 15
4 9 9 14
4 9 9 15
4 10 9 14
4 10 9 15
4 11 9 14
4 11 9 15
4 12 9 14
4 12 9 15
4 7 10 14
4 7 10 15
4 8 10 14
4 8 10 15
4 9 10 14
4 9 10 15
4 10 10 14
4 10 10 15
4 11 10 14
4 11 10 15
4 12 10 14
4 12 10 15
4 4 11 7
4 4 11 8
4 4 11 9
4 4 11 10
5 6 9 14
5 6 9 15
5 7 9 14
5 7 9 15
5 8 9 14
5 8 9 15
5 9 9 14
5 9 9 15
5 10 9 14
5 10 9 15
5 11 9 14
5 11 9 15
5 12 9 14
5 12 9 15
5 7 10 14
5 7 10 15
5 8 10 14
5 8 10 15
5 9 10 14
5 9 10 15
5 10 10 14
5 10 10 15
5 11 10 14
5 11 10 15
5 12 10 14
5 12 10 15
6 2 8 4
6 2 8 5
6 2 8 6
6 2 8 7
6 2 8 8
6 2 8 9
6 2 8 10
6 2 8 11
6 2 8 12
6 4 9 14
6 4 9 15
6 5 9 14
6 5 9 15
6 6 9 14
6 6 9 15
6 7 9 14
6 7 9 15
6 8 9 14
6 8 9 15
6 9 9 14
6 9 9 15
6 10 9 14
6 10 9 15
6 11 9 14
6 11 9 15
6 12 9 14
6 12 9 15
6 7 10 14
6 7 10 15
6 8 10 14
6 8 10 15
6 9 10 14
6 9 10 15
6 10 10 14
6 10 10 15
6 11 10 14
6 11 10 15
6 12 10 14
6 12 10 15
6 4 11 7
6 4 11 8
6 4 11 9
6 4 11 10
7 4 9 14
7 4 9 15
7 5 9 14
7 5 9 15
7 6 9 14
7 6 9 15
7 7 9 14
7 7 9 15
7 8 9 14
7 8 9 15
7 9 9 14
7 9 9 15
7 10 9 14
7 10 9 15
7 11 9 14
7 11 9 15
7 12 9 14
7 12 9 15
7 7 10 14
7 7 10 15
7 8 10 14
7 8 10 15
7 9 10 14
7 9 10 15
7 10 10 14
7 10 10 15
7 11 10 14
7 11 10 15
7 12 10 14
7 12 10 15
7 4 11 7
7 4 11 8
7 4 11 9
7 4 11 10
8 4 11 7
8 4 11 8
8 4 11 9
8 4 11 10
9 4 11 7
9 4 11 8
9 4 11 9
9 4 11 10
