15 11
00011111111
11111111001
10011111101
11111111101
11111101101
11011111111
11111111101
10011111111
10011101101
11111111101
10011111101
10011111101
10011111111
11111111100
00000000000
330
1 4 6 8
1 4 6 11
1 5 6 8
1 5 6 11
1 6 6 8
1 6 6 11
1 8 6 11
1 4 7 8
1 5 7 8
1 6 7 8
1 4 8 8
1 4 8 11
1 5 8 8
1 5 8 11
1 6 8 8
1 6 8 11
1 8 8 11
1 4 10 8
1 5 10 8
1 6 10 8
1 4 11 8
1 5 11 8
1 6 11 8
1 4 12 8
1 5 12 8
1 6 12 8
1 4 13 8
1 4 13 11
1 5 13 8
1 5 13 11
1 6 13 8
1 6 13 11
1 8 13 11
1 4 14 8
1 5 14 8
1 6 14 8
2 1 4 4
2 1 4 5
2 1 4 6
2 1 4 7
2 1 4 8
2 1 5 4
2 1 5 5
2 1 5 6
2 4 6 8
2 5 6 8
2 6 6 8
2 1 7 4
2 1 7 5
2 1 7 6
2 1 7 8
2 4 7 8
2 5 7 8
2 6 7 8
2 4 8 8
2 5 8 8
2 6 8 8
2 1 10 4
2 1 10 5
2 1 10 6
2 1 10 8
2 4 10 8
2 5 10 8
2 6 10 8
2 4 11 8
2 5 11 8
2 6 11 8
2 4 12 8
2 5 12 8
2 6 12 8
2 4 13 8
2 5 13 8
2 6 13 8
2 1 14 4
2 1 14 5
2 1 14 6
2 1 14 8
2 4 14 8
2 5 14 8
2 6 14 8
3 4 6 8
3 4 6 9
3 5 6 8
3 5 6 9
3 6 6 8
3 6 6 9
3 4 7 8
3 4 7 9
3 5 7 8
3 5 7 9
3 6 7 8
3 6 7 9
3 4 8 8
3 4 8 9
3 5 8 8
3 5 8 9
3 6 8 8
3 6 8 9
3 4 10 8
3 4 10 9
3 5 10 8
3 5 10 9
3 6 10 8
3 6 10 9
3 4 11 8
3 4 11 9
3 5 11 8
3 5 11 9
3 6 11 8
3 6 11 9
3 4 12 8
3 4 12 9
3 5 12 8
3 5 12 9
3 6 12 8
3 6 12 9
3 4 13 8
3 4 13 9
3 5 13 8
3 5 13 9
3 6 13 8
3 6 13 9
3 4 14 8
3 4 14 9
3 5 14 8
3 5 14 9
3 6 14 8
3 6 14 9
4 4 6 8
4 4 6 9
4 5 6 8
4 5 6 9
4 6 6 8
4 6 6 9
4 1 7 4
4 1 7 5
4 1 7 6
4 1 7 8
4 1 7 9
4 2 7 4
4 2 7 5
4 2 7 6
4 2 7 8
4 2 7 9
4 4 7 8
4 4 7 9
4 5 7 8
4 5 7 9
4 6 7 8
4 6 7 9
4 4 8 8
4 4 8 9
4 5 8 8
4 5 8 9
4 6 8 8
4 6 8 9
4 1 10 4
4 1 10 5
4 1 10 6
4 1 10 8
4 1 10 9
4 4 10 8
4 4 10 9
4 5 10 8
4 5 10 9
4 6 10 8
4 6 10 9
4 4 11 8
4 4 11 9
4 5 11 8
4 5 11 9
4 6 11 8
4 6 11 9
4 4 12 8
4 4 12 9
4 5 12 8
4 5 12 9
4 6 12 8
4 6 12 9
4 4 13 8
4 4 13 9
4 5 13 8
4 5 13 9
4 6 13 8
4 6 13 9
4 1 14 4
4 1 14 5
4 1 14 6
4 1 14 8
4 1 14 9
4 4 14 8
4 4 14 9
4 5 14 8
4 5 14 9
4 6 14 8
4 6 14 9
5 1 7 4
5 1 7 5
5 1 7 6
5 2 7 4
5 2 7 5
5 2 7 6
5 1 10 4
5 1 10 5
5 1 10 6
5 1 14 4
5 1 14 5
5 1 14 6
6 4 8 11
6 5 8 11
6 6 8 11
6 7 8 11
6 8 8 11
6 9 8 11
6 4 10 8
6 4 10 9
6 5 10 8
6 5 10 9
6 6 10 8
6 6 10 9
6 4 11 8
6 4 11 9
6 5 11 8
6 5 11 9
6 6 11 8
6 6 11 9
6 4 12 8
6 4 12 9
6 5 12 8
6 5 12 9
6 6 12 8
6 6 12 9
6 4 13 8
6 4 13 9
6 4 13 11
6 5 13 8
6 5 13 9
6 5 13 11
6 6 13 8
6 6 13 9
6 6 13 11
6 8 13 11
6 9 13 11
6 4 14 8
6 4 14 9
6 5 14 8
6 5 14 9
6 6 14 8
6 6 14 9
7 1 10 4
7 1 10 5
7 1 10 6
7 1 10 8
7 1 10 9
7 4 10 8
7 4 10 9
7 5 10 8
7 5 10 9
7 6 10 8
7 6 10 9
7 4 11 8
7 4 11 9
7 5 11 8
7 5 11 9
7 6 11 8
7 6 11 9
7 4 12 8
7 4 12 9
7 5 12 8
7 5 12 9
7 6 12 8
7 6 12 9
7 4 13 8
7 4 13 9
7 5 13 8
7 5 13 9
7 6 13 8
7 6 13 9
7 1 14 4
7 1 14 5
7 1 14 6
7 1 14 8
7 1 14 9
7 4 14 8
7 4 14 9
7 5 14 8
7 5 14 9
7 6 14 8
7 6 14 9
8 4 10 8
8 4 10 9
8 5 10 8
8 5 10 9
8 6 10 8
8 6 10 9
8 4 11 8
8 4 11 9
8 5 11 8
8 5 11 9
8 6 11 8
8 6 11 9
8 4 12 8
8 4 12 9
8 5 12 8
8 5 12 9
8 6 12 8
8 6 12 9
8 4 13 8
8 4 13 9
8 4 13 11
8 5 13 8
8 5 13 9
8 5 13 11
8 6 13 8
8 6 13 9
8 6 13 11
8 8 13 11
8 9 13 11
8 4 14 8
8 4 14 9
8 5 14 8
8 5 14 9
8 6 14 8
8 6 14 9
10 1 14 4
10 1 14 5
10 1 14 6
10 1 14 7
10 1 14 8
10 1 14 9
