25 21
000000000000000000000
000000000000000000000
000000001111111000000
000000001000001000000
000000001000001000000
000111111111111100000
000100011011001100000
000100011011001100000
000100011111111100000
011111111111111100000
010100010010000100000
010100010010000100000
010100010010000100000
011111111111111100000
001111111111110100000
001100010010010100000
001100010010010100000
001100010010010100000
001100011110010100000
001100000000010100000
001100000000010100000
001111111111111100000
001000000000010000000
001111111111110000000
000000000000000000000
76
3 9 6 15
3 9 9 15
3 9 10 15
6 8 9 11
6 8 9 12
6 8 9 15
6 8 9 16
6 9 9 11
6 9 9 12
6 9 9 15
6 9 9 16
6 11 9 15
6 11 9 16
6 12 9 15
6 12 9 16
6 4 10 8
6 4 10 9
6 4 10 11
6 4 10 12
6 4 10 15
6 4 10 16
6 8 10 11
6 8 10 12
6 8 10 15
6 8 10 16
6 9 10 11
6 9 10 12
6 9 10 15
6 9 10 16
6 11 10 15
6 11 10 16
6 12 10 15
6 12 10 16
6 4 14 8
6 4 14 11
6 4 14 16
6 8 14 11
6 8 14 16
6 11 14 16
6 4 15 8
6 4 15 11
6 8 15 11
6 8 19 11
6 4 22 16
9 8 14 11
9 8 14 16
9 11 14 16
9 8 15 11
9 8 19 11
10 2 14 4
10 2 14 8
10 2 14 11
10 2 14 16
10 4 14 8
10 4 14 11
10 4 14 16
10 8 14 11
10 8 14 16
10 11 14 16
10 4 15 8
10 4 15 11
10 8 15 11
10 8 19 11
10 4 22 16
14 8 19 11
14 3 22 14
14 3 22 16
14 4 22 14
14 4 22 16
14 14 22 16
14 3 24 14
15 8 19 11
15 3 22 14
15 4 22 14
15 3 24 14
22 3 24 14
