42 66
000001111111111111111111111110000000000000000000000000000000000000
000001000000000000000000000010000000000000000000000000000000000000
000001000000000000000000000010000000000000000000000000000000000000
000001000000000000000000000010000000000000000000000000000000000000
000001000011111111111111111111111111111111111111111100000000000000
000001000010000000000000000010000000000000000000000101111100000000
000001000010000000000001111111111111111111111111111111111111111000
000001000010000000000001100010100000010000010001000101100100001000
000001000010001111111111111111111111111111111111111101100100001000
000001111111111111000001100111111111111111111111111111111111111100
000001100011111111111111111111111111111111111111111111111111101100
000001100010001111111111111111111111111111111111111111111111111100
000001100010001101000001100111111111111111111111111111111111111100
000001100010001101000001100011100000011000010001001101100100111000
000001100010001101000001100011100000011000010001001101100100111000
000001100010001101000001100011100111111111111111101101100100111000
000001100010001101000001100011100100011000010001101101100100111000
000001100010001101000001100011100111111111111111101101100100111000
000001100010001101000001100011100000011000010001001101100100111000
000001100010001101000001100011100000011000010001001101100100111000
000001100011111111111111111111111111111111111111111101111100111000
000001100010001111111111111111111111111111111111111111111111111000
000001100010001001000001100011111111111111111111111111100000101000
000001100010001001000001100011000000011000010001001000000000101000
011111111111111111111111111111111111111000010001001000000000101000
010001100000001001001001000011000000000000010001001000000000101000
010001100000001001001001000011000000000000010001001000000000101000
010001111111111111001001000011000000000000010001001000000000101000
010001000000001000001001000011000000000000010001001000000000101000
010001000000001000001001111111111111111111111111001000000000101000
010001111111111111111111111111000000000000010000001000000000101000
010000000000001000001000000001000000000000010000001000000000101000
010000000000001000001000000001000000000000010000001000000000101000
010000000000001000001000000001000000000000011111111111111111111000
010000000000001111111111111111111111111111111111111000000000100000
010000000000000011111111111111111111111111111111111111111111111000
010000000000000010001000000001000000000000000000000000000000101000
010000000000000010001000000001000000000000000000000000000000101000
010000000000000010001000000001000000000000000000000000000000101000
011111111111111111111111111111111111111111111111111111111111111000
000000100000000000000100000001111111111111111111111111111111100000
000000111111111111111100000000000000000000000000000000000000000000
2563
1 6 25 29
1 6 31 29
5 29 7 52
5 29 9 52
5 29 10 52
5 11 11 29
5 11 11 52
5 29 11 52
5 29 12 52
5 29 13 52
5 11 21 29
5 11 21 52
5 29 21 52
5 29 22 52
5 29 23 52
5 11 25 29
6 54 10 58
6 55 10 58
6 54 11 58
6 55 11 58
6 54 12 58
6 55 12 58
6 54 13 58
6 55 13 58
6 54 21 58
6 55 21 58
6 54 22 58
6 55 22 58
7 24 9 29
7 24 9 31
7 24 9 38
7 24 9 44
7 24 9 48
7 24 9 52
7 25 9 29
7 25 9 31
7 25 9 38
7 25 9 44
7 25 9 48
7 25 9 52
7 29 9 31
7 29 9 38
7 29 9 44
7 29 9 48
7 29 9 52
7 31 9 38
7 31 9 44
7 31 9 48
7 31 9 52
7 38 9 44
7 38 9 48
7 38 9 52
7 44 9 48
7 44 9 52
7 48 9 52
7 29 10 31
7 29 10 38
7 29 10 44
7 29 10 48
7 29 10 52
7 29 10 54
7 29 10 55
7 29 10 58
7 29 10 63
7 31 10 38
7 31 10 44
7 31 10 48
7 31 10 52
7 31 10 54
7 31 10 55
7 31 10 58
7 31 10 63
7 38 10 44
7 38 10 48
7 38 10 52
7 38 10 54
7 38 10 55
7 38 10 58
7 38 10 63
7 44 10 48
7 44 10 52
7 44 10 54
7 44 10 55
7 44 10 58
7 44 10 63
7 48 10 52
7 48 10 54
7 48 10 55
7 48 10 58
7 48 10 63
7 52 10 54
7 52 10 55
7 52 10 58
7 52 10 63
7 54 10 58
7 54 10 63
7 55 10 58
7 55 10 63
7 58 10 63
7 24 11 29
7 24 11 31
7 24 11 38
7 24 11 44
7 24 11 48
7 24 11 52
7 24 11 54
7 24 11 55
7 24 11 58
7 25 11 29
7 25 11 31
7 25 11 38
7 25 11 44
7 25 11 48
7 25 11 52
7 25 11 54
7 25 11 55
7 25 11 58
7 29 11 31
7 29 11 38
7 29 11 44
7 29 11 48
7 29 11 52
7 29 11 54
7 29 11 55
7 29 11 58
7 31 11 38
7 31 11 44
7 31 11 48
7 31 11 52
7 31 11 54
7 31 11 55
7 31 11 58
7 38 11 44
7 38 11 48
7 38 11 52
7 38 11 54
7 38 11 55
7 38 11 58
7 44 11 48
7 44 11 52
7 44 11 54
7 44 11 55
7 44 11 58
7 48 11 52
7 48 11 54
7 48 11 55
7 48 11 58
7 52 11 54
7 52 11 55
7 52 11 58
7 54 11 58
7 55 11 58
7 24 12 29
7 24 12 31
7 24 12 38
7 24 12 44
7 24 12 48
7 24 12 52
7 24 12 54
7 24 12 55
7 24 12 58
7 24 12 63
7 25 12 29
7 25 12 31
7 25 12 38
7 25 12 44
7 25 12 48
7 25 12 52
7 25 12 54
7 25 12 55
7 25 12 58
7 25 12 63
7 29 12 31
7 29 12 38
7 29 12 44
7 29 12 48
7 29 12 52
7 29 12 54
7 29 12 55
7 29 12 58
7 29 12 63
7 31 12 38
7 31 12 44
7 31 12 48
7 31 12 52
7 31 12 54
7 31 12 55
7 31 12 58
7 31 12 63
7 38 12 44
7 38 12 48
7 38 12 52
7 38 12 54
7 38 12 55
7 38 12 58
7 38 12 63
7 44 12 48
7 44 12 52
7 44 12 54
7 44 12 55
7 44 12 58
7 44 12 63
7 48 12 52
7 48 12 54
7 48 12 55
7 48 12 58
7 48 12 63
7 52 12 54
7 52 12 55
7 52 12 58
7 52 12 63
7 54 12 58
7 54 12 63
7 55 12 58
7 55 12 63
7 58 12 63
7 29 13 31
7 29 13 38
7 29 13 44
7 29 13 48
7 29 13 52
7 29 13 54
7 29 13 55
7 29 13 58
7 29 13 63
7 31 13 38
7 31 13 44
7 31 13 48
7 31 13 52
7 31 13 54
7 31 13 55
7 31 13 58
7 31 13 63
7 38 13 44
7 38 13 48
7 38 13 52
7 38 13 54
7 38 13 55
7 38 13 58
7 38 13 63
7 44 13 48
7 44 13 52
7 44 13 54
7 44 13 55
7 44 13 58
7 44 13 63
7 48 13 52
7 48 13 54
7 48 13 55
7 48 13 58
7 48 13 63
7 52 13 54
7 52 13 55
7 52 13 58
7 52 13 63
7 54 13 58
7 54 13 63
7 55 13 58
7 55 13 63
7 58 13 63
7 29 14 31
7 29 15 31
7 29 16 31
7 38 16 44
7 38 16 48
7 44 16 48
7 29 17 31
7 29 18 31
7 38 18 44
7 38 18 48
7 44 18 48
7 29 19 31
7 29 20 31
7 24 21 29
7 24 21 31
7 24 21 38
7 24 21 44
7 24 21 48
7 24 21 52
7 25 21 29
7 25 21 31
7 25 21 38
7 25 21 44
7 25 21 48
7 25 21 52
7 29 21 31
7 29 21 38
7 29 21 44
7 29 21 48
7 29 21 52
7 31 21 38
7 31 21 44
7 31 21 48
7 31 21 52
7 38 21 44
7 38 21 48
7 38 21 52
7 44 21 48
7 44 21 52
7 48 21 52
7 54 21 58
7 55 21 58
7 24 22 29
7 24 22 31
7 24 22 38
7 24 22 44
7 24 22 48
7 24 22 52
7 24 22 54
7 24 22 55
7 24 22 58
7 24 22 63
7 25 22 29
7 25 22 31
7 25 22 38
7 25 22 44
7 25 22 48
7 25 22 52
7 25 22 54
7 25 22 55
7 25 22 58
7 25 22 63
7 29 22 31
7 29 22 38
7 29 22 44
7 29 22 48
7 29 22 52
7 29 22 54
7 29 22 55
7 29 22 58
7 29 22 63
7 31 22 38
7 31 22 44
7 31 22 48
7 31 22 52
7 31 22 54
7 31 22 55
7 31 22 58
7 31 22 63
7 38 22 44
7 38 22 48
7 38 22 52
7 38 22 54
7 38 22 55
7 38 22 58
7 38 22 63
7 44 22 48
7 44 22 52
7 44 22 54
7 44 22 55
7 44 22 58
7 44 22 63
7 48 22 52
7 48 22 54
7 48 22 55
7 48 22 58
7 48 22 63
7 52 22 54
7 52 22 55
7 52 22 58
7 52 22 63
7 54 22 58
7 54 22 63
7 55 22 58
7 55 22 63
7 58 22 63
7 29 23 31
7 29 23 38
7 29 23 44
7 29 23 48
7 29 23 52
7 29 23 54
7 29 23 55
7 31 23 38
7 31 23 44
7 31 23 48
7 31 23 52
7 31 23 54
7 31 23 55
7 38 23 44
7 38 23 48
7 38 23 52
7 38 23 54
7 38 23 55
7 44 23 48
7 44 23 52
7 44 23 54
7 44 23 55
7 48 23 52
7 48 23 54
7 48 23 55
7 52 23 54
7 52 23 55
7 24 25 29
7 24 25 38
7 25 25 29
7 25 25 38
7 29 25 38
7 24 30 29
7 24 30 44
7 24 30 48
7 29 30 44
7 29 30 48
7 44 30 48
7 24 31 29
7 44 34 63
9 15 11 24
9 15 11 25
9 15 11 28
9 15 11 29
9 15 11 30
9 15 11 31
9 15 11 32
9 15 11 33
9 15 11 34
9 15 11 35
9 15 11 36
9 15 11 37
9 15 11 38
9 15 11 39
9 15 11 40
9 15 11 41
9 15 11 42
9 15 11 43
9 15 11 44
9 15 11 45
9 15 11 46
9 15 11 47
9 15 11 48
9 15 11 49
9 15 11 50
9 15 11 51
9 15 11 52
9 16 11 24
9 16 11 25
9 16 11 28
9 16 11 29
9 16 11 30
9 16 11 31
9 16 11 32
9 16 11 33
9 16 11 34
9 16 11 35
9 16 11 36
9 16 11 37
9 16 11 38
9 16 11 39
9 16 11 40
9 16 11 41
9 16 11 42
9 16 11 43
9 16 11 44
9 16 11 45
9 16 11 46
9 16 11 47
9 16 11 48
9 16 11 49
9 16 11 50
9 16 11 51
9 16 11 52
9 17 11 24
9 17 11 25
9 17 11 28
9 17 11 29
9 17 11 30
9 17 11 31
9 17 11 32
9 17 11 33
9 17 11 34
9 17 11 35
9 17 11 36
9 17 11 37
9 17 11 38
9 17 11 39
9 17 11 40
9 17 11 41
9 17 11 42
9 17 11 43
9 17 11 44
9 17 11 45
9 17 11 46
9 17 11 47
9 17 11 48
9 17 11 49
9 17 11 50
9 17 11 51
9 17 11 52
9 18 11 24
9 18 11 25
9 18 11 28
9 18 11 29
9 18 11 30
9 18 11 31
9 18 11 32
9 18 11 33
9 18 11 34
9 18 11 35
9 18 11 36
9 18 11 37
9 18 11 38
9 18 11 39
9 18 11 40
9 18 11 41
9 18 11 42
9 18 11 43
9 18 11 44
9 18 11 45
9 18 11 46
9 18 11 47
9 18 11 48
9 18 11 49
9 18 11 50
9 18 11 51
9 18 11 52
9 24 11 28
9 24 11 29
9 24 11 30
9 24 11 31
9 24 11 32
9 24 11 33
9 24 11 34
9 24 11 35
9 24 11 36
9 24 11 37
9 24 11 38
9 24 11 39
9 24 11 40
9 24 11 41
9 24 11 42
9 24 11 43
9 24 11 44
9 24 11 45
9 24 11 46
9 24 11 47
9 24 11 48
9 24 11 49
9 24 11 50
9 24 11 51
9 24 11 52
9 25 11 28
9 25 11 29
9 25 11 30
9 25 11 31
9 25 11 32
9 25 11 33
9 25 11 34
9 25 11 35
9 25 11 36
9 25 11 37
9 25 11 38
9 25 11 39
9 25 11 40
9 25 11 41
9 25 11 42
9 25 11 43
9 25 11 44
9 25 11 45
9 25 11 46
9 25 11 47
9 25 11 48
9 25 11 49
9 25 11 50
9 25 11 51
9 25 11 52
9 15 12 24
9 15 12 25
9 15 12 28
9 15 12 29
9 15 12 30
9 15 12 31
9 15 12 32
9 15 12 33
9 15 12 34
9 15 12 35
9 15 12 36
9 15 12 37
9 15 12 38
9 15 12 39
9 15 12 40
9 15 12 41
9 15 12 42
9 15 12 43
9 15 12 44
9 15 12 45
9 15 12 46
9 15 12 47
9 15 12 48
9 15 12 49
9 15 12 50
9 15 12 51
9 15 12 52
9 16 12 24
9 16 12 25
9 16 12 28
9 16 12 29
9 16 12 30
9 16 12 31
9 16 12 32
9 16 12 33
9 16 12 34
9 16 12 35
9 16 12 36
9 16 12 37
9 16 12 38
9 16 12 39
9 16 12 40
9 16 12 41
9 16 12 42
9 16 12 43
9 16 12 44
9 16 12 45
9 16 12 46
9 16 12 47
9 16 12 48
9 16 12 49
9 16 12 50
9 16 12 51
9 16 12 52
9 17 12 24
9 17 12 25
9 17 12 28
9 17 12 29
9 17 12 30
9 17 12 31
9 17 12 32
9 17 12 33
9 17 12 34
9 17 12 35
9 17 12 36
9 17 12 37
9 17 12 38
9 17 12 39
9 17 12 40
9 17 12 41
9 17 12 42
9 17 12 43
9 17 12 44
9 17 12 45
9 17 12 46
9 17 12 47
9 17 12 48
9 17 12 49
9 17 12 50
9 17 12 51
9 17 12 52
9 18 12 24
9 18 12 25
9 18 12 28
9 18 12 29
9 18 12 30
9 18 12 31
9 18 12 32
9 18 12 33
9 18 12 34
9 18 12 35
9 18 12 36
9 18 12 37
9 18 12 38
9 18 12 39
9 18 12 40
9 18 12 41
9 18 12 42
9 18 12 43
9 18 12 44
9 18 12 45
9 18 12 46
9 18 12 47
9 18 12 48
9 18 12 49
9 18 12 50
9 18 12 51
9 18 12 52
9 24 12 28
9 24 12 29
9 24 12 30
9 24 12 31
9 24 12 32
9 24 12 33
9 24 12 34
9 24 12 35
9 24 12 36
9 24 12 37
9 24 12 38
9 24 12 39
9 24 12 40
9 24 12 41
9 24 12 42
9 24 12 43
9 24 12 44
9 24 12 45
9 24 12 46
9 24 12 47
9 24 12 48
9 24 12 49
9 24 12 50
9 24 12 51
9 24 12 52
9 25 12 28
9 25 12 29
9 25 12 30
9 25 12 31
9 25 12 32
9 25 12 33
9 25 12 34
9 25 12 35
9 25 12 36
9 25 12 37
9 25 12 38
9 25 12 39
9 25 12 40
9 25 12 41
9 25 12 42
9 25 12 43
9 25 12 44
9 25 12 45
9 25 12 46
9 25 12 47
9 25 12 48
9 25 12 49
9 25 12 50
9 25 12 51
9 25 12 52
9 38 16 44
9 38 16 48
9 39 16 44
9 39 16 48
9 44 16 48
9 38 18 44
9 38 18 48
9 39 18 44
9 39 18 48
9 44 18 48
9 15 21 18
9 15 21 24
9 15 21 25
9 15 21 29
9 15 21 30
9 15 21 31
9 15 21 38
9 15 21 39
9 15 21 44
9 15 21 48
9 15 21 51
9 15 21 52
9 16 21 18
9 16 21 24
9 16 21 25
9 16 21 29
9 16 21 30
9 16 21 31
9 16 21 38
9 16 21 39
9 16 21 44
9 16 21 48
9 16 21 51
9 16 21 52
9 18 21 24
9 18 21 25
9 18 21 29
9 18 21 30
9 18 21 31
9 18 21 38
9 18 21 39
9 18 21 44
9 18 21 48
9 18 21 51
9 18 21 52
9 24 21 29
9 24 21 30
9 24 21 31
9 24 21 38
9 24 21 39
9 24 21 44
9 24 21 48
9 24 21 51
9 24 21 52
9 25 21 29
9 25 21 30
9 25 21 31
9 25 21 38
9 25 21 39
9 25 21 44
9 25 21 48
9 25 21 51
9 25 21 52
9 29 21 38
9 29 21 39
9 29 21 44
9 29 21 48
9 29 21 51
9 29 21 52
9 30 21 38
9 30 21 39
9 30 21 44
9 30 21 48
9 30 21 51
9 30 21 52
9 31 21 38
9 31 21 39
9 31 21 44
9 31 21 48
9 31 21 51
9 31 21 52
9 38 21 44
9 38 21 48
9 38 21 51
9 38 21 52
9 39 21 44
9 39 21 48
9 39 21 51
9 39 21 52
9 44 21 48
9 44 21 51
9 44 21 52
9 48 21 51
9 48 21 52
9 15 22 18
9 15 22 24
9 15 22 25
9 15 22 29
9 15 22 30
9 15 22 31
9 15 22 38
9 15 22 39
9 15 22 44
9 15 22 48
9 15 22 51
9 15 22 52
9 16 22 18
9 16 22 24
9 16 22 25
9 16 22 29
9 16 22 30
9 16 22 31
9 16 22 38
9 16 22 39
9 16 22 44
9 16 22 48
9 16 22 51
9 16 22 52
9 18 22 24
9 18 22 25
9 18 22 29
9 18 22 30
9 18 22 31
9 18 22 38
9 18 22 39
9 18 22 44
9 18 22 48
9 18 22 51
9 18 22 52
9 24 22 29
9 24 22 30
9 24 22 31
9 24 22 38
9 24 22 39
9 24 22 44
9 24 22 48
9 24 22 51
9 24 22 52
9 25 22 29
9 25 22 30
9 25 22 31
9 25 22 38
9 25 22 39
9 25 22 44
9 25 22 48
9 25 22 51
9 25 22 52
9 29 22 38
9 29 22 39
9 29 22 44
9 29 22 48
9 29 22 51
9 29 22 52
9 30 22 38
9 30 22 39
9 30 22 44
9 30 22 48
9 30 22 51
9 30 22 52
9 31 22 38
9 31 22 39
9 31 22 44
9 31 22 48
9 31 22 51
9 31 22 52
9 38 22 44
9 38 22 48
9 38 22 51
9 38 22 52
9 39 22 44
9 39 22 48
9 39 22 51
9 39 22 52
9 44 22 48
9 44 22 51
9 44 22 52
9 48 22 51
9 48 22 52
9 29 23 38
9 29 23 39
9 29 23 44
9 29 23 48
9 29 23 51
9 29 23 52
9 30 23 38
9 30 23 39
9 30 23 44
9 30 23 48
9 30 23 51
9 30 23 52
9 31 23 38
9 31 23 39
9 31 23 44
9 31 23 48
9 31 23 51
9 31 23 52
9 38 23 44
9 38 23 48
9 38 23 51
9 38 23 52
9 39 23 44
9 39 23 48
9 39 23 51
9 39 23 52
9 44 23 48
9 44 23 51
9 44 23 52
9 48 23 51
9 48 23 52
9 15 25 18
9 15 25 24
9 15 25 25
9 15 25 29
9 15 25 30
9 15 25 38
9 15 25 39
9 18 25 24
9 18 25 25
9 18 25 29
9 18 25 30
9 18 25 38
9 18 25 39
9 24 25 29
9 24 25 30
9 24 25 38
9 24 25 39
9 25 25 29
9 25 25 30
9 25 25 38
9 25 25 39
9 29 25 38
9 29 25 39
9 30 25 38
9 30 25 39
9 15 28 18
9 24 30 29
9 24 30 30
9 24 30 44
9 24 30 48
9 29 30 44
9 29 30 48
9 30 30 44
9 30 30 48
9 44 30 48
9 15 31 24
9 15 31 29
9 15 31 30
9 24 31 29
9 24 31 30
9 44 34 51
9 15 35 30
9 15 35 44
9 15 35 51
9 30 35 44
9 30 35 51
9 44 35 51
9 30 36 44
9 30 36 51
9 44 36 51
10 28 12 63
10 28 12 64
10 29 12 63
10 29 12 64
10 30 12 63
10 30 12 64
10 31 12 63
10 31 12 64
10 32 12 63
10 32 12 64
10 33 12 63
10 33 12 64
10 34 12 63
10 34 12 64
10 35 12 63
10 35 12 64
10 36 12 63
10 36 12 64
10 37 12 63
10 37 12 64
10 38 12 63
10 38 12 64
10 39 12 63
10 39 12 64
10 40 12 63
10 40 12 64
10 41 12 63
10 41 12 64
10 42 12 63
10 42 12 64
10 43 12 63
10 43 12 64
10 44 12 63
10 44 12 64
10 45 12 63
10 45 12 64
10 46 12 63
10 46 12 64
10 47 12 63
10 47 12 64
10 48 12 63
10 48 12 64
10 49 12 63
10 49 12 64
10 50 12 63
10 50 12 64
10 51 12 63
10 51 12 64
10 52 12 63
10 52 12 64
10 53 12 63
10 53 12 64
10 54 12 63
10 54 12 64
10 55 12 63
10 55 12 64
10 56 12 63
10 56 12 64
10 57 12 63
10 57 12 64
10 58 12 63
10 58 12 64
10 59 12 63
10 59 12 64
10 60 12 63
10 60 12 64
10 61 12 63
10 61 12 64
10 28 13 63
10 28 13 64
10 29 13 63
10 29 13 64
10 30 13 63
10 30 13 64
10 31 13 63
10 31 13 64
10 32 13 63
10 32 13 64
10 33 13 63
10 33 13 64
10 34 13 63
10 34 13 64
10 35 13 63
10 35 13 64
10 36 13 63
10 36 13 64
10 37 13 63
10 37 13 64
10 38 13 63
10 38 13 64
10 39 13 63
10 39 13 64
10 40 13 63
10 40 13 64
10 41 13 63
10 41 13 64
10 42 13 63
10 42 13 64
10 43 13 63
10 43 13 64
10 44 13 63
10 44 13 64
10 45 13 63
10 45 13 64
10 46 13 63
10 46 13 64
10 47 13 63
10 47 13 64
10 48 13 63
10 48 13 64
10 49 13 63
10 49 13 64
10 50 13 63
10 50 13 64
10 51 13 63
10 51 13 64
10 52 13 63
10 52 13 64
10 53 13 63
10 53 13 64
10 54 13 63
10 54 13 64
10 55 13 63
10 55 13 64
10 56 13 63
10 56 13 64
10 57 13 63
10 57 13 64
10 58 13 63
10 58 13 64
10 59 13 63
10 59 13 64
10 60 13 63
10 60 13 64
10 61 13 63
10 61 13 64
10 61 14 63
10 61 15 63
10 38 16 44
10 38 16 48
10 39 16 44
10 39 16 48
10 44 16 48
10 61 16 63
10 61 17 63
10 38 18 44
10 38 18 48
10 39 18 44
10 39 18 48
10 44 18 48
10 61 18 63
10 61 19 63
10 61 20 63
10 11 21 15
10 11 21 16
10 11 21 18
10 15 21 18
10 16 21 18
10 29 21 38
10 29 21 39
10 29 21 44
10 29 21 48
10 29 21 51
10 29 21 52
10 30 21 38
10 30 21 39
10 30 21 44
10 30 21 48
10 30 21 51
10 30 21 52
10 31 21 38
10 31 21 39
10 31 21 44
10 31 21 48
10 31 21 51
10 31 21 52
10 38 21 44
10 38 21 48
10 38 21 51
10 38 21 52
10 39 21 44
10 39 21 48
10 39 21 51
10 39 21 52
10 44 21 48
10 44 21 51
10 44 21 52
10 48 21 51
10 48 21 52
10 54 21 58
10 55 21 58
10 61 21 63
10 15 22 18
10 16 22 18
10 29 22 38
10 29 22 39
10 29 22 44
10 29 22 48
10 29 22 51
10 29 22 52
10 29 22 54
10 29 22 55
10 29 22 58
10 29 22 61
10 29 22 63
10 30 22 38
10 30 22 39
10 30 22 44
10 30 22 48
10 30 22 51
10 30 22 52
10 30 22 54
10 30 22 55
10 30 22 58
10 30 22 61
10 30 22 63
10 31 22 38
10 31 22 39
10 31 22 44
10 31 22 48
10 31 22 51
10 31 22 52
10 31 22 54
10 31 22 55
10 31 22 58
10 31 22 61
10 31 22 63
10 38 22 44
10 38 22 48
10 38 22 51
10 38 22 52
10 38 22 54
10 38 22 55
10 38 22 58
10 38 22 61
10 38 22 63
10 39 22 44
10 39 22 48
10 39 22 51
10 39 22 52
10 39 22 54
10 39 22 55
10 39 22 58
10 39 22 61
10 39 22 63
10 44 22 48
10 44 22 51
10 44 22 52
10 44 22 54
10 44 22 55
10 44 22 58
10 44 22 61
10 44 22 63
10 48 22 51
10 48 22 52
10 48 22 54
10 48 22 55
10 48 22 58
10 48 22 61
10 48 22 63
10 51 22 54
10 51 22 55
10 51 22 58
10 51 22 61
10 51 22 63
10 52 22 54
10 52 22 55
10 52 22 58
10 52 22 61
10 52 22 63
10 54 22 58
10 54 22 61
10 54 22 63
10 55 22 58
10 55 22 61
10 55 22 63
10 58 22 61
10 58 22 63
10 61 22 63
10 29 23 38
10 29 23 39
10 29 23 44
10 29 23 48
10 29 23 51
10 29 23 52
10 29 23 54
10 29 23 55
10 30 23 38
10 30 23 39
10 30 23 44
10 30 23 48
10 30 23 51
10 30 23 52
10 30 23 54
10 30 23 55
10 31 23 38
10 31 23 39
10 31 23 44
10 31 23 48
10 31 23 51
10 31 23 52
10 31 23 54
10 31 23 55
10 38 23 44
10 38 23 48
10 38 23 51
10 38 23 52
10 38 23 54
10 38 23 55
10 39 23 44
10 39 23 48
10 39 23 51
10 39 23 52
10 39 23 54
10 39 23 55
10 44 23 48
10 44 23 51
10 44 23 52
10 44 23 54
10 44 23 55
10 48 23 51
10 48 23 52
10 48 23 54
10 48 23 55
10 51 23 54
10 51 23 55
10 52 23 54
10 52 23 55
10 6 25 11
10 6 25 15
10 6 25 18
10 7 25 11
10 7 25 15
10 7 25 18
10 11 25 15
10 11 25 18
10 15 25 18
10 29 25 38
10 29 25 39
10 30 25 38
10 30 25 39
10 6 28 15
10 6 28 18
10 7 28 15
10 7 28 18
10 15 28 18
10 29 30 44
10 29 30 48
10 30 30 44
10 30 30 48
10 44 30 48
10 6 31 15
10 44 34 51
10 44 34 61
10 44 34 63
10 51 34 61
10 51 34 63
10 61 34 63
10 30 35 44
10 30 35 51
10 44 35 51
10 30 36 44
10 30 36 51
10 30 36 61
10 44 36 51
10 44 36 61
10 51 36 61
10 30 40 61
10 30 41 61
11 38 16 44
11 38 16 48
11 39 16 44
11 39 16 48
11 44 16 48
11 38 18 44
11 38 18 48
11 39 18 44
11 39 18 48
11 44 18 48
11 11 21 15
11 11 21 16
11 11 21 18
11 11 21 24
11 11 21 25
11 11 21 29
11 11 21 30
11 11 21 31
11 11 21 38
11 11 21 39
11 11 21 44
11 11 21 48
11 11 21 51
11 11 21 52
11 15 21 18
11 15 21 24
11 15 21 25
11 15 21 29
11 15 21 30
11 15 21 31
11 15 21 38
11 15 21 39
11 15 21 44
11 15 21 48
11 15 21 51
11 15 21 52
11 16 21 18
11 16 21 24
11 16 21 25
11 16 21 29
11 16 21 30
11 16 21 31
11 16 21 38
11 16 21 39
11 16 21 44
11 16 21 48
11 16 21 51
11 16 21 52
11 18 21 24
11 18 21 25
11 18 21 29
11 18 21 30
11 18 21 31
11 18 21 38
11 18 21 39
11 18 21 44
11 18 21 48
11 18 21 51
11 18 21 52
11 24 21 29
11 24 21 30
11 24 21 31
11 24 21 38
11 24 21 39
11 24 21 44
11 24 21 48
11 24 21 51
11 24 21 52
11 25 21 29
11 25 21 30
11 25 21 31
11 25 21 38
11 25 21 39
11 25 21 44
11 25 21 48
11 25 21 51
11 25 21 52
11 29 21 38
11 29 21 39
11 29 21 44
11 29 21 48
11 29 21 51
11 29 21 52
11 30 21 38
11 30 21 39
11 30 21 44
11 30 21 48
11 30 21 51
11 30 21 52
11 31 21 38
11 31 21 39
11 31 21 44
11 31 21 48
11 31 21 51
11 31 21 52
11 38 21 44
11 38 21 48
11 38 21 51
11 38 21 52
11 39 21 44
11 39 21 48
11 39 21 51
11 39 21 52
11 44 21 48
11 44 21 51
11 44 21 52
11 48 21 51
11 48 21 52
11 54 21 58
11 55 21 58
11 15 22 18
11 15 22 24
11 15 22 25
11 15 22 29
11 15 22 30
11 15 22 31
11 15 22 38
11 15 22 39
11 15 22 44
11 15 22 48
11 15 22 51
11 15 22 52
11 15 22 54
11 15 22 55
11 15 22 58
11 15 22 61
11 16 22 18
11 16 22 24
11 16 22 25
11 16 22 29
11 16 22 30
11 16 22 31
11 16 22 38
11 16 22 39
11 16 22 44
11 16 22 48
11 16 22 51
11 16 22 52
11 16 22 54
11 16 22 55
11 16 22 58
11 16 22 61
11 18 22 24
11 18 22 25
11 18 22 29
11 18 22 30
11 18 22 31
11 18 22 38
11 18 22 39
11 18 22 44
11 18 22 48
11 18 22 51
11 18 22 52
11 18 22 54
11 18 22 55
11 18 22 58
11 18 22 61
11 24 22 29
11 24 22 30
11 24 22 31
11 24 22 38
11 24 22 39
11 24 22 44
11 24 22 48
11 24 22 51
11 24 22 52
11 24 22 54
11 24 22 55
11 24 22 58
11 24 22 61
11 25 22 29
11 25 22 30
11 25 22 31
11 25 22 38
11 25 22 39
11 25 22 44
11 25 22 48
11 25 22 51
11 25 22 52
11 25 22 54
11 25 22 55
11 25 22 58
11 25 22 61
11 29 22 38
11 29 22 39
11 29 22 44
11 29 22 48
11 29 22 51
11 29 22 52
11 29 22 54
11 29 22 55
11 29 22 58
11 29 22 61
11 30 22 38
11 30 22 39
11 30 22 44
11 30 22 48
11 30 22 51
11 30 22 52
11 30 22 54
11 30 22 55
11 30 22 58
11 30 22 61
11 31 22 38
11 31 22 39
11 31 22 44
11 31 22 48
11 31 22 51
11 31 22 52
11 31 22 54
11 31 22 55
11 31 22 58
11 31 22 61
11 38 22 44
11 38 22 48
11 38 22 51
11 38 22 52
11 38 22 54
11 38 22 55
11 38 22 58
11 38 22 61
11 39 22 44
11 39 22 48
11 39 22 51
11 39 22 52
11 39 22 54
11 39 22 55
11 39 22 58
11 39 22 61
11 44 22 48
11 44 22 51
11 44 22 52
11 44 22 54
11 44 22 55
11 44 22 58
11 44 22 61
11 48 22 51
11 48 22 52
11 48 22 54
11 48 22 55
11 48 22 58
11 48 22 61
11 51 22 54
11 51 22 55
11 51 22 58
11 51 22 61
11 52 22 54
11 52 22 55
11 52 22 58
11 52 22 61
11 54 22 58
11 54 22 61
11 55 22 58
11 55 22 61
11 58 22 61
11 29 23 38
11 29 23 39
11 29 23 44
11 29 23 48
11 29 23 51
11 29 23 52
11 29 23 54
11 29 23 55
11 30 23 38
11 30 23 39
11 30 23 44
11 30 23 48
11 30 23 51
11 30 23 52
11 30 23 54
11 30 23 55
11 31 23 38
11 31 23 39
11 31 23 44
11 31 23 48
11 31 23 51
11 31 23 52
11 31 23 54
11 31 23 55
11 38 23 44
11 38 23 48
11 38 23 51
11 38 23 52
11 38 23 54
11 38 23 55
11 39 23 44
11 39 23 48
11 39 23 51
11 39 23 52
11 39 23 54
11 39 23 55
11 44 23 48
11 44 23 51
11 44 23 52
11 44 23 54
11 44 23 55
11 48 23 51
11 48 23 52
11 48 23 54
11 48 23 55
11 51 23 54
11 51 23 55
11 52 23 54
11 52 23 55
11 11 25 15
11 11 25 18
11 11 25 24
11 11 25 25
11 11 25 29
11 11 25 30
11 11 25 38
11 11 25 39
11 15 25 18
11 15 25 24
11 15 25 25
11 15 25 29
11 15 25 30
11 15 25 38
11 15 25 39
11 18 25 24
11 18 25 25
11 18 25 29
11 18 25 30
11 18 25 38
11 18 25 39
11 24 25 29
11 24 25 30
11 24 25 38
11 24 25 39
11 25 25 29
11 25 25 30
11 25 25 38
11 25 25 39
11 29 25 38
11 29 25 39
11 30 25 38
11 30 25 39
11 15 28 18
11 24 30 29
11 24 30 30
11 24 30 44
11 24 30 48
11 29 30 44
11 29 30 48
11 30 30 44
11 30 30 48
11 44 30 48
11 15 31 24
11 15 31 29
11 15 31 30
11 24 31 29
11 24 31 30
11 44 34 51
11 44 34 61
11 51 34 61
11 15 35 30
11 15 35 44
11 15 35 51
11 30 35 44
11 30 35 51
11 44 35 51
11 30 36 44
11 30 36 51
11 30 36 61
11 44 36 51
11 44 36 61
11 51 36 61
11 30 40 61
11 30 41 61
12 38 16 44
12 38 16 48
12 39 16 44
12 39 16 48
12 44 16 48
12 38 18 44
12 38 18 48
12 39 18 44
12 39 18 48
12 44 18 48
12 15 21 18
12 15 21 24
12 15 21 25
12 15 21 29
12 15 21 30
12 15 21 31
12 15 21 38
12 15 21 39
12 15 21 44
12 15 21 48
12 15 21 51
12 15 21 52
12 16 21 18
12 16 21 24
12 16 21 25
12 16 21 29
12 16 21 30
12 16 21 31
12 16 21 38
12 16 21 39
12 16 21 44
12 16 21 48
12 16 21 51
12 16 21 52
12 18 21 24
12 18 21 25
12 18 21 29
12 18 21 30
12 18 21 31
12 18 21 38
12 18 21 39
12 18 21 44
12 18 21 48
12 18 21 51
12 18 21 52
12 24 21 29
12 24 21 30
12 24 21 31
12 24 21 38
12 24 21 39
12 24 21 44
12 24 21 48
12 24 21 51
12 24 21 52
12 25 21 29
12 25 21 30
12 25 21 31
12 25 21 38
12 25 21 39
12 25 21 44
12 25 21 48
12 25 21 51
12 25 21 52
12 29 21 38
12 29 21 39
12 29 21 44
12 29 21 48
12 29 21 51
12 29 21 52
12 30 21 38
12 30 21 39
12 30 21 44
12 30 21 48
12 30 21 51
12 30 21 52
12 31 21 38
12 31 21 39
12 31 21 44
12 31 21 48
12 31 21 51
12 31 21 52
12 38 21 44
12 38 21 48
12 38 21 51
12 38 21 52
12 39 21 44
12 39 21 48
12 39 21 51
12 39 21 52
12 44 21 48
12 44 21 51
12 44 21 52
12 48 21 51
12 48 21 52
12 54 21 58
12 55 21 58
12 15 22 18
12 15 22 24
12 15 22 25
12 15 22 29
12 15 22 30
12 15 22 31
12 15 22 38
12 15 22 39
12 15 22 44
12 15 22 48
12 15 22 51
12 15 22 52
12 15 22 54
12 15 22 55
12 15 22 58
12 15 22 61
12 15 22 62
12 15 22 63
12 16 22 18
12 16 22 24
12 16 22 25
12 16 22 29
12 16 22 30
12 16 22 31
12 16 22 38
12 16 22 39
12 16 22 44
12 16 22 48
12 16 22 51
12 16 22 52
12 16 22 54
12 16 22 55
12 16 22 58
12 16 22 61
12 16 22 62
12 16 22 63
12 18 22 24
12 18 22 25
12 18 22 29
12 18 22 30
12 18 22 31
12 18 22 38
12 18 22 39
12 18 22 44
12 18 22 48
12 18 22 51
12 18 22 52
12 18 22 54
12 18 22 55
12 18 22 58
12 18 22 61
12 18 22 62
12 18 22 63
12 24 22 29
12 24 22 30
12 24 22 31
12 24 22 38
12 24 22 39
12 24 22 44
12 24 22 48
12 24 22 51
12 24 22 52
12 24 22 54
12 24 22 55
12 24 22 58
12 24 22 61
12 24 22 62
12 24 22 63
12 25 22 29
12 25 22 30
12 25 22 31
12 25 22 38
12 25 22 39
12 25 22 44
12 25 22 48
12 25 22 51
12 25 22 52
12 25 22 54
12 25 22 55
12 25 22 58
12 25 22 61
12 25 22 62
12 25 22 63
12 29 22 38
12 29 22 39
12 29 22 44
12 29 22 48
12 29 22 51
12 29 22 52
12 29 22 54
12 29 22 55
12 29 22 58
12 29 22 61
12 29 22 62
12 29 22 63
12 30 22 38
12 30 22 39
12 30 22 44
12 30 22 48
12 30 22 51
12 30 22 52
12 30 22 54
12 30 22 55
12 30 22 58
12 30 22 61
12 30 22 62
12 30 22 63
12 31 22 38
12 31 22 39
12 31 22 44
12 31 22 48
12 31 22 51
12 31 22 52
12 31 22 54
12 31 22 55
12 31 22 58
12 31 22 61
12 31 22 62
12 31 22 63
12 38 22 44
12 38 22 48
12 38 22 51
12 38 22 52
12 38 22 54
12 38 22 55
12 38 22 58
12 38 22 61
12 38 22 62
12 38 22 63
12 39 22 44
12 39 22 48
12 39 22 51
12 39 22 52
12 39 22 54
12 39 22 55
12 39 22 58
12 39 22 61
12 39 22 62
12 39 22 63
12 44 22 48
12 44 22 51
12 44 22 52
12 44 22 54
12 44 22 55
12 44 22 58
12 44 22 61
12 44 22 62
12 44 22 63
12 48 22 51
12 48 22 52
12 48 22 54
12 48 22 55
12 48 22 58
12 48 22 61
12 48 22 62
12 48 22 63
12 51 22 54
12 51 22 55
12 51 22 58
12 51 22 61
12 51 22 62
12 51 22 63
12 52 22 54
12 52 22 55
12 52 22 58
12 52 22 61
12 52 22 62
12 52 22 63
12 54 22 58
12 54 22 61
12 54 22 62
12 54 22 63
12 55 22 58
12 55 22 61
12 55 22 62
12 55 22 63
12 58 22 61
12 58 22 62
12 58 22 63
12 29 23 38
12 29 23 39
12 29 23 44
12 29 23 48
12 29 23 51
12 29 23 52
12 29 23 54
12 29 23 55
12 30 23 38
12 30 23 39
12 30 23 44
12 30 23 48
12 30 23 51
12 30 23 52
12 30 23 54
12 30 23 55
12 31 23 38
12 31 23 39
12 31 23 44
12 31 23 48
12 31 23 51
12 31 23 52
12 31 23 54
12 31 23 55
12 38 23 44
12 38 23 48
12 38 23 51
12 38 23 52
12 38 23 54
12 38 23 55
12 39 23 44
12 39 23 48
12 39 23 51
12 39 23 52
12 39 23 54
12 39 23 55
12 44 23 48
12 44 23 51
12 44 23 52
12 44 23 54
12 44 23 55
12 48 23 51
12 48 23 52
12 48 23 54
12 48 23 55
12 51 23 54
12 51 23 55
12 52 23 54
12 52 23 55
12 15 25 18
12 15 25 24
12 15 25 25
12 15 25 29
12 15 25 30
12 15 25 38
12 15 25 39
12 18 25 24
12 18 25 25
12 18 25 29
12 18 25 30
12 18 25 38
12 18 25 39
12 24 25 29
12 24 25 30
12 24 25 38
12 24 25 39
12 25 25 29
12 25 25 30
12 25 25 38
12 25 25 39
12 29 25 38
12 29 25 39
12 30 25 38
12 30 25 39
12 15 28 18
12 24 30 29
12 24 30 30
12 24 30 44
12 24 30 48
12 29 30 44
12 29 30 48
12 30 30 44
12 30 30 48
12 44 30 48
12 15 31 24
12 15 31 29
12 15 31 30
12 24 31 29
12 24 31 30
12 44 34 51
12 44 34 61
12 44 34 63
12 51 34 61
12 51 34 63
12 61 34 63
12 15 35 30
12 15 35 44
12 15 35 51
12 30 35 44
12 30 35 51
12 44 35 51
12 30 36 44
12 30 36 51
12 30 36 61
12 44 36 51
12 44 36 61
12 51 36 61
12 30 40 61
12 30 41 61
13 38 16 44
13 38 16 48
13 39 16 44
13 39 16 48
13 44 16 48
13 38 18 44
13 38 18 48
13 39 18 44
13 39 18 48
13 44 18 48
13 29 21 38
13 29 21 39
13 29 21 44
13 29 21 48
13 29 21 51
13 29 21 52
13 30 21 38
13 30 21 39
13 30 21 44
13 30 21 48
13 30 21 51
13 30 21 52
13 31 21 38
13 31 21 39
13 31 21 44
13 31 21 48
13 31 21 51
13 31 21 52
13 38 21 44
13 38 21 48
13 38 21 51
13 38 21 52
13 39 21 44
13 39 21 48
13 39 21 51
13 39 21 52
13 44 21 48
13 44 21 51
13 44 21 52
13 48 21 51
13 48 21 52
13 54 21 58
13 55 21 58
13 29 22 38
13 29 22 39
13 29 22 44
13 29 22 48
13 29 22 51
13 29 22 52
13 29 22 54
13 29 22 55
13 29 22 58
13 29 22 61
13 29 22 62
13 29 22 63
13 30 22 38
13 30 22 39
13 30 22 44
13 30 22 48
13 30 22 51
13 30 22 52
13 30 22 54
13 30 22 55
13 30 22 58
13 30 22 61
13 30 22 62
13 30 22 63
13 31 22 38
13 31 22 39
13 31 22 44
13 31 22 48
13 31 22 51
13 31 22 52
13 31 22 54
13 31 22 55
13 31 22 58
13 31 22 61
13 31 22 62
13 31 22 63
13 38 22 44
13 38 22 48
13 38 22 51
13 38 22 52
13 38 22 54
13 38 22 55
13 38 22 58
13 38 22 61
13 38 22 62
13 38 22 63
13 39 22 44
13 39 22 48
13 39 22 51
13 39 22 52
13 39 22 54
13 39 22 55
13 39 22 58
13 39 22 61
13 39 22 62
13 39 22 63
13 44 22 48
13 44 22 51
13 44 22 52
13 44 22 54
13 44 22 55
13 44 22 58
13 44 22 61
13 44 22 62
13 44 22 63
13 48 22 51
13 48 22 52
13 48 22 54
13 48 22 55
13 48 22 58
13 48 22 61
13 48 22 62
13 48 22 63
13 51 22 54
13 51 22 55
13 51 22 58
13 51 22 61
13 51 22 62
13 51 22 63
13 52 22 54
13 52 22 55
13 52 22 58
13 52 22 61
13 52 22 62
13 52 22 63
13 54 22 58
13 54 22 61
13 54 22 62
13 54 22 63
13 55 22 58
13 55 22 61
13 55 22 62
13 55 22 63
13 58 22 61
13 58 22 62
13 58 22 63
13 29 23 38
13 29 23 39
13 29 23 44
13 29 23 48
13 29 23 51
13 29 23 52
13 29 23 54
13 29 23 55
13 30 23 38
13 30 23 39
13 30 23 44
13 30 23 48
13 30 23 51
13 30 23 52
13 30 23 54
13 30 23 55
13 31 23 38
13 31 23 39
13 31 23 44
13 31 23 48
13 31 23 51
13 31 23 52
13 31 23 54
13 31 23 55
13 38 23 44
13 38 23 48
13 38 23 51
13 38 23 52
13 38 23 54
13 38 23 55
13 39 23 44
13 39 23 48
13 39 23 51
13 39 23 52
13 39 23 54
13 39 23 55
13 44 23 48
13 44 23 51
13 44 23 52
13 44 23 54
13 44 23 55
13 48 23 51
13 48 23 52
13 48 23 54
13 48 23 55
13 51 23 54
13 51 23 55
13 52 23 54
13 52 23 55
13 29 25 38
13 29 25 39
13 30 25 38
13 30 25 39
13 29 30 44
13 29 30 48
13 30 30 44
13 30 30 48
13 44 30 48
13 44 34 51
13 44 34 61
13 44 34 63
13 51 34 61
13 51 34 63
13 61 34 63
13 30 35 44
13 30 35 51
13 44 35 51
13 30 36 44
13 30 36 51
13 30 36 61
13 44 36 51
13 44 36 61
13 51 36 61
13 30 40 61
13 30 41 61
14 61 34 63
15 61 34 63
16 34 18 38
16 34 18 39
16 34 18 44
16 34 18 48
16 34 18 49
16 38 18 44
16 38 18 48
16 38 18 49
16 39 18 44
16 39 18 48
16 39 18 49
16 44 18 48
16 44 18 49
16 38 21 44
16 38 21 48
16 39 21 44
16 39 21 48
16 44 21 48
16 38 22 44
16 38 22 48
16 39 22 44
16 39 22 48
16 44 22 48
16 38 23 44
16 38 23 48
16 39 23 44
16 39 23 48
16 44 23 48
16 44 30 48
16 61 34 63
17 61 34 63
18 38 21 44
18 38 21 48
18 39 21 44
18 39 21 48
18 44 21 48
18 38 22 44
18 38 22 48
18 39 22 44
18 39 22 48
18 44 22 48
18 38 23 44
18 38 23 48
18 39 23 44
18 39 23 48
18 44 23 48
18 44 30 48
18 61 34 63
19 61 34 63
20 61 34 63
21 11 25 15
21 11 25 18
21 11 25 24
21 11 25 25
21 11 25 29
21 11 25 30
21 11 25 38
21 11 25 39
21 15 25 18
21 15 25 24
21 15 25 25
21 15 25 29
21 15 25 30
21 15 25 38
21 15 25 39
21 18 25 24
21 18 25 25
21 18 25 29
21 18 25 30
21 18 25 38
21 18 25 39
21 24 25 29
21 24 25 30
21 24 25 38
21 24 25 39
21 25 25 29
21 25 25 30
21 25 25 38
21 25 25 39
21 29 25 38
21 29 25 39
21 30 25 38
21 30 25 39
21 15 28 18
21 24 30 29
21 24 30 30
21 24 30 44
21 24 30 48
21 29 30 44
21 29 30 48
21 30 30 44
21 30 30 48
21 44 30 48
21 15 31 24
21 15 31 29
21 15 31 30
21 24 31 29
21 24 31 30
21 44 34 51
21 61 34 63
21 15 35 30
21 15 35 44
21 15 35 51
21 30 35 44
21 30 35 51
21 44 35 51
21 30 36 44
21 30 36 51
21 44 36 51
22 15 25 18
22 15 25 24
22 15 25 25
22 15 25 29
22 15 25 30
22 15 25 38
22 15 25 39
22 18 25 24
22 18 25 25
22 18 25 29
22 18 25 30
22 18 25 38
22 18 25 39
22 24 25 29
22 24 25 30
22 24 25 38
22 24 25 39
22 25 25 29
22 25 25 30
22 25 25 38
22 25 25 39
22 29 25 38
22 29 25 39
22 30 25 38
22 30 25 39
22 15 28 18
22 24 30 29
22 24 30 30
22 24 30 44
22 24 30 48
22 29 30 44
22 29 30 48
22 30 30 44
22 30 30 48
22 44 30 48
22 15 31 24
22 15 31 29
22 15 31 30
22 24 31 29
22 24 31 30
22 44 34 51
22 44 34 61
22 44 34 63
22 51 34 61
22 51 34 63
22 61 34 63
22 15 35 30
22 15 35 44
22 15 35 51
22 30 35 44
22 30 35 51
22 44 35 51
22 30 36 44
22 30 36 51
22 30 36 61
22 44 36 51
22 44 36 61
22 51 36 61
22 30 40 61
22 30 41 61
23 29 25 38
23 29 25 39
23 30 25 38
23 30 25 39
23 29 30 44
23 29 30 48
23 30 30 44
23 30 30 48
23 44 30 48
23 44 34 51
23 30 35 44
23 30 35 51
23 44 35 51
23 30 36 44
23 30 36 51
23 44 36 51
25 6 28 15
25 6 28 18
25 7 28 15
25 7 28 18
25 15 28 18
25 24 30 29
25 24 30 30
25 6 31 15
25 6 31 21
25 6 31 24
25 6 31 29
25 6 31 30
25 15 31 21
25 15 31 24
25 15 31 29
25 15 31 30
25 21 31 24
25 21 31 29
25 21 31 30
25 24 31 29
25 24 31 30
25 15 35 21
25 15 35 30
25 21 35 30
25 21 36 30
25 2 40 21
25 2 40 30
25 21 40 30
28 6 31 15
30 30 35 44
30 30 36 44
31 15 35 21
31 15 35 30
31 21 35 30
31 21 36 30
31 21 40 30
34 44 36 61
34 45 36 61
34 46 36 61
34 47 36 61
34 48 36 61
34 49 36 61
34 50 36 61
34 51 36 61
35 17 40 21
35 17 40 30
35 21 40 30
36 17 40 21
36 17 40 30
36 17 40 61
36 17 40 63
36 21 40 30
36 21 40 61
36 21 40 63
36 30 40 61
36 30 40 63
36 61 40 63
36 30 41 61
40 7 42 22
