72 100
0000000000000000000000000000000000000000000000000000000000000000000000000000000000000000000000000000
0000000000000000000000000000000000000000000000000000000000000000000000000000000000000000000000000000
0001111111111111111111111111111111111111111111111111111111111111111111111111111111111111111111110000
0001000100000000000000101111111111111111111110000000000000000000000000000000000100000000000000010000
0001000100000000000000101100000000000000000010000000000000000000000000000000000100000000000000010000
0001000100000000000000101100000000000000000010000000000000000000000000000000000100000000000000010000
0001111111111111111111111111111111111111111111111111111111111111111111111111100100000000000000010000
0001000100000001000000101100000000000000000010000000000000000000000000001000100100000000000000010000
0001000100000001000000101100111111111111111111111111111111111100000000001000100100000000000000010000
0001000100000001000000101100110000000000010010000000000000000100000000001000100100000000000000010000
0001000100000001000000101100110000000000010010000000000000000100000000001000100100000000000000010000
0001111111111111111111111111111111111111111111111111111111111111111111111111111111111111111111110000
0001000100000001000000101100110000000000010010000000000000000100000000001000100100000000000000000000
0001000100000001000000101100110000000000010010000000000000000100000000001000100100000000000000000000
0001000111111111111111111111111111111111111111111111111111111111111111111111111111111100000000000000
0001000100000001000000101100110000000000010010000000000000000100000000001000100000000100000000000000
0001000100000001000000101100110000000000010010000000000000000100000000001000100000000100000000000000
0001000100000001000000101100110000000000010010000000000000000100000000001000100000000100000000000000
0001000100000001000000101100110000000000010010000000000000000100000000001000100111111110000000000000
0001000100000001000000101100110000000000010010000000000000000100000000001000100100000110000000000000
0001000100000001000000101100110000000000010010000000000000000100000000001000100100000110000000000000
0001000100000001000000101100110000000000010010000000000000000100000000001000100100000110000000000000
0001000100000001000000101100110000000000010010000000000000000100000000001000100100000110000000000000
0001000100000001000000101100110000000000010010000000000000000100000000001000100111111110000000000000
0001000100000001000000101100110000000000010010000000000000000100000000001011111111100100000000000000
0001111111111111111111111111111111111111111111111111111111111111111111111111100000100100000000000000
0000000100000001000000101100110000000000010010000000000000000100000000001010000000100100000000000000
0000000100000001000000101100110000000000010010000000000000000100000000001010000000100100000000000000
0000000100000001000000101100110000000000010010000000000000000100000000001010000000100100000000000000
0000000100000001000000101100110000000000010010000000000000000100000000001010000000100100000111111111
0001111111111111111111111111111000000000010010000000000000000100000000001010000000100100000100000001
0001000100000011111111111111111111111111111111111111111111111111111111111010000000100100000100000001
0001000100000011111111111111111111111111111111111111111111111111111111111010000000100100000100000001
0001000100000010000000101100111000000000010010000000000000000100000000001010000000100100000100000001
0001000100000010000000101100111000000000010010000000000000000100000000001010000000100100000100000001
0001000100000010000000101100111000000000010010000000000000111111111111111111111111110100000100000001
0001111111111111111111111111111000000000010010000000000000100100000000001010000000110100000100000001
0000000100000010000000101100110000000000010010000000000000100100000000001010000000110100000100000001
0000000100000010000000101100110000000000010010000000000000100100000000001010000000110100000100000001
0000000100000010000000101100110000000000010010000000000000100100000000001010000000110100000100000001
0000000100000010000000101100110111111111111111111111111111111111111111111111111110110100000100000001
0000000100000010000000101100110100000000010010000000000000100100000000001010000010110100000100000001
0000000100000010000000101100110100000000010010000000000000100100000000001010000010110100000100000001
0000000100000010000000101100111111111111110010000000000000100100000000001010000010110100000100000001
0000000100000010000011111111111111111111111111111111111111111111110000001010000010110100000100000001
0000000100000010000010101100010100000000000010000000000000100100010000001010000010110100000111111111
0000000100000010000010101100010100000000000010000000000000100100010000001011111111110100000000000000
0000000100000010000010111100010100000000000010000000000000100100010000001000000010010100000000000000
0000011111111111111111111111111111111111111111111111111111111111111111111111111111111111110000000000
0000010100000010000010000100010100000000000010000000000000100100010000001000000010010100010000000000
0000010100000010000010000100010100000000000010000000000000100100010000001000000010010100010000000000
0000010100000010000010000100010100000000000010000000000000100100010000001000000010010100010000000000
0000111111111111111111111111111111110000000010000000000000100100010000001000000010010100010000000000
0000110100000010000010000100010100010000000010000000000000100100010000001000000010010100010000000000
0000110100000010000010000100010100010000000010000000000000100100010000001000000010010100010000000000
0000110100000010000010000100010100010000000010000000000000100100010000001000000010010100010000000000
0000110100000010000010000100010100010000000010000000000000100100010000001000000010010100010000000000
0000110100000010000010000100010100010000000010000000000000100100010000001000000010010100010000000000
0000111111111111111111111111111111110000000010000000000000100100010000001000000010010100010000000000
0000010100000010000010000100010100000000000010000000000000100100010000001000000010010100010000000000
0000010100000010000010000111111111111111111111111111111111111100010000001000000010010100010000000000
0000010100000011111111111111111111111111111111111111111111111111111111111000000010010100010000000000
0000010100000000000010000000000100000000000000000000000000100000010000000000000010010100010000000000
0000010100000000000010000000000100000000000000000000000000100000010000000000000010010100010000000000
0000010100000000000010000000000100000000000000000000000000100000010000000000000010010100010000000000
0000010100000000000010000000000100000000000000000000000000111111111111111111111111110100010000000000
0000010100000000000010000000000111111111111111111111111111111111111111111111111110000100010000000000
0000010100000000000010000000000000000000000000000000000000000000010000000000000000000100010000000000
0000011111111111111111111111111111111111111111111111111111111111111111111111111111111111110000000000
0000000100000000000010000000000000000000000000000000000000000000010000000000000000000100000000000000
0000000111111111111111111111111111111111111111111111111111111111111111111111111111111100000000000000
0000000000000000000000000000000000000000000000000000000000000000000000000000000000000000000000000000
1937
3 4 7 8
3 4 7 23
3 4 7 25
3 4 7 26
3 4 7 45
3 8 7 23
3 8 7 25
3 8 7 26
3 8 7 45
3 23 7 25
3 23 7 26
3 23 7 45
3 25 7 45
3 26 7 45
3 4 12 8
3 4 12 23
3 4 12 25
3 4 12 26
3 4 12 45
3 4 12 80
3 4 12 96
3 8 12 23
3 8 12 25
3 8 12 26
3 8 12 45
3 8 12 80
3 8 12 96
3 23 12 25
3 23 12 26
3 23 12 45
3 23 12 80
3 23 12 96
3 25 12 45
3 25 12 80
3 25 12 96
3 26 12 45
3 26 12 80
3 26 12 96
3 45 12 80
3 45 12 96
3 80 12 96
3 8 15 23
3 8 15 25
3 8 15 26
3 8 15 45
3 8 15 80
3 23 15 25
3 23 15 26
3 23 15 45
3 23 15 80
3 25 15 45
3 25 15 80
3 26 15 45
3 26 15 80
3 45 15 80
3 4 26 8
3 4 26 23
3 4 26 25
3 4 26 26
3 4 26 45
3 8 26 23
3 8 26 25
3 8 26 26
3 8 26 45
3 23 26 25
3 23 26 26
3 23 26 45
3 25 26 45
3 26 26 45
3 8 31 23
3 8 31 25
3 8 31 26
3 23 31 25
3 23 31 26
3 23 32 25
3 23 32 26
3 23 32 45
3 25 32 45
3 26 32 45
3 23 33 25
3 23 33 26
3 23 33 45
3 25 33 45
3 26 33 45
3 8 37 23
3 8 37 25
3 8 37 26
3 23 37 25
3 23 37 26
3 23 45 25
3 23 45 26
3 23 45 45
3 25 45 45
3 26 45 45
3 23 48 25
3 23 48 26
3 8 49 23
3 8 49 25
3 8 49 26
3 8 49 45
3 23 49 25
3 23 49 26
3 23 49 45
3 25 49 45
3 26 49 45
3 8 53 26
3 8 59 26
3 26 61 45
3 26 62 45
4 25 7 45
4 26 7 45
4 25 12 45
4 26 12 45
4 25 15 45
4 26 15 45
4 25 26 45
4 26 26 45
4 25 32 45
4 26 32 45
4 25 33 45
4 26 33 45
4 25 45 45
4 26 45 45
4 25 49 45
4 26 49 45
4 26 61 45
4 26 62 45
7 4 12 8
7 4 12 16
7 4 12 23
7 4 12 25
7 4 12 26
7 4 12 45
7 4 12 73
7 4 12 77
7 8 12 16
7 8 12 23
7 8 12 25
7 8 12 26
7 8 12 45
7 8 12 73
7 8 12 77
7 16 12 23
7 16 12 25
7 16 12 26
7 16 12 45
7 16 12 73
7 16 12 77
7 23 12 25
7 23 12 26
7 23 12 45
7 23 12 73
7 23 12 77
7 25 12 45
7 25 12 73
7 25 12 77
7 26 12 45
7 26 12 73
7 26 12 77
7 45 12 73
7 45 12 77
7 73 12 77
7 8 15 16
7 8 15 23
7 8 15 25
7 8 15 26
7 8 15 45
7 8 15 73
7 8 15 77
7 16 15 23
7 16 15 25
7 16 15 26
7 16 15 45
7 16 15 73
7 16 15 77
7 23 15 25
7 23 15 26
7 23 15 45
7 23 15 73
7 23 15 77
7 25 15 45
7 25 15 73
7 25 15 77
7 26 15 45
7 26 15 73
7 26 15 77
7 45 15 73
7 45 15 77
7 73 15 77
7 4 26 8
7 4 26 16
7 4 26 23
7 4 26 25
7 4 26 26
7 4 26 45
7 4 26 73
7 4 26 77
7 8 26 16
7 8 26 23
7 8 26 25
7 8 26 26
7 8 26 45
7 8 26 73
7 8 26 77
7 16 26 23
7 16 26 25
7 16 26 26
7 16 26 45
7 16 26 73
7 16 26 77
7 23 26 25
7 23 26 26
7 23 26 45
7 23 26 73
7 23 26 77
7 25 26 45
7 25 26 73
7 25 26 77
7 26 26 45
7 26 26 73
7 26 26 77
7 45 26 73
7 45 26 77
7 73 26 77
7 8 31 16
7 8 31 23
7 8 31 25
7 8 31 26
7 16 31 23
7 16 31 25
7 16 31 26
7 23 31 25
7 23 31 26
7 16 32 23
7 16 32 25
7 16 32 26
7 16 32 45
7 16 32 73
7 23 32 25
7 23 32 26
7 23 32 45
7 23 32 73
7 25 32 45
7 25 32 73
7 26 32 45
7 26 32 73
7 45 32 73
7 16 33 23
7 16 33 25
7 16 33 26
7 16 33 45
7 16 33 73
7 23 33 25
7 23 33 26
7 23 33 45
7 23 33 73
7 25 33 45
7 25 33 73
7 26 33 45
7 26 33 73
7 45 33 73
7 8 37 23
7 8 37 25
7 8 37 26
7 23 37 25
7 23 37 26
7 45 41 73
7 23 45 25
7 23 45 26
7 23 45 45
7 25 45 45
7 26 45 45
7 23 48 25
7 23 48 26
7 8 49 23
7 8 49 25
7 8 49 26
7 8 49 45
7 8 49 73
7 23 49 25
7 23 49 26
7 23 49 45
7 23 49 73
7 25 49 45
7 25 49 73
7 26 49 45
7 26 49 73
7 45 49 73
7 8 53 26
7 8 59 26
7 26 61 45
7 26 62 45
7 26 62 73
7 45 62 73
9 29 12 42
9 29 12 45
9 29 12 62
9 30 12 42
9 30 12 45
9 30 12 62
9 42 12 45
9 42 12 62
9 45 12 62
9 29 15 42
9 29 15 45
9 29 15 62
9 30 15 42
9 30 15 45
9 30 15 62
9 42 15 45
9 42 15 62
9 45 15 62
9 29 26 42
9 29 26 45
9 29 26 62
9 30 26 42
9 30 26 45
9 30 26 62
9 42 26 45
9 42 26 62
9 45 26 62
9 29 32 42
9 29 32 45
9 29 32 62
9 30 32 42
9 30 32 45
9 30 32 62
9 42 32 45
9 42 32 62
9 45 32 62
9 29 33 42
9 29 33 45
9 29 33 62
9 30 33 42
9 30 33 45
9 30 33 62
9 42 33 45
9 42 33 62
9 45 33 62
9 42 41 45
9 42 41 62
9 45 41 62
9 29 44 42
9 30 44 42
9 29 45 42
9 29 45 45
9 29 45 62
9 30 45 42
9 30 45 45
9 30 45 62
9 42 45 45
9 42 45 62
9 45 45 62
9 30 49 45
9 30 49 62
9 45 49 62
9 30 61 45
9 30 61 62
9 45 61 62
9 30 62 45
9 30 62 62
9 45 62 62
12 8 15 16
12 8 15 23
12 8 15 25
12 8 15 26
12 8 15 29
12 8 15 30
12 8 15 42
12 8 15 45
12 8 15 62
12 8 15 73
12 8 15 77
12 8 15 80
12 16 15 23
12 16 15 25
12 16 15 26
12 16 15 29
12 16 15 30
12 16 15 42
12 16 15 45
12 16 15 62
12 16 15 73
12 16 15 77
12 16 15 80
12 23 15 25
12 23 15 26
12 23 15 29
12 23 15 30
12 23 15 42
12 23 15 45
12 23 15 62
12 23 15 73
12 23 15 77
12 23 15 80
12 25 15 29
12 25 15 30
12 25 15 42
12 25 15 45
12 25 15 62
12 25 15 73
12 25 15 77
12 25 15 80
12 26 15 29
12 26 15 30
12 26 15 42
12 26 15 45
12 26 15 62
12 26 15 73
12 26 15 77
12 26 15 80
12 29 15 42
12 29 15 45
12 29 15 62
12 29 15 73
12 29 15 77
12 29 15 80
12 30 15 42
12 30 15 45
12 30 15 62
12 30 15 73
12 30 15 77
12 30 15 80
12 42 15 45
12 42 15 62
12 42 15 73
12 42 15 77
12 42 15 80
12 45 15 62
12 45 15 73
12 45 15 77
12 45 15 80
12 62 15 73
12 62 15 77
12 62 15 80
12 73 15 77
12 73 15 80
12 77 15 80
12 4 26 8
12 4 26 16
12 4 26 23
12 4 26 25
12 4 26 26
12 4 26 29
12 4 26 30
12 4 26 42
12 4 26 45
12 4 26 62
12 4 26 73
12 4 26 77
12 8 26 16
12 8 26 23
12 8 26 25
12 8 26 26
12 8 26 29
12 8 26 30
12 8 26 42
12 8 26 45
12 8 26 62
12 8 26 73
12 8 26 77
12 16 26 23
12 16 26 25
12 16 26 26
12 16 26 29
12 16 26 30
12 16 26 42
12 16 26 45
12 16 26 62
12 16 26 73
12 16 26 77
12 23 26 25
12 23 26 26
12 23 26 29
12 23 26 30
12 23 26 42
12 23 26 45
12 23 26 62
12 23 26 73
12 23 26 77
12 25 26 29
12 25 26 30
12 25 26 42
12 25 26 45
12 25 26 62
12 25 26 73
12 25 26 77
12 26 26 29
12 26 26 30
12 26 26 42
12 26 26 45
12 26 26 62
12 26 26 73
12 26 26 77
12 29 26 42
12 29 26 45
12 29 26 62
12 29 26 73
12 29 26 77
12 30 26 42
12 30 26 45
12 30 26 62
12 30 26 73
12 30 26 77
12 42 26 45
12 42 26 62
12 42 26 73
12 42 26 77
12 45 26 62
12 45 26 73
12 45 26 77
12 62 26 73
12 62 26 77
12 73 26 77
12 8 31 16
12 8 31 23
12 8 31 25
12 8 31 26
12 8 31 29
12 8 31 30
12 16 31 23
12 16 31 25
12 16 31 26
12 16 31 29
12 16 31 30
12 23 31 25
12 23 31 26
12 23 31 29
12 23 31 30
12 25 31 29
12 25 31 30
12 26 31 29
12 26 31 30
12 16 32 23
12 16 32 25
12 16 32 26
12 16 32 29
12 16 32 30
12 16 32 42
12 16 32 45
12 16 32 62
12 16 32 73
12 23 32 25
12 23 32 26
12 23 32 29
12 23 32 30
12 23 32 42
12 23 32 45
12 23 32 62
12 23 32 73
12 25 32 29
12 25 32 30
12 25 32 42
12 25 32 45
12 25 32 62
12 25 32 73
12 26 32 29
12 26 32 30
12 26 32 42
12 26 32 45
12 26 32 62
12 26 32 73
12 29 32 42
12 29 32 45
12 29 32 62
12 29 32 73
12 30 32 42
12 30 32 45
12 30 32 62
12 30 32 73
12 42 32 45
12 42 32 62
12 42 32 73
12 45 32 62
12 45 32 73
12 62 32 73
12 16 33 23
12 16 33 25
12 16 33 26
12 16 33 29
12 16 33 30
12 16 33 42
12 16 33 45
12 16 33 62
12 16 33 73
12 23 33 25
12 23 33 26
12 23 33 29
12 23 33 30
12 23 33 42
12 23 33 45
12 23 33 62
12 23 33 73
12 25 33 29
12 25 33 30
12 25 33 42
12 25 33 45
12 25 33 62
12 25 33 73
12 26 33 29
12 26 33 30
12 26 33 42
12 26 33 45
12 26 33 62
12 26 33 73
12 29 33 42
12 29 33 45
12 29 33 62
12 29 33 73
12 30 33 42
12 30 33 45
12 30 33 62
12 30 33 73
12 42 33 45
12 42 33 62
12 42 33 73
12 45 33 62
12 45 33 73
12 62 33 73
12 62 36 73
12 8 37 23
12 8 37 25
12 8 37 26
12 8 37 29
12 8 37 30
12 23 37 25
12 23 37 26
12 23 37 29
12 23 37 30
12 25 37 29
12 25 37 30
12 26 37 29
12 26 37 30
12 42 41 45
12 42 41 62
12 42 41 73
12 45 41 62
12 45 41 73
12 62 41 73
12 29 44 42
12 30 44 42
12 23 45 25
12 23 45 26
12 23 45 29
12 23 45 30
12 23 45 42
12 23 45 45
12 23 45 62
12 25 45 29
12 25 45 30
12 25 45 42
12 25 45 45
12 25 45 62
12 26 45 29
12 26 45 30
12 26 45 42
12 26 45 45
12 26 45 62
12 29 45 42
12 29 45 45
12 29 45 62
12 30 45 42
12 30 45 45
12 30 45 62
12 42 45 45
12 42 45 62
12 45 45 62
12 23 48 25
12 23 48 26
12 8 49 23
12 8 49 25
12 8 49 26
12 8 49 30
12 8 49 45
12 8 49 62
12 8 49 73
12 23 49 25
12 23 49 26
12 23 49 30
12 23 49 45
12 23 49 62
12 23 49 73
12 25 49 30
12 25 49 45
12 25 49 62
12 25 49 73
12 26 49 30
12 26 49 45
12 26 49 62
12 26 49 73
12 30 49 45
12 30 49 62
12 30 49 73
12 45 49 62
12 45 49 73
12 62 49 73
12 8 53 26
12 8 53 30
12 26 53 30
12 8 59 26
12 8 59 30
12 26 59 30
12 26 61 30
12 26 61 45
12 26 61 62
12 30 61 45
12 30 61 62
12 45 61 62
12 26 62 30
12 26 62 45
12 26 62 62
12 26 62 73
12 30 62 45
12 30 62 62
12 30 62 73
12 45 62 62
12 45 62 73
12 62 62 73
15 8 26 16
15 8 26 23
15 8 26 25
15 8 26 26
15 8 26 29
15 8 26 30
15 8 26 42
15 8 26 45
15 8 26 62
15 8 26 73
15 8 26 77
15 16 26 23
15 16 26 25
15 16 26 26
15 16 26 29
15 16 26 30
15 16 26 42
15 16 26 45
15 16 26 62
15 16 26 73
15 16 26 77
15 23 26 25
15 23 26 26
15 23 26 29
15 23 26 30
15 23 26 42
15 23 26 45
15 23 26 62
15 23 26 73
15 23 26 77
15 25 26 29
15 25 26 30
15 25 26 42
15 25 26 45
15 25 26 62
15 25 26 73
15 25 26 77
15 26 26 29
15 26 26 30
15 26 26 42
15 26 26 45
15 26 26 62
15 26 26 73
15 26 26 77
15 29 26 42
15 29 26 45
15 29 26 62
15 29 26 73
15 29 26 77
15 30 26 42
15 30 26 45
15 30 26 62
15 30 26 73
15 30 26 77
15 42 26 45
15 42 26 62
15 42 26 73
15 42 26 77
15 45 26 62
15 45 26 73
15 45 26 77
15 62 26 73
15 62 26 77
15 73 26 77
15 8 31 16
15 8 31 23
15 8 31 25
15 8 31 26
15 8 31 29
15 8 31 30
15 16 31 23
15 16 31 25
15 16 31 26
15 16 31 29
15 16 31 30
15 23 31 25
15 23 31 26
15 23 31 29
15 23 31 30
15 25 31 29
15 25 31 30
15 26 31 29
15 26 31 30
15 16 32 23
15 16 32 25
15 16 32 26
15 16 32 29
15 16 32 30
15 16 32 42
15 16 32 45
15 16 32 62
15 16 32 73
15 23 32 25
15 23 32 26
15 23 32 29
15 23 32 30
15 23 32 42
15 23 32 45
15 23 32 62
15 23 32 73
15 25 32 29
15 25 32 30
15 25 32 42
15 25 32 45
15 25 32 62
15 25 32 73
15 26 32 29
15 26 32 30
15 26 32 42
15 26 32 45
15 26 32 62
15 26 32 73
15 29 32 42
15 29 32 45
15 29 32 62
15 29 32 73
15 30 32 42
15 30 32 45
15 30 32 62
15 30 32 73
15 42 32 45
15 42 32 62
15 42 32 73
15 45 32 62
15 45 32 73
15 62 32 73
15 16 33 23
15 16 33 25
15 16 33 26
15 16 33 29
15 16 33 30
15 16 33 42
15 16 33 45
15 16 33 62
15 16 33 73
15 23 33 25
15 23 33 26
15 23 33 29
15 23 33 30
15 23 33 42
15 23 33 45
15 23 33 62
15 23 33 73
15 25 33 29
15 25 33 30
15 25 33 42
15 25 33 45
15 25 33 62
15 25 33 73
15 26 33 29
15 26 33 30
15 26 33 42
15 26 33 45
15 26 33 62
15 26 33 73
15 29 33 42
15 29 33 45
15 29 33 62
15 29 33 73
15 30 33 42
15 30 33 45
15 30 33 62
15 30 33 73
15 42 33 45
15 42 33 62
15 42 33 73
15 45 33 62
15 45 33 73
15 62 33 73
15 62 36 73
15 8 37 23
15 8 37 25
15 8 37 26
15 8 37 29
15 8 37 30
15 23 37 25
15 23 37 26
15 23 37 29
15 23 37 30
15 25 37 29
15 25 37 30
15 26 37 29
15 26 37 30
15 42 41 45
15 42 41 62
15 42 41 73
15 45 41 62
15 45 41 73
15 62 41 73
15 29 44 42
15 30 44 42
15 23 45 25
15 23 45 26
15 23 45 29
15 23 45 30
15 23 45 42
15 23 45 45
15 23 45 62
15 25 45 29
15 25 45 30
15 25 45 42
15 25 45 45
15 25 45 62
15 26 45 29
15 26 45 30
15 26 45 42
15 26 45 45
15 26 45 62
15 29 45 42
15 29 45 45
15 29 45 62
15 30 45 42
15 30 45 45
15 30 45 62
15 42 45 45
15 42 45 62
15 45 45 62
15 23 48 25
15 23 48 26
15 8 49 23
15 8 49 25
15 8 49 26
15 8 49 30
15 8 49 45
15 8 49 62
15 8 49 73
15 8 49 86
15 23 49 25
15 23 49 26
15 23 49 30
15 23 49 45
15 23 49 62
15 23 49 73
15 23 49 86
15 25 49 30
15 25 49 45
15 25 49 62
15 25 49 73
15 25 49 86
15 26 49 30
15 26 49 45
15 26 49 62
15 26 49 73
15 26 49 86
15 30 49 45
15 30 49 62
15 30 49 73
15 30 49 86
15 45 49 62
15 45 49 73
15 45 49 86
15 62 49 73
15 62 49 86
15 73 49 86
15 8 53 26
15 8 53 30
15 26 53 30
15 8 59 26
15 8 59 30
15 26 59 30
15 26 61 30
15 26 61 45
15 26 61 62
15 30 61 45
15 30 61 62
15 45 61 62
15 26 62 30
15 26 62 45
15 26 62 62
15 26 62 73
15 30 62 45
15 30 62 62
15 30 62 73
15 45 62 62
15 45 62 73
15 62 62 73
15 8 69 86
15 8 71 86
19 80 24 86
19 80 24 87
25 75 36 83
25 75 47 83
26 8 31 16
26 8 31 23
26 8 31 25
26 8 31 26
26 8 31 29
26 8 31 30
26 16 31 23
26 16 31 25
26 16 31 26
26 16 31 29
26 16 31 30
26 23 31 25
26 23 31 26
26 23 31 29
26 23 31 30
26 25 31 29
26 25 31 30
26 26 31 29
26 26 31 30
26 16 32 23
26 16 32 25
26 16 32 26
26 16 32 29
26 16 32 30
26 16 32 42
26 16 32 45
26 16 32 62
26 16 32 73
26 23 32 25
26 23 32 26
26 23 32 29
26 23 32 30
26 23 32 42
26 23 32 45
26 23 32 62
26 23 32 73
26 25 32 29
26 25 32 30
26 25 32 42
26 25 32 45
26 25 32 62
26 25 32 73
26 26 32 29
26 26 32 30
26 26 32 42
26 26 32 45
26 26 32 62
26 26 32 73
26 29 32 42
26 29 32 45
26 29 32 62
26 29 32 73
26 30 32 42
26 30 32 45
26 30 32 62
26 30 32 73
26 42 32 45
26 42 32 62
26 42 32 73
26 45 32 62
26 45 32 73
26 62 32 73
26 16 33 23
26 16 33 25
26 16 33 26
26 16 33 29
26 16 33 30
26 16 33 42
26 16 33 45
26 16 33 62
26 16 33 73
26 23 33 25
26 23 33 26
26 23 33 29
26 23 33 30
26 23 33 42
26 23 33 45
26 23 33 62
26 23 33 73
26 25 33 29
26 25 33 30
26 25 33 42
26 25 33 45
26 25 33 62
26 25 33 73
26 26 33 29
26 26 33 30
26 26 33 42
26 26 33 45
26 26 33 62
26 26 33 73
26 29 33 42
26 29 33 45
26 29 33 62
26 29 33 73
26 30 33 42
26 30 33 45
26 30 33 62
26 30 33 73
26 42 33 45
26 42 33 62
26 42 33 73
26 45 33 62
26 45 33 73
26 62 33 73
26 62 36 73
26 62 36 75
26 73 36 75
26 8 37 23
26 8 37 25
26 8 37 26
26 8 37 29
26 8 37 30
26 23 37 25
26 23 37 26
26 23 37 29
26 23 37 30
26 25 37 29
26 25 37 30
26 26 37 29
26 26 37 30
26 42 41 45
26 42 41 62
26 42 41 73
26 42 41 75
26 45 41 62
26 45 41 73
26 45 41 75
26 62 41 73
26 62 41 75
26 73 41 75
26 29 44 42
26 30 44 42
26 23 45 25
26 23 45 26
26 23 45 29
26 23 45 30
26 23 45 42
26 23 45 45
26 23 45 62
26 25 45 29
26 25 45 30
26 25 45 42
26 25 45 45
26 25 45 62
26 26 45 29
26 26 45 30
26 26 45 42
26 26 45 45
26 26 45 62
26 29 45 42
26 29 45 45
26 29 45 62
26 30 45 42
26 30 45 45
26 30 45 62
26 42 45 45
26 42 45 62
26 45 45 62
26 23 48 25
26 23 48 26
26 8 49 23
26 8 49 25
26 8 49 26
26 8 49 30
26 8 49 45
26 8 49 62
26 8 49 73
26 23 49 25
26 23 49 26
26 23 49 30
26 23 49 45
26 23 49 62
26 23 49 73
26 25 49 30
26 25 49 45
26 25 49 62
26 25 49 73
26 26 49 30
26 26 49 45
26 26 49 62
26 26 49 73
26 30 49 45
26 30 49 62
26 30 49 73
26 45 49 62
26 45 49 73
26 62 49 73
26 8 53 26
26 8 53 30
26 26 53 30
26 8 59 26
26 8 59 30
26 26 59 30
26 26 61 30
26 26 61 45
26 26 61 62
26 30 61 45
26 30 61 62
26 45 61 62
26 26 62 30
26 26 62 45
26 26 62 62
26 26 62 73
26 30 62 45
26 30 62 62
26 30 62 73
26 45 62 62
26 45 62 73
26 62 62 73
30 92 46 100
31 4 37 8
31 4 37 15
31 4 37 23
31 4 37 25
31 4 37 26
31 4 37 29
31 4 37 30
31 4 37 31
31 8 37 15
31 8 37 23
31 8 37 25
31 8 37 26
31 8 37 29
31 8 37 30
31 8 37 31
31 15 37 23
31 15 37 25
31 15 37 26
31 15 37 29
31 15 37 30
31 15 37 31
31 23 37 25
31 23 37 26
31 23 37 29
31 23 37 30
31 23 37 31
31 25 37 29
31 25 37 30
31 25 37 31
31 26 37 29
31 26 37 30
31 26 37 31
31 23 45 25
31 23 45 26
31 23 45 29
31 23 45 30
31 25 45 29
31 25 45 30
31 26 45 29
31 26 45 30
31 23 48 25
31 23 48 26
31 8 49 15
31 8 49 23
31 8 49 25
31 8 49 26
31 8 49 30
31 15 49 23
31 15 49 25
31 15 49 26
31 15 49 30
31 23 49 25
31 23 49 26
31 23 49 30
31 25 49 30
31 26 49 30
31 8 53 15
31 8 53 26
31 8 53 30
31 15 53 26
31 15 53 30
31 26 53 30
31 8 59 15
31 8 59 26
31 8 59 30
31 15 59 26
31 15 59 30
31 26 59 30
31 26 61 30
31 15 62 26
31 15 62 30
31 26 62 30
32 62 36 73
32 15 37 23
32 15 37 25
32 15 37 26
32 15 37 29
32 15 37 30
32 15 37 31
32 23 37 25
32 23 37 26
32 23 37 29
32 23 37 30
32 23 37 31
32 25 37 29
32 25 37 30
32 25 37 31
32 26 37 29
32 26 37 30
32 26 37 31
32 42 41 45
32 42 41 62
32 42 41 73
32 45 41 62
32 45 41 73
32 62 41 73
32 29 44 42
32 30 44 42
32 23 45 25
32 23 45 26
32 23 45 29
32 23 45 30
32 23 45 42
32 23 45 45
32 23 45 62
32 25 45 29
32 25 45 30
32 25 45 42
32 25 45 45
32 25 45 62
32 26 45 29
32 26 45 30
32 26 45 42
32 26 45 45
32 26 45 62
32 29 45 42
32 29 45 45
32 29 45 62
32 30 45 42
32 30 45 45
32 30 45 62
32 42 45 45
32 42 45 62
32 45 45 62
32 23 48 25
32 23 48 26
32 15 49 23
32 15 49 25
32 15 49 26
32 15 49 30
32 15 49 45
32 15 49 62
32 15 49 73
32 23 49 25
32 23 49 26
32 23 49 30
32 23 49 45
32 23 49 62
32 23 49 73
32 25 49 30
32 25 49 45
32 25 49 62
32 25 49 73
32 26 49 30
32 26 49 45
32 26 49 62
32 26 49 73
32 30 49 45
32 30 49 62
32 30 49 73
32 45 49 62
32 45 49 73
32 62 49 73
32 15 53 26
32 15 53 30
32 26 53 30
32 15 59 26
32 15 59 30
32 26 59 30
32 26 61 30
32 26 61 45
32 26 61 62
32 30 61 45
32 30 61 62
32 45 61 62
32 15 62 26
32 15 62 30
32 15 62 45
32 15 62 62
32 15 62 73
32 26 62 30
32 26 62 45
32 26 62 62
32 26 62 73
32 30 62 45
32 30 62 62
32 30 62 73
32 45 62 62
32 45 62 73
32 62 62 73
33 62 36 73
33 15 37 23
33 15 37 25
33 15 37 26
33 15 37 29
33 15 37 30
33 15 37 31
33 23 37 25
33 23 37 26
33 23 37 29
33 23 37 30
33 23 37 31
33 25 37 29
33 25 37 30
33 25 37 31
33 26 37 29
33 26 37 30
33 26 37 31
33 42 41 45
33 42 41 62
33 42 41 73
33 45 41 62
33 45 41 73
33 62 41 73
33 29 44 42
33 30 44 42
33 23 45 25
33 23 45 26
33 23 45 29
33 23 45 30
33 23 45 42
33 23 45 45
33 23 45 62
33 25 45 29
33 25 45 30
33 25 45 42
33 25 45 45
33 25 45 62
33 26 45 29
33 26 45 30
33 26 45 42
33 26 45 45
33 26 45 62
33 29 45 42
33 29 45 45
33 29 45 62
33 30 45 42
33 30 45 45
33 30 45 62
33 42 45 45
33 42 45 62
33 45 45 62
33 23 48 25
33 23 48 26
33 15 49 23
33 15 49 25
33 15 49 26
33 15 49 30
33 15 49 45
33 15 49 62
33 15 49 73
33 23 49 25
33 23 49 26
33 23 49 30
33 23 49 45
33 23 49 62
33 23 49 73
33 25 49 30
33 25 49 45
33 25 49 62
33 25 49 73
33 26 49 30
33 26 49 45
33 26 49 62
33 26 49 73
33 30 49 45
33 30 49 62
33 30 49 73
33 45 49 62
33 45 49 73
33 62 49 73
33 15 53 26
33 15 53 30
33 26 53 30
33 15 59 26
33 15 59 30
33 26 59 30
33 26 61 30
33 26 61 45
33 26 61 62
33 30 61 45
33 30 61 62
33 45 61 62
33 15 62 26
33 15 62 30
33 15 62 45
33 15 62 62
33 15 62 73
33 26 62 30
33 26 62 45
33 26 62 62
33 26 62 73
33 30 62 45
33 30 62 62
33 30 62 73
33 45 62 62
33 45 62 73
33 62 62 73
36 59 41 62
36 59 41 73
36 59 41 75
36 62 41 73
36 62 41 75
36 73 41 75
36 59 45 62
36 75 47 83
36 75 47 84
36 59 49 62
36 59 49 73
36 59 49 84
36 62 49 73
36 62 49 84
36 73 49 84
36 59 61 62
36 59 62 62
36 59 62 73
36 62 62 73
36 59 66 84
37 23 45 25
37 23 45 26
37 23 45 29
37 23 45 30
37 25 45 29
37 25 45 30
37 26 45 29
37 26 45 30
37 23 48 25
37 23 48 26
37 8 49 15
37 8 49 23
37 8 49 25
37 8 49 26
37 8 49 30
37 15 49 23
37 15 49 25
37 15 49 26
37 15 49 30
37 23 49 25
37 23 49 26
37 23 49 30
37 25 49 30
37 26 49 30
37 8 53 15
37 8 53 26
37 8 53 30
37 15 53 26
37 15 53 30
37 26 53 30
37 8 59 15
37 8 59 26
37 8 59 30
37 15 59 26
37 15 59 30
37 26 59 30
37 26 61 30
37 15 62 26
37 15 62 30
37 26 62 30
41 32 44 42
41 32 45 42
41 32 45 45
41 32 45 59
41 32 45 62
41 42 45 45
41 42 45 59
41 42 45 62
41 45 45 59
41 45 45 62
41 59 45 62
41 75 47 81
41 32 49 45
41 32 49 59
41 32 49 62
41 32 49 73
41 32 49 81
41 45 49 59
41 45 49 62
41 45 49 73
41 45 49 81
41 59 49 62
41 59 49 73
41 59 49 81
41 62 49 73
41 62 49 81
41 73 49 81
41 32 61 45
41 32 61 59
41 32 61 62
41 45 61 59
41 45 61 62
41 59 61 62
41 32 62 45
41 32 62 59
41 32 62 62
41 32 62 73
41 45 62 59
41 45 62 62
41 45 62 73
41 59 62 62
41 59 62 73
41 62 62 73
41 59 66 81
41 32 67 59
41 32 67 81
41 59 67 81
44 30 49 32
44 30 53 32
44 30 59 32
44 30 61 32
44 30 62 32
45 23 48 25
45 23 48 26
45 21 49 23
45 21 49 25
45 21 49 26
45 21 49 30
45 21 49 32
45 21 49 45
45 21 49 59
45 21 49 62
45 21 49 66
45 23 49 25
45 23 49 26
45 23 49 30
45 23 49 32
45 23 49 45
45 23 49 59
45 23 49 62
45 23 49 66
45 25 49 30
45 25 49 32
45 25 49 45
45 25 49 59
45 25 49 62
45 25 49 66
45 26 49 30
45 26 49 32
45 26 49 45
45 26 49 59
45 26 49 62
45 26 49 66
45 30 49 32
45 30 49 45
45 30 49 59
45 30 49 62
45 30 49 66
45 32 49 45
45 32 49 59
45 32 49 62
45 32 49 66
45 45 49 59
45 45 49 62
45 45 49 66
45 59 49 62
45 59 49 66
45 62 49 66
45 21 53 26
45 21 53 30
45 21 53 32
45 26 53 30
45 26 53 32
45 30 53 32
45 21 59 26
45 21 59 30
45 21 59 32
45 26 59 30
45 26 59 32
45 30 59 32
45 26 61 30
45 26 61 32
45 26 61 45
45 26 61 59
45 26 61 62
45 30 61 32
45 30 61 45
45 30 61 59
45 30 61 62
45 32 61 45
45 32 61 59
45 32 61 62
45 45 61 59
45 45 61 62
45 59 61 62
45 21 62 26
45 21 62 30
45 21 62 32
45 21 62 45
45 21 62 59
45 21 62 62
45 21 62 66
45 26 62 30
45 26 62 32
45 26 62 45
45 26 62 59
45 26 62 62
45 26 62 66
45 30 62 32
45 30 62 45
45 30 62 59
45 30 62 62
45 30 62 66
45 32 62 45
45 32 62 59
45 32 62 62
45 32 62 66
45 45 62 59
45 45 62 62
45 45 62 66
45 59 62 62
45 59 62 66
45 62 62 66
45 59 66 66
45 32 67 59
45 32 67 66
45 59 67 66
45 21 69 66
45 21 71 66
47 81 49 84
47 81 66 84
49 6 53 8
49 6 53 15
49 6 53 21
49 6 53 26
49 6 53 30
49 6 53 32
49 8 53 15
49 8 53 21
49 8 53 26
49 8 53 30
49 8 53 32
49 15 53 21
49 15 53 26
49 15 53 30
49 15 53 32
49 21 53 26
49 21 53 30
49 21 53 32
49 26 53 30
49 26 53 32
49 30 53 32
49 6 59 8
49 6 59 15
49 6 59 21
49 6 59 26
49 6 59 30
49 6 59 32
49 8 59 15
49 8 59 21
49 8 59 26
49 8 59 30
49 8 59 32
49 15 59 21
49 15 59 26
49 15 59 30
49 15 59 32
49 21 59 26
49 21 59 30
49 21 59 32
49 26 59 30
49 26 59 32
49 30 59 32
49 26 61 30
49 26 61 32
49 26 61 45
49 26 61 59
49 26 61 62
49 30 61 32
49 30 61 45
49 30 61 59
49 30 61 62
49 32 61 45
49 32 61 59
49 32 61 62
49 45 61 59
49 45 61 62
49 59 61 62
49 15 62 21
49 15 62 26
49 15 62 30
49 15 62 32
49 15 62 45
49 15 62 59
49 15 62 62
49 15 62 66
49 15 62 73
49 21 62 26
49 21 62 30
49 21 62 32
49 21 62 45
49 21 62 59
49 21 62 62
49 21 62 66
49 21 62 73
49 26 62 30
49 26 62 32
49 26 62 45
49 26 62 59
49 26 62 62
49 26 62 66
49 26 62 73
49 30 62 32
49 30 62 45
49 30 62 59
49 30 62 62
49 30 62 66
49 30 62 73
49 32 62 45
49 32 62 59
49 32 62 62
49 32 62 66
49 32 62 73
49 45 62 59
49 45 62 62
49 45 62 66
49 45 62 73
49 59 62 62
49 59 62 66
49 59 62 73
49 62 62 66
49 62 62 73
49 66 62 73
49 59 66 66
49 59 66 81
49 59 66 84
49 66 66 81
49 66 66 84
49 81 66 84
49 32 67 59
49 32 67 66
49 32 67 81
49 59 67 66
49 59 67 81
49 66 67 81
49 6 69 8
49 6 69 21
49 6 69 66
49 6 69 86
49 6 69 90
49 8 69 21
49 8 69 66
49 8 69 86
49 8 69 90
49 21 69 66
49 21 69 86
49 21 69 90
49 66 69 86
49 66 69 90
49 86 69 90
49 8 71 21
49 8 71 66
49 8 71 86
49 21 71 66
49 21 71 86
49 66 71 86
53 5 59 8
53 5 59 15
53 5 59 21
53 5 59 26
53 5 59 30
53 5 59 32
53 5 59 36
53 6 59 8
53 6 59 15
53 6 59 21
53 6 59 26
53 6 59 30
53 6 59 32
53 6 59 36
53 8 59 15
53 8 59 21
53 8 59 26
53 8 59 30
53 8 59 32
53 8 59 36
53 15 59 21
53 15 59 26
53 15 59 30
53 15 59 32
53 15 59 36
53 21 59 26
53 21 59 30
53 21 59 32
53 21 59 36
53 26 59 30
53 26 59 32
53 26 59 36
53 30 59 32
53 30 59 36
53 32 59 36
53 26 61 30
53 26 61 32
53 30 61 32
53 15 62 21
53 15 62 26
53 15 62 30
53 15 62 32
53 21 62 26
53 21 62 30
53 21 62 32
53 26 62 30
53 26 62 32
53 30 62 32
53 6 69 8
53 6 69 21
53 8 69 21
53 8 71 21
59 26 61 30
59 26 61 32
59 30 61 32
59 15 62 21
59 15 62 26
59 15 62 30
59 15 62 32
59 21 62 26
59 21 62 30
59 21 62 32
59 26 62 30
59 26 62 32
59 30 62 32
59 6 69 8
59 6 69 21
59 8 69 21
59 8 71 21
61 32 67 59
62 59 66 66
62 32 67 59
62 32 67 66
62 59 67 66
62 21 69 66
62 21 71 66
69 8 71 21
69 8 71 66
69 8 71 86
69 21 71 66
69 21 71 86
69 66 71 86
