74 49
0000111111111111111111111111110000000000000000000
0000100000000000000000000000010000000000000000000
0000100000000000011111111111111111000000000000000
0000100000000000010000000000010001000000000000000
0000100000000000010000000000010001000000000000000
0000100000111111111111100000010001000000000000000
0000100000100000010000100000010001000000000000000
0000100000100000010000100000010001000000000000000
0000100000100000010000100000010001000000000000000
0000100000100000010000100000010001000000000000000
0000100000100000010000111111111111111100000000000
0001111111111111111111111111111001000100000000000
0001100000100000010000100000011001000100000000000
0001100000100000010000100000011001000100000000000
0001100000100000010011111111111111111111100000000
0001100000100000010010100000011001000100100000000
0001100000100000010010100000011001000100100000000
0001100000100000010010100000011001000100100000000
0001100000100000010010111111111111111100100000000
0001100000100000010010100000011001000000100000000
0001100000100000010010100000011001000000100000000
0001100000100000011111111111111111000000100000000
0111111111111111111111111111111100000000100000000
0101100000100000000010100000011100000000100000000
0101100000100000000010100000011100000000100000000
0101100000100000000010100000011100000000100000000
0101100000100000000010100000011100000000100000000
0101100000100000000010100000011100000000100000000
0101100000111111111111100000011100000000100000000
1111111111111111111111111111111111000000100000000
1101100000000000000010000000011101000000100000000
1101100000000000000010000000011101000000100000000
1101100000000000000010000000011101000000100000000
1101100000000000000011111111111111111111100000000
1101100000000000000000000000011101000000000000000
1101100000000000000000000000011101000000000000000
1101111111111111111111111111111101000000000000000
1100111111111111111111111111111101000000000000000
1100101111111111111111111111111111111111111100000
1100101100000000000001000000010101000000000100000
1100101100000000000001000000010101000000000100000
1100111111111111111111111111111111111111111100000
1100101100000000000001000000000101000000000100000
1100101100000000000001000000000101000000000100000
1100101100000000000001000000000101000000000100000
1100101100000000000001000000000101000000000100000
1100111111111111111111111111111101000000000100000
1100001100000000000001000000000101000000000100000
1100001100000000000001000000000101000000000100000
1100001100000000000001000000000101000000000100000
1100001100000000000001000000000101000000000100000
1100001100000000000001000000000101000000000100000
1100001100000000000001000000000101000000000100000
1100001100000000000001000000000101000000000100000
1100001100000000000001000000000101000000000100000
1111111111111111111111111111111111111111111100000
1000001001000000000001000000010001000000000100000
1111111111111111111111111111111111000000000100000
0111111111111100000001000000010000000000000100000
0100001111111111111111111111111111111111111100000
0100001001000100000001000000010000000000000000000
0100001001000100000001000000010000000000000000000
0100001001000100000001000000010000000000000000000
0100001001000100000001000000010000000000000000000
0111111001000100000001000000010000000000000000000
0111111111111111111111000000010000000000000000000
0100000001000100000000000000010000000000000000000
0100000001000100000000000000010000000000000000000
0100000001000100000000000000010000000000000000000
0100000001000100000000000000010000000000000000000
0100000001000100000000000000011110000000000000000
0100000001000100000000000000011010000000000000000
0111111111111111111111111111111010000000000000000
0000000000000000000000000000001110000000000000000
489
1 5 12 30
1 5 23 30
1 5 30 30
1 5 37 30
1 5 38 30
1 5 42 30
3 30 11 34
3 18 12 30
3 30 15 34
3 30 19 34
3 18 22 30
3 18 22 34
3 30 22 34
3 18 23 30
6 11 12 18
6 11 12 23
6 18 12 23
6 18 22 23
6 11 23 18
6 11 23 23
6 18 23 23
6 11 29 23
6 11 30 23
11 23 15 30
11 23 15 31
11 23 15 34
11 23 15 38
11 30 15 34
11 30 15 38
11 31 15 34
11 31 15 38
11 34 15 38
11 23 19 30
11 23 19 31
11 23 19 34
11 23 19 38
11 30 19 34
11 30 19 38
11 31 19 34
11 31 19 38
11 34 19 38
11 23 22 30
11 23 22 31
11 23 22 34
11 30 22 34
11 31 22 34
11 23 23 30
11 23 23 31
11 23 30 30
11 23 30 31
12 23 15 30
12 23 15 31
12 23 19 30
12 23 19 31
12 18 22 23
12 18 22 30
12 18 22 31
12 23 22 30
12 23 22 31
12 4 23 11
12 4 23 18
12 4 23 23
12 4 23 30
12 4 23 31
12 5 23 11
12 5 23 18
12 5 23 23
12 5 23 30
12 5 23 31
12 11 23 18
12 11 23 23
12 11 23 30
12 11 23 31
12 18 23 23
12 18 23 30
12 18 23 31
12 23 23 30
12 23 23 31
12 11 29 23
12 4 30 11
12 4 30 23
12 4 30 30
12 4 30 31
12 5 30 11
12 5 30 23
12 5 30 30
12 5 30 31
12 11 30 23
12 11 30 30
12 11 30 31
12 23 30 30
12 23 30 31
12 4 37 30
12 4 37 31
12 5 37 30
12 5 37 31
12 5 38 30
12 5 38 31
12 5 42 30
15 23 19 30
15 23 19 31
15 23 19 34
15 23 19 38
15 30 19 34
15 30 19 38
15 31 19 34
15 31 19 38
15 34 19 38
15 21 22 23
15 21 22 30
15 21 22 31
15 21 22 34
15 23 22 30
15 23 22 31
15 23 22 34
15 30 22 34
15 31 22 34
15 21 23 23
15 21 23 30
15 21 23 31
15 23 23 30
15 23 23 31
15 21 29 23
15 21 30 23
15 21 30 30
15 21 30 31
15 23 30 30
15 23 30 31
15 21 34 30
15 21 34 31
15 21 34 41
15 30 34 41
15 31 34 41
19 23 22 30
19 23 22 31
19 23 22 34
19 30 22 34
19 31 22 34
19 23 23 30
19 23 23 31
19 23 30 30
19 23 30 31
22 21 29 23
22 21 30 23
22 21 30 30
22 21 30 31
22 21 30 32
22 23 30 30
22 23 30 31
22 23 30 32
22 21 34 30
22 21 34 31
22 21 34 32
22 30 42 32
23 11 29 21
23 11 29 23
23 21 29 23
23 2 30 4
23 2 30 5
23 2 30 11
23 2 30 21
23 2 30 23
23 2 30 30
23 2 30 31
23 2 30 32
23 4 30 11
23 4 30 21
23 4 30 23
23 4 30 30
23 4 30 31
23 4 30 32
23 5 30 11
23 5 30 21
23 5 30 23
23 5 30 30
23 5 30 31
23 5 30 32
23 11 30 21
23 11 30 23
23 11 30 30
23 11 30 31
23 11 30 32
23 21 30 23
23 21 30 30
23 21 30 31
23 21 30 32
23 23 30 30
23 23 30 31
23 23 30 32
23 21 34 30
23 21 34 31
23 21 34 32
23 4 37 30
23 4 37 31
23 4 37 32
23 5 37 30
23 5 37 31
23 5 37 32
23 5 38 30
23 5 38 31
23 5 38 32
23 5 42 30
23 5 42 32
23 30 42 32
23 5 47 32
23 2 56 32
24 30 42 32
25 30 42 32
26 30 42 32
27 30 42 32
28 30 42 32
29 30 42 32
30 21 34 30
30 21 34 31
30 21 34 32
30 21 34 34
30 30 34 34
30 31 34 34
30 32 34 34
30 4 37 30
30 4 37 31
30 4 37 32
30 5 37 30
30 5 37 31
30 5 37 32
30 5 38 30
30 5 38 31
30 5 38 32
30 30 39 34
30 31 39 34
30 32 39 34
30 5 42 30
30 5 42 32
30 5 42 34
30 30 42 32
30 30 42 34
30 32 42 34
30 5 47 32
30 1 56 32
30 1 56 34
30 2 56 32
30 2 56 34
30 32 56 34
30 1 58 34
31 30 42 32
32 30 42 32
33 30 42 32
34 30 39 34
34 31 39 34
34 32 39 34
34 30 42 32
34 30 42 34
34 32 42 34
34 32 56 34
35 30 42 32
36 30 42 32
37 5 42 7
37 5 42 8
37 5 42 22
37 5 42 30
37 5 42 32
37 7 42 22
37 7 42 30
37 7 42 32
37 8 42 22
37 8 42 30
37 8 42 32
37 22 42 30
37 22 42 32
37 30 42 32
37 5 47 7
37 5 47 8
37 5 47 22
37 5 47 32
37 7 47 22
37 7 47 32
37 8 47 22
37 8 47 32
37 22 47 32
37 7 56 22
37 7 56 32
37 8 56 22
37 8 56 32
37 22 56 32
37 7 58 22
37 7 60 22
37 7 66 22
38 5 42 7
38 5 42 8
38 5 42 22
38 5 42 30
38 5 42 32
38 7 42 22
38 7 42 30
38 7 42 32
38 8 42 22
38 8 42 30
38 8 42 32
38 22 42 30
38 22 42 32
38 30 42 32
38 5 47 7
38 5 47 8
38 5 47 22
38 5 47 32
38 7 47 22
38 7 47 32
38 8 47 22
38 8 47 32
38 22 47 32
38 7 56 22
38 7 56 32
38 8 56 22
38 8 56 32
38 22 56 32
38 7 58 22
38 7 60 22
38 7 66 22
39 7 42 22
39 7 42 30
39 7 42 32
39 7 42 34
39 7 42 44
39 8 42 22
39 8 42 30
39 8 42 32
39 8 42 34
39 8 42 44
39 22 42 30
39 22 42 32
39 22 42 34
39 22 42 44
39 30 42 32
39 30 42 34
39 30 42 44
39 32 42 34
39 32 42 44
39 34 42 44
39 7 47 22
39 7 47 32
39 8 47 22
39 8 47 32
39 22 47 32
39 7 56 22
39 7 56 32
39 7 56 34
39 7 56 44
39 8 56 22
39 8 56 32
39 8 56 34
39 8 56 44
39 22 56 32
39 22 56 34
39 22 56 44
39 32 56 34
39 32 56 44
39 34 56 44
39 7 58 22
39 7 58 34
39 22 58 34
39 7 60 22
39 7 60 44
39 22 60 44
39 7 66 22
42 5 47 7
42 5 47 8
42 5 47 22
42 5 47 32
42 7 47 22
42 7 47 32
42 8 47 22
42 8 47 32
42 22 47 32
42 7 56 22
42 7 56 32
42 7 56 34
42 7 56 44
42 8 56 22
42 8 56 32
42 8 56 34
42 8 56 44
42 22 56 32
42 22 56 34
42 22 56 44
42 32 56 34
42 32 56 44
42 34 56 44
42 7 58 22
42 7 58 34
42 22 58 34
42 7 60 22
42 7 60 44
42 22 60 44
42 7 66 22
47 7 56 22
47 7 56 32
47 8 56 22
47 8 56 32
47 22 56 32
47 7 58 22
47 7 60 22
47 7 66 22
56 1 58 7
56 1 58 10
56 1 58 22
56 1 58 30
56 1 58 34
56 7 58 10
56 7 58 22
56 7 58 30
56 7 58 34
56 10 58 22
56 10 58 30
56 10 58 34
56 22 58 30
56 22 58 34
56 30 58 34
56 7 59 10
56 7 60 10
56 7 60 22
56 7 60 30
56 7 60 44
56 10 60 22
56 10 60 30
56 10 60 44
56 22 60 30
56 22 60 44
56 30 60 44
56 7 66 10
56 7 66 22
56 10 66 22
56 10 73 30
58 7 60 22
58 7 60 30
58 8 60 22
58 8 60 30
58 9 60 22
58 9 60 30
58 10 60 22
58 10 60 30
58 11 60 22
58 11 60 30
58 12 60 22
58 12 60 30
58 13 60 22
58 13 60 30
58 14 60 22
58 14 60 30
58 22 60 30
58 2 65 7
58 2 66 7
58 2 66 10
58 2 66 14
58 2 66 22
58 7 66 10
58 7 66 14
58 7 66 22
58 10 66 14
58 10 66 22
58 14 66 22
58 2 73 10
58 2 73 14
58 2 73 30
58 10 73 14
58 10 73 30
58 14 73 30
59 2 65 7
59 2 66 7
59 2 66 10
59 2 66 14
59 7 66 10
59 7 66 14
59 10 66 14
59 2 73 10
59 2 73 14
59 10 73 14
60 7 66 10
60 7 66 14
60 7 66 22
60 10 66 14
60 10 66 22
60 14 66 22
60 10 73 14
60 10 73 30
60 14 73 30
66 2 73 10
66 2 73 14
66 10 73 14
71 31 74 33
