57 45
000000000000000000000000000000000000000000000
000000000000000000000000000000000000000000000
000000000000000000000000000000000000000000000
000000000000000000000000000000000000000000000
000000000000000000000000000000000000000000000
000000000000000000000000000000000000000000000
000000000000000000000000000000000000000000000
000000000000000000000000000000000000000000000
000000000000000000000000000000000000000000000
000000000000000000000000000000000000000000000
001111111111111111111111111111111111111111110
111111111111111110000111111111111000000000010
101000000000000010000100000000001000000000010
101000000000000010000100000000001000000000010
101000000000000010000100000000001000000000010
101000000000000010000100000000001000000000010
101000000000000010000100000000001000000000010
101000000000000010000100000000001000000000010
101000000000000010000100000000001000000000010
101000000000000010000100000000001000000000010
101000000000000010000100000000001000000000010
101000000000000010000100000000001000000000010
101000000000000010000100000000001000000000010
101000000000000010000100000000001000000000010
101000000000000010000100000000001000000000010
101000000000000010000100000000001000000000010
101111111111111111111111111111111111111111110
101111111000000010000111111111111000000000000
101000001000000010000000000000000000000000000
101000001000000010000000000000000000000000000
101000001000000010000000000000000000000000000
111111111111111110000000000000000000000000000
001000001000000000000000000000000000000000000
001011111111110000000000000000000000000000000
001010001000010000000000000000000000000000000
001010001000010000000000000000000000000000000
001010001000010000000000000000000000000000000
001010001000010000000000000000000000000000000
001010001000010000000000000000000000000000000
001010001000010000000000000000000000000000000
001010001000010000000000000000000000000000000
001010001000010000000000000000000000000000000
001111111000010000000000000000000000000000000
000010000000010000000000000000000000000000000
000010000000010000000000000000000000000000000
000011111111110000000000000000000000000000000
000000000000000000000000000000000000000000000
000000000000000000000000000000000000000000000
000000000000000000000000000000000000000000000
000000000000000000000000000000000000000000000
000000000000000000000000000000000000000000000
000000000000000000000000000000000000000000000
000000000000000000000000000000000000000000000
000000000000000000000000000000000000000000000
000000000000000000000000000000000000000000000
000000000000000000000000000000000000000000000
000000000000000000000000000000000000000000000
27
11 3 27 17
11 3 27 22
11 3 27 33
11 3 27 44
11 17 27 22
11 17 27 33
11 17 27 44
11 22 27 33
11 22 27 44
11 33 27 44
11 22 28 33
11 3 32 17
12 3 27 17
12 22 27 33
12 22 28 33
12 1 32 3
12 1 32 17
12 3 32 17
27 3 32 9
27 3 32 17
27 9 32 17
27 3 43 9
28 3 32 9
28 3 43 9
32 3 43 9
34 5 43 9
34 5 46 14
