86 53
00000000000000000000000000000000000000000000000000000
00000000000000000000000000000000000000000000000000000
00000000111111111111111111111111111111111111111100000
00000000100000000000000010000000000000000000001100000
00000000100000000000000010000000000000000000001100000
00000000100000000000000010000000000000000000001100000
00000000100011111111111111111111111111111111111110000
00000000100010000000000010000000000000000000001110000
00000000100010000000000010000000000000000000001110000
00001111111111111111111111111111111111000000001110000
00001000100011111111111111111111111111111111001110000
00001000100011000000000010000000000001000001001110000
00001000100011000000000010000000000001000001001110000
00001000100011000000000010000000000001000001111110000
00001000100011000000000111111000000001000001001110000
00001000100011000000000110001000000001000001001110000
00001000100011000000000110001000000001000001001110000
00001000100011000000000110001000000001000001001110000
00001000100011000000000110001000000001000001001110000
00001000100011000000000110001000000001000001001110000
00001000100011000000000110001000000001000001001110000
00001000100011000000000110001000000001000001001110000
00001000100011000000000110001000000001000001001110000
00001000100011000000000111111111111111111101001110000
00001000100011000000000110001000000001000101001110000
00001000100011000000000110001000000001000101001110000
00001000100011000000000111111111111111111111111110000
00001000100011000000000111111111111111111101001110000
00001000100011000000000100001000000001000001001110000
00001000100011000000000100001000000001000001001110000
00001000100011000000000100001000000001000001001110000
00001000100011000000000100001000000001000001001110000
00011111111111111111111111111111111111111111111110000
00011000100011010000000100001000000001000001011110000
00011000100011010000000100001000000001000001011110000
00011000100011010000000100001000000001000001011110000
00011000100011010000000100001000000001000001011110000
00011000100011010000000100001000000001000001011110000
00011000100011010000000100001000000001000001011110000
00011000111111111111111111111111111111111111111110000
00011111111111111111111111111111111111111111111110000
00001000000011010000000100001000000001000001001110000
00001000000011010000000100001000000001000001001110000
00001000000011010000000100001000000001000001001110000
00001000000011010000000100001000000001000111001110000
00001000000011010000000100001000000001000101001110000
00001000000011010000000100001000000001000101001110000
00001000000011010000000100001000000001000101001110000
00001000000011010000000100001000000001000101001110000
00001000000011010000000100001000000001000101001110000
00001000000011010000000100001000000001000101001110000
00001000000011010000000100001000000001000101001110000
00001000000011111111111111111111111111111101001110000
00001000000011110000000100001000000001000101001110000
00001000000011111111111111111111111111111111111110000
00001111111111111111111111111111111111000101000110000
00000000000011100000000100001000000000000101000110000
00000000000011100000000100001000000000000101000110000
00000000000011100000000100001000000000000101000110000
00000000000011100000000100001000000000000101000110000
00000000000011100000111111111111111111111111111111111
00000000000011100000100100001000000000000101000110001
00000000000011100000100100001000000000000101000110001
00000000000011100000111111111111111111111111111111111
00000000000011100000000100001000000000000101000110000
00000000000011100000000100001000000000000101000110000
00000000000011111111111111111111111111111111111110000
00000000000010100000000100001000000000000101010100000
00000000000011111111111111111111111111111111110100000
00000000000000100000000100001000000000000101000100000
00000000000000100000000100001000000000000101000100000
00000000000000100000000100001000000000000101000100000
00000000000000100000000100001000000000000101111100000
00000000000000100000000100001000000000000101000000000
00000000000000100000000100001000000000000101000000000
00000000000000111111111111111111111111111101000000000
00000000000000000000000100001000000000000101000000000
00000000000000000000000100001000000000000101000000000
00000000000000000000000111111000000000000111000000000
00000000000000000000000000000000000000000000000000000
00000000000000000000000000000000000000000000000000000
00000000000000000000000000000000000000000000000000000
00000000000000000000000000000000000000000000000000000
00000000000000000000000000000000000000000000000000000
00000000000000000000000000000000000000000000000000000
00000000000000000000000000000000000000000000000000000
1129
3 25 7 47
3 25 7 48
3 9 10 25
3 25 27 47
3 25 27 48
3 9 33 47
3 9 33 48
3 9 40 47
3 9 40 48
3 9 41 47
3 9 41 48
7 13 10 25
7 13 11 25
7 25 27 47
7 25 27 48
7 25 27 49
7 13 33 47
7 13 33 48
7 13 33 49
7 13 40 47
7 13 40 48
7 13 40 49
7 13 41 47
7 13 41 48
7 13 41 49
7 13 55 47
7 13 55 48
7 13 55 49
7 13 67 48
7 13 67 49
10 25 24 38
10 25 27 38
10 25 28 38
10 5 33 9
10 5 33 13
10 5 33 14
10 5 33 38
10 9 33 13
10 9 33 14
10 9 33 38
10 13 33 38
10 14 33 38
10 9 40 13
10 9 40 14
10 9 40 38
10 13 40 38
10 14 40 38
10 5 41 9
10 5 41 13
10 5 41 14
10 5 41 38
10 9 41 13
10 9 41 14
10 9 41 38
10 13 41 38
10 14 41 38
10 13 53 38
10 14 53 38
10 13 55 38
10 14 55 38
10 5 56 13
10 5 56 14
10 5 56 38
10 13 56 38
10 14 56 38
11 25 24 38
11 25 27 38
11 25 27 44
11 38 27 44
11 25 28 38
11 13 33 38
11 13 33 44
11 14 33 38
11 14 33 44
11 38 33 44
11 13 40 38
11 13 40 44
11 14 40 38
11 14 40 44
11 38 40 44
11 13 41 38
11 13 41 44
11 14 41 38
11 14 41 44
11 38 41 44
11 13 53 38
11 14 53 38
11 13 55 38
11 13 55 44
11 14 55 38
11 14 55 44
11 38 55 44
11 13 56 38
11 14 56 38
11 13 67 44
11 14 67 44
11 13 69 44
14 44 27 47
14 44 27 48
14 44 27 49
14 44 33 47
14 44 33 48
14 44 33 49
14 44 40 47
14 44 40 48
14 44 40 49
14 44 41 47
14 44 41 48
14 44 41 49
14 44 55 47
14 44 55 48
14 44 55 49
14 44 61 48
14 44 61 49
14 44 64 48
14 44 64 49
14 44 67 48
14 44 67 49
14 44 73 48
15 24 24 29
15 25 24 29
15 24 27 29
15 25 27 29
15 24 28 29
15 25 28 29
15 24 33 29
15 24 40 29
15 24 41 29
15 24 53 29
15 24 55 29
15 24 56 29
15 24 61 29
15 24 64 29
15 24 67 29
15 24 69 29
15 24 76 29
15 24 79 29
24 24 27 29
24 24 27 38
24 24 27 42
24 25 27 29
24 25 27 38
24 25 27 42
24 29 27 38
24 29 27 42
24 38 27 42
24 24 28 29
24 24 28 38
24 24 28 42
24 25 28 29
24 25 28 38
24 25 28 42
24 29 28 38
24 29 28 42
24 38 28 42
24 24 33 29
24 24 33 38
24 29 33 38
24 24 40 29
24 24 40 38
24 29 40 38
24 24 41 29
24 24 41 38
24 29 41 38
24 24 53 29
24 24 53 38
24 29 53 38
24 24 55 29
24 24 55 38
24 29 55 38
24 24 56 29
24 24 56 38
24 29 56 38
24 24 61 29
24 24 64 29
24 24 67 29
24 24 69 29
24 24 76 29
24 24 79 29
27 24 33 29
27 24 33 38
27 24 33 44
27 24 33 47
27 24 33 48
27 24 33 49
27 29 33 38
27 29 33 44
27 29 33 47
27 29 33 48
27 29 33 49
27 38 33 44
27 38 33 47
27 38 33 48
27 38 33 49
27 44 33 47
27 44 33 48
27 44 33 49
27 24 40 29
27 24 40 38
27 24 40 44
27 24 40 47
27 24 40 48
27 24 40 49
27 29 40 38
27 29 40 44
27 29 40 47
27 29 40 48
27 29 40 49
27 38 40 44
27 38 40 47
27 38 40 48
27 38 40 49
27 44 40 47
27 44 40 48
27 44 40 49
27 24 41 29
27 24 41 38
27 24 41 44
27 24 41 47
27 24 41 48
27 24 41 49
27 29 41 38
27 29 41 44
27 29 41 47
27 29 41 48
27 29 41 49
27 38 41 44
27 38 41 47
27 38 41 48
27 38 41 49
27 44 41 47
27 44 41 48
27 44 41 49
27 24 53 29
27 24 53 38
27 29 53 38
27 24 55 29
27 24 55 38
27 24 55 44
27 24 55 47
27 24 55 48
27 24 55 49
27 29 55 38
27 29 55 44
27 29 55 47
27 29 55 48
27 29 55 49
27 38 55 44
27 38 55 47
27 38 55 48
27 38 55 49
27 44 55 47
27 44 55 48
27 44 55 49
27 24 56 29
27 24 56 38
27 29 56 38
27 24 61 29
27 24 61 44
27 24 61 48
27 24 61 49
27 29 61 44
27 29 61 48
27 29 61 49
27 44 61 48
27 44 61 49
27 24 64 29
27 24 64 44
27 24 64 48
27 24 64 49
27 29 64 44
27 29 64 48
27 29 64 49
27 44 64 48
27 44 64 49
27 24 67 29
27 24 67 44
27 24 67 48
27 24 67 49
27 29 67 44
27 29 67 48
27 29 67 49
27 44 67 48
27 44 67 49
27 24 69 29
27 24 69 44
27 29 69 44
27 44 73 48
27 24 76 29
27 24 79 29
28 24 33 29
28 24 33 38
28 29 33 38
28 24 40 29
28 24 40 38
28 29 40 38
28 24 41 29
28 24 41 38
28 29 41 38
28 24 53 29
28 24 53 38
28 29 53 38
28 24 55 29
28 24 55 38
28 29 55 38
28 24 56 29
28 24 56 38
28 29 56 38
28 24 61 29
28 24 64 29
28 24 67 29
28 24 69 29
28 24 76 29
28 24 79 29
33 9 40 13
33 9 40 14
33 9 40 16
33 9 40 24
33 9 40 29
33 9 40 38
33 9 40 44
33 9 40 46
33 9 40 47
33 9 40 48
33 9 40 49
33 13 40 16
33 13 40 24
33 13 40 29
33 13 40 38
33 13 40 44
33 13 40 46
33 13 40 47
33 13 40 48
33 13 40 49
33 14 40 16
33 14 40 24
33 14 40 29
33 14 40 38
33 14 40 44
33 14 40 46
33 14 40 47
33 14 40 48
33 14 40 49
33 16 40 24
33 16 40 29
33 16 40 38
33 16 40 44
33 16 40 46
33 16 40 47
33 16 40 48
33 16 40 49
33 24 40 29
33 24 40 38
33 24 40 44
33 24 40 46
33 24 40 47
33 24 40 48
33 24 40 49
33 29 40 38
33 29 40 44
33 29 40 46
33 29 40 47
33 29 40 48
33 29 40 49
33 38 40 44
33 38 40 46
33 38 40 47
33 38 40 48
33 38 40 49
33 44 40 46
33 44 40 47
33 44 40 48
33 44 40 49
33 4 41 9
33 4 41 13
33 4 41 14
33 4 41 16
33 4 41 24
33 4 41 29
33 4 41 38
33 4 41 44
33 4 41 46
33 4 41 47
33 4 41 48
33 4 41 49
33 5 41 9
33 5 41 13
33 5 41 14
33 5 41 16
33 5 41 24
33 5 41 29
33 5 41 38
33 5 41 44
33 5 41 46
33 5 41 47
33 5 41 48
33 5 41 49
33 9 41 13
33 9 41 14
33 9 41 16
33 9 41 24
33 9 41 29
33 9 41 38
33 9 41 44
33 9 41 46
33 9 41 47
33 9 41 48
33 9 41 49
33 13 41 16
33 13 41 24
33 13 41 29
33 13 41 38
33 13 41 44
33 13 41 46
33 13 41 47
33 13 41 48
33 13 41 49
33 14 41 16
33 14 41 24
33 14 41 29
33 14 41 38
33 14 41 44
33 14 41 46
33 14 41 47
33 14 41 48
33 14 41 49
33 16 41 24
33 16 41 29
33 16 41 38
33 16 41 44
33 16 41 46
33 16 41 47
33 16 41 48
33 16 41 49
33 24 41 29
33 24 41 38
33 24 41 44
33 24 41 46
33 24 41 47
33 24 41 48
33 24 41 49
33 29 41 38
33 29 41 44
33 29 41 46
33 29 41 47
33 29 41 48
33 29 41 49
33 38 41 44
33 38 41 46
33 38 41 47
33 38 41 48
33 38 41 49
33 44 41 46
33 44 41 47
33 44 41 48
33 44 41 49
33 13 53 16
33 13 53 24
33 13 53 29
33 13 53 38
33 14 53 16
33 14 53 24
33 14 53 29
33 14 53 38
33 16 53 24
33 16 53 29
33 16 53 38
33 24 53 29
33 24 53 38
33 29 53 38
33 13 54 16
33 14 54 16
33 13 55 16
33 13 55 24
33 13 55 29
33 13 55 38
33 13 55 44
33 13 55 47
33 13 55 48
33 13 55 49
33 14 55 16
33 14 55 24
33 14 55 29
33 14 55 38
33 14 55 44
33 14 55 47
33 14 55 48
33 14 55 49
33 16 55 24
33 16 55 29
33 16 55 38
33 16 55 44
33 16 55 47
33 16 55 48
33 16 55 49
33 24 55 29
33 24 55 38
33 24 55 44
33 24 55 47
33 24 55 48
33 24 55 49
33 29 55 38
33 29 55 44
33 29 55 47
33 29 55 48
33 29 55 49
33 38 55 44
33 38 55 47
33 38 55 48
33 38 55 49
33 44 55 47
33 44 55 48
33 44 55 49
33 5 56 13
33 5 56 14
33 5 56 16
33 5 56 24
33 5 56 29
33 5 56 38
33 13 56 16
33 13 56 24
33 13 56 29
33 13 56 38
33 14 56 16
33 14 56 24
33 14 56 29
33 14 56 38
33 16 56 24
33 16 56 29
33 16 56 38
33 24 56 29
33 24 56 38
33 29 56 38
33 24 61 29
33 24 61 44
33 24 61 48
33 24 61 49
33 29 61 44
33 29 61 48
33 29 61 49
33 44 61 48
33 44 61 49
33 24 64 29
33 24 64 44
33 24 64 48
33 24 64 49
33 29 64 44
33 29 64 48
33 29 64 49
33 44 64 48
33 44 64 49
33 13 67 24
33 13 67 29
33 13 67 44
33 13 67 48
33 13 67 49
33 14 67 24
33 14 67 29
33 14 67 44
33 14 67 48
33 14 67 49
33 24 67 29
33 24 67 44
33 24 67 48
33 24 67 49
33 29 67 44
33 29 67 48
33 29 67 49
33 44 67 48
33 44 67 49
33 13 69 24
33 13 69 29
33 13 69 44
33 24 69 29
33 24 69 44
33 29 69 44
33 44 73 48
33 24 76 29
33 24 79 29
40 13 53 16
40 13 53 24
40 13 53 29
40 13 53 38
40 14 53 16
40 14 53 24
40 14 53 29
40 14 53 38
40 16 53 24
40 16 53 29
40 16 53 38
40 24 53 29
40 24 53 38
40 29 53 38
40 13 54 16
40 14 54 16
40 13 55 16
40 13 55 24
40 13 55 29
40 13 55 38
40 13 55 44
40 13 55 47
40 13 55 48
40 13 55 49
40 14 55 16
40 14 55 24
40 14 55 29
40 14 55 38
40 14 55 44
40 14 55 47
40 14 55 48
40 14 55 49
40 16 55 24
40 16 55 29
40 16 55 38
40 16 55 44
40 16 55 47
40 16 55 48
40 16 55 49
40 24 55 29
40 24 55 38
40 24 55 44
40 24 55 47
40 24 55 48
40 24 55 49
40 29 55 38
40 29 55 44
40 29 55 47
40 29 55 48
40 29 55 49
40 38 55 44
40 38 55 47
40 38 55 48
40 38 55 49
40 44 55 47
40 44 55 48
40 44 55 49
40 13 56 16
40 13 56 24
40 13 56 29
40 13 56 38
40 14 56 16
40 14 56 24
40 14 56 29
40 14 56 38
40 16 56 24
40 16 56 29
40 16 56 38
40 24 56 29
40 24 56 38
40 29 56 38
40 24 61 29
40 24 61 44
40 24 61 48
40 24 61 49
40 29 61 44
40 29 61 48
40 29 61 49
40 44 61 48
40 44 61 49
40 24 64 29
40 24 64 44
40 24 64 48
40 24 64 49
40 29 64 44
40 29 64 48
40 29 64 49
40 44 64 48
40 44 64 49
40 13 67 24
40 13 67 29
40 13 67 44
40 13 67 48
40 13 67 49
40 14 67 24
40 14 67 29
40 14 67 44
40 14 67 48
40 14 67 49
40 24 67 29
40 24 67 44
40 24 67 48
40 24 67 49
40 29 67 44
40 29 67 48
40 29 67 49
40 44 67 48
40 44 67 49
40 13 69 24
40 13 69 29
40 13 69 44
40 24 69 29
40 24 69 44
40 29 69 44
40 44 73 48
40 24 76 29
40 24 79 29
41 13 53 16
41 13 53 24
41 13 53 29
41 13 53 38
41 14 53 16
41 14 53 24
41 14 53 29
41 14 53 38
41 16 53 24
41 16 53 29
41 16 53 38
41 24 53 29
41 24 53 38
41 29 53 38
41 13 54 16
41 14 54 16
41 13 55 16
41 13 55 24
41 13 55 29
41 13 55 38
41 13 55 44
41 13 55 47
41 13 55 48
41 13 55 49
41 14 55 16
41 14 55 24
41 14 55 29
41 14 55 38
41 14 55 44
41 14 55 47
41 14 55 48
41 14 55 49
41 16 55 24
41 16 55 29
41 16 55 38
41 16 55 44
41 16 55 47
41 16 55 48
41 16 55 49
41 24 55 29
41 24 55 38
41 24 55 44
41 24 55 47
41 24 55 48
41 24 55 49
41 29 55 38
41 29 55 44
41 29 55 47
41 29 55 48
41 29 55 49
41 38 55 44
41 38 55 47
41 38 55 48
41 38 55 49
41 44 55 47
41 44 55 48
41 44 55 49
41 5 56 13
41 5 56 14
41 5 56 16
41 5 56 24
41 5 56 29
41 5 56 38
41 13 56 16
41 13 56 24
41 13 56 29
41 13 56 38
41 14 56 16
41 14 56 24
41 14 56 29
41 14 56 38
41 16 56 24
41 16 56 29
41 16 56 38
41 24 56 29
41 24 56 38
41 29 56 38
41 24 61 29
41 24 61 44
41 24 61 48
41 24 61 49
41 29 61 44
41 29 61 48
41 29 61 49
41 44 61 48
41 44 61 49
41 24 64 29
41 24 64 44
41 24 64 48
41 24 64 49
41 29 64 44
41 29 64 48
41 29 64 49
41 44 64 48
41 44 64 49
41 13 67 24
41 13 67 29
41 13 67 44
41 13 67 48
41 13 67 49
41 14 67 24
41 14 67 29
41 14 67 44
41 14 67 48
41 14 67 49
41 24 67 29
41 24 67 44
41 24 67 48
41 24 67 49
41 29 67 44
41 29 67 48
41 29 67 49
41 44 67 48
41 44 67 49
41 13 69 24
41 13 69 29
41 13 69 44
41 24 69 29
41 24 69 44
41 29 69 44
41 44 73 48
41 24 76 29
41 24 79 29
45 42 55 44
45 42 61 44
45 42 64 44
45 42 67 44
45 42 69 44
45 42 79 44
53 13 55 24
53 13 55 29
53 13 55 38
53 13 55 42
53 14 55 24
53 14 55 29
53 14 55 38
53 14 55 42
53 15 55 24
53 15 55 29
53 15 55 38
53 15 55 42
53 16 55 24
53 16 55 29
53 16 55 38
53 16 55 42
53 24 55 29
53 24 55 38
53 24 55 42
53 29 55 38
53 29 55 42
53 38 55 42
53 13 56 24
53 13 56 29
53 13 56 38
53 14 56 24
53 14 56 29
53 14 56 38
53 15 56 24
53 15 56 29
53 15 56 38
53 16 56 24
53 16 56 29
53 16 56 38
53 24 56 29
53 24 56 38
53 29 56 38
53 24 61 29
53 24 61 42
53 29 61 42
53 24 64 29
53 24 64 42
53 29 64 42
53 13 67 24
53 13 67 29
53 13 67 42
53 14 67 24
53 14 67 29
53 14 67 42
53 15 67 24
53 15 67 29
53 15 67 42
53 24 67 29
53 24 67 42
53 29 67 42
53 13 69 15
53 13 69 24
53 13 69 29
53 13 69 42
53 15 69 24
53 15 69 29
53 15 69 42
53 24 69 29
53 24 69 42
53 29 69 42
53 15 76 24
53 15 76 29
53 15 76 42
53 24 76 29
53 24 76 42
53 29 76 42
53 24 79 29
54 13 69 15
55 24 61 29
55 24 61 42
55 24 61 44
55 24 61 48
55 24 61 49
55 29 61 42
55 29 61 44
55 29 61 48
55 29 61 49
55 42 61 44
55 42 61 48
55 42 61 49
55 44 61 48
55 44 61 49
55 24 64 29
55 24 64 42
55 24 64 44
55 24 64 48
55 24 64 49
55 29 64 42
55 29 64 44
55 29 64 48
55 29 64 49
55 42 64 44
55 42 64 48
55 42 64 49
55 44 64 48
55 44 64 49
55 13 67 24
55 13 67 29
55 13 67 42
55 13 67 44
55 13 67 48
55 13 67 49
55 14 67 24
55 14 67 29
55 14 67 42
55 14 67 44
55 14 67 48
55 14 67 49
55 15 67 24
55 15 67 29
55 15 67 42
55 15 67 44
55 15 67 48
55 15 67 49
55 24 67 29
55 24 67 42
55 24 67 44
55 24 67 48
55 24 67 49
55 29 67 42
55 29 67 44
55 29 67 48
55 29 67 49
55 42 67 44
55 42 67 48
55 42 67 49
55 44 67 48
55 44 67 49
55 13 69 15
55 13 69 24
55 13 69 29
55 13 69 42
55 13 69 44
55 15 69 24
55 15 69 29
55 15 69 42
55 15 69 44
55 24 69 29
55 24 69 42
55 24 69 44
55 29 69 42
55 29 69 44
55 42 69 44
55 44 73 48
55 15 76 24
55 15 76 29
55 15 76 42
55 24 76 29
55 24 76 42
55 29 76 42
55 24 79 29
55 42 79 44
56 24 61 29
56 24 64 29
56 13 67 24
56 13 67 29
56 14 67 24
56 14 67 29
56 15 67 24
56 15 67 29
56 24 67 29
56 13 69 15
56 13 69 24
56 13 69 29
56 15 69 24
56 15 69 29
56 24 69 29
56 15 76 24
56 15 76 29
56 24 76 29
56 24 79 29
57 13 69 15
58 13 69 15
59 13 69 15
60 13 69 15
61 21 64 24
61 21 64 29
61 21 64 42
61 21 64 44
61 21 64 48
61 21 64 49
61 21 64 53
61 24 64 29
61 24 64 42
61 24 64 44
61 24 64 48
61 24 64 49
61 24 64 53
61 29 64 42
61 29 64 44
61 29 64 48
61 29 64 49
61 29 64 53
61 42 64 44
61 42 64 48
61 42 64 49
61 42 64 53
61 44 64 48
61 44 64 49
61 44 64 53
61 48 64 53
61 49 64 53
61 24 67 29
61 24 67 42
61 24 67 44
61 24 67 48
61 24 67 49
61 29 67 42
61 29 67 44
61 29 67 48
61 29 67 49
61 42 67 44
61 42 67 48
61 42 67 49
61 44 67 48
61 44 67 49
61 13 69 15
61 24 69 29
61 24 69 42
61 24 69 44
61 29 69 42
61 29 69 44
61 42 69 44
61 44 73 48
61 24 76 29
61 24 76 42
61 29 76 42
61 24 79 29
61 42 79 44
62 13 69 15
63 13 69 15
64 24 67 29
64 24 67 42
64 24 67 44
64 24 67 48
64 24 67 49
64 29 67 42
64 29 67 44
64 29 67 48
64 29 67 49
64 42 67 44
64 42 67 48
64 42 67 49
64 44 67 48
64 44 67 49
64 13 69 15
64 24 69 29
64 24 69 42
64 24 69 44
64 29 69 42
64 29 69 44
64 42 69 44
64 44 73 48
64 24 76 29
64 24 76 42
64 29 76 42
64 24 79 29
64 42 79 44
65 13 69 15
66 13 69 15
67 13 69 15
67 13 69 24
67 13 69 29
67 13 69 42
67 13 69 44
67 13 69 46
67 15 69 24
67 15 69 29
67 15 69 42
67 15 69 44
67 15 69 46
67 24 69 29
67 24 69 42
67 24 69 44
67 24 69 46
67 29 69 42
67 29 69 44
67 29 69 46
67 42 69 44
67 42 69 46
67 44 69 46
67 44 73 48
67 15 76 24
67 15 76 29
67 15 76 42
67 24 76 29
67 24 76 42
67 29 76 42
67 24 79 29
67 42 79 44
69 15 76 24
69 15 76 29
69 15 76 42
69 24 76 29
69 24 76 42
69 29 76 42
69 24 79 29
69 42 79 44
76 24 79 29
