82 64
0000000000000000000000000000000000000000000000000000000000000000
0000000000000111111111111111111111111100000000000000000000000000
0000000000000100000000000000000000000100000000000000000000000000
0000000000000100000000000000000000000100000000000000000000000000
0000000000000100000000000000000000000100000000000000000000000000
0000000000000100000000000000000000000100000000000000000000000000
0000000000000100000001111111111111111111100000000000000000000000
0000000000000100000001000000000000000100100000000000000000000000
0000000000000100000001000000000000000100100000000000000000000000
0000000000000100000001000000000000000100100000000000000000000000
0000000000000100000001000000000000000100100000000000000000000000
0000000000000100000001000000000000000100100000000000000000000000
0000000000000100000001000000000000000100100000000000000000000000
0000000000000100000001000000000000000100100000000000000000000000
0000000000000100000001000000000000000100100000000000000000000000
0000000000000100000001000000000000000100100000000000000000000000
0000000000000100000001000000000000000100100000000000000000000000
0000000000000100000001000000000000000100100000000000000000000000
0000000000000100000001000000000000000100100000000000000000000000
0000000000000100000001000000000000000100100000000000000000000000
0000000000000100000001000000000000000100100000000000000000000000
0000000000000100000001000000000000000100100000000000000000000000
0000000000000100000001000000000000000100100000000000000000000000
0000000000000100000001000000000000000100100000000000000000000000
0000000000000100000001000000000000000100100000000000000000000000
0000000000000100000001000000000000000100100000000000000000000000
0000000000000100000001000000000000000100100000000000000000000000
0000000000000100000001000000000000000100100000000000000000000000
0000000000000100000001000000000000000100100000000000000000000000
0000000000000100000001000000000000000100100000000000000000000000
0000000000000100000001000000000000000100100000000000000000000000
0000000000000100000001000000000000000100100000000000000000000000
0000000000000100000001000000000000000100100000000000000000000000
0000000000000100000001000000000000000100100000000000000000000000
0000000000000100000001000000000000000100100000000000000000000000
0000000000000100000001000000000000000100100000000000000000000000
0000000000000100000001000000000000000100100000000000000000000000
0000000000000100000001000000000000000100100000000000000000000000
0000000000000100000001000000000000000100100000000000000000000000
0000000000000100000001000000000000000100100000000000000000000000
0000000000000100000001000000000000000100100000000000000000000000
0000000000000100000001000000000000000100100000000000000000000000
0000000000000100000001000000000000000100100000000000000000000000
0000000000000100000001000000000000000100100000000000000000000000
0000000000000100000001000000000000000100100000000000000000000000
0000000000000100000001000000000000000100100000000000000000000000
0000000000000100000001000000000000000100100000000000000000000000
0000000000000100000001000000000000000100100000000000000000000000
0000000000000100000001000000000000000100100000000000000000000000
0000000000000100000001000000000000000100100000000000000000000000
0000000000000100000001000000000000000100100000000000000000000000
0000000000000100000001000000000000000100100000000000000000000000
0000000000000100000001000000000000000100100000000000000000000000
0000000000000100000001000000000000000100100000000000000000000000
0000000000000111111111111111111111111100100000000000000000000000
0000000000000000000001000000011111111111111111111111111111100000
0000000000000000000001000000010000000000100000000000000000100000
0000000000000000000001000000010000000000100000000000000000100000
0000000000000000000001000000010000000000100000000000000000100000
0000000000000000000001000000010000000000100000000000000000100000
0000000000000000000001000000010000000000100000000000000000100000
0000000000000000000001000000010000000000100000000000000000100000
0000000000000000000001000000010000000000100000000000000000100000
0000000000000000000001000000010000000000100000000000000000100000
0000000000000000000001000000010000000000100000000000000000100000
0000000000000000000001000000010000000000100000000000000000100000
0000000000000000000001000000010000000000100000000000000000100000
0000000000000000000001000000010000000000100000000000000000100000
0000000000000000000001000000010000000000100000000000000000100000
0000000000000000000001000000011111111111111111111111111111100000
0000000000000000000001111111111111111111100000000000000000000000
0000000000000000000000000000000000000000000000000000000000000000
0000000000000000000000000000000000000000000000000000000000000000
0000000000000000000000000000000000000000000000000000000000000000
0000000000000000000000000000000000000000000000000000000000000000
0000000000000000000000000000000000000000000000000000000000000000
0000000000000000000000000000000000000000000000000000000000000000
0000000000000000000000000000000000000000000000000000000000000000
0000000000000000000000000000000000000000000000000000000000000000
0000000000000000000000000000000000000000000000000000000000000000
0000000000000000000000000000000000000000000000000000000000000000
0000000000000000000000000000000000000000000000000000000000000000
9
2 14 55 38
7 22 55 38
7 38 56 41
7 22 71 41
55 22 71 30
56 30 70 41
56 30 70 59
56 41 70 59
56 30 71 41
