87 49
0000000000000000000000000000000000000000000000000
0000000000000000000000000000000000000000000000000
0000000000000000000000000000000111111111111000000
0000000000000000000000000000000100000000001000000
0000000000000000000000000000000100000000001000000
0000000000000000000111111111111111111110001000000
0000000000000000000100000000000100000010001000000
0000000000000000000100000000000100000010001000000
0000000000000000000100000000000100000010001000000
0000000000000000111111111111000100000010001000000
0000000000000000100100000001000100000010001000000
0000000000000000100100000001000100000010001000000
0000000000000000100100000001000100000010001000000
0000000000000000100100000001000100000010001000000
0000000000000111100100000001000100001111111111111
0000000000000101100100000001000100001010001000001
0000000000000101100100000001000100001010001000001
0000000000000101100100000001000100001010001000001
0000000000001111111111111111111111111111111110001
0000000000001101111111111111000100001000001010001
0000000000001101000000000000000100001000001010001
0000000011111111111100000000000100001000001010001
0000000010001101000100000000000100001000001010001
0000000010001101000100000000000100001000001010001
0000000010001101000100000000000100001000001010001
0000000010001101000100000000000100001000001010001
0000000010001101000100000000000100001000001010001
0000000011111111111100000000000100001000001010001
0000000000001101000000000000000100001000001010001
0000000000001101000000000000000100001000001010001
0000000000001101000000000000000100001000001010001
0000000000001101000000000000000100001000001010001
0000000000001101000000000000000100001000001010001
0000111111111111111111110000000100001000001010001
0000100000001101000000010000000100001000001010001
0000100000001101000000010000000100001000001010001
0000100000001101000000010000000100001000001010001
0000100000001101000000010000000100001000001010001
0000100000001101000000010000000100001000001010001
0000100000001101000000010000000100001000001010001
0000100000001101000000010000000100001000001010001
0000100000001101000000010000000100001000001010001
0000100000001101000000010000000111111111111010001
0000100000001101000000010000000000001000000010001
0000100000001101000000010000000000001000000010001
0000100000001101000000010000000000001000000010001
0000100000001101000000010000000000001000000010001
0000100000001101000000010000000000001000000010001
0000100000001101000000010000000000001000000010001
0000100000001101000000010000000000001000000010001
0000111111111111111111110000000000001000000010001
0000000000001111111111111111111110001000000010001
0000000000001101000000000000000010001000000010001
0000000000001101000000011111100010001000000010001
0111111111111111111111111110100010001000000010001
0100010000001101000010010010100010001000000010001
0100010000001101000010010010100010001000000010001
0100010000001101000010010010100010001000000010001
0100010000001101000010010010100010001000000010001
0100010000001101000010010010100010001000000010001
0100010000001101000010010010100010001000000010001
0100010000001101000010010010100010001000000010001
0100010000001101000010010010100010001000000010001
0100010000001101000010010010100010001000000010001
0100010000001101000010010010100010001000000010001
0100010000001101000010111111111111001000000010001
0100010000001101000010110010100011001000000010001
0100010000001101000010110010100011001000000010001
0100010000001101111111111111111111001000000010001
0100010000001101100010110010100111001000000010001
0100111111111111111111111111111111001000000010001
0111111111111111111111111111111111001000000010001
0000111111111111111111111110100011001000000010001
0000100000001111111111111111111111111111111110001
0000100000000111000000010000100010001000000000001
0000100000000000000000010000100010001000000000001
0000100000000000000000010000100010001000000000001
0000100000000000000000010000100010001000000000001
0000100000000000000000010000100010001000000000001
0000100000000000000000011111100010001000000000001
0000100000000000000000000000000010001000000000001
0000111111111111111111111111111110001000000000001
0000000000000000000000000000000000001000000000001
0000000000000000000000000000000000001000000000001
0000000000000000000000000000000000001111111111111
0000000000000000000000000000000000000000000000000
0000000000000000000000000000000000000000000000000
547
3 32 19 43
3 32 43 43
6 20 19 32
6 20 19 39
6 32 19 39
10 17 19 20
10 17 19 28
10 20 19 28
10 17 20 20
10 17 20 28
10 20 20 28
15 14 19 16
15 14 19 17
15 37 19 39
15 37 19 43
15 39 19 43
15 14 22 16
15 14 28 16
15 14 34 16
15 37 43 43
15 14 51 16
15 14 52 16
15 14 55 16
15 14 71 16
15 14 72 16
15 14 73 16
15 14 74 16
15 14 75 16
15 37 85 49
19 13 22 16
19 14 22 16
19 13 28 16
19 14 28 16
19 13 34 16
19 14 34 16
19 32 43 37
19 32 43 43
19 37 43 43
19 13 51 16
19 14 51 16
19 13 52 16
19 14 52 16
19 13 55 16
19 14 55 16
19 13 71 16
19 14 71 16
19 13 72 16
19 14 72 16
19 13 73 16
19 14 73 16
19 13 74 16
19 13 74 37
19 13 74 45
19 14 74 16
19 14 74 37
19 14 74 45
19 16 74 37
19 16 74 45
19 37 74 45
19 14 75 16
22 9 28 13
22 9 28 14
22 9 28 16
22 9 28 20
22 13 28 16
22 13 28 20
22 14 28 16
22 14 28 20
22 16 28 20
22 13 34 16
22 14 34 16
22 13 51 16
22 14 51 16
22 13 52 16
22 14 52 16
22 13 55 16
22 14 55 16
22 13 71 16
22 14 71 16
22 13 72 16
22 14 72 16
22 13 73 16
22 14 73 16
22 13 74 16
22 14 74 16
22 14 75 16
28 13 34 16
28 14 34 16
28 13 51 16
28 14 51 16
28 13 52 16
28 14 52 16
28 13 55 16
28 14 55 16
28 13 71 16
28 14 71 16
28 13 72 16
28 14 72 16
28 13 73 16
28 14 73 16
28 13 74 16
28 14 74 16
28 14 75 16
34 5 51 13
34 5 51 14
34 5 51 16
34 5 51 24
34 13 51 16
34 13 51 24
34 14 51 16
34 14 51 24
34 16 51 24
34 13 52 16
34 13 52 24
34 14 52 16
34 14 52 24
34 16 52 24
34 13 55 16
34 14 55 16
34 13 71 16
34 14 71 16
34 13 72 16
34 14 72 16
34 13 73 16
34 14 73 16
34 13 74 16
34 14 74 16
34 14 75 16
51 13 55 16
51 14 55 16
51 13 71 16
51 14 71 16
51 13 72 16
51 14 72 16
51 13 73 16
51 14 73 16
51 13 74 16
51 14 74 16
51 14 75 16
52 13 55 16
52 14 55 16
52 16 69 33
52 13 71 16
52 13 71 33
52 14 71 16
52 14 71 33
52 16 71 33
52 13 72 16
52 13 72 33
52 14 72 16
52 14 72 33
52 16 72 33
52 13 73 16
52 14 73 16
52 13 74 16
52 13 74 33
52 14 74 16
52 14 74 33
52 16 74 33
52 14 75 16
54 24 66 27
54 24 66 29
54 27 66 29
54 24 69 27
54 24 69 29
54 27 69 29
54 24 71 27
54 24 71 29
54 27 71 29
54 24 72 27
54 24 72 29
54 27 72 29
54 24 73 27
54 24 74 27
54 24 74 29
54 27 74 29
54 24 80 29
55 24 66 27
55 16 69 21
55 16 69 24
55 16 69 27
55 21 69 24
55 21 69 27
55 24 69 27
55 6 71 13
55 6 71 14
55 6 71 16
55 6 71 21
55 6 71 24
55 6 71 27
55 13 71 16
55 13 71 21
55 13 71 24
55 13 71 27
55 14 71 16
55 14 71 21
55 14 71 24
55 14 71 27
55 16 71 21
55 16 71 24
55 16 71 27
55 21 71 24
55 21 71 27
55 24 71 27
55 2 72 6
55 2 72 13
55 2 72 14
55 2 72 16
55 2 72 21
55 2 72 24
55 2 72 27
55 6 72 13
55 6 72 14
55 6 72 16
55 6 72 21
55 6 72 24
55 6 72 27
55 13 72 16
55 13 72 21
55 13 72 24
55 13 72 27
55 14 72 16
55 14 72 21
55 14 72 24
55 14 72 27
55 16 72 21
55 16 72 24
55 16 72 27
55 21 72 24
55 21 72 27
55 24 72 27
55 6 73 13
55 6 73 14
55 6 73 16
55 6 73 21
55 6 73 24
55 6 73 27
55 13 73 16
55 13 73 21
55 13 73 24
55 13 73 27
55 14 73 16
55 14 73 21
55 14 73 24
55 14 73 27
55 16 73 21
55 16 73 24
55 16 73 27
55 21 73 24
55 21 73 27
55 24 73 27
55 13 74 16
55 13 74 21
55 13 74 24
55 13 74 27
55 14 74 16
55 14 74 21
55 14 74 24
55 14 74 27
55 16 74 21
55 16 74 24
55 16 74 27
55 21 74 24
55 21 74 27
55 24 74 27
55 14 75 16
66 23 69 27
66 23 69 29
66 23 69 33
66 23 69 34
66 24 69 27
66 24 69 29
66 24 69 33
66 24 69 34
66 27 69 29
66 27 69 33
66 27 69 34
66 29 69 33
66 29 69 34
66 23 71 27
66 23 71 29
66 23 71 33
66 23 71 34
66 24 71 27
66 24 71 29
66 24 71 33
66 24 71 34
66 27 71 29
66 27 71 33
66 27 71 34
66 29 71 33
66 29 71 34
66 23 72 27
66 23 72 29
66 23 72 33
66 23 72 34
66 24 72 27
66 24 72 29
66 24 72 33
66 24 72 34
66 27 72 29
66 27 72 33
66 27 72 34
66 29 72 33
66 29 72 34
66 23 73 27
66 24 73 27
66 23 74 27
66 23 74 29
66 23 74 33
66 23 74 34
66 24 74 27
66 24 74 29
66 24 74 33
66 24 74 34
66 27 74 29
66 27 74 33
66 27 74 34
66 29 74 33
66 29 74 34
66 24 80 29
69 16 71 21
69 16 71 23
69 16 71 24
69 16 71 27
69 16 71 29
69 16 71 32
69 16 71 33
69 16 71 34
69 17 71 21
69 17 71 23
69 17 71 24
69 17 71 27
69 17 71 29
69 17 71 32
69 17 71 33
69 17 71 34
69 21 71 23
69 21 71 24
69 21 71 27
69 21 71 29
69 21 71 32
69 21 71 33
69 21 71 34
69 23 71 27
69 23 71 29
69 23 71 32
69 23 71 33
69 23 71 34
69 24 71 27
69 24 71 29
69 24 71 32
69 24 71 33
69 24 71 34
69 27 71 29
69 27 71 32
69 27 71 33
69 27 71 34
69 29 71 32
69 29 71 33
69 29 71 34
69 16 72 21
69 16 72 23
69 16 72 24
69 16 72 27
69 16 72 29
69 16 72 32
69 16 72 33
69 16 72 34
69 17 72 21
69 17 72 23
69 17 72 24
69 17 72 27
69 17 72 29
69 17 72 32
69 17 72 33
69 17 72 34
69 21 72 23
69 21 72 24
69 21 72 27
69 21 72 29
69 21 72 32
69 21 72 33
69 21 72 34
69 23 72 27
69 23 72 29
69 23 72 32
69 23 72 33
69 23 72 34
69 24 72 27
69 24 72 29
69 24 72 32
69 24 72 33
69 24 72 34
69 27 72 29
69 27 72 32
69 27 72 33
69 27 72 34
69 29 72 32
69 29 72 33
69 29 72 34
69 16 73 21
69 16 73 23
69 16 73 24
69 16 73 27
69 17 73 21
69 17 73 23
69 17 73 24
69 17 73 27
69 21 73 23
69 21 73 24
69 21 73 27
69 23 73 27
69 24 73 27
69 16 74 21
69 16 74 23
69 16 74 24
69 16 74 27
69 16 74 29
69 16 74 33
69 16 74 34
69 17 74 21
69 17 74 23
69 17 74 24
69 17 74 27
69 17 74 29
69 17 74 33
69 17 74 34
69 21 74 23
69 21 74 24
69 21 74 27
69 21 74 29
69 21 74 33
69 21 74 34
69 23 74 27
69 23 74 29
69 23 74 33
69 23 74 34
69 24 74 27
69 24 74 29
69 24 74 33
69 24 74 34
69 27 74 29
69 27 74 33
69 27 74 34
69 29 74 33
69 29 74 34
69 24 80 29
71 13 74 29
71 13 74 33
71 13 74 34
71 14 74 29
71 14 74 33
71 14 74 34
71 15 74 29
71 15 74 33
71 15 74 34
71 16 74 29
71 16 74 33
71 16 74 34
71 17 74 29
71 17 74 33
71 17 74 34
71 18 74 29
71 18 74 33
71 18 74 34
71 19 74 29
71 19 74 33
71 19 74 34
71 20 74 29
71 20 74 33
71 20 74 34
71 21 74 29
71 21 74 33
71 21 74 34
71 22 74 29
71 22 74 33
71 22 74 34
71 23 74 29
71 23 74 33
71 23 74 34
71 24 74 29
71 24 74 33
71 24 74 34
71 25 74 29
71 25 74 33
71 25 74 34
71 26 74 29
71 26 74 33
71 26 74 34
71 27 74 29
71 27 74 33
71 27 74 34
71 29 74 33
71 29 74 34
71 24 80 29
71 5 82 33
72 13 74 29
72 13 74 33
72 13 74 34
72 14 74 29
72 14 74 33
72 14 74 34
72 15 74 29
72 15 74 33
72 15 74 34
72 16 74 29
72 16 74 33
72 16 74 34
72 17 74 29
72 17 74 33
72 17 74 34
72 18 74 29
72 18 74 33
72 18 74 34
72 19 74 29
72 19 74 33
72 19 74 34
72 20 74 29
72 20 74 33
72 20 74 34
72 21 74 29
72 21 74 33
72 21 74 34
72 22 74 29
72 22 74 33
72 22 74 34
72 23 74 29
72 23 74 33
72 23 74 34
72 24 74 29
72 24 74 33
72 24 74 34
72 25 74 29
72 25 74 33
72 25 74 34
72 26 74 29
72 26 74 33
72 26 74 34
72 27 74 29
72 27 74 33
72 27 74 34
72 29 74 33
72 29 74 34
72 24 80 29
72 5 82 33
74 24 80 29
