67 80
00000000000000000000000000000000000000000000000000000000000000000000000000000000
00000000000111111111000000000000000000000000000000000000000000000000000000000000
00000000000100000001000000000000000000000000000000000000000000000000000000000000
00000000000100000001000000000000000000000000000000000000000000000000000000000000
00000000000100000001000000000000000000000000000000000000000000000000000000000000
00001111111111111111111111111111111111111111111111100000000000000000000000000000
00001000000100000001000000000000000000000000000000100000000000000000000000000000
00001000000100000001000000000000000000000000000000100000000000000000000000000000
00001000000100000001000000000000000000000000000000100000000000000000000000000000
00001000000100000001000000000000000000000000000000100000000000000000000000000000
00001000000100000001000000000000000000000000000000100000000000000000000000000000
00001000000100000001000001111111111111111111111111111111111100000000000000000000
00001000000100000001000001000000000000000000000000100000000100000000000000000000
11111111111111111111111111111110000000000000000000100000000100000000000000000000
10001000000100000001000001000010000000000000000000100000000100000000000000000000
10001000000100000001000001000010000000000000000000100000000100000000000000000000
10001000000100000001000001000010000000000000000000100000000100000000000000000000
10001000000100000001000001000010000000000000000000100000000100000000000000000000
10001000000100000001000001000010000000000000000000100000000100000000000000000000
10001000000100000001000001000010000000000000000000100000000100000000000000000000
10001000000100000001000001000010000000000000000000100000000100000111100000000000
10001000000100000001000001000010000000000000000000100000001111111111111111111110
10001000000100000001000001000010000000000000000000100000001100000100100000000010
10001000000100000001000001000010000000000000000000100000001100000100100000000010
10001000000100000001000001000010000000000000000000100000001100000100100000000010
10001000000100000001000001000010000000000000000011111111111111111111111111111010
10001000000100000001000001000010000011111111111111111111111111111111111111111111
10001000000100000001000001000010000010000000000010100000001100000100100000001011
10001000000100000001000001000010000010000000000010100000001100000100100000001011
10001000000100000001000001111111111111111111111111111111111100000100100000001011
10001000000100000001000000000010000010000000000010100000001111111111111111111111
10001000000100000001000000000010000010000000000010100000000000000100100000001001
10001000000100000001000000000010000010000000000010100000000000000100100000001001
10001000000100000001000000000010000010000000000010100000000000000100100000001001
10001000000100000001000000000010000010000000000010100000000000000100100000001001
10001000000100000001000000000010000010000000000010100000000000000100100000001001
10001000000100000001000000000010000010000000000010100000000000000100100000001001
10001000000100000001000000000010000010000000000010100000000000000100100000001001
10001000000100000001000000000010000010000000000010100000000000000100100000001001
10001000000100000001000000000010000010000000000010100000000000000100100000001001
10001000000100000001000000000010000010000000000010100000000000000100100000001001
10001000000100000001000000000010000010000000000010100000000000000100100000001001
10001000000100000001000000000010000010000000000010100000000000000100100000001001
10001000000100000001000000000010000010000000000010100000000000000100100000001001
10001111111111111111111111111111111111111111111111100000000000000100100000001001
10000000000100000001000000000010000010000000000010000000000000000100100000001001
11111111111111111111111111111110000010000000000010000000000000000100100000001001
00000000000100000001000000000000000010000000000010000000000000000111100000001001
00000000000100000001000000000000000010000000000010000000000000000000000000001001
00000000000100000001000000000000000010000000000010000000000000000000000000001001
00000000000100000001000001111111111111111100000010000000000000000000000000001001
00000000000100000001000001000000000010000100000010000000000000000000000000001001
00000000000100000001000001000000000010000100000010000000000000000000000000001001
00000000000100000001000001000000000010000100000010000000000000000000000000001001
00000000000111111111000001000000000010000100000010000000000000000000000000001001
00000000000000000000000001000000000010000100000010000000000000000000000000001001
00000000000000000000000001000000000010000100000010000000000000000000000000001001
00000000000000000000000001000000000010000100000010000000000000000000000000001001
00000000000000000000000001000000000010000100000011111111111111111111111111111001
00000000000000000000000001000000000011111111111111111111111111111111111111111111
00000000000000000000000001000000000000000100000000000000000000000000000000000000
00000000000000000000000001000000000000000100000000000000000000000000000000000000
00000000000000000000000001000000000000000100000000000000000000000000000000000000
00000000000000000000000001000000000000000100000000000000000000000000000000000000
00000000000000000000000001111111111111111100000000000000000000000000000000000000
00000000000000000000000000000000000000000000000000000000000000000000000000000000
00000000000000000000000000000000000000000000000000000000000000000000000000000000
137
2 12 6 20
2 12 14 20
2 12 45 20
2 12 47 20
2 12 55 20
6 5 14 12
6 5 14 20
6 12 14 20
6 5 45 12
6 5 45 20
6 5 45 51
6 12 45 20
6 12 45 51
6 20 45 51
6 12 47 20
6 12 55 20
12 51 26 60
12 51 27 60
12 26 30 51
12 26 30 60
12 51 30 60
14 26 30 31
14 5 45 12
14 5 45 20
14 5 45 31
14 12 45 20
14 12 45 31
14 20 45 31
14 1 47 12
14 1 47 20
14 1 47 31
14 12 47 20
14 12 47 31
14 20 47 31
14 12 55 20
21 66 26 69
21 66 27 69
21 66 31 69
21 66 48 69
22 59 26 66
22 59 26 69
22 60 26 66
22 60 26 69
22 66 26 69
22 59 27 66
22 59 27 69
22 59 27 79
22 60 27 66
22 60 27 69
22 60 27 79
22 66 27 69
22 66 27 79
22 69 27 79
22 59 31 66
22 59 31 69
22 59 31 79
22 60 31 66
22 60 31 69
22 60 31 79
22 66 31 69
22 66 31 79
22 69 31 79
22 66 48 69
26 49 30 51
26 49 30 59
26 49 30 60
26 51 30 59
26 51 30 60
26 59 31 66
26 59 31 69
26 59 31 77
26 60 31 66
26 60 31 69
26 60 31 77
26 66 31 69
26 66 31 77
26 69 31 77
26 49 45 51
26 66 48 69
26 49 59 77
26 49 60 77
27 37 30 49
27 37 30 51
27 37 30 59
27 37 30 60
27 49 30 51
27 49 30 59
27 49 30 60
27 51 30 59
27 51 30 60
27 59 31 66
27 59 31 69
27 59 31 77
27 59 31 79
27 59 31 80
27 60 31 66
27 60 31 69
27 60 31 77
27 60 31 79
27 60 31 80
27 66 31 69
27 66 31 77
27 66 31 79
27 66 31 80
27 69 31 77
27 69 31 79
27 69 31 80
27 77 31 79
27 77 31 80
27 37 45 49
27 37 45 51
27 49 45 51
27 66 48 69
27 49 59 77
27 37 60 49
27 37 60 77
27 37 60 80
27 49 60 77
27 49 60 80
27 77 60 80
30 31 45 37
30 31 45 49
30 31 45 51
30 37 45 49
30 37 45 51
30 49 45 51
30 37 60 49
31 66 48 69
31 77 60 80
45 12 47 20
45 12 47 31
45 20 47 31
45 12 55 20
45 37 60 49
47 12 55 20
51 37 60 42
51 26 65 42
