52 69
000000000000000000000000000000000000000000000000000000000000000000000
000000000000000000000000000000000000000000000000000000000000000000000
000000000000000000000000000000000000000000000000000000000000000000000
000000111111111111111111111111111111111111111111111111111111111111000
000000100000100000000000000000000000000000000000000000000000000101000
000000100000100000000000000000000000000000000000000000000000000101000
000000100000100000000000000000011111111111111111111111000000000101000
000000100000100000000000000000010000000000000000000001000000000101000
000000100000111111111111111111111111111111111111111111111111111101000
000000100000000000000001111111111111111111111111111111111111111111000
000000100000000000000001000010010000000000000010000001000000000001000
000000100000000000000001000010010000000000000010000001000000000001000
000000100000000000000001000010010000000000000010000001000000000001000
000000100000000000000001000010010000000000000010000001000000000001000
000000100000000000000001000010010000000000000010000001000000000001000
111111111111111111111111111111111111111111111111111111111111111111100
100000100000000000000001000010010000000000000010000001000000000001100
100000100000000000000001000010010000000000000010000001000000000001100
100000100000000000000001000010010000000000000010000001000000000001100
100000100000000000000001000010010000000000000010000001000000000001100
100000100000111111111111111111111111111111111111111111111111111111100
100000100000100000000001000010010000000000000010000001000000000001100
100000111111100000000001000010010000000000000010000001000000000001100
100000100001100000000001000011111111111111111110000001000000000001100
100000100001100000000001000000010000000000000000000001000000000001100
100000100001100000000001000000010000000000000000000001000000000001100
100000100001100000000001000000010000000000000000000001000000000001100
100000100001100000000001000000010000000000000000000001000000000001100
100000100001100000000001000000010000000000000000000001000000000001100
100000111111111111111111111111111111111111111111111111111111111111100
100000100001100000000001000000010000000000000000000001000000000001100
100000100001100000000001000000010000000000000000000001000000000001100
100000100001100000000001000000011111111111111111111111000000000001100
100000100001100000000001000000000000000000000000000000000000000001100
100000100001100000000001000000000000000000000000000000000000000001100
100000100001111111111111111111111111111111111111111111111111111111100
100000100001000000000001000000000000000000000000000000000000000001100
100000100001000000000001000000000000000000000000000000000000000001100
100000100001000000000001000000000000000000000000000000000000000001100
111111111111111111111111111111111111111111111111111111111111111111100
000000100001000000000001000000000000000000000000000000000000000001000
000000100001000000000001111111111111111111111111111111111111111111000
000000100001000000000000000000000000000000000000000000000000000000000
000000100001000000000000000000000000000000000000000000000000000000000
000000100001000000000000000000000000000000000000000000000000000000000
000000100001000000000000000000000000000000000000000000000000000000000
000000100001000000000000000000000000000000000000000000000000000000000
000000100001000000000000000000000000000000000000000000000000000000000
000000100001000000000000000000000000000000000000000000000000000000000
000000111111000000000000000000000000000000000000000000000000000000000
000000000000000000000000000000000000000000000000000000000000000000000
000000000000000000000000000000000000000000000000000000000000000000000
189
4 13 9 64
4 64 10 66
4 7 16 66
4 7 30 66
4 7 40 66
7 32 9 54
7 32 10 54
7 32 16 54
7 32 21 54
7 32 30 54
7 32 33 54
9 24 16 29
9 24 16 32
9 24 16 47
9 24 16 54
9 29 16 32
9 29 16 47
9 29 16 54
9 32 16 47
9 32 16 54
9 47 16 54
9 24 21 29
9 24 21 32
9 24 21 47
9 24 21 54
9 29 21 32
9 29 21 47
9 29 21 54
9 32 21 47
9 32 21 54
9 47 21 54
9 29 24 32
9 29 24 47
9 32 24 47
9 24 30 32
9 24 30 54
9 32 30 54
9 32 33 54
10 24 16 29
10 24 16 32
10 24 16 47
10 24 16 54
10 24 16 66
10 29 16 32
10 29 16 47
10 29 16 54
10 29 16 66
10 32 16 47
10 32 16 54
10 32 16 66
10 47 16 54
10 47 16 66
10 54 16 66
10 24 21 29
10 24 21 32
10 24 21 47
10 24 21 54
10 24 21 66
10 29 21 32
10 29 21 47
10 29 21 54
10 29 21 66
10 32 21 47
10 32 21 54
10 32 21 66
10 47 21 54
10 47 21 66
10 54 21 66
10 29 24 32
10 29 24 47
10 32 24 47
10 24 30 32
10 24 30 54
10 24 30 66
10 32 30 54
10 32 30 66
10 54 30 66
10 32 33 54
10 24 36 66
10 24 40 66
10 24 42 66
16 24 21 29
16 24 21 32
16 24 21 47
16 24 21 54
16 24 21 66
16 24 21 67
16 29 21 32
16 29 21 47
16 29 21 54
16 29 21 66
16 29 21 67
16 32 21 47
16 32 21 54
16 32 21 66
16 32 21 67
16 47 21 54
16 47 21 66
16 47 21 67
16 54 21 66
16 54 21 67
16 29 24 32
16 29 24 47
16 32 24 47
16 7 30 24
16 7 30 32
16 7 30 54
16 7 30 66
16 7 30 67
16 24 30 32
16 24 30 54
16 24 30 66
16 24 30 67
16 32 30 54
16 32 30 66
16 32 30 67
16 54 30 66
16 54 30 67
16 32 33 54
16 24 36 66
16 24 36 67
16 1 40 7
16 1 40 24
16 1 40 66
16 1 40 67
16 7 40 24
16 7 40 66
16 7 40 67
16 24 40 66
16 24 40 67
16 24 42 66
21 29 24 32
21 29 24 47
21 32 24 47
21 13 30 24
21 13 30 32
21 13 30 54
21 13 30 66
21 13 30 67
21 24 30 32
21 24 30 54
21 24 30 66
21 24 30 67
21 32 30 54
21 32 30 66
21 32 30 67
21 54 30 66
21 54 30 67
21 32 33 54
21 13 36 24
21 13 36 66
21 13 36 67
21 24 36 66
21 24 36 67
21 24 40 66
21 24 40 67
21 24 42 66
23 7 30 12
23 7 30 13
23 7 40 12
23 7 50 12
30 32 33 54
30 12 36 24
30 12 36 66
30 12 36 67
30 13 36 24
30 13 36 66
30 13 36 67
30 24 36 66
30 24 36 67
30 7 40 12
30 7 40 24
30 7 40 66
30 7 40 67
30 12 40 24
30 12 40 66
30 12 40 67
30 24 40 66
30 24 40 67
30 24 42 66
30 7 50 12
36 12 40 24
36 12 40 66
36 12 40 67
36 24 40 66
36 24 40 67
36 24 42 66
40 24 42 66
40 7 50 12
