67 73
0000000000000000000000000000000000000000000000000000000000000000000000000
0000000000000000000000000000000000000000000000000000000000000000000000000
0000000000000000000000001111111111110000000000000000000000000000000000000
0000000000000000000000001000000000010000000000000000000000000000000000000
0000000000000000000000001000000000010000000000000000000000000000000000000
0000000000000000000000001000000000010000000000000000000000000000000000000
0000000000000000000000001000000000010000000000000000000000000000000000000
0000000000000000000000001000000000010000000000000000000000000000000000000
0000000000000000011111111111111111111111111111111111000000000000000000000
0000000000000000010000001000000000010000000000000001000000000000000000000
0000000011111111111111111111111111111111111111111111000000000000000000000
0000000010000000010000001000000000010000000000000001000000000000000000000
0000000010000000010000001000000000010000000000000001000000000000000000000
0000000010000000010000001000000000010000000000000001000000000000000000000
0000000010000000010000001000000000010000000000000001000000000000000000000
0000000010000000010000001000000000010000000000000001000000000000000000000
0000000010000000010000001000000000010000000000000001000000000000000000000
0000000010000000010000001111111111110000000000000001000000000000000000000
0000000011111111111111111111111111111111111111111111000000000000000000000
0000000000000000010000000000000000000000000000000001000000000000000000000
0000000000000000010000000000000000000000000000000001000000000000000000000
0000000000000000010000000000000000000000000000000001000000000000000000000
0000000000000000010000000000000000000000000000000001000000000000000000000
0011111111111111111111111111111111111100000000000001000000000000000000000
0010000000000000010000000000000000000100000000000001000000000000000000000
0010000000000000010000000000000000000100000000000001000000000000000000000
0010000000000000010000000000000000000100000000000001000000000000000000000
0010000000000000010000000000000000000111111000000001000000000000000000000
0010000000000000010000000000000000000110001000000001000000000000000000000
0010000000000000010000000000000000000110001000000001000000000000000000000
0010000000000000010000000000000000000110001000000001000000000000000000000
0010000000000000010000000000000000000110001000000001000000000000000000000
0010000000000000010000000000000000000110001000000001000000000000000000000
0010000000000000010000000000000000000110001000000001000000000000000000000
0010000000000000010000000000000000000110001000000001000000000000000000000
0010000000000000010000000000000000000110001000000001000000000000000000000
0010000000000000010000000000000000000110001000000001000000000000000000000
0010000000000000010000000000000000000110001000000001000000000000000000000
0010000000000000010000000000000000000110001000000001000000000000000000000
0010000000000000010000000000000000000110001000000001000000000000000000000
0010000000000000010000000000000000000110001000000001000000000000000000000
0010000000000000010000000000000000000110001000000001000000000000000000000
0010000000000000010000000000000000000110001000000001000000000000000000000
0010000011111111111111111111111111111111111111111111111111111000000000000
0010000010000000010000000000000000000110001000000001000000001000000000000
0010000011111111111111111111111111111111111111111111111111111000000000000
0010000000000000010000000000000000000110001000000001000000000000000000000
0010000000000000010000000000000000000110001000000001000000000000000000000
0010000000000000010000000000000000000110001000000001000000000000000000000
0010000000000000010000000000000000000110001000000001000000000000000000000
0011111111111111111111111111111111111110001000000001000000000000000000000
0000000000000000010000000000000000000010001000000001000000000000000000000
0000000000000000010000000000000000000010001000000001000000000000000000000
0000000000000000010000000000000000000010001000000001000000000000000000000
0000000000000000010000000000000000000010001000000001000000000000000000000
0000000000000000010000000000000000000010001000000001000000000000000000000
0000000000000000010000000000000000000010001000000001111111111111111111000
0000000000000000010000000000000000000010001000000001000000000000000001000
0000000000000000010000000000000000000010001000000001000000000000000001000
0000000000000000010000000000000000000010001000000001000000000000000001000
0000000000000000010000000000000000000010001000000001000000000000000001000
0000000000000000010000000000000000000010001000000001000000000000000001000
0000000000000000010000000000000000000011111000000001000000000000000001000
0000000000000000011111111111111111111111111111111111111111111111111111000
0000000000000000000000000000000000000000000000000000000000000000000000000
0000000000000000000000000000000000000000000000000000000000000000000000000
0000000000000000000000000000000000000000000000000000000000000000000000000
88
3 25 9 36
3 25 11 36
3 25 18 36
3 25 19 36
9 18 11 25
9 18 11 36
9 18 11 52
9 25 11 36
9 25 11 52
9 36 11 52
9 25 18 36
9 18 19 25
9 18 19 36
9 18 19 52
9 25 19 36
9 25 19 52
9 36 19 52
9 18 44 52
9 18 46 52
9 18 64 52
11 25 18 36
11 9 19 18
11 9 19 25
11 9 19 36
11 9 19 52
11 18 19 25
11 18 19 36
11 18 19 52
11 25 19 36
11 25 19 52
11 36 19 52
11 18 44 52
11 18 46 52
11 18 64 52
19 18 44 52
19 18 46 52
19 18 64 52
24 18 44 38
24 18 46 38
24 3 51 18
24 3 51 38
24 18 51 38
28 38 44 43
28 39 44 43
28 38 46 43
28 39 46 43
28 39 63 43
28 39 64 43
44 9 46 18
44 9 46 38
44 9 46 39
44 9 46 43
44 9 46 52
44 9 46 61
44 18 46 38
44 18 46 39
44 18 46 43
44 18 46 52
44 18 46 61
44 38 46 43
44 38 46 52
44 38 46 61
44 39 46 43
44 39 46 52
44 39 46 61
44 43 46 52
44 43 46 61
44 52 46 61
44 18 51 38
44 18 51 39
44 39 63 43
44 18 64 39
44 18 64 43
44 18 64 52
44 39 64 43
44 39 64 52
44 43 64 52
46 18 51 38
46 18 51 39
46 39 63 43
46 18 64 39
46 18 64 43
46 18 64 52
46 39 64 43
46 39 64 52
46 43 64 52
51 18 64 39
57 52 64 70
