97 73
0000000000000000000000000000000000000000000000000000000000000000000000000
0000000000000001111100000000000000000000000000000000000000000000000000000
0000000000000001000100000000000000000000000000000000000000000000000000000
0000000000000001000100000000000000000000000000000000000000000000000000000
0000000000000001000100000000000000000000000000000000000000000000000000000
0000000000000001000100000000000000000000000000000000000000000000000000000
0000000000000001000100000000000000000000000000000000000000000000000000000
0000000000000001000100000000000000000000000000000000000000000000000000000
0000000000000001000100000000000000000000000000000000000000000000000000000
0000000000000001000100000000000000000000000000000000000000000000000000000
0000000000000001000100000000000000000000000000000000000000000000000000000
0000000000000001000100000000000000000000000000000000000000000000000000000
0000000000000001000100000000000000000000000000000000000000000000000000000
0000000000000001000100000000000000000000000000000000000000000000000000000
0000000000000001000100000000000000000000000000000000000000000000000000000
0000000000000001000100000000000000000000000000000000000000000000000000000
0000000000000001000100000000000000000000000000000000000000000000000000000
0000000000000001000100000000000000000000000000000000000000000000000000000
0000000000000001000100000000000000000000000000000000000000000000000000000
0000000000000001000100000000000000000000000000000000000000000000000000000
0000000000000001000100000000000000000000000000000000000000000000000000000
0000000000000001000100000000000000000000000000000000000000000000000000000
0000000000000001000100000000000000000000000000000000000000000000000000000
0000000000000001000100000000000000000000000000000000000000000000000000000
0000000000000001000100000000000000000000000000000000000000000000000000000
0000000000000001000100000000000000000000000000000000000000000000000000000
0000000000000001000100000000000000000000000000000000000000000000000000000
0000000000000001000100000000000000000000000000000000000000000000000000000
0000000000000001000100000000000000000000000000000000000000000000000000000
0000000000000001000100000000000000000000000000000000000000000000000000000
0000000000000001000100000000000000000000000000000000000000000000000000000
0000000000000001000100000000000000000000000000000000000000000000000000000
0000000000000001000100000000000000000000000000000000000000000000000000000
0000000000000001000100000000000000000000000000000000000000000000000000000
0000000000000001000100000000000000000000000000000000000000000000000000000
0000000000000001000100000000000000000000000000000000000000000000000000000
0000000000000001000100000000000000000000000000000000000000000000000000000
0000000000000001000100000000000000000000000000000000000000000000000000000
0000000000000001000100000000000000000000000000000000000000000000000000000
0000000000000001000100000000000000000000000000000000000000000000000000000
0000000000000001000100000000000000000000000000000000000000000000000000000
0000000000000001000100000000000000000000000000000000000000000000000000000
0000000000000001000100000000000000000000000000000000000000000000000000000
0000000000000001000100000000000000000000000000000000000000000000000000000
0000000000000001000100000000000000000000000000000000000000000000000000000
0000000000000001000100000000000000000000000000000000000000000000000000000
0000000000000001000100000000000000000000000000000000000000000000000000000
0000000000000001000100000000000000000000000000000000000000000000000000000
0000000000000001000100000000000000000000000000000000000000000000000000000
0000000000000001000100000000000000000000000000000000000000000000000000000
0000000000000001000100000000000000000000000000000000000000000000000000000
0000000000000001000100000000000000000000000000000000000000000000000000000
0000000000000001000100000000000000000000000000000000000000000000000000000
0000000000000001000100000000000000000000000000000000000000000000000000000
0000000000000001000100000000000000000000000000000000000000000000000000000
0000000000000001000100000000000000000000000000000000000000000000000000000
0000000000000001000100000000000000000000000000000000000000000000000000000
0000000000000001000100000000000000000000000000000000000000000000000000000
0000000000000001000100000000000000000000000000000000000000000000000000000
0000000000000001000100000000000000000000000000000000000000000000000000000
0000000000000001000100000000000000000000000000000000000000000000000000000
0000000000000001000100000000000000000000000000000000000000000000000000000
0000000000000001000100000000000000000000000000000000000000000000000000000
0000000000000001000100000000000000000000000000000000000000000000000000000
0000000000000001000100000000000000000000000000000000000000000000000000000
0000000000000001000100000000000000000000000000000000000000000000000000000
0000000000000001000100000000000000000000000000000000000000000000000000000
0000000000000001000100000000000000000000000000000000000000000000000000000
0000000000000001111100000000000000000000000000000000000000000000000000000
0000000000000000000000000000000000000000000000000000000000000000000000000
0000000000000000000000000000000000000000000000000000000000000000000000000
0000000000000000000000000000000000000000000000000000000000000000000000000
0000000000000000000000000000000000000000000000000000000000000000000000000
0000000000000000000000000000000000000000000000000000000000000000000000000
0000000000000000000000000000000000000000000000000000000000000000000000000
0000000000000000000000000000000000000000000000000000000000000000000000000
0000000000000000000000000000000000000000000000000000000000000000000000000
0000000000000000000000000000000000000000000000000000000000000000000000000
0000000000000000000000000000000000000000000000000000000000000000000000000
0000000000000000000000000000000000000000000000000000000000000000000000000
0000000000000000000000000000000000000000000000000000000000000000000000000
0000000000000000000000000000000000000000000000000000000000000000000000000
0000000000000000000000000000000000000000000000000000000000000000000000000
0000000000000000000000000000000000000000000000000000000000000000000000000
0000000000000000000000000000000000000000000000000000000000000000000000000
0000000000000000000000000000000000000000000000000000000000000000000000000
0000000000000000000000000000000000000000000000000000000000000000000000000
0000000000000000000000000000000000000000000000000000000000000000000000000
0000000000000000000000000000000000000000000000000000000000000000000000000
0000000000000000000000000000000000000000000000000000000000000000000000000
0000000000000000000000000000000000000000000000000000000000000000000000000
0000000000000000000000000000000000000000000000000000000000000000000000000
0000000000000000000000000000000000000000000000000000000000000000000000000
0000000000000000000000000000000000000000000000000000000000000000000000000
0000000000000000000000000000000000000000000000000000000000000000000000000
0000000000000000000000000000000000000000000000000000000000000000000000000
0000000000000000000000000000000000000000000000000000000000000000000000000
1
2 16 69 20
