56 95
00000000000000000000000000000000000000000001111111111111111111111111111111111111111111111100000
00000000000000000000000000000000000000000001000000000000000000000000000000000000000000000100000
00000000000000000000000000000000000000000001000000000000000000000000000000000000000000000100000
00000000000000000000000000000000000000000001000000000000000000000000000000000000000000000100000
00000000000000000000000001111111111111111111111111111111111111111111100000000000000000000100000
00000000000000000000000011111111111111111111111111111111111111111111111111111111111111111111110
00000000000000000000000011000000000110000001000000000000000000000000100000000000000000000100010
00000000000000000000000011000000000110000001000000000000000000000000100000000000000000000100010
00000011111111111111000011000000000110000001000000000000000000000000100000000000000000000100010
00000010000000000001000011000000000110000001000000000000000000000000100000000000000000000100010
00000010000000000001000011000000000110000001000000000000000000000000100000000000000000000100010
00000010000000000001000011000000000110000001000000000000000000000000100000000000000000000100010
00000010000000000001000011000000000110000001111111111111111111111111111111111111111111111100010
00000010000000000001000011000000000110000000000000000000000000000000100000000000000000000000010
00000010000000000001000011000000000110000000000000000111111111111111100000000000000000000000010
00000010000000000001000011000000000110011111111000000100000000000001100000000000000000000000010
00000010000000000001000011000000000110010000001000000100000000000001100000000000000000000000010
00000010000000000001000011000000000110010000001000000100000000000001100000000000000000000000010
00000010000000000001000011000000000110010000001000000100000000000001100000000000000000000000010
00000010000000000001000011000000000110010000001000000100000000000001100000000000000000000000010
00000010000000000001000011000000000110010000001000000100000000000001100000000000000000000000010
00000010000000000001000011000000000110010000001000000100000000000001100000000000000000000000010
00000010000000000001111111111111111111111111111111111111111111111111111111110000000000000000010
00000010000000000001000011111111111110010000001000000100000000000001100000010000000000000000010
00000011111111111111000001000000000100010000001000000100000000000001100000010000000000000000010
00000000000000000001000001000000000100010000001000000100000000000001100000010000000000000000010
00000000000000000001000001000000000100010000001000000100000000000001100000010000000000000000010
00000000000000000001000001000000000100010000001000000100000000000001100000010000000000000000010
00000000000000000001000001111111111111111111111111111111111111111111100000010000000000000000010
00000000000000000001000000000001111111111111111100000100000000000001000000010000000000000000010
00000000000000000001000000000001000100010000001100000100000000000001000000010000000000000000010
00000000000000000001000000000001000100010000001100000100000000000001000000010000000000000000010
00000000000000000001000000000001000100010000001100000100000000000001000000010000000000000000010
00000000000000000001000000000001000111111111111111111111111111111111111111111111111111111111110
00000000000000000001000000000001000000010000001100000100000000000001000000010000000000000000000
00000000000000000001000000000001000000010000001100000100000000000001000000010000000000000000000
00000000000000000001000000000001000000010000001101111111111111111111111111111111111111111000000
00000000000000000001000000000001000000010000001101000100000000000001000000010000000000001000000
00000000000000000001000000000001000000010000001101000100000000000001000000010000000000001000000
00000000000000000001000000000001000000011111111101000100000000000001000000010000000000001000000
00000000000000000001000000000001000000000000000101000100000000000001000000010000000000001000000
00000000000000000001000000000001000000000000000101000100000000000001000000010000000000001000000
00000000000000000001000000000001000000000000000101000100000000000001000000010000000000001000000
00000000000000000001000000000001000000000000000101111111111111111111111111111111111111111000000
00000000000000000001000000000001000000000000000100000100000000000001000000010000000000000000000
00000000000000000001000000000001000000000000000100000111111111111111000000010000000000000000000
00000000000000000001000000000001000000000000000100000000000000000000000000010000000000000000000
00000000000000000001111111111111111111111111111111111111111111111111111111110000000000000000000
00000000000000000000000000000001000000000000000100000000000000000000000000000000000000000000000
00000000000000000000000000000001000000000000000100000000000000000000000000000000000000000000000
00000000000000000000000000000001111111111111111100000000000000000000000000000000000000000000000
00000000000000000000000000000000000000000000000000000000000000000000000000000000000000000000000
00000000000000000000000000000000000000000000000000000000000000000000000000000000000000000000000
00000000000000000001111111111111111100000000000000000000000000000000000000000000000000000000000
00000000000000000001000000000000000100000000000000000000000000000000000000000000000000000000000
00000000000000000001111111111111111100000000000000000000000000000000000000000000000000000000000
148
1 44 6 90
1 44 13 90
5 44 13 69
5 26 23 36
5 26 23 37
5 26 23 69
5 36 23 69
5 37 23 69
5 26 24 36
5 26 24 37
5 26 29 36
5 26 29 69
5 36 29 69
6 44 13 69
6 44 13 90
6 69 13 90
6 25 23 36
6 25 23 37
6 25 23 69
6 26 23 36
6 26 23 37
6 26 23 69
6 36 23 69
6 37 23 69
6 25 24 36
6 25 24 37
6 26 24 36
6 26 24 37
6 26 29 36
6 26 29 69
6 36 29 69
6 36 34 94
9 7 25 20
15 54 23 68
15 54 23 69
15 54 29 68
15 54 29 69
15 54 34 68
15 54 37 68
15 54 44 68
15 54 46 68
16 40 23 47
16 40 29 47
16 40 30 47
16 40 34 47
16 40 40 47
23 26 29 36
23 26 29 40
23 26 29 47
23 26 29 54
23 26 29 68
23 26 29 69
23 36 29 40
23 36 29 47
23 36 29 54
23 36 29 68
23 36 29 69
23 40 29 47
23 40 29 54
23 40 29 68
23 40 29 69
23 47 29 54
23 47 29 68
23 47 29 69
23 54 29 68
23 54 29 69
23 36 30 40
23 36 30 47
23 40 30 47
23 36 34 40
23 36 34 47
23 36 34 54
23 36 34 68
23 36 34 76
23 40 34 47
23 40 34 54
23 40 34 68
23 40 34 76
23 47 34 54
23 47 34 68
23 47 34 76
23 54 34 68
23 54 34 76
23 68 34 76
23 54 37 68
23 54 37 76
23 68 37 76
23 40 40 47
23 54 44 68
23 54 44 76
23 68 44 76
23 54 46 68
23 20 48 76
24 26 29 36
29 36 34 40
29 36 34 47
29 36 34 48
29 36 34 54
29 36 34 68
29 40 34 47
29 40 34 48
29 40 34 54
29 40 34 68
29 47 34 54
29 47 34 68
29 48 34 54
29 48 34 68
29 54 34 68
29 54 37 68
29 40 40 47
29 40 40 48
29 54 44 68
29 54 46 68
29 32 48 48
29 32 51 48
30 36 34 40
30 36 34 47
30 36 34 48
30 40 34 47
30 40 34 48
30 40 40 47
30 40 40 48
30 32 48 48
30 32 51 48
34 54 37 68
34 54 37 76
34 68 37 76
34 40 40 47
34 40 40 48
34 54 44 68
34 54 44 76
34 68 44 76
34 54 46 68
34 48 48 76
37 50 44 54
37 50 44 68
37 50 44 76
37 50 44 89
37 54 44 68
37 54 44 76
37 54 44 89
37 68 44 76
37 68 44 89
37 76 44 89
37 54 46 68
44 54 46 68
48 32 51 48
54 20 56 36
