88 97
0000000000000000000000000000000000000000000000000000000000000000000000000000000000000000000000000
0000000000000000000000000000000000000000000000000000000000000000000000000000000000000000000000000
0000000000000000000000000000000000000000000000000000000000000000000000000000000000000000000000000
0000000000000000000000000000000000000000000000000000000000000000000000000000000000000000000000000
0000000000000000000000000000000000000000000000000000000000000000000000000000000000000000000000000
0000000000000000000000000000000000000000000000000000000000000000000000000000000000000000000000000
0000000000000000000000000000000000000000000000000000000000000000000000000000000000000000000000000
0000000000000000000000001111111111111111111111111111111111111111110000000000000000000000000000000
0000000000111111111000001000000000000000000000000000000000000000010000000000000000000000000000000
0000000000100000001000001000000000000000000000000000000000000000010000000000000000000000000000000
0000000000100000001000001000000000000000000000000000000000000000010000000000000000000000000000000
0000000000100000001000001000000000000000000000000000000000000000010000000000000000000000000000000
0000000000100000001000001000000000000000000000000000000000000000010000000000000000000000000000000
0000000000100000001000001000000000000000000000000000000000000000010000000000000000000000000000000
0000000000100000001000001000000000000000111111111111111111111111010000000000000000000000000000000
0000000000100000001000001000000000000000100000000000000000000001010000000000000000000000000000000
0000000000100000001000001000000000000000100000000000000000000001010000000000000000000000000000000
0000000000100000001000001000000000000000100000000000000000000001010000000000000000000000000000000
0000000000100000001000001000000000000000100000000000000000000001010000000000000000000000000000000
0000000000100000001000001000000000000000100000000000000000000001010000000000000000000000000000000
0000000000100001111111111111111111111111100000000000000000000001010000000000000000000000000000000
0000000000100001001000001000000000000001100000000000000000000001010000000000000000000000000000000
0000000000100001001000001000000000000001100000000000000000000001010000000000000000000000000000000
0000000000100001001000001000000000000001100000000000000000000001010000000000000000000000000000000
0000000000100001001000001000000000000001100000000000000000000001010000000000000000000000000000000
0000000000100001001000001000000000000001100000000000000000000001010000000000000000000000000000000
0000000000100001001000001000000000000001100000000000000000000001010000000000000000000000000000000
0000000000100001001000001000000000000001111111111111111111111111010000000000000000000000000000000
0000000000100001001000001000000000000001000000000000000000000000010000000000000000000000000000000
0000000000100001001000001000000000000001000000000000000000000000010000000000000000000000000000000
0000000000100001001000001000000000000001000000000000000000000000010000000000000000000000000000000
0000000011111111111111111111111111111111111111111111111111111111111111111111111111111110000000000
0000000010100001001000001000000000000001000000000000000000000000010000000000000000000010000000000
0000000010100001001000001000000000000001000000000000000000000000010000000000000000000010000000000
0000000010100001001000001000000000000001000000000000000000000000010000000000000000000010000000000
0000000010100001001000001000000000000001000000000000000000000000010000000000000000000010000000000
0000000010100001001000001000000000000001000000000000000000000000010000000000000000000010000000000
0000000010100001001000001000000000000001000000000000000000000000010000000000000000000010000000000
0000000010100001001000001000000000000001000000000000000000000000010000000000000000000010000000000
0000000010100001001000001000000000000001000000000000000000000000010000000000000000000010000000000
0000000010100001001000001000000000000001000000000000000000000000010000000000000000000010000000000
0000000010100001001000001000000000000001000000000000000000000000010000000000000000000010000000000
0000000010100001001000001000000000000001000000000000000000000000010000000000000000000010000000000
0000000010100001001000001000000000000001000000000000000000000000010000000000000000000010000000000
0000000010100001001000001111111111111111111111111111111111111111110000000000000000000010000000000
0000000010100001001000000000000000000001000000000000000000000000000000000000000000000010000000000
0000000010100001001000000000000000000001000000000000000000000000000000000000000000000010000000000
0000000010100001001000000000000000000001000000000000000000000000000000000000000000000010000000000
0000000010100001001000000000000000000001000000000000000000000000000000000000000000000010000000000
0000000010100001001000000000000000000001000000000000000000000000000000000000000000000010000000000
0000000010100001001000000000000000000001000000000000000000000000000000000000000000000010000000000
0000000010100001001000000000000000000001000000000000000000000000000000000000000000000010000000000
0000000010100001001000000000000000000001000000000000000000000000000000000000000000000010000000000
0000000010100001001000000000000000000001000000000000000000000000000000000000000000000010000000000
0000000010100001001000000000000000000001000000000000000000000000000000000000000000000010000000000
0000000010100001001000000000000000000001000000000000000000000000000000000000000000000010000000000
0000000010100001001000000000000000000001000000000000000000000000000000000000000000000010000000000
0000000010100001001000000000000000000001000000000000000000000000000000000000000000000010000000000
0000000010100001001000000000000000000001000000000000000000000000000000000000000000000010000000000
0000000010100001001000000000000000000001000000000000000000000000000000000000000000000010000000000
0000000010111111111000000000000000000001000000000000000000000000000000000000000000000010000000000
0000000010000001000000000000000000000001000000000000000000000000000000000000000000000010000000000
0000000010000001000000000000000000000001000000000000000000000000000000000000000000000010000000000
0000000010000001000000000000000000000001000000000000000000000000000000000000000000000010000000000
0000000011111111111111111111111111111111111111111111111111111111111111111111111111111110000000000
0000000000000001000000000000000000000001000000000000000000000000000000000000000000000000000000000
0000000000000001000000000000000000000001000000000000000000000000000000000000000000000000000000000
0000000000000001000000000000000000000001000000000000000000000000000000000000000000000000000000000
0000000000000001000000000000000000000001000000000000000000000000000000000000000000000000000000000
0000000000000001000000000000000000000001000000000000000000000000000000000000000000000000000000000
0000000000000001000000000000000000000001000000000000000000000000000000000000000000000000000000000
0000000000000001000000000000000000000001000000000000000000000000000000000000000000000000000000000
0000000000000001000000000000000000000001000000000000000000000000000000000000000000000000000000000
0000000000000001000000000000000000000001000000000000000000000000000000000000000000000000000000000
0000000000000001000000000000000000000001000000000000000000000000000000000000000000000000000000000
0000000000000001000000000000000000000001000000000000000000000000000000000000000000000000000000000
0000000000000001000000000000000000000001000000000000000000000000000000000000000000000000000000000
0000000000000001000000000000000000000001000000000000000000000000000000000000000000000000000000000
0000000000000001000000000000000000000001000000000000000000000000000000000000000000000000000000000
0000000000000001000000000000000000000001000000000000000000000000000000000000000000000000000000000
0000000000000001000000000000000000000001000000000000000000000000000000000000000000000000000000000
0000000000000001000000000000000000000001000000000000000000000000000000000000000000000000000000000
0000000000000001000000000000000000000001000000000000000000000000000000000000000000000000000000000
0000000000000001000000000000000000000001000000000000000000000000000000000000000000000000000000000
0000000000000001000000000000000000000001000000000000000000000000000000000000000000000000000000000
0000000000000001000000000000000000000001000000000000000000000000000000000000000000000000000000000
0000000000000001111111111111111111111111000000000000000000000000000000000000000000000000000000000
0000000000000000000000000000000000000000000000000000000000000000000000000000000000000000000000000
29
8 25 32 66
8 25 45 66
9 11 32 19
9 11 61 19
15 41 28 64
21 16 32 19
21 16 32 25
21 16 32 40
21 19 32 25
21 19 32 40
21 25 32 40
21 25 45 40
21 16 61 19
21 16 65 40
21 16 87 40
32 25 45 40
32 25 45 66
32 40 45 66
32 11 61 16
32 11 61 19
32 16 61 19
32 9 65 16
32 9 65 40
32 9 65 87
32 16 65 40
32 16 65 87
32 40 65 87
32 16 87 40
65 16 87 40
