47 33
000000000000000000000000000000000
000000000000000000000000000000000
000000000000000000000000000000000
000000000000011111100000000000000
000000000000010000100000000000000
000000000000010000100000000000000
000000000000011111100000000000000
000000000000000000001111111111000
000000000000000000001000000001000
011111111111111111111111111111110
010111111111111111001000000001010
011111111111111111111111111111110
000100000000000001001000000001000
000100000000000001001000000001000
000100000000000001001000000001000
000100000000000001001000000001000
000100000000000001001000000001000
000100000000000001001000000001000
000100000000000001001000000001000
000100000000000001001000000001000
000100000000000001001000000001000
000100000000000001001000000001000
000100000000000001001000000001000
000100000000000001001000000001000
000100000000000001001000000001000
000100000000000001001000000001000
000100000000000001001000000001000
000100000000000001001000000001000
000100000000000001001000000001000
000100000000000001001000000001000
000100000000000001001000000001000
000100000000000001001111111111000
000100000000000001000000000000000
000100000000000001000000000000000
000100000000000001000000000000000
000100000000000001000000000000000
000100000000000001000000000000000
000100000000000001000000000000000
000100000000000001000000000000000
000100000000000001000000000000000
000100000000000001000000000000000
000100000000000001000000000000000
000100000000000001000000000000000
000100000000000001000000000000000
000100000000000001000000000000000
000100000000000001000000000000000
000111111111111111000000000000000
75
4 14 7 19
8 21 10 30
8 21 12 30
8 21 32 30
10 2 12 4
10 2 12 5
10 2 12 6
10 2 12 7
10 2 12 8
10 2 12 9
10 2 12 10
10 2 12 11
10 2 12 12
10 2 12 13
10 2 12 14
10 2 12 15
10 2 12 16
10 2 12 17
10 2 12 18
10 2 12 21
10 2 12 30
10 2 12 32
10 4 12 21
10 4 12 30
10 4 12 32
10 5 12 21
10 5 12 30
10 5 12 32
10 6 12 21
10 6 12 30
10 6 12 32
10 7 12 21
10 7 12 30
10 7 12 32
10 8 12 21
10 8 12 30
10 8 12 32
10 9 12 21
10 9 12 30
10 9 12 32
10 10 12 21
10 10 12 30
10 10 12 32
10 11 12 21
10 11 12 30
10 11 12 32
10 12 12 21
10 12 12 30
10 12 12 32
10 13 12 21
10 13 12 30
10 13 12 32
10 14 12 21
10 14 12 30
10 14 12 32
10 15 12 21
10 15 12 30
10 15 12 32
10 16 12 21
10 16 12 30
10 16 12 32
10 17 12 21
10 17 12 30
10 17 12 32
10 18 12 21
10 18 12 30
10 18 12 32
10 21 12 30
10 21 12 32
10 30 12 32
10 21 32 30
10 4 47 18
11 4 47 18
12 21 32 30
12 4 47 18
