65 50
00000000000000001110000000000000000000000000000000
00011111111111111111111111111111111111110000000000
00010000000000001010000000000000000000010000000000
00010000000000001010000000000000000000010000000000
00010000000000001010000000000000000000010000000000
00010000000000001010000000000000000000010000000000
00010000000000001010000000000000000000010000000000
00010000000000001010000000000000000000010000000000
00010000000000001010000000000000000000010000000000
00010000000000001010000000000000000000010000000000
00010000000000001010000000000000000000010000000000
00010000000000001010000000000000000000010000000000
00010001110000001010000000000000000000010000000000
00010001010000001010000000000000000000010000000000
00010001010000001010000000000000000000010000000000
00010001010000001010000000000000000000010000000000
00010001010000001010000000000000000000010000000000
00010001010000001010000000000000000000011111111000
00010001010000001010000000000000000000011000001000
00010001010000001010000000000000001111111111111110
00010001010000001111111111111111001001111110001010
00010001010000001110000000000001001001011010001010
00010001010000001110000000000001001001011010001010
00010001010000001110000000000001001001011010001010
00010001010000001110000000000001001001011010001010
00010001010000001110000000000001001001011010001010
00010001010000001110000000000001001001011010001010
00010001010000001110000000000001001001011010001010
00011111111111111111111111111111111111111010001010
00000001010000011110000001000001001001001010001010
00000001010111111111111111111111111111111111001010
00000001010100011110000001000001001001001011001010
00000001010100011110000001000001001001001011001010
00000001010100011110000001000001001001001011001010
00000001010100011110000001000001001001001011001010
00000001010100011110000001000001001001001011001010
00000001010100011110011111111111111111111111111110
00000001010100011110010001000001001001001011001010
00000001010100011110010001000001111111111011001010
00000001010100011111111111000001001001011011001010
00000001010100001110010000000001001001011011001010
00000001010100001111111111111111001001011011001010
00000001010100001010010000000001001001011011001010
00000001010100001010010000000001001001011011001010
00000001110100001010010000000001001001111111001010
00000000000100001010010000000001001000011001001010
00000000000100001010010000000001001000011001001010
00000000000100001010010000000001001111111111111110
00000000000100001010010000000001000000011001001010
00000000000100001010010000000001000000011001001010
00000000000100001010010000000001000000011001001010
00000000000100001010010000000001000000011001001010
00000000000100001110010000000001000000011001001010
00000000000100000000010000000001000000011001001010
00000000000100000000010000000001000000011001001010
00000000000111111111111111111111111111111111001010
00000000000000000000010000000001000000011000001010
00000000000000000000010000000001111111111000001010
00000000000000000000010000000000000000001111111010
00000000000000000000010000000000000000000000000010
00000000000000000000010000000000000000000000000010
00000000000000000000010000000000000000000000000010
00000000000000000000010000000000000000000000000010
00000000000000000000010000000000000000000000000010
00000000000000000000011111111111111111111111111110
299
1 17 21 19
1 17 22 19
1 17 23 19
1 17 24 19
1 17 25 19
1 17 26 19
1 17 27 19
1 17 28 19
1 17 29 19
1 17 30 19
1 17 31 19
1 17 32 19
1 17 33 19
1 17 34 19
1 17 35 19
1 17 36 19
1 17 37 19
1 17 38 19
1 17 39 19
1 17 40 19
1 17 41 19
1 17 42 19
1 17 53 19
2 17 21 19
2 17 22 19
2 17 23 19
2 17 24 19
2 17 25 19
2 17 26 19
2 17 27 19
2 17 28 19
2 4 29 17
2 4 29 19
2 4 29 40
2 17 29 19
2 17 29 40
2 19 29 40
2 17 30 19
2 17 31 19
2 17 32 19
2 17 33 19
2 17 34 19
2 17 35 19
2 17 36 19
2 17 37 19
2 17 38 19
2 17 39 19
2 17 40 19
2 17 41 19
2 17 42 19
2 17 53 19
13 8 29 10
13 8 45 10
18 40 20 47
18 41 20 47
18 41 37 47
18 41 48 47
18 41 59 47
20 35 29 38
20 35 29 40
20 35 29 41
20 38 29 40
20 38 29 41
20 35 31 38
20 35 31 41
20 35 31 43
20 38 31 41
20 38 31 43
20 41 31 43
20 35 37 38
20 35 37 41
20 35 37 43
20 35 37 47
20 35 37 49
20 38 37 41
20 38 37 43
20 38 37 47
20 38 37 49
20 41 37 43
20 41 37 47
20 41 37 49
20 43 37 47
20 43 37 49
20 47 37 49
20 35 39 38
20 35 39 41
20 38 39 41
20 38 45 41
20 38 45 43
20 41 45 43
20 35 48 41
20 35 48 47
20 35 48 49
20 41 48 47
20 41 48 49
20 47 48 49
20 41 59 47
21 17 29 32
21 18 29 32
21 19 29 32
21 38 29 40
21 38 29 41
21 17 31 32
21 18 31 32
21 19 31 32
21 38 31 41
21 38 31 43
21 41 31 43
21 38 37 41
21 38 37 43
21 41 37 43
21 38 39 41
21 17 42 32
21 18 42 32
21 19 42 32
21 38 45 41
21 38 45 43
21 41 45 43
21 17 53 19
22 17 53 19
23 17 53 19
24 17 53 19
25 17 53 19
26 17 53 19
27 17 53 19
28 17 53 19
29 16 31 26
29 16 31 32
29 16 31 35
29 16 31 38
29 16 31 41
29 17 31 26
29 17 31 32
29 17 31 35
29 17 31 38
29 17 31 41
29 18 31 26
29 18 31 32
29 18 31 35
29 18 31 38
29 18 31 41
29 19 31 26
29 19 31 32
29 19 31 35
29 19 31 38
29 19 31 41
29 26 31 32
29 26 31 35
29 26 31 38
29 26 31 41
29 32 31 35
29 32 31 38
29 32 31 41
29 35 31 38
29 35 31 41
29 38 31 41
29 26 37 32
29 26 37 35
29 26 37 38
29 26 37 41
29 32 37 35
29 32 37 38
29 32 37 41
29 35 37 38
29 35 37 41
29 38 37 41
29 32 39 35
29 32 39 38
29 32 39 41
29 35 39 38
29 35 39 41
29 38 39 41
29 16 40 26
29 17 40 26
29 18 40 26
29 19 40 26
29 17 42 32
29 18 42 32
29 19 42 32
29 8 45 10
29 38 45 41
29 35 48 41
29 17 53 19
29 32 56 41
29 32 58 41
30 17 53 19
31 26 37 32
31 26 37 35
31 26 37 38
31 26 37 41
31 26 37 43
31 26 37 44
31 32 37 35
31 32 37 38
31 32 37 41
31 32 37 43
31 32 37 44
31 35 37 38
31 35 37 41
31 35 37 43
31 35 37 44
31 38 37 41
31 38 37 43
31 38 37 44
31 41 37 43
31 41 37 44
31 32 39 35
31 32 39 38
31 32 39 41
31 35 39 38
31 35 39 41
31 38 39 41
31 16 40 26
31 17 40 26
31 18 40 26
31 19 40 26
31 17 42 32
31 18 42 32
31 19 42 32
31 38 45 41
31 38 45 43
31 38 45 44
31 41 45 43
31 41 45 44
31 35 48 41
31 35 48 44
31 41 48 44
31 17 53 19
31 12 56 32
31 12 56 41
31 12 56 44
31 32 56 41
31 32 56 44
31 41 56 44
31 32 58 41
32 17 53 19
33 17 53 19
34 17 53 19
35 17 53 19
36 17 53 19
37 32 39 35
37 32 39 38
37 32 39 41
37 35 39 38
37 35 39 41
37 38 39 41
37 22 40 26
37 22 42 32
37 38 45 41
37 38 45 43
37 38 45 44
37 41 45 43
37 41 45 44
37 35 48 41
37 35 48 44
37 35 48 47
37 35 48 49
37 41 48 44
37 41 48 47
37 41 48 49
37 44 48 47
37 44 48 49
37 47 48 49
37 17 53 19
37 22 56 32
37 22 56 41
37 22 56 44
37 32 56 41
37 32 56 44
37 41 56 44
37 32 58 41
37 41 59 47
37 22 65 49
38 17 53 19
39 38 45 40
39 38 45 41
39 35 48 40
39 35 48 41
39 17 53 19
39 32 56 40
39 32 56 41
39 32 58 40
39 32 58 41
40 17 42 22
40 18 42 22
40 19 42 22
40 17 53 19
41 17 53 19
42 17 53 19
42 22 56 32
45 40 48 44
45 41 48 44
45 40 56 44
45 41 56 44
48 40 56 44
48 41 56 44
48 41 59 47
56 32 58 40
56 32 58 41
