67 78
000000000000000000000011111111111111111111111111111111111111111111111100000000
000000000000000000000010000000000000000000000000000011110000000000000100000000
000000000000000000000010000000000000000000000000000010010000000000000100000000
000000000000000000000010000000000000000000000000000010010000000000000100000000
000000000000000000000010000000000000000000000000000010010000000000000100000000
000000000000000000000010000000000000000000000000000010010000000000000100000000
000001111111111111100010000000000000000000000000000010010000000000000100000000
000001000000000000100011111111111111111111111111111111111111111111111100000000
000001000001111111111111111111111111111111111111111111110000000000000000000000
000001000001000000100000000000000000000000000000000010110000000000000000000000
000001000001000000100000000000000000000000000000000010110000000000000000000000
000001000001000000100000000000000000000000000000000010110000000000000000000000
000001000001000000100000000000000000000000000000000010110000000000000000000000
000001011111111111111111111111111111111111111111111111110000000000000000000000
000001010000010000100000000010000000000000000000000010010000000000000000000000
000001010000010000100000000010000000000000000000000010010000000000000000000000
000001010000010000100011100010000000000000000000000010010000000000000000000000
000001010011111111111111111111111111111110000000000010010000000000000000000000
000001010010010000100010100010000000000010000000000010010000000000000000000000
000001010010010000100010100010000000000010000000000010010000000000000000000000
000001010010010000100010111111111111111111111111110010111111111111111100000000
000001010010010000100010100010000000000010000000010010110000000000000100000000
000001111111111111100010100010000000000010000000010011110000000000000100000000
000000010010010000100010100010000000000010000000010000100000000000000100000000
000000010010010000100010100010000000000010000000010000100000000000000100000000
000000010010010000100010111111111000000010000000010000100000000000000100000000
000000010010010000100011111111111111000010000000010000100000000000000100000000
000000010010010000100010110010001001000010000000010000100000000000000100000000
000000010010010000100010110010001001000010000000010000100000000000000100000000
000000010010010000100011111111111111111111111111111111110000000000000100000000
000000010010010000100010110010101000000010000000010000110000000000000100000000
000000010010010000100010110010101000000010000111111111111111111111110100000000
000000010010010000100010110010111111111111111111111111110000000000010100000000
000000010010010000100010110010001000000010000100010000100000000000010100000000
000000010010010000100111111111111111111111111110010000100000000000010100000000
000000010010010000100110110010001000000010000110010000100000000000010100000000
000000111111111111111111111111111111111111000110010000100000000000010100000000
000000110010010000100110110010001000000011000110010000100000000000010100000000
111111111111111111111111111111111111111111111111111111111111111111111110000000
100000110010010000100110110010001000000011000010010000100000000000000110000000
100000110010010000100110111111111000000011000010010000100000000000000110000000
100000110010010000100110100010000000000011000010010000100000000000000110000000
100000110010010000100110100010000000000011000010010000100000000000000110000000
100000110010111111111111111111110000000011000010010000100000000000000110000000
100000110010110000100110100010010000000011000010010000100000000000000110000000
100000110010110000100110100010010000000011000010010000100000000000000110000000
100000110010110000100110100010010000000011000010010000100000000000000110000000
100000110010110000100110100010010000000011000010010000100000000000000110000000
100000110010110000100110111111111111111111111111110000100000000000000110000000
100000110010110000100110100010010000000011000010000000100000000000000110000000
100000110010110000100110100010010000000011000010000000100000000000000110000000
100000111111111111111111111111111111111111000010000000100000000000000110000000
100000010010100000100111111111111111111111111110000000100000000000000110000000
100000010010100000100010100000010000000010000000000000100000000000000110000000
100000010010100000100010100000010000000010000000000000100000000000000110000000
100000010010100000100010100000010000000010000000000000100000000000000110000000
100000010010100000100010100000010000000010000000000000100000000000000110000000
100000010010100000100010100000010000000010000000000000111111111111111110000000
100000010010100000100010100000010000000010000000000000000000000000000010000000
100000011111111111100010100000010000000010000000000000000000000000000010000000
111111111111111111111111111111111111111111111111111111111111111111111110000000
000000000010100000000010100000010000000010000000000000000000000000000000000000
000000000011111111111111111111111111111110000000000000000000000000000000000000
000000000000000000000000000000000000000000000000000000000000000000000000000000
000000000000000000000000000000000000000000000000000000000000000000000000000000
000000000000000000000000000000000000000000000000000000000000000000000000000000
000000000000000000000000000000000000000000000000000000000000000000000000000000
1058
1 23 8 53
1 23 8 56
1 23 8 70
1 53 8 56
1 53 8 70
1 56 8 70
1 23 9 53
1 23 9 56
1 53 9 56
1 53 14 56
1 53 23 56
2 53 8 56
2 53 9 56
2 53 14 56
2 53 23 56
7 6 23 19
8 53 14 55
8 53 14 56
8 53 23 56
9 12 14 19
9 12 14 53
9 12 14 55
9 12 14 56
9 19 14 53
9 19 14 55
9 19 14 56
9 53 14 55
9 53 14 56
9 53 23 56
14 14 18 19
14 14 18 29
14 19 18 29
14 8 23 14
14 8 23 19
14 14 23 19
14 53 23 56
14 8 37 14
14 8 37 19
14 8 37 29
14 14 37 19
14 14 37 29
14 19 37 29
14 8 39 14
14 8 39 19
14 8 39 29
14 14 39 19
14 14 39 29
14 19 39 29
14 14 44 19
14 14 44 29
14 19 44 29
14 8 52 14
14 8 52 19
14 8 52 29
14 14 52 19
14 14 52 29
14 19 52 29
14 8 60 19
14 8 61 19
17 23 27 25
17 23 30 25
17 23 35 25
17 23 37 25
17 23 39 25
17 23 44 25
17 23 52 25
17 23 53 25
17 23 61 25
17 23 63 25
18 25 21 29
18 25 21 41
18 29 21 41
18 11 23 14
18 11 23 19
18 14 23 19
18 25 26 29
18 23 27 25
18 23 27 29
18 25 27 29
18 23 30 25
18 23 30 29
18 23 30 41
18 25 30 29
18 25 30 41
18 29 30 41
18 23 35 25
18 23 35 29
18 23 35 41
18 25 35 29
18 25 35 41
18 29 35 41
18 11 37 14
18 11 37 19
18 11 37 23
18 11 37 25
18 11 37 29
18 11 37 41
18 14 37 19
18 14 37 23
18 14 37 25
18 14 37 29
18 14 37 41
18 19 37 23
18 19 37 25
18 19 37 29
18 19 37 41
18 23 37 25
18 23 37 29
18 23 37 41
18 25 37 29
18 25 37 41
18 29 37 41
18 11 39 14
18 11 39 19
18 11 39 23
18 11 39 25
18 11 39 29
18 11 39 41
18 14 39 19
18 14 39 23
18 14 39 25
18 14 39 29
18 14 39 41
18 19 39 23
18 19 39 25
18 19 39 29
18 19 39 41
18 23 39 25
18 23 39 29
18 23 39 41
18 25 39 29
18 25 39 41
18 29 39 41
18 25 41 29
18 14 44 19
18 14 44 23
18 14 44 25
18 14 44 29
18 19 44 23
18 19 44 25
18 19 44 29
18 23 44 25
18 23 44 29
18 25 44 29
18 25 49 29
18 25 49 41
18 29 49 41
18 11 52 14
18 11 52 19
18 11 52 23
18 11 52 25
18 11 52 29
18 11 52 41
18 14 52 19
18 14 52 23
18 14 52 25
18 14 52 29
18 14 52 41
18 19 52 23
18 19 52 25
18 19 52 29
18 19 52 41
18 23 52 25
18 23 52 29
18 23 52 41
18 25 52 29
18 25 52 41
18 29 52 41
18 23 53 25
18 23 53 29
18 23 53 41
18 25 53 29
18 25 53 41
18 29 53 41
18 11 60 19
18 11 61 19
18 11 61 23
18 11 61 25
18 11 61 41
18 19 61 23
18 19 61 25
18 19 61 41
18 23 61 25
18 23 61 41
18 25 61 41
18 11 63 23
18 11 63 25
18 11 63 41
18 23 63 25
18 23 63 41
18 25 63 41
21 25 26 29
21 25 27 29
21 25 30 29
21 25 30 41
21 25 30 50
21 29 30 41
21 29 30 50
21 41 30 50
21 41 33 50
21 25 35 29
21 25 35 41
21 29 35 41
21 25 37 29
21 25 37 41
21 29 37 41
21 25 39 29
21 25 39 41
21 25 39 50
21 29 39 41
21 29 39 50
21 41 39 50
21 55 39 70
21 25 41 29
21 25 44 29
21 25 49 29
21 25 49 41
21 25 49 50
21 29 49 41
21 29 49 50
21 41 49 50
21 25 52 29
21 25 52 41
21 29 52 41
21 25 53 29
21 25 53 41
21 29 53 41
21 55 58 70
21 25 61 41
21 25 63 41
23 8 37 11
23 8 37 14
23 8 37 19
23 11 37 14
23 11 37 19
23 14 37 19
23 8 39 11
23 8 39 14
23 8 39 19
23 11 39 14
23 11 39 19
23 14 39 19
23 14 44 19
23 8 52 11
23 8 52 14
23 8 52 19
23 11 52 14
23 11 52 19
23 14 52 19
23 8 60 11
23 8 60 19
23 11 60 19
23 8 61 11
23 8 61 19
23 11 61 19
26 25 30 29
26 25 30 33
26 26 30 29
26 26 30 33
26 29 30 33
26 25 35 29
26 25 35 33
26 26 35 29
26 26 35 33
26 29 35 33
26 25 37 29
26 25 37 33
26 26 37 29
26 26 37 33
26 29 37 33
26 25 39 29
26 25 39 33
26 26 39 29
26 26 39 33
26 29 39 33
26 25 41 29
26 25 41 33
26 26 41 29
26 26 41 33
26 29 41 33
26 25 44 29
26 25 49 29
26 25 52 29
26 25 53 29
27 23 30 25
27 23 30 26
27 23 30 29
27 23 30 33
27 23 30 36
27 25 30 29
27 25 30 33
27 25 30 36
27 26 30 29
27 26 30 33
27 26 30 36
27 29 30 33
27 29 30 36
27 33 30 36
27 23 35 25
27 23 35 26
27 23 35 29
27 23 35 33
27 25 35 29
27 25 35 33
27 26 35 29
27 26 35 33
27 29 35 33
27 23 37 25
27 23 37 26
27 23 37 29
27 23 37 33
27 25 37 29
27 25 37 33
27 26 37 29
27 26 37 33
27 29 37 33
27 23 39 25
27 23 39 26
27 23 39 29
27 23 39 33
27 25 39 29
27 25 39 33
27 26 39 29
27 26 39 33
27 29 39 33
27 25 41 29
27 25 41 33
27 26 41 29
27 26 41 33
27 29 41 33
27 23 44 25
27 23 44 29
27 25 44 29
27 25 49 29
27 23 52 25
27 23 52 29
27 25 52 29
27 23 53 25
27 23 53 29
27 25 53 29
27 23 61 25
27 23 63 25
30 50 32 55
30 50 32 56
30 31 33 33
30 31 33 41
30 31 33 50
30 31 33 55
30 31 33 56
30 33 33 41
30 33 33 50
30 33 33 55
30 33 33 56
30 41 33 50
30 41 33 55
30 41 33 56
30 50 33 55
30 50 33 56
30 23 35 25
30 23 35 26
30 23 35 29
30 23 35 33
30 23 35 41
30 25 35 29
30 25 35 33
30 25 35 41
30 26 35 29
30 26 35 33
30 26 35 41
30 29 35 33
30 29 35 41
30 33 35 41
30 23 37 25
30 23 37 26
30 23 37 29
30 23 37 33
30 23 37 41
30 25 37 29
30 25 37 33
30 25 37 41
30 26 37 29
30 26 37 33
30 26 37 41
30 29 37 33
30 29 37 41
30 33 37 41
30 23 39 25
30 23 39 26
30 23 39 29
30 23 39 33
30 23 39 41
30 23 39 50
30 23 39 55
30 25 39 29
30 25 39 33
30 25 39 41
30 25 39 50
30 25 39 55
30 26 39 29
30 26 39 33
30 26 39 41
30 26 39 50
30 26 39 55
30 29 39 33
30 29 39 41
30 29 39 50
30 29 39 55
30 33 39 41
30 33 39 50
30 33 39 55
30 41 39 50
30 41 39 55
30 50 39 55
30 25 41 29
30 25 41 33
30 26 41 29
30 26 41 33
30 29 41 33
30 23 44 25
30 23 44 29
30 25 44 29
30 25 49 29
30 25 49 41
30 25 49 50
30 29 49 41
30 29 49 50
30 41 49 50
30 23 52 25
30 23 52 29
30 23 52 41
30 25 52 29
30 25 52 41
30 29 52 41
30 23 53 25
30 23 53 29
30 23 53 41
30 25 53 29
30 25 53 41
30 29 53 41
30 23 61 25
30 23 61 41
30 25 61 41
30 23 63 25
30 23 63 41
30 25 63 41
32 46 39 50
32 46 39 55
32 46 39 68
32 50 39 55
32 50 39 68
32 55 39 68
33 33 35 41
33 33 35 46
33 41 35 46
33 33 37 41
33 33 39 41
33 33 39 46
33 33 39 50
33 33 39 55
33 41 39 46
33 41 39 50
33 41 39 55
33 46 39 50
33 46 39 55
33 50 39 55
33 41 49 50
35 22 37 25
35 22 37 26
35 22 37 29
35 22 37 33
35 22 37 41
35 23 37 25
35 23 37 26
35 23 37 29
35 23 37 33
35 23 37 41
35 25 37 29
35 25 37 33
35 25 37 41
35 26 37 29
35 26 37 33
35 26 37 41
35 29 37 33
35 29 37 41
35 33 37 41
35 22 39 25
35 22 39 26
35 22 39 29
35 22 39 33
35 22 39 41
35 22 39 46
35 22 39 47
35 23 39 25
35 23 39 26
35 23 39 29
35 23 39 33
35 23 39 41
35 23 39 46
35 23 39 47
35 25 39 29
35 25 39 33
35 25 39 41
35 25 39 46
35 25 39 47
35 26 39 29
35 26 39 33
35 26 39 41
35 26 39 46
35 26 39 47
35 29 39 33
35 29 39 41
35 29 39 46
35 29 39 47
35 33 39 41
35 33 39 46
35 33 39 47
35 41 39 46
35 41 39 47
35 25 41 29
35 25 41 33
35 26 41 29
35 26 41 33
35 29 41 33
35 22 44 25
35 22 44 29
35 23 44 25
35 23 44 29
35 25 44 29
35 25 49 29
35 25 49 41
35 25 49 47
35 29 49 41
35 29 49 47
35 41 49 47
35 22 52 25
35 22 52 29
35 22 52 41
35 23 52 25
35 23 52 29
35 23 52 41
35 25 52 29
35 25 52 41
35 29 52 41
35 22 53 25
35 22 53 29
35 22 53 41
35 22 53 47
35 23 53 25
35 23 53 29
35 23 53 41
35 23 53 47
35 25 53 29
35 25 53 41
35 25 53 47
35 29 53 41
35 29 53 47
35 41 53 47
35 23 61 25
35 23 61 41
35 25 61 41
35 23 63 25
35 23 63 41
35 25 63 41
37 7 39 11
37 7 39 14
37 7 39 19
37 7 39 22
37 7 39 23
37 7 39 25
37 7 39 26
37 7 39 29
37 7 39 33
37 7 39 41
37 7 39 42
37 8 39 11
37 8 39 14
37 8 39 19
37 8 39 22
37 8 39 23
37 8 39 25
37 8 39 26
37 8 39 29
37 8 39 33
37 8 39 41
37 8 39 42
37 11 39 14
37 11 39 19
37 11 39 22
37 11 39 23
37 11 39 25
37 11 39 26
37 11 39 29
37 11 39 33
37 11 39 41
37 11 39 42
37 14 39 19
37 14 39 22
37 14 39 23
37 14 39 25
37 14 39 26
37 14 39 29
37 14 39 33
37 14 39 41
37 14 39 42
37 19 39 22
37 19 39 23
37 19 39 25
37 19 39 26
37 19 39 29
37 19 39 33
37 19 39 41
37 19 39 42
37 22 39 25
37 22 39 26
37 22 39 29
37 22 39 33
37 22 39 41
37 22 39 42
37 23 39 25
37 23 39 26
37 23 39 29
37 23 39 33
37 23 39 41
37 23 39 42
37 25 39 29
37 25 39 33
37 25 39 41
37 25 39 42
37 26 39 29
37 26 39 33
37 26 39 41
37 26 39 42
37 29 39 33
37 29 39 41
37 29 39 42
37 33 39 41
37 33 39 42
37 25 41 29
37 25 41 33
37 26 41 29
37 26 41 33
37 29 41 33
37 14 44 19
37 14 44 22
37 14 44 23
37 14 44 25
37 14 44 29
37 19 44 22
37 19 44 23
37 19 44 25
37 19 44 29
37 22 44 25
37 22 44 29
37 23 44 25
37 23 44 29
37 25 44 29
37 25 49 29
37 25 49 41
37 25 49 42
37 29 49 41
37 29 49 42
37 7 52 11
37 7 52 14
37 7 52 19
37 7 52 22
37 7 52 23
37 7 52 25
37 7 52 29
37 7 52 41
37 7 52 42
37 8 52 11
37 8 52 14
37 8 52 19
37 8 52 22
37 8 52 23
37 8 52 25
37 8 52 29
37 8 52 41
37 8 52 42
37 11 52 14
37 11 52 19
37 11 52 22
37 11 52 23
37 11 52 25
37 11 52 29
37 11 52 41
37 11 52 42
37 14 52 19
37 14 52 22
37 14 52 23
37 14 52 25
37 14 52 29
37 14 52 41
37 14 52 42
37 19 52 22
37 19 52 23
37 19 52 25
37 19 52 29
37 19 52 41
37 19 52 42
37 22 52 25
37 22 52 29
37 22 52 41
37 22 52 42
37 23 52 25
37 23 52 29
37 23 52 41
37 23 52 42
37 25 52 29
37 25 52 41
37 25 52 42
37 29 52 41
37 29 52 42
37 22 53 25
37 22 53 29
37 22 53 41
37 22 53 42
37 23 53 25
37 23 53 29
37 23 53 41
37 23 53 42
37 25 53 29
37 25 53 41
37 25 53 42
37 29 53 41
37 29 53 42
37 8 60 11
37 8 60 19
37 11 60 19
37 8 61 11
37 8 61 19
37 8 61 23
37 8 61 25
37 8 61 41
37 11 61 19
37 11 61 23
37 11 61 25
37 11 61 41
37 19 61 23
37 19 61 25
37 19 61 41
37 23 61 25
37 23 61 41
37 25 61 41
37 11 63 23
37 11 63 25
37 11 63 41
37 23 63 25
37 23 63 41
37 25 63 41
39 25 41 29
39 25 41 33
39 26 41 29
39 26 41 33
39 29 41 33
39 14 44 19
39 14 44 22
39 14 44 23
39 14 44 25
39 14 44 29
39 19 44 22
39 19 44 23
39 19 44 25
39 19 44 29
39 22 44 25
39 22 44 29
39 23 44 25
39 23 44 29
39 25 44 29
39 25 49 29
39 25 49 41
39 25 49 42
39 25 49 47
39 25 49 50
39 29 49 41
39 29 49 42
39 29 49 47
39 29 49 50
39 41 49 47
39 41 49 50
39 42 49 47
39 42 49 50
39 47 49 50
39 7 52 11
39 7 52 14
39 7 52 19
39 7 52 22
39 7 52 23
39 7 52 25
39 7 52 29
39 7 52 41
39 7 52 42
39 8 52 11
39 8 52 14
39 8 52 19
39 8 52 22
39 8 52 23
39 8 52 25
39 8 52 29
39 8 52 41
39 8 52 42
39 11 52 14
39 11 52 19
39 11 52 22
39 11 52 23
39 11 52 25
39 11 52 29
39 11 52 41
39 11 52 42
39 14 52 19
39 14 52 22
39 14 52 23
39 14 52 25
39 14 52 29
39 14 52 41
39 14 52 42
39 19 52 22
39 19 52 23
39 19 52 25
39 19 52 29
39 19 52 41
39 19 52 42
39 22 52 25
39 22 52 29
39 22 52 41
39 22 52 42
39 23 52 25
39 23 52 29
39 23 52 41
39 23 52 42
39 25 52 29
39 25 52 41
39 25 52 42
39 29 52 41
39 29 52 42
39 22 53 25
39 22 53 29
39 22 53 41
39 22 53 42
39 22 53 47
39 23 53 25
39 23 53 29
39 23 53 41
39 23 53 42
39 23 53 47
39 25 53 29
39 25 53 41
39 25 53 42
39 25 53 47
39 29 53 41
39 29 53 42
39 29 53 47
39 41 53 47
39 42 53 47
39 55 58 70
39 55 58 71
39 8 60 11
39 8 60 19
39 11 60 19
39 1 61 8
39 1 61 11
39 1 61 19
39 1 61 23
39 1 61 25
39 1 61 41
39 1 61 71
39 8 61 11
39 8 61 19
39 8 61 23
39 8 61 25
39 8 61 41
39 8 61 71
39 11 61 19
39 11 61 23
39 11 61 25
39 11 61 41
39 11 61 71
39 19 61 23
39 19 61 25
39 19 61 41
39 19 61 71
39 23 61 25
39 23 61 41
39 23 61 71
39 25 61 41
39 25 61 71
39 41 61 71
39 11 63 23
39 11 63 25
39 11 63 41
39 23 63 25
39 23 63 41
39 25 63 41
41 25 44 29
41 25 49 29
41 25 52 29
41 25 53 29
44 25 49 29
44 25 49 32
44 29 49 32
44 13 52 19
44 13 52 22
44 13 52 23
44 13 52 25
44 13 52 29
44 13 52 32
44 14 52 19
44 14 52 22
44 14 52 23
44 14 52 25
44 14 52 29
44 14 52 32
44 19 52 22
44 19 52 23
44 19 52 25
44 19 52 29
44 19 52 32
44 22 52 25
44 22 52 29
44 22 52 32
44 23 52 25
44 23 52 29
44 23 52 32
44 25 52 29
44 25 52 32
44 29 52 32
44 22 53 25
44 22 53 29
44 22 53 32
44 23 53 25
44 23 53 29
44 23 53 32
44 25 53 29
44 25 53 32
44 29 53 32
44 13 60 19
44 13 61 19
44 13 61 23
44 13 61 25
44 13 61 32
44 19 61 23
44 19 61 25
44 19 61 32
44 23 61 25
44 23 61 32
44 25 61 32
44 13 63 23
44 13 63 25
44 13 63 32
44 23 63 25
44 23 63 32
44 25 63 32
49 25 52 29
49 25 52 32
49 25 52 41
49 25 52 42
49 29 52 32
49 29 52 41
49 29 52 42
49 32 52 41
49 32 52 42
49 25 53 29
49 25 53 32
49 25 53 41
49 25 53 42
49 25 53 47
49 29 53 32
49 29 53 41
49 29 53 42
49 29 53 47
49 32 53 41
49 32 53 42
49 32 53 47
49 41 53 47
49 42 53 47
49 25 61 32
49 25 61 41
49 32 61 41
49 25 63 32
49 25 63 41
49 32 63 41
52 8 60 11
52 8 60 13
52 8 60 19
52 11 60 13
52 11 60 19
52 13 60 19
52 8 61 11
52 8 61 13
52 8 61 19
52 8 61 23
52 8 61 25
52 8 61 32
52 8 61 41
52 11 61 13
52 11 61 19
52 11 61 23
52 11 61 25
52 11 61 32
52 11 61 41
52 13 61 19
52 13 61 23
52 13 61 25
52 13 61 32
52 13 61 41
52 19 61 23
52 19 61 25
52 19 61 32
52 19 61 41
52 23 61 25
52 23 61 32
52 23 61 41
52 25 61 32
52 25 61 41
52 32 61 41
52 11 63 13
52 11 63 23
52 11 63 25
52 11 63 32
52 11 63 41
52 13 63 23
52 13 63 25
52 13 63 32
52 13 63 41
52 23 63 25
52 23 63 32
52 23 63 41
52 25 63 32
52 25 63 41
52 32 63 41
53 23 61 25
53 23 61 32
53 23 61 41
53 25 61 32
53 25 61 41
53 32 61 41
53 23 63 25
53 23 63 32
53 23 63 41
53 25 63 32
53 25 63 41
53 32 63 41
60 11 63 13
61 11 63 13
61 11 63 23
61 11 63 25
61 11 63 32
61 11 63 41
61 13 63 23
61 13 63 25
61 13 63 32
61 13 63 41
61 23 63 25
61 23 63 32
61 23 63 41
61 25 63 32
61 25 63 41
61 32 63 41
