59 90
000000000000000000000000000000000000000000111111111111111111111111111111111111000000000000
000000000000000000000000000000000000000000100000000000000000000000000000000001000000000000
000000000001111111111111111111111111111111111111111111111111110000000000000001000000000000
000000000001000000000000000000000000000000100000000000000000010000000000000001000000000000
000000000001000000000000000000000001111111111111111111111100010000000000000001000000000000
000000000001000000000000000000000001000000100000000000000100010000000000000001000000000000
000000000001000011111111111111111111111111111111111000000100010000000000000001000000000000
000000000001000010000000000000000001000000100000001000000100010000000000000001000000000000
000000000001000010000000000000000001000000111111111111111111111111111111111111000000000000
000000000001000010000000000000000001000000000000001001000100010000100000000000000000000000
000000000001000010111111111111111111111111111111111111111111110000100000000000000000000000
000000000001000010100000000000000001000000000000001001000100010000100000000000000000000000
000000000001111111111111111111111111111111111111111111111111111111111111111111100000000000
000000000001000011111111111111111111111111111111111111111111111111111111111000100000000000
000000000001000010100000000000000001000000000000001001000100010000100000001000100000000000
000000000001000010100000000000000001000000000000001001000100010000100000001000100000000000
000000000001000010100000000000000001000000000000001001000100010000100000001000100000000000
000000000001000010100000000000000001000000000000001001000100010000100000001000100000000000
000000000001001111111111111111111111111111000000001001000100010000100000001000100000000000
000000000001001010100000000000000001000001000000001001000100010000100000001000100000000000
000000000001001010100000000000000001000001000000001001000100011111100000001000100000000000
000000000001001011111111111111111111111111111111111111111111111111111111111000100000000000
000000000001001010100000000000000001000001000000001001000100011000100000000000100000000000
000000000001001010101111111111111111111111100000001001000100011000100000000000100000000000
000000000001001010101000000000000001000001100000001001000100011000100000000000100000000000
000000000001001010101000000000000001111111111111111111111100011000100000000000100000000000
001111110001001010101000000000000000000001100000001001000000011000100000000000100000000000
001000010001001010101000000000000000000001100000001001000000011000100000000000100000000000
001000010001001010101000000000000000000001100000001111110000011000100000000000100000000000
001000010001001010101000000000000000000001100000001101010000011000100000000000100000000000
001000010001111111111111111111111111111111111111111111111111111000100000000000100000000000
001000010001001010001000000000000000000001100000001101111111111111100000000000100000000000
001000010001001010001000000000000000000001100000001100010010011000100000000000100000000000
001111110001001010001000000000000000000001100000001100010010011000100000000000100000000000
000000000001011111111111111111111111111111111111111111111111111000100000000000100000000000
000000000001011010001000000000000001111111111111111111111111111111111111111111111111111100
000000000001011010001000000000000001000101100100001100010010011000110000000000100000000100
000000000001011010001000000000000001000111111111111111111111111111111111111111111111111100
000000000001011010001000000000000001000001100100001100010010011111110000000000100000000000
000000000001011010001000000000000001000001100111111111111111111111110000000000100000000000
000000000001011010001000000000000001000001100000001100010010011101100000000000100000000000
000000000001011010001000000000000001000001100000001100010010011101100000000000100000000000
000000000001011010001000000000000001000001100000001100010010011101100000000000100000000000
000000000001111111111111111111111111111111111111111111111111111111111111111111100000000000
000000000001011010001000000000000001000001100000001100010010011101100000000000000000000000
000000000001011010001000000000000001000001100000001100010010011101100000000000000000000000
000000000001011010001000000000000001000001100000001100010010011111100000000000000000000000
000000000001011111111111111111111111111111111111111111111111111100100000000000000000000000
000000000001001010001000000000000001000001100000001100010010011100100000000000000000000000
000000000001001010001000000000000001000001100000001100010010011100100000000000000000000000
000000000001001011111111111111111111111111111111111100010010011100100000000000000000000000
000000000001111111111111111111111111111111111111111111111111111100100000000000000000000000
000000000001001000001000000000000001000001100000000111111111111100100000000000000000000000
000000000001001000001111111111111111111111100000000000000010001000100000000000000000000000
000000000001001000000000000000000001000001000000000000000010001000100000000000000000000000
000000000001001000000000000000000001000001000000000000000010001000100000000000000000000000
000000000001001000000000000000000001000001000000000000000010001000100000000000000000000000
000000000001111111111111111111111111111111111111111111111110001000100000000000000000000000
000000000000000000000000000000000001111111000000000000000000001111100000000000000000000000
2188
1 43 9 78
3 43 9 62
3 12 13 62
3 12 31 62
3 12 44 62
3 12 52 62
5 36 7 43
5 43 9 58
5 36 11 58
5 36 13 58
5 36 14 58
5 36 22 58
5 36 26 58
7 43 9 51
7 36 11 51
7 17 13 36
7 17 13 51
7 36 13 51
7 17 14 36
7 17 14 51
7 36 14 51
7 17 19 36
7 17 22 36
7 17 22 51
7 36 22 51
7 36 26 51
7 17 31 51
7 17 35 51
7 17 44 51
7 17 48 51
7 17 51 51
7 17 52 51
9 51 11 54
9 51 11 58
9 51 11 62
9 54 11 58
9 54 11 62
9 58 11 62
9 51 13 54
9 51 13 58
9 51 13 62
9 51 13 67
9 54 13 58
9 54 13 62
9 54 13 67
9 58 13 62
9 58 13 67
9 62 13 67
9 51 14 54
9 51 14 58
9 51 14 62
9 51 14 67
9 54 14 58
9 54 14 62
9 54 14 67
9 58 14 62
9 58 14 67
9 62 14 67
9 62 21 67
9 51 22 54
9 51 22 58
9 51 22 62
9 51 22 67
9 54 22 58
9 54 22 62
9 54 22 67
9 58 22 62
9 58 22 67
9 62 22 67
9 51 26 54
9 51 26 58
9 54 26 58
9 51 29 54
9 51 31 54
9 51 31 62
9 54 31 62
9 54 32 62
9 54 32 67
9 62 32 67
9 51 35 62
9 51 36 62
9 51 36 67
9 62 36 67
9 51 38 62
9 51 38 67
9 62 38 67
9 62 39 67
9 51 40 62
9 51 40 67
9 62 40 67
9 51 44 62
9 51 44 67
9 62 44 67
9 62 47 67
9 51 48 62
9 51 52 62
11 19 13 36
11 19 13 51
11 19 13 54
11 19 13 58
11 19 13 62
11 36 13 51
11 36 13 54
11 36 13 58
11 36 13 62
11 51 13 54
11 51 13 58
11 51 13 62
11 54 13 58
11 54 13 62
11 58 13 62
11 19 14 36
11 19 14 51
11 19 14 54
11 19 14 58
11 19 14 62
11 36 14 51
11 36 14 54
11 36 14 58
11 36 14 62
11 51 14 54
11 51 14 58
11 51 14 62
11 54 14 58
11 54 14 62
11 58 14 62
11 19 19 36
11 19 22 36
11 19 22 51
11 19 22 54
11 19 22 58
11 19 22 62
11 36 22 51
11 36 22 54
11 36 22 58
11 36 22 62
11 51 22 54
11 51 22 58
11 51 22 62
11 54 22 58
11 54 22 62
11 58 22 62
11 36 26 51
11 36 26 54
11 36 26 58
11 51 26 54
11 51 26 58
11 54 26 58
11 51 29 54
11 19 31 51
11 19 31 54
11 19 31 62
11 51 31 54
11 51 31 62
11 54 31 62
11 54 32 62
11 51 35 62
11 51 36 62
11 51 38 62
11 51 40 62
11 51 44 62
11 51 48 62
11 51 52 62
13 17 19 19
13 17 19 36
13 19 19 36
13 62 21 67
13 17 22 19
13 17 22 36
13 17 22 51
13 17 22 54
13 17 22 58
13 17 22 62
13 17 22 67
13 17 22 75
13 19 22 36
13 19 22 51
13 19 22 54
13 19 22 58
13 19 22 62
13 19 22 67
13 19 22 75
13 36 22 51
13 36 22 54
13 36 22 58
13 36 22 62
13 36 22 67
13 36 22 75
13 51 22 54
13 51 22 58
13 51 22 62
13 51 22 67
13 51 22 75
13 54 22 58
13 54 22 62
13 54 22 67
13 54 22 75
13 58 22 62
13 58 22 67
13 58 22 75
13 62 22 67
13 62 22 75
13 67 22 75
13 36 26 51
13 36 26 54
13 36 26 58
13 51 26 54
13 51 26 58
13 54 26 58
13 51 29 54
13 12 31 17
13 12 31 19
13 12 31 51
13 12 31 54
13 12 31 62
13 17 31 19
13 17 31 51
13 17 31 54
13 17 31 62
13 19 31 51
13 19 31 54
13 19 31 62
13 51 31 54
13 51 31 62
13 54 31 62
13 54 32 62
13 54 32 67
13 62 32 67
13 17 35 51
13 17 35 62
13 51 35 62
13 51 36 62
13 51 36 67
13 51 36 79
13 62 36 67
13 62 36 79
13 67 36 79
13 51 38 62
13 51 38 67
13 51 38 79
13 62 38 67
13 62 38 79
13 67 38 79
13 62 39 67
13 51 40 62
13 51 40 67
13 62 40 67
13 12 44 17
13 12 44 51
13 12 44 62
13 12 44 67
13 12 44 79
13 17 44 51
13 17 44 62
13 17 44 67
13 17 44 79
13 51 44 62
13 51 44 67
13 51 44 79
13 62 44 67
13 62 44 79
13 67 44 79
13 62 47 67
13 17 48 51
13 17 48 62
13 51 48 62
13 17 51 51
13 12 52 17
13 12 52 51
13 12 52 62
13 17 52 51
13 17 52 62
13 51 52 62
14 17 19 19
14 17 19 36
14 19 19 36
14 62 21 67
14 17 22 19
14 17 22 36
14 17 22 51
14 17 22 54
14 17 22 58
14 17 22 62
14 17 22 67
14 17 22 75
14 19 22 36
14 19 22 51
14 19 22 54
14 19 22 58
14 19 22 62
14 19 22 67
14 19 22 75
14 36 22 51
14 36 22 54
14 36 22 58
14 36 22 62
14 36 22 67
14 36 22 75
14 51 22 54
14 51 22 58
14 51 22 62
14 51 22 67
14 51 22 75
14 54 22 58
14 54 22 62
14 54 22 67
14 54 22 75
14 58 22 62
14 58 22 67
14 58 22 75
14 62 22 67
14 62 22 75
14 67 22 75
14 36 26 51
14 36 26 54
14 36 26 58
14 51 26 54
14 51 26 58
14 54 26 58
14 51 29 54
14 17 31 19
14 17 31 51
14 17 31 54
14 17 31 62
14 19 31 51
14 19 31 54
14 19 31 62
14 51 31 54
14 51 31 62
14 54 31 62
14 54 32 62
14 54 32 67
14 62 32 67
14 17 35 51
14 17 35 62
14 51 35 62
14 51 36 62
14 51 36 67
14 62 36 67
14 51 38 62
14 51 38 67
14 62 38 67
14 62 39 67
14 51 40 62
14 51 40 67
14 62 40 67
14 17 44 51
14 17 44 62
14 17 44 67
14 51 44 62
14 51 44 67
14 62 44 67
14 62 47 67
14 17 48 51
14 17 48 62
14 51 48 62
14 17 51 51
14 17 52 51
14 17 52 62
14 51 52 62
19 17 22 19
19 17 22 36
19 17 22 42
19 19 22 36
19 19 22 42
19 36 22 42
19 36 24 42
19 36 26 42
19 15 31 17
19 15 31 19
19 15 31 42
19 17 31 19
19 17 31 42
19 19 31 42
19 15 35 17
19 15 35 42
19 17 35 42
19 15 44 17
19 15 44 42
19 17 44 42
19 15 48 17
19 15 48 42
19 17 48 42
19 17 51 42
19 15 52 17
19 15 52 42
19 17 52 42
19 15 58 42
21 62 32 67
21 63 32 67
21 62 36 67
21 63 36 67
21 62 38 67
21 63 38 67
21 62 39 67
21 63 39 67
21 62 40 67
21 63 40 67
21 62 44 67
21 63 44 67
21 62 47 67
21 63 47 67
21 63 59 67
22 36 24 42
22 36 26 42
22 36 26 51
22 36 26 54
22 36 26 58
22 42 26 51
22 42 26 54
22 42 26 58
22 51 26 54
22 51 26 58
22 54 26 58
22 51 29 54
22 17 31 19
22 17 31 42
22 17 31 51
22 17 31 54
22 17 31 62
22 17 31 63
22 19 31 42
22 19 31 51
22 19 31 54
22 19 31 62
22 19 31 63
22 42 31 51
22 42 31 54
22 42 31 62
22 42 31 63
22 51 31 54
22 51 31 62
22 51 31 63
22 54 31 62
22 54 31 63
22 54 32 62
22 54 32 63
22 54 32 67
22 62 32 67
22 63 32 67
22 17 35 42
22 17 35 51
22 17 35 62
22 17 35 63
22 42 35 51
22 42 35 62
22 42 35 63
22 51 35 62
22 51 35 63
22 42 36 51
22 42 36 62
22 42 36 63
22 42 36 67
22 51 36 62
22 51 36 63
22 51 36 67
22 62 36 67
22 63 36 67
22 42 38 51
22 42 38 62
22 42 38 63
22 42 38 67
22 51 38 62
22 51 38 63
22 51 38 67
22 62 38 67
22 63 38 67
22 62 39 67
22 63 39 67
22 51 40 62
22 51 40 63
22 51 40 67
22 62 40 67
22 63 40 67
22 17 44 42
22 17 44 51
22 17 44 62
22 17 44 63
22 17 44 67
22 42 44 51
22 42 44 62
22 42 44 63
22 42 44 67
22 51 44 62
22 51 44 63
22 51 44 67
22 62 44 67
22 63 44 67
22 62 47 67
22 63 47 67
22 17 48 42
22 17 48 51
22 17 48 62
22 17 48 63
22 42 48 51
22 42 48 62
22 42 48 63
22 51 48 62
22 51 48 63
22 17 51 42
22 17 51 51
22 42 51 51
22 17 52 42
22 17 52 51
22 17 52 62
22 17 52 63
22 42 52 51
22 42 52 62
22 42 52 63
22 51 52 62
22 51 52 63
22 63 59 67
24 36 26 42
24 36 26 43
24 21 31 42
24 21 31 43
24 21 35 42
24 21 35 43
24 21 44 42
24 21 44 43
24 21 48 42
24 21 48 43
24 21 51 42
24 21 51 43
24 21 52 42
24 21 52 43
24 21 54 42
24 21 54 43
26 51 29 54
26 42 31 51
26 42 31 54
26 43 31 51
26 43 31 54
26 51 31 54
26 42 35 51
26 43 35 51
26 42 36 51
26 43 36 51
26 42 38 51
26 43 38 51
26 42 44 51
26 43 44 51
26 42 48 51
26 43 48 51
26 42 51 51
26 43 51 51
26 42 52 51
26 43 52 51
27 3 34 8
29 51 31 54
29 51 31 56
29 52 31 54
29 52 31 56
29 54 31 56
29 54 32 56
29 51 35 56
29 52 35 56
29 51 36 56
29 52 36 56
29 51 38 56
29 52 38 56
29 51 40 56
29 52 40 56
29 51 44 56
29 52 44 56
29 51 48 56
29 52 48 56
29 51 52 56
29 52 52 56
29 52 53 56
31 15 35 17
31 15 35 21
31 15 35 42
31 15 35 43
31 15 35 51
31 15 35 52
31 15 35 56
31 15 35 59
31 15 35 62
31 15 35 63
31 17 35 21
31 17 35 42
31 17 35 43
31 17 35 51
31 17 35 52
31 17 35 56
31 17 35 59
31 17 35 62
31 17 35 63
31 21 35 42
31 21 35 43
31 21 35 51
31 21 35 52
31 21 35 56
31 21 35 59
31 21 35 62
31 21 35 63
31 42 35 51
31 42 35 52
31 42 35 56
31 42 35 59
31 42 35 62
31 42 35 63
31 43 35 51
31 43 35 52
31 43 35 56
31 43 35 59
31 43 35 62
31 43 35 63
31 51 35 56
31 51 35 59
31 51 35 62
31 51 35 63
31 52 35 56
31 52 35 59
31 52 35 62
31 52 35 63
31 56 35 59
31 56 35 62
31 56 35 63
31 59 35 62
31 59 35 63
31 42 36 51
31 42 36 52
31 42 36 56
31 42 36 59
31 42 36 62
31 42 36 63
31 43 36 51
31 43 36 52
31 43 36 56
31 43 36 59
31 43 36 62
31 43 36 63
31 51 36 56
31 51 36 59
31 51 36 62
31 51 36 63
31 52 36 56
31 52 36 59
31 52 36 62
31 52 36 63
31 56 36 59
31 56 36 62
31 56 36 63
31 59 36 62
31 59 36 63
31 42 38 51
31 42 38 52
31 42 38 56
31 42 38 59
31 42 38 62
31 42 38 63
31 43 38 51
31 43 38 52
31 43 38 56
31 43 38 59
31 43 38 62
31 43 38 63
31 51 38 56
31 51 38 59
31 51 38 62
31 51 38 63
31 52 38 56
31 52 38 59
31 52 38 62
31 52 38 63
31 56 38 59
31 56 38 62
31 56 38 63
31 59 38 62
31 59 38 63
31 51 40 56
31 51 40 59
31 51 40 62
31 51 40 63
31 52 40 56
31 52 40 59
31 52 40 62
31 52 40 63
31 56 40 59
31 56 40 62
31 56 40 63
31 59 40 62
31 59 40 63
31 12 44 15
31 12 44 17
31 12 44 21
31 12 44 42
31 12 44 43
31 12 44 51
31 12 44 52
31 12 44 56
31 12 44 59
31 12 44 62
31 12 44 63
31 15 44 17
31 15 44 21
31 15 44 42
31 15 44 43
31 15 44 51
31 15 44 52
31 15 44 56
31 15 44 59
31 15 44 62
31 15 44 63
31 17 44 21
31 17 44 42
31 17 44 43
31 17 44 51
31 17 44 52
31 17 44 56
31 17 44 59
31 17 44 62
31 17 44 63
31 21 44 42
31 21 44 43
31 21 44 51
31 21 44 52
31 21 44 56
31 21 44 59
31 21 44 62
31 21 44 63
31 42 44 51
31 42 44 52
31 42 44 56
31 42 44 59
31 42 44 62
31 42 44 63
31 43 44 51
31 43 44 52
31 43 44 56
31 43 44 59
31 43 44 62
31 43 44 63
31 51 44 56
31 51 44 59
31 51 44 62
31 51 44 63
31 52 44 56
31 52 44 59
31 52 44 62
31 52 44 63
31 56 44 59
31 56 44 62
31 56 44 63
31 59 44 62
31 59 44 63
31 15 48 17
31 15 48 21
31 15 48 42
31 15 48 43
31 15 48 51
31 15 48 52
31 15 48 56
31 15 48 59
31 15 48 62
31 15 48 63
31 17 48 21
31 17 48 42
31 17 48 43
31 17 48 51
31 17 48 52
31 17 48 56
31 17 48 59
31 17 48 62
31 17 48 63
31 21 48 42
31 21 48 43
31 21 48 51
31 21 48 52
31 21 48 56
31 21 48 59
31 21 48 62
31 21 48 63
31 42 48 51
31 42 48 52
31 42 48 56
31 42 48 59
31 42 48 62
31 42 48 63
31 43 48 51
31 43 48 52
31 43 48 56
31 43 48 59
31 43 48 62
31 43 48 63
31 51 48 56
31 51 48 59
31 51 48 62
31 51 48 63
31 52 48 56
31 52 48 59
31 52 48 62
31 52 48 63
31 56 48 59
31 56 48 62
31 56 48 63
31 59 48 62
31 59 48 63
31 17 51 21
31 17 51 42
31 17 51 43
31 17 51 51
31 17 51 52
31 21 51 42
31 21 51 43
31 21 51 51
31 21 51 52
31 42 51 51
31 42 51 52
31 43 51 51
31 43 51 52
31 12 52 15
31 12 52 17
31 12 52 21
31 12 52 42
31 12 52 43
31 12 52 51
31 12 52 52
31 12 52 56
31 12 52 59
31 12 52 62
31 12 52 63
31 15 52 17
31 15 52 21
31 15 52 42
31 15 52 43
31 15 52 51
31 15 52 52
31 15 52 56
31 15 52 59
31 15 52 62
31 15 52 63
31 17 52 21
31 17 52 42
31 17 52 43
31 17 52 51
31 17 52 52
31 17 52 56
31 17 52 59
31 17 52 62
31 17 52 63
31 21 52 42
31 21 52 43
31 21 52 51
31 21 52 52
31 21 52 56
31 21 52 59
31 21 52 62
31 21 52 63
31 42 52 51
31 42 52 52
31 42 52 56
31 42 52 59
31 42 52 62
31 42 52 63
31 43 52 51
31 43 52 52
31 43 52 56
31 43 52 59
31 43 52 62
31 43 52 63
31 51 52 56
31 51 52 59
31 51 52 62
31 51 52 63
31 52 52 56
31 52 52 59
31 52 52 62
31 52 52 63
31 56 52 59
31 56 52 62
31 56 52 63
31 59 52 62
31 59 52 63
31 52 53 56
31 52 53 59
31 52 53 62
31 52 53 63
31 56 53 59
31 56 53 62
31 56 53 63
31 59 53 62
31 59 53 63
31 21 54 42
31 21 54 43
31 12 58 15
31 12 58 42
31 12 58 59
31 15 58 42
31 15 58 59
31 42 58 59
32 56 35 59
32 56 35 62
32 56 35 63
32 59 35 62
32 59 35 63
32 56 36 59
32 56 36 62
32 56 36 63
32 56 36 67
32 59 36 62
32 59 36 63
32 59 36 67
32 62 36 67
32 63 36 67
32 56 38 59
32 56 38 62
32 56 38 63
32 56 38 67
32 59 38 62
32 59 38 63
32 59 38 67
32 62 38 67
32 63 38 67
32 62 39 67
32 63 39 67
32 56 40 59
32 56 40 62
32 56 40 63
32 56 40 67
32 59 40 62
32 59 40 63
32 59 40 67
32 62 40 67
32 63 40 67
32 56 44 59
32 56 44 62
32 56 44 63
32 56 44 67
32 59 44 62
32 59 44 63
32 59 44 67
32 62 44 67
32 63 44 67
32 62 47 67
32 63 47 67
32 56 48 59
32 56 48 62
32 56 48 63
32 59 48 62
32 59 48 63
32 56 52 59
32 56 52 62
32 56 52 63
32 59 52 62
32 59 52 63
32 56 53 59
32 56 53 62
32 56 53 63
32 59 53 62
32 59 53 63
32 63 59 67
35 40 38 42
35 40 38 43
35 40 38 46
35 40 38 51
35 40 38 52
35 40 38 56
35 40 38 59
35 40 38 62
35 40 38 63
35 42 38 46
35 42 38 51
35 42 38 52
35 42 38 56
35 42 38 59
35 42 38 62
35 42 38 63
35 43 38 46
35 43 38 51
35 43 38 52
35 43 38 56
35 43 38 59
35 43 38 62
35 43 38 63
35 46 38 51
35 46 38 52
35 46 38 56
35 46 38 59
35 46 38 62
35 46 38 63
35 51 38 56
35 51 38 59
35 51 38 62
35 51 38 63
35 52 38 56
35 52 38 59
35 52 38 62
35 52 38 63
35 56 38 59
35 56 38 62
35 56 38 63
35 59 38 62
35 59 38 63
35 46 40 51
35 46 40 52
35 46 40 56
35 46 40 59
35 46 40 62
35 46 40 63
35 51 40 56
35 51 40 59
35 51 40 62
35 51 40 63
35 52 40 56
35 52 40 59
35 52 40 62
35 52 40 63
35 56 40 59
35 56 40 62
35 56 40 63
35 59 40 62
35 59 40 63
35 14 44 17
35 14 44 21
35 14 44 36
35 14 44 42
35 14 44 43
35 14 44 51
35 14 44 52
35 14 44 56
35 14 44 59
35 14 44 62
35 14 44 63
35 15 44 17
35 15 44 21
35 15 44 36
35 15 44 42
35 15 44 43
35 15 44 51
35 15 44 52
35 15 44 56
35 15 44 59
35 15 44 62
35 15 44 63
35 17 44 21
35 17 44 36
35 17 44 42
35 17 44 43
35 17 44 51
35 17 44 52
35 17 44 56
35 17 44 59
35 17 44 62
35 17 44 63
35 21 44 36
35 21 44 42
35 21 44 43
35 21 44 51
35 21 44 52
35 21 44 56
35 21 44 59
35 21 44 62
35 21 44 63
35 36 44 42
35 36 44 43
35 36 44 51
35 36 44 52
35 36 44 56
35 36 44 59
35 36 44 62
35 36 44 63
35 42 44 51
35 42 44 52
35 42 44 56
35 42 44 59
35 42 44 62
35 42 44 63
35 43 44 51
35 43 44 52
35 43 44 56
35 43 44 59
35 43 44 62
35 43 44 63
35 51 44 56
35 51 44 59
35 51 44 62
35 51 44 63
35 52 44 56
35 52 44 59
35 52 44 62
35 52 44 63
35 56 44 59
35 56 44 62
35 56 44 63
35 59 44 62
35 59 44 63
35 14 48 17
35 14 48 21
35 14 48 36
35 14 48 42
35 14 48 43
35 14 48 51
35 14 48 52
35 14 48 56
35 14 48 59
35 14 48 62
35 14 48 63
35 15 48 17
35 15 48 21
35 15 48 36
35 15 48 42
35 15 48 43
35 15 48 51
35 15 48 52
35 15 48 56
35 15 48 59
35 15 48 62
35 15 48 63
35 17 48 21
35 17 48 36
35 17 48 42
35 17 48 43
35 17 48 51
35 17 48 52
35 17 48 56
35 17 48 59
35 17 48 62
35 17 48 63
35 21 48 36
35 21 48 42
35 21 48 43
35 21 48 51
35 21 48 52
35 21 48 56
35 21 48 59
35 21 48 62
35 21 48 63
35 36 48 42
35 36 48 43
35 36 48 51
35 36 48 52
35 36 48 56
35 36 48 59
35 36 48 62
35 36 48 63
35 42 48 51
35 42 48 52
35 42 48 56
35 42 48 59
35 42 48 62
35 42 48 63
35 43 48 51
35 43 48 52
35 43 48 56
35 43 48 59
35 43 48 62
35 43 48 63
35 51 48 56
35 51 48 59
35 51 48 62
35 51 48 63
35 52 48 56
35 52 48 59
35 52 48 62
35 52 48 63
35 56 48 59
35 56 48 62
35 56 48 63
35 59 48 62
35 59 48 63
35 17 51 21
35 17 51 36
35 17 51 42
35 17 51 43
35 17 51 51
35 17 51 52
35 21 51 36
35 21 51 42
35 21 51 43
35 21 51 51
35 21 51 52
35 36 51 42
35 36 51 43
35 36 51 51
35 36 51 52
35 42 51 51
35 42 51 52
35 43 51 51
35 43 51 52
35 15 52 17
35 15 52 21
35 15 52 36
35 15 52 42
35 15 52 43
35 15 52 51
35 15 52 52
35 15 52 56
35 15 52 59
35 15 52 62
35 15 52 63
35 17 52 21
35 17 52 36
35 17 52 42
35 17 52 43
35 17 52 51
35 17 52 52
35 17 52 56
35 17 52 59
35 17 52 62
35 17 52 63
35 21 52 36
35 21 52 42
35 21 52 43
35 21 52 51
35 21 52 52
35 21 52 56
35 21 52 59
35 21 52 62
35 21 52 63
35 36 52 42
35 36 52 43
35 36 52 51
35 36 52 52
35 36 52 56
35 36 52 59
35 36 52 62
35 36 52 63
35 42 52 51
35 42 52 52
35 42 52 56
35 42 52 59
35 42 52 62
35 42 52 63
35 43 52 51
35 43 52 52
35 43 52 56
35 43 52 59
35 43 52 62
35 43 52 63
35 51 52 56
35 51 52 59
35 51 52 62
35 51 52 63
35 52 52 56
35 52 52 59
35 52 52 62
35 52 52 63
35 56 52 59
35 56 52 62
35 56 52 63
35 59 52 62
35 59 52 63
35 52 53 56
35 52 53 59
35 52 53 62
35 52 53 63
35 56 53 59
35 56 53 62
35 56 53 63
35 59 53 62
35 59 53 63
35 21 54 36
35 21 54 42
35 21 54 43
35 36 54 42
35 36 54 43
35 15 58 36
35 15 58 42
35 15 58 59
35 36 58 42
35 36 58 59
35 42 58 59
35 36 59 42
36 40 38 42
36 40 38 43
36 40 38 46
36 40 38 51
36 40 38 52
36 40 38 56
36 40 38 59
36 40 38 62
36 40 38 63
36 40 38 67
36 40 38 68
36 40 38 79
36 40 38 88
36 42 38 46
36 42 38 51
36 42 38 52
36 42 38 56
36 42 38 59
36 42 38 62
36 42 38 63
36 42 38 67
36 42 38 68
36 42 38 79
36 42 38 88
36 43 38 46
36 43 38 51
36 43 38 52
36 43 38 56
36 43 38 59
36 43 38 62
36 43 38 63
36 43 38 67
36 43 38 68
36 43 38 79
36 43 38 88
36 46 38 51
36 46 38 52
36 46 38 56
36 46 38 59
36 46 38 62
36 46 38 63
36 46 38 67
36 46 38 68
36 46 38 79
36 46 38 88
36 51 38 56
36 51 38 59
36 51 38 62
36 51 38 63
36 51 38 67
36 51 38 68
36 51 38 79
36 51 38 88
36 52 38 56
36 52 38 59
36 52 38 62
36 52 38 63
36 52 38 67
36 52 38 68
36 52 38 79
36 52 38 88
36 56 38 59
36 56 38 62
36 56 38 63
36 56 38 67
36 56 38 68
36 56 38 79
36 56 38 88
36 59 38 62
36 59 38 63
36 59 38 67
36 59 38 68
36 59 38 79
36 59 38 88
36 62 38 67
36 62 38 68
36 62 38 79
36 62 38 88
36 63 38 67
36 63 38 68
36 63 38 79
36 63 38 88
36 67 38 79
36 67 38 88
36 68 38 79
36 68 38 88
36 79 38 88
36 62 39 67
36 62 39 68
36 63 39 67
36 63 39 68
36 46 40 51
36 46 40 52
36 46 40 56
36 46 40 59
36 46 40 62
36 46 40 63
36 46 40 67
36 46 40 68
36 51 40 56
36 51 40 59
36 51 40 62
36 51 40 63
36 51 40 67
36 51 40 68
36 52 40 56
36 52 40 59
36 52 40 62
36 52 40 63
36 52 40 67
36 52 40 68
36 56 40 59
36 56 40 62
36 56 40 63
36 56 40 67
36 56 40 68
36 59 40 62
36 59 40 63
36 59 40 67
36 59 40 68
36 62 40 67
36 62 40 68
36 63 40 67
36 63 40 68
36 36 44 42
36 36 44 43
36 36 44 51
36 36 44 52
36 36 44 56
36 36 44 59
36 36 44 62
36 36 44 63
36 36 44 67
36 36 44 79
36 42 44 51
36 42 44 52
36 42 44 56
36 42 44 59
36 42 44 62
36 42 44 63
36 42 44 67
36 42 44 79
36 43 44 51
36 43 44 52
36 43 44 56
36 43 44 59
36 43 44 62
36 43 44 63
36 43 44 67
36 43 44 79
36 51 44 56
36 51 44 59
36 51 44 62
36 51 44 63
36 51 44 67
36 51 44 79
36 52 44 56
36 52 44 59
36 52 44 62
36 52 44 63
36 52 44 67
36 52 44 79
36 56 44 59
36 56 44 62
36 56 44 63
36 56 44 67
36 56 44 79
36 59 44 62
36 59 44 63
36 59 44 67
36 59 44 79
36 62 44 67
36 62 44 79
36 63 44 67
36 63 44 79
36 67 44 79
36 62 47 67
36 63 47 67
36 36 48 42
36 36 48 43
36 36 48 51
36 36 48 52
36 36 48 56
36 36 48 59
36 36 48 62
36 36 48 63
36 42 48 51
36 42 48 52
36 42 48 56
36 42 48 59
36 42 48 62
36 42 48 63
36 43 48 51
36 43 48 52
36 43 48 56
36 43 48 59
36 43 48 62
36 43 48 63
36 51 48 56
36 51 48 59
36 51 48 62
36 51 48 63
36 52 48 56
36 52 48 59
36 52 48 62
36 52 48 63
36 56 48 59
36 56 48 62
36 56 48 63
36 59 48 62
36 59 48 63
36 36 51 42
36 36 51 43
36 36 51 51
36 36 51 52
36 42 51 51
36 42 51 52
36 43 51 51
36 43 51 52
36 36 52 42
36 36 52 43
36 36 52 51
36 36 52 52
36 36 52 56
36 36 52 59
36 36 52 62
36 36 52 63
36 42 52 51
36 42 52 52
36 42 52 56
36 42 52 59
36 42 52 62
36 42 52 63
36 43 52 51
36 43 52 52
36 43 52 56
36 43 52 59
36 43 52 62
36 43 52 63
36 51 52 56
36 51 52 59
36 51 52 62
36 51 52 63
36 52 52 56
36 52 52 59
36 52 52 62
36 52 52 63
36 56 52 59
36 56 52 62
36 56 52 63
36 59 52 62
36 59 52 63
36 52 53 56
36 52 53 59
36 52 53 62
36 52 53 63
36 56 53 59
36 56 53 62
36 56 53 63
36 59 53 62
36 59 53 63
36 36 54 42
36 36 54 43
36 36 58 42
36 36 58 59
36 42 58 59
36 36 59 42
36 63 59 67
38 46 40 51
38 46 40 52
38 46 40 56
38 46 40 59
38 46 40 62
38 46 40 63
38 46 40 64
38 46 40 65
38 46 40 66
38 46 40 67
38 46 40 68
38 51 40 56
38 51 40 59
38 51 40 62
38 51 40 63
38 51 40 64
38 51 40 65
38 51 40 66
38 51 40 67
38 51 40 68
38 52 40 56
38 52 40 59
38 52 40 62
38 52 40 63
38 52 40 64
38 52 40 65
38 52 40 66
38 52 40 67
38 52 40 68
38 56 40 59
38 56 40 62
38 56 40 63
38 56 40 64
38 56 40 65
38 56 40 66
38 56 40 67
38 56 40 68
38 59 40 62
38 59 40 63
38 59 40 64
38 59 40 65
38 59 40 66
38 59 40 67
38 59 40 68
38 42 44 51
38 42 44 52
38 42 44 56
38 42 44 59
38 42 44 62
38 42 44 63
38 42 44 64
38 42 44 66
38 42 44 67
38 42 44 79
38 43 44 51
38 43 44 52
38 43 44 56
38 43 44 59
38 43 44 62
38 43 44 63
38 43 44 64
38 43 44 66
38 43 44 67
38 43 44 79
38 51 44 56
38 51 44 59
38 51 44 62
38 51 44 63
38 51 44 64
38 51 44 66
38 51 44 67
38 51 44 79
38 52 44 56
38 52 44 59
38 52 44 62
38 52 44 63
38 52 44 64
38 52 44 66
38 52 44 67
38 52 44 79
38 56 44 59
38 56 44 62
38 56 44 63
38 56 44 64
38 56 44 66
38 56 44 67
38 56 44 79
38 59 44 62
38 59 44 63
38 59 44 64
38 59 44 66
38 59 44 67
38 59 44 79
38 62 44 66
38 62 44 67
38 62 44 79
38 63 44 66
38 63 44 67
38 63 44 79
38 64 44 66
38 64 44 67
38 64 44 79
38 66 44 79
38 67 44 79
38 62 47 66
38 62 47 67
38 63 47 66
38 63 47 67
38 64 47 66
38 64 47 67
38 42 48 51
38 42 48 52
38 42 48 56
38 42 48 59
38 42 48 62
38 42 48 63
38 42 48 64
38 43 48 51
38 43 48 52
38 43 48 56
38 43 48 59
38 43 48 62
38 43 48 63
38 43 48 64
38 51 48 56
38 51 48 59
38 51 48 62
38 51 48 63
38 51 48 64
38 52 48 56
38 52 48 59
38 52 48 62
38 52 48 63
38 52 48 64
38 56 48 59
38 56 48 62
38 56 48 63
38 56 48 64
38 59 48 62
38 59 48 63
38 59 48 64
38 42 51 51
38 42 51 52
38 43 51 51
38 43 51 52
38 42 52 51
38 42 52 52
38 42 52 56
38 42 52 59
38 42 52 62
38 42 52 63
38 42 52 64
38 43 52 51
38 43 52 52
38 43 52 56
38 43 52 59
38 43 52 62
38 43 52 63
38 43 52 64
38 51 52 56
38 51 52 59
38 51 52 62
38 51 52 63
38 51 52 64
38 52 52 56
38 52 52 59
38 52 52 62
38 52 52 63
38 52 52 64
38 56 52 59
38 56 52 62
38 56 52 63
38 56 52 64
38 59 52 62
38 59 52 63
38 59 52 64
38 52 53 56
38 52 53 59
38 52 53 62
38 52 53 63
38 52 53 64
38 56 53 59
38 56 53 62
38 56 53 63
38 56 53 64
38 59 53 62
38 59 53 63
38 59 53 64
38 42 58 59
38 63 59 67
39 62 44 66
39 62 44 67
39 63 44 66
39 63 44 67
39 64 44 66
39 64 44 67
39 62 47 66
39 62 47 67
39 63 47 66
39 63 47 67
39 64 47 66
39 64 47 67
39 63 59 67
40 51 44 56
40 51 44 59
40 51 44 62
40 51 44 63
40 51 44 64
40 51 44 66
40 51 44 67
40 52 44 56
40 52 44 59
40 52 44 62
40 52 44 63
40 52 44 64
40 52 44 66
40 52 44 67
40 56 44 59
40 56 44 62
40 56 44 63
40 56 44 64
40 56 44 66
40 56 44 67
40 59 44 62
40 59 44 63
40 59 44 64
40 59 44 66
40 59 44 67
40 62 44 66
40 62 44 67
40 63 44 66
40 63 44 67
40 64 44 66
40 64 44 67
40 62 47 66
40 62 47 67
40 63 47 66
40 63 47 67
40 64 47 66
40 64 47 67
40 51 48 56
40 51 48 59
40 51 48 62
40 51 48 63
40 51 48 64
40 52 48 56
40 52 48 59
40 52 48 62
40 52 48 63
40 52 48 64
40 56 48 59
40 56 48 62
40 56 48 63
40 56 48 64
40 59 48 62
40 59 48 63
40 59 48 64
40 51 52 56
40 51 52 59
40 51 52 62
40 51 52 63
40 51 52 64
40 52 52 56
40 52 52 59
40 52 52 62
40 52 52 63
40 52 52 64
40 56 52 59
40 56 52 62
40 56 52 63
40 56 52 64
40 59 52 62
40 59 52 63
40 59 52 64
40 52 53 56
40 52 53 59
40 52 53 62
40 52 53 63
40 52 53 64
40 56 53 59
40 56 53 62
40 56 53 63
40 56 53 64
40 59 53 62
40 59 53 63
40 59 53 64
40 63 59 67
44 62 47 66
44 62 47 67
44 63 47 66
44 63 47 67
44 64 47 66
44 64 47 67
44 14 48 17
44 14 48 21
44 14 48 36
44 14 48 42
44 14 48 43
44 14 48 51
44 14 48 52
44 14 48 56
44 14 48 59
44 14 48 62
44 14 48 63
44 14 48 64
44 15 48 17
44 15 48 21
44 15 48 36
44 15 48 42
44 15 48 43
44 15 48 51
44 15 48 52
44 15 48 56
44 15 48 59
44 15 48 62
44 15 48 63
44 15 48 64
44 17 48 21
44 17 48 36
44 17 48 42
44 17 48 43
44 17 48 51
44 17 48 52
44 17 48 56
44 17 48 59
44 17 48 62
44 17 48 63
44 17 48 64
44 21 48 36
44 21 48 42
44 21 48 43
44 21 48 51
44 21 48 52
44 21 48 56
44 21 48 59
44 21 48 62
44 21 48 63
44 21 48 64
44 36 48 42
44 36 48 43
44 36 48 51
44 36 48 52
44 36 48 56
44 36 48 59
44 36 48 62
44 36 48 63
44 36 48 64
44 42 48 51
44 42 48 52
44 42 48 56
44 42 48 59
44 42 48 62
44 42 48 63
44 42 48 64
44 43 48 51
44 43 48 52
44 43 48 56
44 43 48 59
44 43 48 62
44 43 48 63
44 43 48 64
44 51 48 56
44 51 48 59
44 51 48 62
44 51 48 63
44 51 48 64
44 52 48 56
44 52 48 59
44 52 48 62
44 52 48 63
44 52 48 64
44 56 48 59
44 56 48 62
44 56 48 63
44 56 48 64
44 59 48 62
44 59 48 63
44 59 48 64
44 17 51 21
44 17 51 36
44 17 51 42
44 17 51 43
44 17 51 51
44 17 51 52
44 21 51 36
44 21 51 42
44 21 51 43
44 21 51 51
44 21 51 52
44 36 51 42
44 36 51 43
44 36 51 51
44 36 51 52
44 42 51 51
44 42 51 52
44 43 51 51
44 43 51 52
44 12 52 15
44 12 52 17
44 12 52 21
44 12 52 36
44 12 52 42
44 12 52 43
44 12 52 51
44 12 52 52
44 12 52 56
44 12 52 59
44 12 52 62
44 12 52 63
44 12 52 64
44 15 52 17
44 15 52 21
44 15 52 36
44 15 52 42
44 15 52 43
44 15 52 51
44 15 52 52
44 15 52 56
44 15 52 59
44 15 52 62
44 15 52 63
44 15 52 64
44 17 52 21
44 17 52 36
44 17 52 42
44 17 52 43
44 17 52 51
44 17 52 52
44 17 52 56
44 17 52 59
44 17 52 62
44 17 52 63
44 17 52 64
44 21 52 36
44 21 52 42
44 21 52 43
44 21 52 51
44 21 52 52
44 21 52 56
44 21 52 59
44 21 52 62
44 21 52 63
44 21 52 64
44 36 52 42
44 36 52 43
44 36 52 51
44 36 52 52
44 36 52 56
44 36 52 59
44 36 52 62
44 36 52 63
44 36 52 64
44 42 52 51
44 42 52 52
44 42 52 56
44 42 52 59
44 42 52 62
44 42 52 63
44 42 52 64
44 43 52 51
44 43 52 52
44 43 52 56
44 43 52 59
44 43 52 62
44 43 52 63
44 43 52 64
44 51 52 56
44 51 52 59
44 51 52 62
44 51 52 63
44 51 52 64
44 52 52 56
44 52 52 59
44 52 52 62
44 52 52 63
44 52 52 64
44 56 52 59
44 56 52 62
44 56 52 63
44 56 52 64
44 59 52 62
44 59 52 63
44 59 52 64
44 52 53 56
44 52 53 59
44 52 53 62
44 52 53 63
44 52 53 64
44 56 53 59
44 56 53 62
44 56 53 63
44 56 53 64
44 59 53 62
44 59 53 63
44 59 53 64
44 21 54 36
44 21 54 42
44 21 54 43
44 36 54 42
44 36 54 43
44 12 58 15
44 12 58 36
44 12 58 42
44 12 58 59
44 15 58 36
44 15 58 42
44 15 58 59
44 36 58 42
44 36 58 59
44 42 58 59
44 36 59 42
44 63 59 67
47 63 59 67
48 17 51 21
48 17 51 36
48 17 51 42
48 17 51 43
48 17 51 51
48 17 51 52
48 21 51 36
48 21 51 42
48 21 51 43
48 21 51 51
48 21 51 52
48 36 51 42
48 36 51 43
48 36 51 51
48 36 51 52
48 42 51 51
48 42 51 52
48 43 51 51
48 43 51 52
48 15 52 17
48 15 52 21
48 15 52 36
48 15 52 42
48 15 52 43
48 15 52 51
48 15 52 52
48 15 52 56
48 15 52 59
48 15 52 62
48 15 52 63
48 15 52 64
48 17 52 21
48 17 52 36
48 17 52 42
48 17 52 43
48 17 52 51
48 17 52 52
48 17 52 56
48 17 52 59
48 17 52 62
48 17 52 63
48 17 52 64
48 21 52 36
48 21 52 42
48 21 52 43
48 21 52 51
48 21 52 52
48 21 52 56
48 21 52 59
48 21 52 62
48 21 52 63
48 21 52 64
48 36 52 42
48 36 52 43
48 36 52 51
48 36 52 52
48 36 52 56
48 36 52 59
48 36 52 62
48 36 52 63
48 36 52 64
48 42 52 51
48 42 52 52
48 42 52 56
48 42 52 59
48 42 52 62
48 42 52 63
48 42 52 64
48 43 52 51
48 43 52 52
48 43 52 56
48 43 52 59
48 43 52 62
48 43 52 63
48 43 52 64
48 51 52 56
48 51 52 59
48 51 52 62
48 51 52 63
48 51 52 64
48 52 52 56
48 52 52 59
48 52 52 62
48 52 52 63
48 52 52 64
48 56 52 59
48 56 52 62
48 56 52 63
48 56 52 64
48 59 52 62
48 59 52 63
48 59 52 64
48 52 53 56
48 52 53 59
48 52 53 62
48 52 53 63
48 52 53 64
48 56 53 59
48 56 53 62
48 56 53 63
48 56 53 64
48 59 53 62
48 59 53 63
48 59 53 64
48 21 54 36
48 21 54 42
48 21 54 43
48 36 54 42
48 36 54 43
48 15 58 36
48 15 58 42
48 15 58 59
48 36 58 42
48 36 58 59
48 42 58 59
48 36 59 42
51 21 54 36
51 21 54 42
51 21 54 43
51 36 54 42
51 36 54 43
51 36 58 42
51 36 59 42
52 21 54 36
52 21 54 42
52 21 54 43
52 36 54 42
52 36 54 43
52 12 58 15
52 12 58 36
52 12 58 42
52 12 58 59
52 15 58 36
52 15 58 42
52 15 58 59
52 36 58 42
52 36 58 59
52 42 58 59
52 36 59 42
54 36 58 42
54 36 59 42
