61 76
0000000000000000000000000000000000000000011111111111111111100000000000000000
0000000000000000000000000000000000000000010000000000000000100000000000000000
0000000000000000000000000000000000000000010000000000000000100000000000000000
0000000000000011111111111111111111111000010000000000000000100000000000000000
0000000000000010000000000000000000001000010001111111111000100000000000000000
0000000000000010000000000000000000001111010001000000001000100000000000000000
0000000000000010000000000000000000001101010001000000001000100000000000000000
0000000000000010000000000000000000001101010001000000001000100000000000000000
0000000000000010011111111111111111111111111101000000001000100000000000000000
0000000000000010010000000000000000001101010101000000001000100000000000000000
1111111111111111111111111111111111001101010101000000001000100000000000000000
1000000000111111111111111111111111111111111111111111111111111111111110000000
1000000000110010011000000000000001001101010101000000001000100000000010000000
1000000000111111111111111111111111001101010101000000001000100000000010000000
1000000000100010011000001111111111111111111111111111111111111111111111111000
1000000000100010011000001000111111101101010101000000001000100000111111111000
1000000000100010011000001000100000101101010101000000001000100000100010001000
1000000000100010011000001000100000101101011111111111111111100000100010001000
1000000000100010011111111111111111101101000101000000001000000000100010001000
1000000000100010011100001000111111101101000101000111111100000000100010001000
1000000000100010011100001000000000101101000101000100001100000000100010001000
1000000000100010011100001000000000101101000101000100001100000000100010001000
1000000000100010011100001000000000101101000101000100001100000000100010001000
1000000000100011111111111111111111111101000101000100001100000000100010001000
1000000000100000011100001000000000100101000101000100001100000000100010001000
1000000000101111111111111111111111110101000111111111111110000000100010001000
1000000000101000011100001000000000110111000111000111111111111100100010001000
1000000000101000011100001000000000110000000111000110001110000100100010001000
1000000000101000011100001000000000110000000111000110001110000100100010001000
1000000000101000011100001000000000110000000111000110001110000100100010001000
1000000011111111111111111111111111111111111111111111111110000100100010001000
1000000010101000011100001000000000110000000111000110001110000100100010001000
1000000010101000011100001000000000110000000111000110001110000100100010001000
1000000010101000011100001000000000110000000111000110001110000100100010001000
1000000010101000011100001000000000110000000111000110001110000100111111111000
1111111111111111111100001000000000110000000111000110001110000100000010001000
0000000011111111111111111111111111111111111111111111111110000100000010001000
0000000000101000010100001000000000110000000111000110001110000100000010001000
0000000000101000010100001000000000110000000111000110001110000100000010001000
0000000000101000010100001000000000110000000111111111111110000100000010001000
0000000000101000010100001000000000110000000101000110001100000100000010001000
0000000000101000010111111111111111110000000101000110001100000100000010001000
0000000000101000010000001000000000010000000101000110001100000100000010001000
0000000000111111111111111111111111111111111111111111111111111111111110001000
0000000000001111111111111111111111110000000101000110001100000100000000001000
0000000000000000011111111111111111111111111101000110001100000100000000001000
0000000000000000000000001000000000000000000001000110001100000100000000001000
0000000000000000000000001000000000000000000001000110001100000100000000001000
0000000000000000000000001000000000000000000001000111111100000100000000001000
0000000000000000000000001000000000000000000001000010001000000100000000001000
0000000000000000000000001000000000000000000001000010001000000100000000001000
0000000000000000000000001000000000000000000001000010001000000100000000001000
0000000000000000000000001000000000000000000001000010001000000100000000001000
0000011111111111111111111111111111111111111111111111111111111100000000001000
0000010000000000000000001111111111111111111111111111111111111111111111111000
0000010000000000000000000000000000000000000001000000101000000000000000000000
0000010000000000000000000000000000000000000001000000101000000000000000000000
0000010000000000000000000000000000000000000001000000101000000000000000000000
0000010000000000000000000000000000000000000001111111111000000000000000000000
0000010000000000000000000000000000000000000000000000100000000000000000000000
0000011111111111111111111111111111111111111111111111100000000000000000000000
1070
1 42 12 59
1 42 15 59
1 42 18 59
4 15 12 37
4 15 24 37
5 46 12 55
5 46 15 55
5 46 18 55
5 46 26 55
5 46 31 55
5 46 37 55
5 46 40 55
5 46 44 55
5 46 54 55
5 46 55 55
5 46 59 55
6 37 9 40
6 38 9 40
6 37 12 40
6 38 12 40
6 37 15 40
6 38 15 40
6 38 27 40
9 18 12 37
9 18 12 38
9 18 12 40
9 18 12 42
9 18 12 44
9 37 12 40
9 37 12 42
9 37 12 44
9 38 12 40
9 38 12 42
9 38 12 44
9 40 12 42
9 40 12 44
9 42 12 44
9 37 15 40
9 37 15 42
9 37 15 44
9 38 15 40
9 38 15 42
9 38 15 44
9 40 15 42
9 40 15 44
9 42 15 44
9 42 18 44
9 18 24 37
9 18 24 38
9 38 27 40
9 18 31 44
9 18 37 44
9 18 44 44
9 18 46 44
11 11 14 15
11 11 14 18
11 11 14 19
11 11 14 34
11 12 14 15
11 12 14 18
11 12 14 19
11 12 14 34
11 15 14 18
11 15 14 19
11 15 14 34
11 18 14 34
11 19 14 34
11 15 24 18
11 15 24 19
11 11 31 18
11 11 31 19
11 1 36 11
11 1 36 18
11 1 36 19
11 11 36 18
11 11 36 19
11 11 37 18
11 11 37 19
11 11 44 18
12 11 14 15
12 11 14 18
12 11 14 19
12 11 14 34
12 12 14 15
12 12 14 18
12 12 14 19
12 12 14 34
12 15 14 18
12 15 14 19
12 15 14 34
12 18 14 34
12 19 14 34
12 34 15 37
12 34 15 38
12 34 15 40
12 34 15 42
12 34 15 44
12 34 15 46
12 34 15 55
12 34 15 59
12 34 15 69
12 37 15 40
12 37 15 42
12 37 15 44
12 37 15 46
12 37 15 55
12 37 15 59
12 37 15 69
12 38 15 40
12 38 15 42
12 38 15 44
12 38 15 46
12 38 15 55
12 38 15 59
12 38 15 69
12 40 15 42
12 40 15 44
12 40 15 46
12 40 15 55
12 40 15 59
12 40 15 69
12 42 15 44
12 42 15 46
12 42 15 55
12 42 15 59
12 42 15 69
12 44 15 46
12 44 15 55
12 44 15 59
12 44 15 69
12 46 15 55
12 46 15 59
12 46 15 69
12 55 15 59
12 55 15 69
12 59 15 69
12 42 18 44
12 42 18 46
12 42 18 55
12 42 18 59
12 44 18 46
12 44 18 55
12 44 18 59
12 46 18 55
12 46 18 59
12 55 18 59
12 15 24 18
12 15 24 19
12 15 24 37
12 15 24 38
12 18 24 37
12 18 24 38
12 19 24 37
12 19 24 38
12 44 26 46
12 44 26 55
12 46 26 55
12 38 27 40
12 44 27 46
12 44 28 46
12 44 29 46
12 44 30 46
12 11 31 18
12 11 31 19
12 11 31 44
12 11 31 46
12 11 31 55
12 18 31 44
12 18 31 46
12 18 31 55
12 19 31 44
12 19 31 46
12 19 31 55
12 44 31 46
12 44 31 55
12 46 31 55
12 44 32 46
12 44 33 46
12 44 34 46
12 44 35 46
12 11 36 18
12 11 36 19
12 44 36 46
12 11 37 18
12 11 37 19
12 11 37 44
12 11 37 46
12 11 37 55
12 18 37 44
12 18 37 46
12 18 37 55
12 19 37 44
12 19 37 46
12 19 37 55
12 44 37 46
12 44 37 55
12 46 37 55
12 44 38 46
12 44 39 46
12 44 40 46
12 44 40 55
12 46 40 55
12 11 44 18
12 11 44 44
12 11 44 46
12 11 44 55
12 11 44 69
12 18 44 44
12 18 44 46
12 18 44 55
12 18 44 69
12 44 44 46
12 44 44 55
12 44 44 69
12 46 44 55
12 46 44 69
12 55 44 69
12 18 46 44
12 46 54 55
12 46 55 55
12 46 59 55
14 18 19 25
14 18 19 29
14 19 19 25
14 19 19 29
14 25 19 29
14 15 24 18
14 15 24 19
14 15 24 25
14 18 24 25
14 19 24 25
14 18 26 25
14 19 26 25
14 11 31 18
14 11 31 19
14 11 31 25
14 18 31 25
14 19 31 25
14 11 36 18
14 11 36 19
14 11 37 18
14 11 37 19
14 11 37 25
14 18 37 25
14 19 37 25
14 11 44 18
14 11 44 25
14 18 44 25
14 18 45 25
14 18 46 25
15 42 18 44
15 42 18 46
15 42 18 55
15 42 18 59
15 44 18 46
15 44 18 55
15 44 18 59
15 46 18 55
15 46 18 59
15 55 18 59
15 25 19 29
15 25 19 35
15 29 19 35
15 29 20 35
15 25 24 35
15 25 24 37
15 25 24 38
15 35 24 37
15 35 24 38
15 25 26 35
15 44 26 46
15 44 26 55
15 46 26 55
15 38 27 40
15 44 27 46
15 44 28 46
15 44 29 46
15 44 30 46
15 25 31 35
15 25 31 44
15 25 31 46
15 25 31 55
15 35 31 44
15 35 31 46
15 35 31 55
15 44 31 46
15 44 31 55
15 46 31 55
15 44 32 46
15 44 33 46
15 44 34 46
15 44 35 46
15 65 35 69
15 65 35 73
15 69 35 73
15 44 36 46
15 25 37 35
15 25 37 44
15 25 37 46
15 25 37 55
15 35 37 44
15 35 37 46
15 35 37 55
15 44 37 46
15 44 37 55
15 46 37 55
15 44 38 46
15 44 39 46
15 44 40 46
15 44 40 55
15 46 40 55
15 25 42 35
15 25 44 44
15 25 44 46
15 25 44 55
15 25 44 69
15 44 44 46
15 44 44 55
15 44 44 69
15 46 44 55
15 46 44 69
15 55 44 69
15 25 46 44
15 25 54 46
15 25 54 55
15 46 54 55
15 25 55 46
15 25 55 55
15 25 55 73
15 46 55 55
15 46 55 73
15 55 55 73
15 46 59 55
16 29 19 35
16 29 20 35
16 65 35 69
16 65 35 73
16 69 35 73
18 44 26 46
18 44 26 55
18 46 26 55
18 44 27 46
18 44 28 46
18 44 29 46
18 44 30 46
18 44 31 46
18 44 31 55
18 46 31 55
18 44 32 46
18 44 33 46
18 44 34 46
18 44 35 46
18 44 36 46
18 44 37 46
18 44 37 55
18 46 37 55
18 44 38 46
18 44 39 46
18 44 40 46
18 44 40 55
18 46 40 55
18 44 44 46
18 44 44 55
18 46 44 55
18 46 54 55
18 46 55 55
18 46 59 55
19 18 24 25
19 18 24 35
19 19 24 25
19 19 24 35
19 20 24 25
19 20 24 35
19 25 24 35
19 18 26 25
19 18 26 35
19 19 26 25
19 19 26 35
19 20 26 25
19 20 26 35
19 25 26 35
19 18 31 25
19 18 31 35
19 19 31 25
19 19 31 35
19 20 31 25
19 20 31 35
19 25 31 35
19 18 37 25
19 18 37 35
19 19 37 25
19 19 37 35
19 20 37 25
19 20 37 35
19 25 37 35
19 20 42 25
19 20 42 35
19 25 42 35
19 18 44 25
19 18 45 25
19 18 46 25
20 50 26 55
20 50 26 56
20 50 27 55
20 50 27 56
20 50 31 55
20 50 31 56
20 50 37 55
20 50 37 56
20 50 40 55
20 50 40 56
20 50 44 55
20 50 44 56
20 50 49 55
20 50 49 56
24 18 26 25
24 18 26 35
24 19 26 25
24 19 26 35
24 20 26 25
24 20 26 35
24 25 26 35
24 18 31 25
24 18 31 35
24 19 31 25
24 19 31 35
24 20 31 25
24 20 31 35
24 25 31 35
24 18 37 25
24 18 37 35
24 19 37 25
24 19 37 35
24 20 37 25
24 20 37 35
24 25 37 35
24 20 42 25
24 20 42 35
24 25 42 35
24 18 44 25
24 18 45 25
24 18 46 25
26 13 31 18
26 13 31 19
26 13 31 20
26 13 31 25
26 13 31 35
26 13 31 36
26 18 31 25
26 18 31 35
26 18 31 36
26 19 31 25
26 19 31 35
26 19 31 36
26 20 31 25
26 20 31 35
26 20 31 36
26 25 31 35
26 25 31 36
26 44 31 50
26 44 31 51
26 44 31 55
26 44 31 56
26 44 31 57
26 45 31 50
26 45 31 51
26 45 31 55
26 45 31 56
26 45 31 57
26 46 31 50
26 46 31 51
26 46 31 55
26 46 31 56
26 46 31 57
26 50 31 55
26 50 31 56
26 50 31 57
26 51 31 55
26 51 31 56
26 51 31 57
26 13 36 18
26 13 36 19
26 13 36 20
26 13 37 18
26 13 37 19
26 13 37 20
26 13 37 25
26 13 37 35
26 13 37 36
26 18 37 25
26 18 37 35
26 18 37 36
26 19 37 25
26 19 37 35
26 19 37 36
26 20 37 25
26 20 37 35
26 20 37 36
26 25 37 35
26 25 37 36
26 44 37 50
26 44 37 51
26 44 37 55
26 44 37 56
26 44 37 57
26 45 37 50
26 45 37 51
26 45 37 55
26 45 37 56
26 45 37 57
26 46 37 50
26 46 37 51
26 46 37 55
26 46 37 56
26 46 37 57
26 50 37 55
26 50 37 56
26 50 37 57
26 51 37 55
26 51 37 56
26 51 37 57
26 44 40 50
26 44 40 51
26 44 40 55
26 44 40 56
26 44 40 57
26 45 40 50
26 45 40 51
26 45 40 55
26 45 40 56
26 45 40 57
26 46 40 50
26 46 40 51
26 46 40 55
26 46 40 56
26 46 40 57
26 50 40 55
26 50 40 56
26 50 40 57
26 51 40 55
26 51 40 56
26 51 40 57
26 20 42 25
26 20 42 35
26 20 42 36
26 25 42 35
26 25 42 36
26 13 44 18
26 13 44 25
26 13 44 36
26 18 44 25
26 18 44 36
26 25 44 36
26 44 44 46
26 44 44 50
26 44 44 51
26 44 44 55
26 44 44 56
26 46 44 50
26 46 44 51
26 46 44 55
26 46 44 56
26 50 44 55
26 50 44 56
26 51 44 55
26 51 44 56
26 13 45 18
26 13 45 25
26 13 45 36
26 18 45 25
26 18 45 36
26 25 45 36
26 18 46 25
26 18 46 36
26 25 46 36
26 50 49 55
26 50 49 56
26 51 49 55
26 51 49 56
26 46 54 51
26 46 54 55
26 51 54 55
26 46 55 51
26 46 55 55
26 51 55 55
26 46 59 55
27 50 31 55
27 50 31 56
27 50 31 57
27 51 31 55
27 51 31 56
27 51 31 57
27 50 37 55
27 50 37 56
27 50 37 57
27 51 37 55
27 51 37 56
27 51 37 57
27 50 40 55
27 50 40 56
27 50 40 57
27 51 40 55
27 51 40 56
27 51 40 57
27 44 44 46
27 50 44 55
27 50 44 56
27 50 44 62
27 51 44 55
27 51 44 56
27 51 44 62
27 55 44 62
27 56 44 62
27 50 49 55
27 50 49 56
27 51 49 55
27 51 49 56
27 51 54 55
27 51 54 62
27 55 54 62
27 51 55 55
27 51 55 62
27 55 55 62
28 44 44 46
29 44 44 46
30 44 44 46
31 9 36 11
31 9 36 13
31 9 36 18
31 9 36 19
31 9 36 20
31 11 36 13
31 11 36 18
31 11 36 19
31 11 36 20
31 13 36 18
31 13 36 19
31 13 36 20
31 9 37 11
31 9 37 13
31 9 37 18
31 9 37 19
31 9 37 20
31 9 37 25
31 9 37 35
31 9 37 36
31 9 37 44
31 9 37 45
31 9 37 46
31 9 37 50
31 9 37 51
31 9 37 55
31 9 37 56
31 9 37 57
31 11 37 13
31 11 37 18
31 11 37 19
31 11 37 20
31 11 37 25
31 11 37 35
31 11 37 36
31 11 37 44
31 11 37 45
31 11 37 46
31 11 37 50
31 11 37 51
31 11 37 55
31 11 37 56
31 11 37 57
31 13 37 18
31 13 37 19
31 13 37 20
31 13 37 25
31 13 37 35
31 13 37 36
31 13 37 44
31 13 37 45
31 13 37 46
31 13 37 50
31 13 37 51
31 13 37 55
31 13 37 56
31 13 37 57
31 18 37 25
31 18 37 35
31 18 37 36
31 18 37 44
31 18 37 45
31 18 37 46
31 18 37 50
31 18 37 51
31 18 37 55
31 18 37 56
31 18 37 57
31 19 37 25
31 19 37 35
31 19 37 36
31 19 37 44
31 19 37 45
31 19 37 46
31 19 37 50
31 19 37 51
31 19 37 55
31 19 37 56
31 19 37 57
31 20 37 25
31 20 37 35
31 20 37 36
31 20 37 44
31 20 37 45
31 20 37 46
31 20 37 50
31 20 37 51
31 20 37 55
31 20 37 56
31 20 37 57
31 25 37 35
31 25 37 36
31 25 37 44
31 25 37 45
31 25 37 46
31 25 37 50
31 25 37 51
31 25 37 55
31 25 37 56
31 25 37 57
31 35 37 44
31 35 37 45
31 35 37 46
31 35 37 50
31 35 37 51
31 35 37 55
31 35 37 56
31 35 37 57
31 36 37 44
31 36 37 45
31 36 37 46
31 36 37 50
31 36 37 51
31 36 37 55
31 36 37 56
31 36 37 57
31 44 37 50
31 44 37 51
31 44 37 55
31 44 37 56
31 44 37 57
31 45 37 50
31 45 37 51
31 45 37 55
31 45 37 56
31 45 37 57
31 46 37 50
31 46 37 51
31 46 37 55
31 46 37 56
31 46 37 57
31 50 37 55
31 50 37 56
31 50 37 57
31 51 37 55
31 51 37 56
31 51 37 57
31 44 40 50
31 44 40 51
31 44 40 55
31 44 40 56
31 44 40 57
31 45 40 50
31 45 40 51
31 45 40 55
31 45 40 56
31 45 40 57
31 46 40 50
31 46 40 51
31 46 40 55
31 46 40 56
31 46 40 57
31 50 40 55
31 50 40 56
31 50 40 57
31 51 40 55
31 51 40 56
31 51 40 57
31 20 42 25
31 20 42 35
31 20 42 36
31 25 42 35
31 25 42 36
31 11 44 13
31 11 44 18
31 11 44 25
31 11 44 36
31 11 44 44
31 11 44 46
31 11 44 50
31 11 44 51
31 11 44 55
31 11 44 56
31 13 44 18
31 13 44 25
31 13 44 36
31 13 44 44
31 13 44 46
31 13 44 50
31 13 44 51
31 13 44 55
31 13 44 56
31 18 44 25
31 18 44 36
31 18 44 44
31 18 44 46
31 18 44 50
31 18 44 51
31 18 44 55
31 18 44 56
31 25 44 36
31 25 44 44
31 25 44 46
31 25 44 50
31 25 44 51
31 25 44 55
31 25 44 56
31 36 44 44
31 36 44 46
31 36 44 50
31 36 44 51
31 36 44 55
31 36 44 56
31 44 44 46
31 44 44 50
31 44 44 51
31 44 44 55
31 44 44 56
31 46 44 50
31 46 44 51
31 46 44 55
31 46 44 56
31 50 44 55
31 50 44 56
31 51 44 55
31 51 44 56
31 13 45 18
31 13 45 25
31 13 45 36
31 18 45 25
31 18 45 36
31 25 45 36
31 18 46 25
31 18 46 36
31 18 46 44
31 25 46 36
31 25 46 44
31 36 46 44
31 50 49 55
31 50 49 56
31 51 49 55
31 51 49 56
31 25 54 46
31 25 54 51
31 25 54 55
31 46 54 51
31 46 54 55
31 51 54 55
31 25 55 46
31 25 55 51
31 25 55 55
31 46 55 51
31 46 55 55
31 51 55 55
31 46 59 55
32 44 44 46
33 44 44 46
34 44 44 46
35 44 44 46
36 11 44 13
36 11 44 18
36 13 44 18
36 44 44 46
36 13 45 18
37 44 40 50
37 44 40 51
37 44 40 55
37 44 40 56
37 44 40 57
37 45 40 50
37 45 40 51
37 45 40 55
37 45 40 56
37 45 40 57
37 46 40 50
37 46 40 51
37 46 40 55
37 46 40 56
37 46 40 57
37 50 40 55
37 50 40 56
37 50 40 57
37 51 40 55
37 51 40 56
37 51 40 57
37 20 42 25
37 20 42 35
37 20 42 36
37 25 42 35
37 25 42 36
37 11 44 13
37 11 44 18
37 11 44 25
37 11 44 36
37 11 44 44
37 11 44 46
37 11 44 50
37 11 44 51
37 11 44 55
37 11 44 56
37 13 44 18
37 13 44 25
37 13 44 36
37 13 44 44
37 13 44 46
37 13 44 50
37 13 44 51
37 13 44 55
37 13 44 56
37 18 44 25
37 18 44 36
37 18 44 44
37 18 44 46
37 18 44 50
37 18 44 51
37 18 44 55
37 18 44 56
37 25 44 36
37 25 44 44
37 25 44 46
37 25 44 50
37 25 44 51
37 25 44 55
37 25 44 56
37 36 44 44
37 36 44 46
37 36 44 50
37 36 44 51
37 36 44 55
37 36 44 56
37 44 44 46
37 44 44 50
37 44 44 51
37 44 44 55
37 44 44 56
37 46 44 50
37 46 44 51
37 46 44 55
37 46 44 56
37 50 44 55
37 50 44 56
37 51 44 55
37 51 44 56
37 13 45 18
37 13 45 25
37 13 45 36
37 18 45 25
37 18 45 36
37 25 45 36
37 18 46 25
37 18 46 36
37 18 46 44
37 25 46 36
37 25 46 44
37 36 46 44
37 50 49 55
37 50 49 56
37 51 49 55
37 51 49 56
37 25 54 46
37 25 54 51
37 25 54 55
37 46 54 51
37 46 54 55
37 51 54 55
37 25 55 46
37 25 55 51
37 25 55 55
37 46 55 51
37 46 55 55
37 51 55 55
37 46 59 55
38 44 44 46
39 44 44 46
40 44 44 46
40 44 44 50
40 44 44 51
40 44 44 55
40 44 44 56
40 46 44 50
40 46 44 51
40 46 44 55
40 46 44 56
40 50 44 55
40 50 44 56
40 51 44 55
40 51 44 56
40 50 49 55
40 50 49 56
40 51 49 55
40 51 49 56
40 46 54 51
40 46 54 55
40 51 54 55
40 46 55 51
40 46 55 55
40 51 55 55
40 46 59 55
42 25 44 36
42 25 45 36
42 25 46 36
44 18 46 44
44 19 46 44
44 20 46 44
44 21 46 44
44 22 46 44
44 23 46 44
44 24 46 44
44 25 46 44
44 26 46 44
44 27 46 44
44 28 46 44
44 29 46 44
44 30 46 44
44 31 46 44
44 32 46 44
44 33 46 44
44 34 46 44
44 35 46 44
44 36 46 44
44 50 49 55
44 50 49 56
44 51 49 55
44 51 49 56
44 25 54 46
44 25 54 51
44 25 54 55
44 25 54 62
44 46 54 51
44 46 54 55
44 46 54 62
44 51 54 55
44 51 54 62
44 55 54 62
44 25 55 46
44 25 55 51
44 25 55 55
44 25 55 62
44 46 55 51
44 46 55 55
44 46 55 62
44 51 55 55
44 51 55 62
44 55 55 62
44 46 59 55
49 51 54 55
49 51 55 55
54 46 59 53
54 46 59 55
54 53 59 55
54 6 61 53
55 46 59 53
55 46 59 55
55 53 59 55
