63 43
0000000000011111111111111111111111111111110
0000000000010000000000000000000000000000010
0000001111111111111111111111111111100000010
0000001100010000000000000000000000100000010
0000001100010000000001111111111000100000010
0000001100010000000111111111111111110000010
0000001100010000000101000000001000110000010
0000001100010000000101111111111000110000010
0000001111111111100101100000011000110000010
0000001110010000100101100000011000110000010
0000001110010000100101100000011000110000010
0000001111111111111101100000011000110000010
0000001110010000100101100000011000110000010
0000001110010000100101100000011000110000010
0111111110010000100101100000011000110000010
0100001110111111111111111111111111111111110
0100001110110000100101100000011000110000010
0100001110110000100101100000011000110000010
0100001110110000100101100000011000110000010
0100001111110000100101100000011000110000010
0100001111110000100101100000011000110000010
0101111111111111111111100000011000110000010
0101001111110000100111100000011000110000010
0101001111111111111111100000011000110000010
0101001111111111111111111111111111111111010
0101001111110000100111100000011000110001010
0101001111110000100111100000011000110001010
0101001111110000100111100000011000110001010
0101001111111111111111111111111111111111010
0101001111110000100111100000011000110000010
0101001111110000100111100000011000110000010
0101001111110000100111100000011000110000010
0101001111110000100111100000011000110000010
0101001111110000100111100000011000110000010
0101001111110000100111111111111000110000010
0101001111111111111111111111111111111111110
0101001101010000000110100000010000110000010
0101001101010000000110100000010000110000010
0101001111010000000110100000010000110000010
0101001100010000000110100000010000110000010
0101001100010000000110100000010000110000010
0101001100010000000110100000010000110000010
0101001111111111111111111111111111110000010
0101000100010000000110100000010000010000010
0101000100010000000110100000010000010000010
0111111100010000000110100000010000010000010
0001000000010000000110100000010000010000010
0001000000010000000110100000010000010000010
0001000000011111111111111111111111111111111
0001000000011000000110100000010000010000011
0001000000011000000110100000010000010000011
0001000000011000000110100000010000010000011
0001000000011000000110111111110000010000011
0001000000011000000110000000000000010000011
0001111111111111111110000000000000010000011
0000000000011000000100000000000000010000011
0000000000011000000100000000000000010000011
0000000000011111111111111111111111111111111
0000000000011111111111111111111111111111110
0000000000000000000100000000000000010000000
0000000000000000000111111111111111110000000
0000000000000000000000000000000000000000000
0000000000000000000000000000000000000000000
1438
1 12 16 42
1 12 36 42
1 12 49 42
1 12 58 42
1 12 59 42
3 7 9 12
3 8 9 12
3 7 12 12
3 8 12 12
3 12 16 35
3 7 20 12
3 8 20 12
3 7 21 12
3 8 21 12
3 7 22 12
3 8 22 12
3 7 23 12
3 8 23 12
3 7 24 12
3 8 24 12
3 7 25 12
3 7 25 35
3 8 25 12
3 8 25 35
3 12 25 35
3 7 26 12
3 8 26 12
3 7 27 12
3 8 27 12
3 7 28 12
3 8 28 12
3 7 29 12
3 7 29 35
3 8 29 12
3 8 29 35
3 12 29 35
3 7 30 12
3 8 30 12
3 7 31 12
3 8 31 12
3 7 32 12
3 8 32 12
3 7 33 12
3 8 33 12
3 7 34 12
3 8 34 12
3 7 35 12
3 8 35 12
3 7 36 12
3 7 36 35
3 8 36 12
3 8 36 35
3 12 36 35
3 7 43 12
3 7 43 35
3 8 43 12
3 8 43 35
3 12 43 35
5 22 8 31
5 22 16 31
5 22 25 31
5 22 29 31
5 22 35 31
5 22 36 31
6 22 8 31
6 20 16 22
6 20 16 31
6 20 16 35
6 20 16 36
6 22 16 31
6 22 16 35
6 22 16 36
6 31 16 35
6 31 16 36
6 20 22 22
6 20 23 22
6 20 24 22
6 20 25 22
6 20 25 31
6 20 25 35
6 20 25 36
6 22 25 31
6 22 25 35
6 22 25 36
6 31 25 35
6 31 25 36
6 20 26 22
6 20 27 22
6 20 28 22
6 20 29 22
6 20 29 31
6 20 29 35
6 20 29 36
6 22 29 31
6 22 29 35
6 22 29 36
6 31 29 35
6 31 29 36
6 20 30 22
6 20 31 22
6 20 32 22
6 20 33 22
6 20 34 22
6 20 35 22
6 20 35 31
6 22 35 31
6 20 36 22
6 20 36 31
6 20 36 35
6 20 36 36
6 22 36 31
6 22 36 35
6 22 36 36
6 31 36 35
6 31 36 36
6 20 43 35
6 20 43 36
6 20 49 36
6 20 58 36
6 20 59 36
6 20 61 36
8 22 16 30
8 22 16 31
8 23 16 30
8 23 16 31
8 22 25 30
8 22 25 31
8 23 25 30
8 23 25 31
8 22 29 30
8 22 29 31
8 23 29 30
8 23 29 31
8 22 35 30
8 22 35 31
8 23 35 30
8 23 35 31
8 22 36 30
8 22 36 31
8 23 36 30
8 23 36 31
8 23 43 30
8 23 49 30
8 23 53 30
9 7 12 12
9 7 12 17
9 8 12 12
9 8 12 17
9 9 12 12
9 9 12 17
9 12 12 17
9 12 16 17
9 7 20 12
9 8 20 12
9 9 20 12
9 7 21 12
9 8 21 12
9 9 21 12
9 7 22 12
9 7 22 17
9 8 22 12
9 8 22 17
9 9 22 12
9 9 22 17
9 12 22 17
9 7 23 12
9 8 23 12
9 9 23 12
9 7 24 12
9 7 24 17
9 8 24 12
9 8 24 17
9 9 24 12
9 9 24 17
9 12 24 17
9 7 25 12
9 7 25 17
9 8 25 12
9 8 25 17
9 9 25 12
9 9 25 17
9 12 25 17
9 7 26 12
9 8 26 12
9 9 26 12
9 7 27 12
9 8 27 12
9 9 27 12
9 7 28 12
9 8 28 12
9 9 28 12
9 7 29 12
9 7 29 17
9 8 29 12
9 8 29 17
9 9 29 12
9 9 29 17
9 12 29 17
9 7 30 12
9 8 30 12
9 9 30 12
9 7 31 12
9 8 31 12
9 9 31 12
9 7 32 12
9 8 32 12
9 9 32 12
9 7 33 12
9 8 33 12
9 9 33 12
9 7 34 12
9 8 34 12
9 9 34 12
9 7 35 12
9 8 35 12
9 9 35 12
9 7 36 12
9 7 36 17
9 8 36 12
9 8 36 17
9 9 36 12
9 9 36 17
9 12 36 17
9 7 43 12
9 8 43 12
12 12 16 17
12 12 16 20
12 17 16 20
12 7 20 12
12 8 20 12
12 9 20 12
12 7 21 12
12 8 21 12
12 9 21 12
12 7 22 12
12 7 22 17
12 7 22 20
12 8 22 12
12 8 22 17
12 8 22 20
12 9 22 12
12 9 22 17
12 9 22 20
12 12 22 17
12 12 22 20
12 17 22 20
12 7 23 12
12 8 23 12
12 9 23 12
12 7 24 12
12 7 24 17
12 7 24 20
12 8 24 12
12 8 24 17
12 8 24 20
12 9 24 12
12 9 24 17
12 9 24 20
12 12 24 17
12 12 24 20
12 17 24 20
12 7 25 12
12 7 25 17
12 7 25 20
12 8 25 12
12 8 25 17
12 8 25 20
12 9 25 12
12 9 25 17
12 9 25 20
12 12 25 17
12 12 25 20
12 17 25 20
12 7 26 12
12 8 26 12
12 9 26 12
12 7 27 12
12 8 27 12
12 9 27 12
12 7 28 12
12 8 28 12
12 9 28 12
12 7 29 12
12 7 29 17
12 7 29 20
12 8 29 12
12 8 29 17
12 8 29 20
12 9 29 12
12 9 29 17
12 9 29 20
12 12 29 17
12 12 29 20
12 17 29 20
12 7 30 12
12 8 30 12
12 9 30 12
12 7 31 12
12 8 31 12
12 9 31 12
12 7 32 12
12 8 32 12
12 9 32 12
12 7 33 12
12 8 33 12
12 9 33 12
12 7 34 12
12 8 34 12
12 9 34 12
12 7 35 12
12 8 35 12
12 9 35 12
12 7 36 12
12 7 36 17
12 7 36 20
12 8 36 12
12 8 36 17
12 8 36 20
12 9 36 12
12 9 36 17
12 9 36 20
12 12 36 17
12 12 36 20
12 17 36 20
12 7 43 12
12 7 43 20
12 8 43 12
12 8 43 20
12 12 43 20
12 12 49 20
12 12 55 20
12 12 58 20
12 12 59 20
15 2 46 8
16 11 22 17
16 11 22 20
16 11 22 22
16 11 22 23
16 12 22 17
16 12 22 20
16 12 22 22
16 12 22 23
16 17 22 20
16 17 22 22
16 17 22 23
16 20 22 22
16 20 22 23
16 20 23 22
16 20 23 23
16 11 24 17
16 11 24 20
16 11 24 22
16 11 24 23
16 12 24 17
16 12 24 20
16 12 24 22
16 12 24 23
16 17 24 20
16 17 24 22
16 17 24 23
16 20 24 22
16 20 24 23
16 11 25 17
16 11 25 20
16 11 25 22
16 11 25 23
16 11 25 30
16 11 25 31
16 11 25 35
16 11 25 36
16 12 25 17
16 12 25 20
16 12 25 22
16 12 25 23
16 12 25 30
16 12 25 31
16 12 25 35
16 12 25 36
16 17 25 20
16 17 25 22
16 17 25 23
16 17 25 30
16 17 25 31
16 17 25 35
16 17 25 36
16 20 25 22
16 20 25 23
16 20 25 30
16 20 25 31
16 20 25 35
16 20 25 36
16 22 25 30
16 22 25 31
16 22 25 35
16 22 25 36
16 23 25 30
16 23 25 31
16 23 25 35
16 23 25 36
16 30 25 35
16 30 25 36
16 31 25 35
16 31 25 36
16 20 26 22
16 20 26 23
16 20 27 22
16 20 27 23
16 20 28 22
16 20 28 23
16 11 29 17
16 11 29 20
16 11 29 22
16 11 29 23
16 11 29 30
16 11 29 31
16 11 29 35
16 11 29 36
16 12 29 17
16 12 29 20
16 12 29 22
16 12 29 23
16 12 29 30
16 12 29 31
16 12 29 35
16 12 29 36
16 17 29 20
16 17 29 22
16 17 29 23
16 17 29 30
16 17 29 31
16 17 29 35
16 17 29 36
16 20 29 22
16 20 29 23
16 20 29 30
16 20 29 31
16 20 29 35
16 20 29 36
16 22 29 30
16 22 29 31
16 22 29 35
16 22 29 36
16 23 29 30
16 23 29 31
16 23 29 35
16 23 29 36
16 30 29 35
16 30 29 36
16 31 29 35
16 31 29 36
16 20 30 22
16 20 30 23
16 20 31 22
16 20 31 23
16 20 32 22
16 20 32 23
16 20 33 22
16 20 33 23
16 20 34 22
16 20 34 23
16 20 35 22
16 20 35 23
16 20 35 30
16 20 35 31
16 22 35 30
16 22 35 31
16 23 35 30
16 23 35 31
16 11 36 17
16 11 36 20
16 11 36 22
16 11 36 23
16 11 36 30
16 11 36 31
16 11 36 35
16 11 36 36
16 11 36 42
16 12 36 17
16 12 36 20
16 12 36 22
16 12 36 23
16 12 36 30
16 12 36 31
16 12 36 35
16 12 36 36
16 12 36 42
16 17 36 20
16 17 36 22
16 17 36 23
16 17 36 30
16 17 36 31
16 17 36 35
16 17 36 36
16 17 36 42
16 20 36 22
16 20 36 23
16 20 36 30
16 20 36 31
16 20 36 35
16 20 36 36
16 20 36 42
16 22 36 30
16 22 36 31
16 22 36 35
16 22 36 36
16 22 36 42
16 23 36 30
16 23 36 31
16 23 36 35
16 23 36 36
16 23 36 42
16 30 36 35
16 30 36 36
16 30 36 42
16 31 36 35
16 31 36 36
16 31 36 42
16 35 36 42
16 36 36 42
16 12 43 20
16 12 43 23
16 12 43 30
16 12 43 35
16 12 43 36
16 20 43 23
16 20 43 30
16 20 43 35
16 20 43 36
16 23 43 30
16 23 43 35
16 23 43 36
16 30 43 35
16 30 43 36
16 12 49 20
16 12 49 23
16 12 49 30
16 12 49 36
16 12 49 42
16 20 49 23
16 20 49 30
16 20 49 36
16 20 49 42
16 23 49 30
16 23 49 36
16 23 49 42
16 30 49 36
16 30 49 42
16 36 49 42
16 23 53 30
16 12 55 20
16 12 58 20
16 12 58 36
16 12 58 42
16 20 58 36
16 20 58 42
16 36 58 42
16 12 59 20
16 12 59 36
16 12 59 42
16 20 59 36
16 20 59 42
16 36 59 42
16 20 61 36
20 7 39 10
20 8 39 10
20 7 43 12
20 8 43 12
21 7 39 10
21 8 39 10
21 7 43 12
21 8 43 12
22 7 24 17
22 7 24 20
22 7 24 21
22 7 24 22
22 7 24 23
22 8 24 17
22 8 24 20
22 8 24 21
22 8 24 22
22 8 24 23
22 9 24 17
22 9 24 20
22 9 24 21
22 9 24 22
22 9 24 23
22 10 24 17
22 10 24 20
22 10 24 21
22 10 24 22
22 10 24 23
22 11 24 17
22 11 24 20
22 11 24 21
22 11 24 22
22 11 24 23
22 12 24 17
22 12 24 20
22 12 24 21
22 12 24 22
22 12 24 23
22 17 24 20
22 17 24 21
22 17 24 22
22 17 24 23
22 7 25 17
22 7 25 20
22 7 25 21
22 7 25 22
22 7 25 23
22 8 25 17
22 8 25 20
22 8 25 21
22 8 25 22
22 8 25 23
22 9 25 17
22 9 25 20
22 9 25 21
22 9 25 22
22 9 25 23
22 10 25 17
22 10 25 20
22 10 25 21
22 10 25 22
22 10 25 23
22 11 25 17
22 11 25 20
22 11 25 21
22 11 25 22
22 11 25 23
22 12 25 17
22 12 25 20
22 12 25 21
22 12 25 22
22 12 25 23
22 17 25 20
22 17 25 21
22 17 25 22
22 17 25 23
22 7 29 17
22 7 29 20
22 7 29 21
22 7 29 22
22 7 29 23
22 8 29 17
22 8 29 20
22 8 29 21
22 8 29 22
22 8 29 23
22 9 29 17
22 9 29 20
22 9 29 21
22 9 29 22
22 9 29 23
22 10 29 17
22 10 29 20
22 10 29 21
22 10 29 22
22 10 29 23
22 11 29 17
22 11 29 20
22 11 29 21
22 11 29 22
22 11 29 23
22 12 29 17
22 12 29 20
22 12 29 21
22 12 29 22
22 12 29 23
22 17 29 20
22 17 29 21
22 17 29 22
22 17 29 23
22 7 36 17
22 7 36 20
22 7 36 21
22 7 36 22
22 7 36 23
22 8 36 17
22 8 36 20
22 8 36 21
22 8 36 22
22 8 36 23
22 9 36 17
22 9 36 20
22 9 36 21
22 9 36 22
22 9 36 23
22 10 36 17
22 10 36 20
22 10 36 21
22 10 36 22
22 10 36 23
22 11 36 17
22 11 36 20
22 11 36 21
22 11 36 22
22 11 36 23
22 12 36 17
22 12 36 20
22 12 36 21
22 12 36 22
22 12 36 23
22 17 36 20
22 17 36 21
22 17 36 22
22 17 36 23
22 7 39 10
22 8 39 10
22 7 43 12
22 7 43 20
22 7 43 21
22 7 43 23
22 8 43 12
22 8 43 20
22 8 43 21
22 8 43 23
22 12 43 20
22 12 43 21
22 12 43 23
22 20 43 23
22 21 43 23
22 4 46 8
22 12 49 20
22 12 49 21
22 12 49 23
22 20 49 23
22 21 49 23
22 4 55 12
22 4 55 20
22 4 55 21
22 12 55 20
22 12 55 21
22 12 58 20
22 12 59 20
23 7 39 10
23 8 39 10
23 7 43 12
23 8 43 12
23 20 43 23
23 21 43 23
23 20 49 23
23 21 49 23
24 7 29 17
24 7 29 20
24 7 29 21
24 7 29 22
24 7 29 23
24 8 29 17
24 8 29 20
24 8 29 21
24 8 29 22
24 8 29 23
24 9 29 17
24 9 29 20
24 9 29 21
24 9 29 22
24 9 29 23
24 10 29 17
24 10 29 20
24 10 29 21
24 10 29 22
24 10 29 23
24 11 29 17
24 11 29 20
24 11 29 21
24 11 29 22
24 11 29 23
24 12 29 17
24 12 29 20
24 12 29 21
24 12 29 22
24 12 29 23
24 17 29 20
24 17 29 21
24 17 29 22
24 17 29 23
24 7 36 17
24 7 36 20
24 7 36 21
24 7 36 22
24 7 36 23
24 8 36 17
24 8 36 20
24 8 36 21
24 8 36 22
24 8 36 23
24 9 36 17
24 9 36 20
24 9 36 21
24 9 36 22
24 9 36 23
24 10 36 17
24 10 36 20
24 10 36 21
24 10 36 22
24 10 36 23
24 11 36 17
24 11 36 20
24 11 36 21
24 11 36 22
24 11 36 23
24 12 36 17
24 12 36 20
24 12 36 21
24 12 36 22
24 12 36 23
24 17 36 20
24 17 36 21
24 17 36 22
24 17 36 23
24 7 39 10
24 8 39 10
24 7 43 12
24 7 43 20
24 7 43 21
24 7 43 23
24 8 43 12
24 8 43 20
24 8 43 21
24 8 43 23
24 12 43 20
24 12 43 21
24 12 43 23
24 20 43 23
24 21 43 23
24 12 49 20
24 12 49 21
24 12 49 23
24 20 49 23
24 21 49 23
24 12 55 20
24 12 55 21
24 12 58 20
24 12 59 20
25 7 29 17
25 7 29 20
25 7 29 21
25 7 29 22
25 7 29 23
25 7 29 30
25 7 29 31
25 7 29 35
25 7 29 36
25 7 29 40
25 8 29 17
25 8 29 20
25 8 29 21
25 8 29 22
25 8 29 23
25 8 29 30
25 8 29 31
25 8 29 35
25 8 29 36
25 8 29 40
25 9 29 17
25 9 29 20
25 9 29 21
25 9 29 22
25 9 29 23
25 9 29 30
25 9 29 31
25 9 29 35
25 9 29 36
25 9 29 40
25 10 29 17
25 10 29 20
25 10 29 21
25 10 29 22
25 10 29 23
25 10 29 30
25 10 29 31
25 10 29 35
25 10 29 36
25 10 29 40
25 11 29 17
25 11 29 20
25 11 29 21
25 11 29 22
25 11 29 23
25 11 29 30
25 11 29 31
25 11 29 35
25 11 29 36
25 11 29 40
25 12 29 17
25 12 29 20
25 12 29 21
25 12 29 22
25 12 29 23
25 12 29 30
25 12 29 31
25 12 29 35
25 12 29 36
25 12 29 40
25 17 29 20
25 17 29 21
25 17 29 22
25 17 29 23
25 17 29 30
25 17 29 31
25 17 29 35
25 17 29 36
25 17 29 40
25 20 29 30
25 20 29 31
25 20 29 35
25 20 29 36
25 20 29 40
25 21 29 30
25 21 29 31
25 21 29 35
25 21 29 36
25 21 29 40
25 22 29 30
25 22 29 31
25 22 29 35
25 22 29 36
25 22 29 40
25 23 29 30
25 23 29 31
25 23 29 35
25 23 29 36
25 23 29 40
25 30 29 35
25 30 29 36
25 30 29 40
25 31 29 35
25 31 29 36
25 31 29 40
25 35 29 40
25 36 29 40
25 20 35 30
25 20 35 31
25 21 35 30
25 21 35 31
25 22 35 30
25 22 35 31
25 23 35 30
25 23 35 31
25 7 36 17
25 7 36 20
25 7 36 21
25 7 36 22
25 7 36 23
25 7 36 30
25 7 36 31
25 7 36 35
25 7 36 36
25 8 36 17
25 8 36 20
25 8 36 21
25 8 36 22
25 8 36 23
25 8 36 30
25 8 36 31
25 8 36 35
25 8 36 36
25 9 36 17
25 9 36 20
25 9 36 21
25 9 36 22
25 9 36 23
25 9 36 30
25 9 36 31
25 9 36 35
25 9 36 36
25 10 36 17
25 10 36 20
25 10 36 21
25 10 36 22
25 10 36 23
25 10 36 30
25 10 36 31
25 10 36 35
25 10 36 36
25 11 36 17
25 11 36 20
25 11 36 21
25 11 36 22
25 11 36 23
25 11 36 30
25 11 36 31
25 11 36 35
25 11 36 36
25 12 36 17
25 12 36 20
25 12 36 21
25 12 36 22
25 12 36 23
25 12 36 30
25 12 36 31
25 12 36 35
25 12 36 36
25 17 36 20
25 17 36 21
25 17 36 22
25 17 36 23
25 17 36 30
25 17 36 31
25 17 36 35
25 17 36 36
25 20 36 30
25 20 36 31
25 20 36 35
25 20 36 36
25 21 36 30
25 21 36 31
25 21 36 35
25 21 36 36
25 22 36 30
25 22 36 31
25 22 36 35
25 22 36 36
25 23 36 30
25 23 36 31
25 23 36 35
25 23 36 36
25 30 36 35
25 30 36 36
25 31 36 35
25 31 36 36
25 7 39 10
25 8 39 10
25 7 43 12
25 7 43 20
25 7 43 21
25 7 43 23
25 7 43 30
25 7 43 35
25 7 43 36
25 8 43 12
25 8 43 20
25 8 43 21
25 8 43 23
25 8 43 30
25 8 43 35
25 8 43 36
25 12 43 20
25 12 43 21
25 12 43 23
25 12 43 30
25 12 43 35
25 12 43 36
25 20 43 23
25 20 43 30
25 20 43 35
25 20 43 36
25 21 43 23
25 21 43 30
25 21 43 35
25 21 43 36
25 23 43 30
25 23 43 35
25 23 43 36
25 30 43 35
25 30 43 36
25 12 49 20
25 12 49 21
25 12 49 23
25 12 49 30
25 12 49 36
25 20 49 23
25 20 49 30
25 20 49 36
25 21 49 23
25 21 49 30
25 21 49 36
25 23 49 30
25 23 49 36
25 30 49 36
25 23 53 30
25 12 55 20
25 12 55 21
25 12 58 20
25 12 58 36
25 20 58 36
25 12 59 20
25 12 59 36
25 20 59 36
25 20 61 36
26 7 39 10
26 8 39 10
26 7 43 12
26 8 43 12
26 20 43 23
26 21 43 23
26 20 49 23
26 21 49 23
27 7 39 10
27 8 39 10
27 7 43 12
27 8 43 12
27 20 43 23
27 21 43 23
27 20 49 23
27 21 49 23
28 7 39 10
28 8 39 10
28 7 43 12
28 8 43 12
28 20 43 23
28 21 43 23
28 20 49 23
28 21 49 23
29 20 35 30
29 20 35 31
29 21 35 30
29 21 35 31
29 22 35 30
29 22 35 31
29 23 35 30
29 23 35 31
29 7 36 17
29 7 36 20
29 7 36 21
29 7 36 22
29 7 36 23
29 7 36 30
29 7 36 31
29 7 36 35
29 7 36 36
29 8 36 17
29 8 36 20
29 8 36 21
29 8 36 22
29 8 36 23
29 8 36 30
29 8 36 31
29 8 36 35
29 8 36 36
29 9 36 17
29 9 36 20
29 9 36 21
29 9 36 22
29 9 36 23
29 9 36 30
29 9 36 31
29 9 36 35
29 9 36 36
29 10 36 17
29 10 36 20
29 10 36 21
29 10 36 22
29 10 36 23
29 10 36 30
29 10 36 31
29 10 36 35
29 10 36 36
29 11 36 17
29 11 36 20
29 11 36 21
29 11 36 22
29 11 36 23
29 11 36 30
29 11 36 31
29 11 36 35
29 11 36 36
29 12 36 17
29 12 36 20
29 12 36 21
29 12 36 22
29 12 36 23
29 12 36 30
29 12 36 31
29 12 36 35
29 12 36 36
29 17 36 20
29 17 36 21
29 17 36 22
29 17 36 23
29 17 36 30
29 17 36 31
29 17 36 35
29 17 36 36
29 20 36 30
29 20 36 31
29 20 36 35
29 20 36 36
29 21 36 30
29 21 36 31
29 21 36 35
29 21 36 36
29 22 36 30
29 22 36 31
29 22 36 35
29 22 36 36
29 23 36 30
29 23 36 31
29 23 36 35
29 23 36 36
29 30 36 35
29 30 36 36
29 31 36 35
29 31 36 36
29 7 39 10
29 8 39 10
29 7 43 12
29 7 43 20
29 7 43 21
29 7 43 23
29 7 43 30
29 7 43 35
29 7 43 36
29 8 43 12
29 8 43 20
29 8 43 21
29 8 43 23
29 8 43 30
29 8 43 35
29 8 43 36
29 12 43 20
29 12 43 21
29 12 43 23
29 12 43 30
29 12 43 35
29 12 43 36
29 20 43 23
29 20 43 30
29 20 43 35
29 20 43 36
29 21 43 23
29 21 43 30
29 21 43 35
29 21 43 36
29 23 43 30
29 23 43 35
29 23 43 36
29 30 43 35
29 30 43 36
29 12 49 20
29 12 49 21
29 12 49 23
29 12 49 30
29 12 49 36
29 20 49 23
29 20 49 30
29 20 49 36
29 21 49 23
29 21 49 30
29 21 49 36
29 23 49 30
29 23 49 36
29 30 49 36
29 23 53 30
29 12 55 20
29 12 55 21
29 12 58 20
29 12 58 36
29 20 58 36
29 12 59 20
29 12 59 36
29 20 59 36
29 20 61 36
30 7 39 10
30 8 39 10
30 7 43 12
30 8 43 12
30 20 43 23
30 21 43 23
30 20 49 23
30 21 49 23
31 7 39 10
31 8 39 10
31 7 43 12
31 8 43 12
31 20 43 23
31 21 43 23
31 20 49 23
31 21 49 23
32 7 39 10
32 8 39 10
32 7 43 12
32 8 43 12
32 20 43 23
32 21 43 23
32 20 49 23
32 21 49 23
33 7 39 10
33 8 39 10
33 7 43 12
33 8 43 12
33 20 43 23
33 21 43 23
33 20 49 23
33 21 49 23
34 7 39 10
34 8 39 10
34 7 43 12
34 8 43 12
34 20 43 23
34 21 43 23
34 20 49 23
34 21 49 23
35 7 39 10
35 8 39 10
35 7 43 12
35 8 43 12
35 20 43 23
35 20 43 30
35 21 43 23
35 21 43 30
35 23 43 30
35 20 49 23
35 20 49 30
35 21 49 23
35 21 49 30
35 23 49 30
35 23 53 30
36 7 39 10
36 8 39 10
36 7 43 12
36 7 43 20
36 7 43 21
36 7 43 23
36 7 43 30
36 7 43 35
36 7 43 36
36 8 43 12
36 8 43 20
36 8 43 21
36 8 43 23
36 8 43 30
36 8 43 35
36 8 43 36
36 12 43 20
36 12 43 21
36 12 43 23
36 12 43 30
36 12 43 35
36 12 43 36
36 20 43 23
36 20 43 30
36 20 43 35
36 20 43 36
36 21 43 23
36 21 43 30
36 21 43 35
36 21 43 36
36 23 43 30
36 23 43 35
36 23 43 36
36 30 43 35
36 30 43 36
36 12 49 20
36 12 49 21
36 12 49 23
36 12 49 30
36 12 49 36
36 12 49 42
36 20 49 23
36 20 49 30
36 20 49 36
36 20 49 42
36 21 49 23
36 21 49 30
36 21 49 36
36 21 49 42
36 23 49 30
36 23 49 36
36 23 49 42
36 30 49 36
36 30 49 42
36 36 49 42
36 23 53 30
36 12 55 20
36 12 55 21
36 12 58 20
36 12 58 36
36 12 58 42
36 20 58 36
36 20 58 42
36 36 58 42
36 12 59 20
36 12 59 36
36 12 59 42
36 20 59 36
36 20 59 42
36 36 59 42
36 20 61 36
43 12 49 20
43 12 49 21
43 12 49 23
43 12 49 30
43 12 49 36
43 20 49 23
43 20 49 30
43 20 49 36
43 21 49 23
43 21 49 30
43 21 49 36
43 23 49 30
43 23 49 36
43 30 49 36
43 23 53 30
43 12 55 20
43 12 55 21
43 12 58 20
43 12 58 36
43 20 58 36
43 12 59 20
43 12 59 36
43 20 59 36
43 20 61 36
49 23 53 30
49 12 55 20
49 12 55 21
49 13 55 20
49 13 55 21
49 12 58 20
49 12 58 36
49 12 58 42
49 12 58 43
49 13 58 20
49 13 58 36
49 13 58 42
49 13 58 43
49 20 58 36
49 20 58 42
49 20 58 43
49 36 58 42
49 36 58 43
49 12 59 20
49 12 59 36
49 12 59 42
49 13 59 20
49 13 59 36
49 13 59 42
49 20 59 36
49 20 59 42
49 36 59 42
49 20 61 36
55 12 58 20
55 13 58 20
55 12 59 20
55 13 59 20
58 20 61 36
59 20 61 36
