47 77
00000000000000000000000000000000000000000000000000000000000000000000000000000
00000000000000000000000000000111111111111111111000000000000000000000000000000
00000000000000000000000000000100000000000000001000000000000000000000000000000
00000000000000000000000000000100000000000000001000000000000000000000000000000
00000000000000000000000000000100000000011111111111111111111110000000000000000
00000000000000000000000000000100000000010000001000000000000010000000000000000
00000000000000000000000000000100000000010000001000000000000010000000000000000
00000000000000000000000000000100000000010000001000000000000010000000000000000
00001111111111111111111111111111111111111111111111111111111111111111110000000
00001000010000000000000000000000000100010000000000000000000010000000010000000
00001000010000000000000000000000000100010000000000000000000010000000010000000
00001000010000000000000000000000000100010000000000000000000010000000010000000
00001111111111111111111111111111111111111111111111111111111111111111110000000
00000000010000000000111111111111111111111111111111111111110010000000000000000
00000000010000000000100000000000000100010000000000000000010010000000000000000
00000000010000000000100000000000000100010000000000000000010010000000000000000
00000000010000000000100000000000000100010000000000000000010010000000000000000
00111111111111111111111111111111111111111111111111111100010010000000000000000
00100000011111111111111111111111111100010000000000000100010010000000000000000
00100000000000000000100000000000000000010000000000000100010010000000000000000
00100000000000000000100000000000000000010000000000000100010010000000000000000
00100000000000000000100000011111111111111111111111111100010010000000000000000
00100000000000000000111111111111111111111111111111111111110010000000000000000
00100000000000000000000000010000000000010000000000000100000010000000000000000
00100000000000000000000000010000000000010000000000000100000010000000000000000
00100000000000000000000000010000000000010000000000000100000010000000000000000
00100000000000000000000000010000000000010000000000000100000010000000000000000
00100000000000000000000000010000000000010000000000000100000010000000000000000
00100000000000000000000000010000000000010000000000000100000010000000000000000
00100000000000000000000000010000000000010000000000000100000010000000000000000
00100000000000000000000000010000000000010000000000000100000010000000000000000
00100000000000000000000000010000000000010000000000000100000010000000000000000
00100000000000000000000000010000000000010000000000000100000010000000000000000
00100000000000000000000000011111111111111111111111111100000010000000000000000
00111111111111111111111111111111111111111111111111111100000010000000000000000
00000000000000000000000000000000000000010000000000000111111111111111111000000
00000000000000000000000000000000000000011111111111111111111110000000001000000
00000000000000000000000000000000000000000000000000000100000000000000001000000
00000000000000000000000000000000000000000000000000000100000000000000001000000
00000000000000000000000000000000000000000000000000000100000000000000001000000
00000000000000000000000000000000000000000000000000000100000000000000001000000
00000000000000000000000000000000000000000000000000000100000000000000001000000
00000000000000000000000000000000000000000000000000000100000000000000001000000
00000000000000000000000000000000000000000000000000000111111111111111111000000
00000000000000000000000000000000000000000000000000000000000000000000000000000
00000000000000000000000000000000000000000000000000000000000000000000000000000
00000000000000000000000000000000000000000000000000000000000000000000000000000
73
2 30 9 47
5 40 9 47
5 40 9 61
5 47 9 61
5 40 13 61
5 40 37 61
9 5 13 10
9 5 13 36
9 5 13 40
9 5 13 61
9 5 13 70
9 10 13 36
9 10 13 40
9 10 13 61
9 10 13 70
9 36 13 40
9 36 13 61
9 36 13 70
9 40 13 61
9 40 13 70
9 61 13 70
9 36 14 40
9 10 18 36
9 10 18 40
9 36 18 40
9 10 19 36
9 40 37 61
13 10 18 21
13 10 18 36
13 10 18 40
13 21 18 36
13 21 18 40
13 36 18 40
13 10 19 21
13 10 19 36
13 21 19 36
13 21 23 40
13 21 23 58
13 40 23 58
13 40 37 61
14 21 18 36
14 21 18 40
14 36 18 40
14 21 19 36
14 21 23 40
14 21 23 58
14 40 23 58
18 40 22 54
18 21 23 40
18 21 23 54
18 40 23 54
18 40 34 54
18 3 35 40
18 3 35 54
18 40 35 54
18 40 37 54
22 28 34 40
22 28 34 54
22 40 34 54
22 28 35 40
22 28 35 54
22 40 35 54
22 40 37 54
23 28 34 40
23 28 34 54
23 40 34 54
23 28 35 40
23 28 35 54
23 40 35 54
23 40 37 54
34 40 37 54
35 40 37 54
36 54 44 71
