69 48
011110000000000000000000000000000000000000000000
010010000000000000000000000000000000000000000000
010010000000000000000000000000000000000000000000
010010000000000000000000000000000000000000000000
010010000000000000000000000000000000000000000000
010010000000000000000000000000000000000000000000
010010000000000000000000000000000000000000000000
011110000000000000000000000000000000000000000000
000000000000000000000000000000000000000000000000
000000000011111111111111111111111111111111111110
000000000010000000000000000000000000000000000010
000000000010000000000000000000000000000000000010
000000000010000000000000000000000000000000000010
000000000010000000000000000000000000000000000010
000000000010000000000000000000000000000000000010
000000000010000000000000000000000000000000000010
000000000010000000000000011111111111111111111010
000000000010000000000000010000000000000000001010
000000000010000000000000010000000000000000001010
000000000010000000000000010000000000000000001010
000000000010000000000000010000000000000000001010
000000000010000000000000010000000000000000001010
000000000010000000000000010000000000000000001010
000000000010000000000000010000000000000000001010
000000011111111111111111111111111111111111001010
000000010010000000000000010000000000000001001010
000000010010000000000000010000000000000001001010
000000010010000000000000010000000000000001001010
000000010010000000000000010000000000000001001010
000000010010000000000000010000000000000001001010
000000010010000000000000010000000000000001001010
000000010010000000000000010000000000000001001010
000000010010000000000000010000000000000001001010
000000010010000000000000010000000000000001001010
000000010010000000000000010000000000000001001010
000000010010000000000000010000000000000001001010
000000010011111111111111111111111111111111111110
000000010000000000000000010000000000111111111110
000000010000000000000000010000000000100001001010
000000010000000000000000010000000000100001001010
000000010000000000000000010000000000100001001010
000000010000000000000000010000000000100001001010
000000011100000000000000010000000000100001001010
000000010100000000000000010000000000100001001010
000000010100000000000000010000000000100001001010
000000010100000000000000010000000000100001001010
000000010100000000000000010000000000100001001010
000000010100000000000000010000000000100001001010
000000010100000000000000010001111111111111111110
000000010100000000000000010001000000100001001110
000000010100000000001111111111111111111111001110
000000010100000000001000011111111111100011001110
000000010100000000001000011001000001100011001110
000000010100000000001000011111111111100011001110
000000010100000000001000010001000000100011001110
000000010100000000001000010001111111111111111110
000000010100000000001111111111111111111111001010
000000010100000000000000010000000000100001001010
000000010100000000000000010000000000100001001010
000000010100000000000000010000000000100001001010
000000010100000000000000010000000000100001001010
000000010100000000000000010000000000100001001010
000000011111111111111111111111111111111111111010
000000010100000000000000000000000000100000000010
000000011100000000000000000000000000111111111110
000000000000000000000000000000000000000000000000
000000000000000000000000000000000000000000000000
000000000000000000000000000000000000000000000000
000000000000000000000000000000000000000000000000
151
1 2 8 5
10 11 37 47
17 26 37 45
17 26 63 45
25 11 37 26
25 11 37 42
25 26 37 42
25 26 51 42
25 26 57 42
25 8 63 26
25 8 63 42
25 26 63 42
37 37 49 42
37 37 49 45
37 37 49 47
37 42 49 45
37 42 49 47
37 45 49 47
37 45 50 47
37 26 51 37
37 26 51 42
37 37 51 42
37 45 51 47
37 26 52 37
37 45 52 47
37 45 53 47
37 26 54 37
37 45 54 47
37 45 55 47
37 37 56 42
37 37 56 45
37 37 56 47
37 42 56 45
37 42 56 47
37 45 56 47
37 26 57 37
37 26 57 42
37 37 57 42
37 26 63 37
37 26 63 42
37 26 63 45
37 37 63 42
37 37 63 45
37 42 63 45
37 37 65 47
38 37 49 42
38 37 49 45
38 37 49 47
38 42 49 45
38 42 49 47
38 45 49 47
38 45 50 47
38 37 51 42
38 45 51 47
38 45 52 47
38 45 53 47
38 45 54 47
38 45 55 47
38 37 56 42
38 37 56 45
38 37 56 47
38 42 56 45
38 42 56 47
38 45 56 47
38 37 57 42
38 37 63 42
38 37 63 45
38 42 63 45
38 37 65 47
43 8 63 10
43 8 65 10
49 30 51 37
49 30 51 42
49 37 51 42
49 30 52 37
49 30 54 37
49 30 56 37
49 30 56 42
49 30 56 45
49 30 56 46
49 30 56 47
49 37 56 42
49 37 56 45
49 37 56 46
49 37 56 47
49 42 56 45
49 42 56 46
49 42 56 47
49 30 57 37
49 30 57 42
49 37 57 42
49 37 63 42
49 37 63 45
49 42 63 45
49 37 65 47
51 26 54 30
51 26 54 36
51 26 54 37
51 27 54 30
51 27 54 36
51 27 54 37
51 30 54 36
51 30 54 37
51 30 56 37
51 30 56 41
51 30 56 42
51 37 56 41
51 37 56 42
51 21 57 26
51 21 57 30
51 21 57 37
51 21 57 41
51 21 57 42
51 26 57 30
51 26 57 37
51 26 57 41
51 26 57 42
51 30 57 37
51 30 57 41
51 30 57 42
51 37 57 41
51 37 57 42
51 26 63 37
51 26 63 42
51 37 63 42
52 26 54 30
52 26 54 36
52 26 54 37
52 27 54 30
52 27 54 36
52 27 54 37
52 30 54 36
52 30 54 37
52 30 56 37
52 26 57 30
52 26 57 37
52 30 57 37
52 26 63 37
54 30 56 37
54 26 57 30
54 26 57 37
54 30 57 37
54 26 63 37
56 37 63 42
56 37 63 45
56 42 63 45
56 37 65 47
57 26 63 37
57 26 63 42
57 37 63 42
63 8 65 10
