60 44
00000000000000000000000000000000000000000000
00000000000000000000000000000000000000000000
00000000000000000000000000000000000000000000
00000000000000000000000001111111111111111111
00000000000000000000000001000000000000000001
00000000000000000001111111111111111111111001
00000000000000000001000001000000000000001001
00000000000000000001000001000000000000001001
00000000000000000001000001000000000000001001
00000000000000000001000001000000000000001001
00000000000000000001000001000000000000001001
00000000000000000001111111111111111111111001
00000000000000000000000001000000000000000001
00000000000000000000000001000000000000000001
00000000000000000000000001000000000000000001
00000000000000000000000001001111111111111111
00000000000000011111110001001000000000000011
00000000000000010000010001001000000000000011
00000000000000010000010001001000000000000011
00000000000000010000010001001000000000000011
00000000000000010000010001001000000000000011
00000000000000010000010001001000000000000011
00000000000000011111110001001000000000000011
00000000000000000000000001001000000000000011
00000000000000000000000001001000000000000011
00000000000000000000000001001000000000000011
00000000000000000000000001001000000000000011
00000000000000000000000001001111111111111111
00000000000000000000000001000000000000000001
00000000000000000000000001000000000000000001
00000000000000000000000001000000000000000001
00000000000000000000000001000000000000000001
00000000000000000000000001000000000000000001
00000000000000000000000001000000000000000001
00000000000000000000000001000000000000000001
00000000000000000000000001000000000000000001
00000000000000000000000001000000000000000001
00000000000000000000000001000000000000000001
00000000000000000000000001000000000000000001
00000000000000000000000001000000000000000001
00000000000000000000000001000000000000000001
00000000000000000000000001000000000000000001
00000000000000000000000001000000000000000001
00000000000000000000000001000000000000000001
00000000000000000000000001000000000000000001
00000000000000000000000001000000000000000001
00000000000000000000000001000000000000000001
00000000000000000000000001000000000000000001
00000000000000000000000001000000000000000001
00000000000000000000000001000000000000000001
00000000000000000000000001000000000000000001
00000000000000000000000001000000000000000001
00000000000000000000000001000000000000000001
00000000000000000000000001000000000000000001
00000000000000000000000001000000000000000001
00000000000000000000000001000000000000000001
00000000000000000000000001000000000000000001
00000000000000000000000001000000000000000001
00000000000000000000000001111111111111111111
00000000000000000000000000000000000000000000
7
4 26 59 44
6 20 12 26
6 20 12 41
6 26 12 41
16 29 28 43
16 29 28 44
17 16 23 22
