99 36
000000000000000000000000000000000000
000000000000000000000000001111111110
000000000000000000000000001000000010
000111111111111111111100001000000010
000111000011111111110100001000000010
000111000010000000010100001000000010
000111000010000000010100001000000010
111111111111111111110100001000000010
100111000010000000110100001000000010
100111000010000000110100001000000010
100111000010000000110100001000000010
100111000010000000110100001000000010
100111000010000000110100001000000010
100111000010000000110111111111110010
100111000111111111111111111111110010
100111000110000000110110001000010010
100111000110000000110110001000010010
100111000110000000110110001000010010
100111000110000000110110001000010010
100111111111111111110110001000010010
100111111111111111111111111111111110
100111101111111111110110001000010010
100111101110000011110110001000010010
100111101110000011110110001000010010
100111101111111111111111111111110010
100111101010000011111111111111111110
100111111111111111111111111000010110
100111101010000011111110001000010110
100111101010000011111110001000010110
100111101010000011111110001000010110
100111101010000011111110001000010110
100111101010000011111110001000010110
100111101010000011111110001000010110
100111101010000011111110001000010110
100111101010000011111110001000010110
100111101010000011111110001000010110
100111101010000011111110001000010110
100111101010000011111110001000010110
100111101010000011111110001000010110
100111101010000011111111111111110110
100111101010000011111100001000000110
100111101010000011111111111111110110
100111101010000011111100001000010110
100111101010000011111100001000010110
100111101010000011111100001000010110
100111101010000011111100001000010110
100111101010000011111100001000010110
100111101010000011111100001000010110
111111111111111111111111111111111110
001111111111111111111111111000010010
001110101010000011011100001000010010
001111111111111111111111111111111111
001110101010000011011100001000010011
001111111111111111111111001000010011
001111101010000011011101001000010011
001111101010000011011101001000010011
001111101010000011011101001000010011
001111101010000011011101001000010011
001111101010000011011101001000010011
001111111111111111111111111111111111
001111000010000000011101001000010011
001111000010000000011101001000010011
001111000010000000011101001000010011
001111000010000000011101001000010011
001111000011111111111101001000010011
001111000000000000001101001000010011
001111000000000000001101001000010011
001111111111111111111111111000010011
000111000000000000001001001111111111
000111000000000000001001001000010001
000111000000000000001001001000010001
000111000000000000001001001000010001
000111000000000000001001001000010001
000111000000000000001001001000010001
000111000000000000001001001000010001
000111000000000000001001001000010001
000111111111111111111111111111111111
000101000000000000001001001000010000
000101000000000000001001001000010000
000101000000000000001001001000010000
000101000000000000001111111111110000
000101000000000000000001001000000000
000101000000000000000001001000000000
000101000000000000000001001000000000
000101000000000000000001001000000000
000101000000000000000001001000000000
000101000000000000000001001000000000
000101000000000000000001001000000000
000101000000000000000001001000000000
000101000000000000000001001000000000
000101000000000000000001001000000000
000101000000000000000001001000000000
000101000000000000000001001000000000
000101111111111111111111001000000000
000100000000000000000000001000000000
000100000000000000000000001000000000
000111111111111111111111111000000000
000000000000000000000000000000000000
000000000000000000000000000000000000
3615
2 27 21 35
2 27 26 35
2 27 49 35
2 27 52 35
2 27 60 35
2 27 69 35
4 4 8 11
4 4 8 20
4 5 8 11
4 5 8 20
4 6 8 11
4 6 8 20
4 11 8 20
4 11 15 20
4 11 15 22
4 20 15 22
4 4 20 11
4 4 20 20
4 5 20 11
4 5 20 20
4 6 20 11
4 6 20 20
4 11 20 20
4 4 21 11
4 4 21 20
4 4 21 22
4 5 21 11
4 5 21 20
4 5 21 22
4 6 21 11
4 6 21 20
4 6 21 22
4 11 21 20
4 11 21 22
4 20 21 22
4 11 22 20
4 11 25 20
4 11 25 22
4 20 25 22
4 20 26 22
4 4 27 11
4 4 27 20
4 4 27 22
4 5 27 11
4 5 27 20
4 5 27 22
4 6 27 11
4 6 27 20
4 6 27 22
4 11 27 20
4 11 27 22
4 20 27 22
4 20 28 22
4 20 29 22
4 20 30 22
4 20 31 22
4 20 32 22
4 20 33 22
4 20 34 22
4 20 35 22
4 20 36 22
4 20 37 22
4 20 38 22
4 20 39 22
4 20 40 22
4 20 41 22
4 20 42 22
4 20 43 22
4 20 44 22
4 20 45 22
4 20 46 22
4 20 47 22
4 20 48 22
4 4 49 11
4 4 49 20
4 4 49 22
4 5 49 11
4 5 49 20
4 5 49 22
4 6 49 11
4 6 49 20
4 6 49 22
4 11 49 20
4 11 49 22
4 20 49 22
4 4 50 11
4 4 50 20
4 4 50 22
4 5 50 11
4 5 50 20
4 5 50 22
4 6 50 11
4 6 50 20
4 6 50 22
4 11 50 20
4 11 50 22
4 20 50 22
4 20 51 22
4 4 52 11
4 4 52 20
4 4 52 22
4 5 52 11
4 5 52 20
4 5 52 22
4 11 52 20
4 11 52 22
4 20 52 22
4 20 53 22
4 4 54 11
4 4 54 20
4 4 54 22
4 5 54 11
4 5 54 20
4 5 54 22
4 11 54 20
4 11 54 22
4 20 54 22
4 20 55 22
4 20 56 22
4 20 57 22
4 20 58 22
4 20 59 22
4 4 60 11
4 4 60 20
4 4 60 22
4 5 60 11
4 5 60 20
4 5 60 22
4 11 60 20
4 11 60 22
4 20 60 22
4 20 61 22
4 20 62 22
4 20 63 22
4 20 64 22
4 11 65 20
4 11 65 22
4 20 65 22
4 4 68 22
4 5 68 22
5 11 8 20
5 11 15 20
5 11 20 20
5 11 21 20
5 11 22 20
5 11 25 20
5 11 27 20
5 11 49 20
5 11 50 20
5 11 52 20
5 11 54 20
5 11 60 20
5 11 65 20
8 11 15 19
8 11 15 20
8 4 20 11
8 4 20 19
8 4 20 20
8 5 20 11
8 5 20 19
8 5 20 20
8 6 20 11
8 6 20 19
8 6 20 20
8 11 20 19
8 11 20 20
8 4 21 11
8 4 21 19
8 4 21 20
8 5 21 11
8 5 21 19
8 5 21 20
8 6 21 11
8 6 21 19
8 6 21 20
8 11 21 19
8 11 21 20
8 11 22 19
8 11 22 20
8 11 25 19
8 11 25 20
8 4 27 11
8 4 27 19
8 4 27 20
8 5 27 11
8 5 27 19
8 5 27 20
8 6 27 11
8 6 27 19
8 6 27 20
8 11 27 19
8 11 27 20
8 1 49 4
8 1 49 5
8 1 49 6
8 1 49 11
8 1 49 19
8 1 49 20
8 4 49 11
8 4 49 19
8 4 49 20
8 5 49 11
8 5 49 19
8 5 49 20
8 6 49 11
8 6 49 19
8 6 49 20
8 11 49 19
8 11 49 20
8 4 50 11
8 4 50 19
8 4 50 20
8 5 50 11
8 5 50 19
8 5 50 20
8 6 50 11
8 6 50 19
8 6 50 20
8 11 50 19
8 11 50 20
8 4 52 11
8 4 52 20
8 5 52 11
8 5 52 20
8 11 52 20
8 4 54 11
8 4 54 20
8 5 54 11
8 5 54 20
8 11 54 20
8 4 60 11
8 4 60 20
8 5 60 11
8 5 60 20
8 11 60 20
8 11 65 20
14 22 21 27
14 22 21 32
14 23 21 27
14 23 21 32
14 27 21 32
14 22 25 27
14 22 25 32
14 23 25 27
14 23 25 32
14 27 25 32
14 22 26 27
14 22 26 32
14 23 26 27
14 23 26 32
14 27 26 32
14 22 27 27
14 23 27 27
14 22 40 27
14 22 40 32
14 23 40 27
14 23 40 32
14 27 40 32
14 22 42 27
14 22 49 27
14 22 50 27
14 22 52 27
14 22 60 27
14 22 68 27
15 10 20 19
15 10 20 20
15 11 20 19
15 11 20 20
15 10 21 19
15 10 21 20
15 10 21 22
15 10 21 23
15 10 21 27
15 10 21 32
15 11 21 19
15 11 21 20
15 11 21 22
15 11 21 23
15 11 21 27
15 11 21 32
15 19 21 22
15 19 21 23
15 19 21 27
15 19 21 32
15 20 21 22
15 20 21 23
15 20 21 27
15 20 21 32
15 22 21 27
15 22 21 32
15 23 21 27
15 23 21 32
15 27 21 32
15 10 22 19
15 10 22 20
15 11 22 19
15 11 22 20
15 10 25 19
15 10 25 20
15 10 25 22
15 10 25 23
15 10 25 27
15 10 25 32
15 11 25 19
15 11 25 20
15 11 25 22
15 11 25 23
15 11 25 27
15 11 25 32
15 19 25 22
15 19 25 23
15 19 25 27
15 19 25 32
15 20 25 22
15 20 25 23
15 20 25 27
15 20 25 32
15 22 25 27
15 22 25 32
15 23 25 27
15 23 25 32
15 27 25 32
15 19 26 22
15 19 26 23
15 19 26 27
15 19 26 32
15 20 26 22
15 20 26 23
15 20 26 27
15 20 26 32
15 22 26 27
15 22 26 32
15 23 26 27
15 23 26 32
15 27 26 32
15 11 27 19
15 11 27 20
15 11 27 22
15 11 27 23
15 11 27 27
15 19 27 22
15 19 27 23
15 19 27 27
15 20 27 22
15 20 27 23
15 20 27 27
15 22 27 27
15 23 27 27
15 19 28 22
15 19 28 23
15 20 28 22
15 20 28 23
15 19 29 22
15 19 29 23
15 20 29 22
15 20 29 23
15 19 30 22
15 19 30 23
15 20 30 22
15 20 30 23
15 19 31 22
15 19 31 23
15 20 31 22
15 20 31 23
15 19 32 22
15 19 32 23
15 20 32 22
15 20 32 23
15 19 33 22
15 19 33 23
15 20 33 22
15 20 33 23
15 19 34 22
15 19 34 23
15 20 34 22
15 20 34 23
15 19 35 22
15 19 35 23
15 20 35 22
15 20 35 23
15 19 36 22
15 19 36 23
15 20 36 22
15 20 36 23
15 19 37 22
15 19 37 23
15 20 37 22
15 20 37 23
15 19 38 22
15 19 38 23
15 20 38 22
15 20 38 23
15 19 39 22
15 19 39 23
15 20 39 22
15 20 39 23
15 19 40 22
15 19 40 23
15 19 40 27
15 19 40 32
15 20 40 22
15 20 40 23
15 20 40 27
15 20 40 32
15 22 40 27
15 22 40 32
15 23 40 27
15 23 40 32
15 27 40 32
15 19 41 22
15 20 41 22
15 19 42 22
15 19 42 27
15 20 42 22
15 20 42 27
15 22 42 27
15 19 43 22
15 20 43 22
15 19 44 22
15 20 44 22
15 19 45 22
15 20 45 22
15 19 46 22
15 20 46 22
15 19 47 22
15 20 47 22
15 19 48 22
15 20 48 22
15 11 49 19
15 11 49 20
15 11 49 22
15 11 49 27
15 19 49 22
15 19 49 27
15 20 49 22
15 20 49 27
15 22 49 27
15 11 50 19
15 11 50 20
15 11 50 22
15 11 50 27
15 19 50 22
15 19 50 27
15 20 50 22
15 20 50 27
15 22 50 27
15 20 51 22
15 11 52 20
15 11 52 22
15 11 52 27
15 20 52 22
15 20 52 27
15 22 52 27
15 20 53 22
15 11 54 20
15 11 54 22
15 20 54 22
15 20 55 22
15 20 56 22
15 20 57 22
15 20 58 22
15 20 59 22
15 11 60 20
15 11 60 22
15 11 60 27
15 20 60 22
15 20 60 27
15 22 60 27
15 20 61 22
15 20 62 22
15 20 63 22
15 20 64 22
15 11 65 20
15 11 65 22
15 20 65 22
15 22 68 27
20 9 25 17
20 9 25 18
20 9 25 19
20 9 25 20
20 10 25 17
20 10 25 18
20 10 25 19
20 10 25 20
20 11 25 17
20 11 25 18
20 11 25 19
20 11 25 20
20 4 27 9
20 4 27 11
20 4 27 17
20 4 27 18
20 4 27 19
20 4 27 20
20 5 27 9
20 5 27 11
20 5 27 17
20 5 27 18
20 5 27 19
20 5 27 20
20 6 27 9
20 6 27 11
20 6 27 17
20 6 27 18
20 6 27 19
20 6 27 20
20 7 27 9
20 7 27 11
20 7 27 17
20 7 27 18
20 7 27 19
20 7 27 20
20 9 27 11
20 9 27 17
20 9 27 18
20 9 27 19
20 9 27 20
20 11 27 17
20 11 27 18
20 11 27 19
20 11 27 20
20 4 49 9
20 4 49 11
20 4 49 17
20 4 49 18
20 4 49 19
20 4 49 20
20 5 49 9
20 5 49 11
20 5 49 17
20 5 49 18
20 5 49 19
20 5 49 20
20 6 49 9
20 6 49 11
20 6 49 17
20 6 49 18
20 6 49 19
20 6 49 20
20 7 49 9
20 7 49 11
20 7 49 17
20 7 49 18
20 7 49 19
20 7 49 20
20 9 49 11
20 9 49 17
20 9 49 18
20 9 49 19
20 9 49 20
20 11 49 17
20 11 49 18
20 11 49 19
20 11 49 20
20 4 50 9
20 4 50 11
20 4 50 17
20 4 50 18
20 4 50 19
20 4 50 20
20 5 50 9
20 5 50 11
20 5 50 17
20 5 50 18
20 5 50 19
20 5 50 20
20 6 50 9
20 6 50 11
20 6 50 17
20 6 50 18
20 6 50 19
20 6 50 20
20 7 50 9
20 7 50 11
20 7 50 17
20 7 50 18
20 7 50 19
20 7 50 20
20 9 50 11
20 9 50 17
20 9 50 18
20 9 50 19
20 9 50 20
20 11 50 17
20 11 50 18
20 11 50 19
20 11 50 20
20 4 52 7
20 4 52 9
20 4 52 11
20 4 52 17
20 4 52 18
20 4 52 20
20 5 52 7
20 5 52 9
20 5 52 11
20 5 52 17
20 5 52 18
20 5 52 20
20 7 52 9
20 7 52 11
20 7 52 17
20 7 52 18
20 7 52 20
20 9 52 11
20 9 52 17
20 9 52 18
20 9 52 20
20 11 52 17
20 11 52 18
20 11 52 20
20 17 52 20
20 18 52 20
20 4 54 7
20 4 54 9
20 4 54 11
20 4 54 17
20 4 54 18
20 4 54 20
20 5 54 7
20 5 54 9
20 5 54 11
20 5 54 17
20 5 54 18
20 5 54 20
20 7 54 9
20 7 54 11
20 7 54 17
20 7 54 18
20 7 54 20
20 9 54 11
20 9 54 17
20 9 54 18
20 9 54 20
20 11 54 17
20 11 54 18
20 11 54 20
20 17 54 20
20 18 54 20
20 4 55 7
20 5 55 7
20 4 56 7
20 5 56 7
20 4 57 7
20 5 57 7
20 4 58 7
20 5 58 7
20 4 59 7
20 5 59 7
20 4 60 7
20 4 60 9
20 4 60 11
20 4 60 17
20 4 60 18
20 4 60 20
20 5 60 7
20 5 60 9
20 5 60 11
20 5 60 17
20 5 60 18
20 5 60 20
20 7 60 9
20 7 60 11
20 7 60 17
20 7 60 18
20 7 60 20
20 9 60 11
20 9 60 17
20 9 60 18
20 9 60 20
20 11 60 17
20 11 60 18
20 11 60 20
20 17 60 20
20 18 60 20
20 11 65 20
21 9 25 17
21 9 25 18
21 9 25 19
21 9 25 20
21 9 25 22
21 9 25 23
21 9 25 27
21 9 25 32
21 10 25 17
21 10 25 18
21 10 25 19
21 10 25 20
21 10 25 22
21 10 25 23
21 10 25 27
21 10 25 32
21 11 25 17
21 11 25 18
21 11 25 19
21 11 25 20
21 11 25 22
21 11 25 23
21 11 25 27
21 11 25 32
21 17 25 22
21 17 25 23
21 17 25 27
21 17 25 32
21 18 25 22
21 18 25 23
21 18 25 27
21 18 25 32
21 19 25 22
21 19 25 23
21 19 25 27
21 19 25 32
21 20 25 22
21 20 25 23
21 20 25 27
21 20 25 32
21 22 25 27
21 22 25 32
21 23 25 27
21 23 25 32
21 27 25 32
21 17 26 22
21 17 26 23
21 17 26 27
21 17 26 32
21 17 26 35
21 18 26 22
21 18 26 23
21 18 26 27
21 18 26 32
21 18 26 35
21 19 26 22
21 19 26 23
21 19 26 27
21 19 26 32
21 19 26 35
21 20 26 22
21 20 26 23
21 20 26 27
21 20 26 32
21 20 26 35
21 22 26 27
21 22 26 32
21 22 26 35
21 23 26 27
21 23 26 32
21 23 26 35
21 27 26 32
21 27 26 35
21 32 26 35
21 4 27 9
21 4 27 11
21 4 27 17
21 4 27 18
21 4 27 19
21 4 27 20
21 4 27 22
21 4 27 23
21 4 27 27
21 5 27 9
21 5 27 11
21 5 27 17
21 5 27 18
21 5 27 19
21 5 27 20
21 5 27 22
21 5 27 23
21 5 27 27
21 6 27 9
21 6 27 11
21 6 27 17
21 6 27 18
21 6 27 19
21 6 27 20
21 6 27 22
21 6 27 23
21 6 27 27
21 7 27 9
21 7 27 11
21 7 27 17
21 7 27 18
21 7 27 19
21 7 27 20
21 7 27 22
21 7 27 23
21 7 27 27
21 9 27 11
21 9 27 17
21 9 27 18
21 9 27 19
21 9 27 20
21 9 27 22
21 9 27 23
21 9 27 27
21 11 27 17
21 11 27 18
21 11 27 19
21 11 27 20
21 11 27 22
21 11 27 23
21 11 27 27
21 17 27 22
21 17 27 23
21 17 27 27
21 18 27 22
21 18 27 23
21 18 27 27
21 19 27 22
21 19 27 23
21 19 27 27
21 20 27 22
21 20 27 23
21 20 27 27
21 22 27 27
21 23 27 27
21 17 28 22
21 17 28 23
21 18 28 22
21 18 28 23
21 19 28 22
21 19 28 23
21 20 28 22
21 20 28 23
21 17 29 22
21 17 29 23
21 18 29 22
21 18 29 23
21 19 29 22
21 19 29 23
21 20 29 22
21 20 29 23
21 17 30 22
21 17 30 23
21 18 30 22
21 18 30 23
21 19 30 22
21 19 30 23
21 20 30 22
21 20 30 23
21 17 31 22
21 17 31 23
21 18 31 22
21 18 31 23
21 19 31 22
21 19 31 23
21 20 31 22
21 20 31 23
21 17 32 22
21 17 32 23
21 18 32 22
21 18 32 23
21 19 32 22
21 19 32 23
21 20 32 22
21 20 32 23
21 17 33 22
21 17 33 23
21 18 33 22
21 18 33 23
21 19 33 22
21 19 33 23
21 20 33 22
21 20 33 23
21 17 34 22
21 17 34 23
21 18 34 22
21 18 34 23
21 19 34 22
21 19 34 23
21 20 34 22
21 20 34 23
21 17 35 22
21 17 35 23
21 18 35 22
21 18 35 23
21 19 35 22
21 19 35 23
21 20 35 22
21 20 35 23
21 17 36 22
21 17 36 23
21 18 36 22
21 18 36 23
21 19 36 22
21 19 36 23
21 20 36 22
21 20 36 23
21 17 37 22
21 17 37 23
21 18 37 22
21 18 37 23
21 19 37 22
21 19 37 23
21 20 37 22
21 20 37 23
21 17 38 22
21 17 38 23
21 18 38 22
21 18 38 23
21 19 38 22
21 19 38 23
21 20 38 22
21 20 38 23
21 17 39 22
21 17 39 23
21 18 39 22
21 18 39 23
21 19 39 22
21 19 39 23
21 20 39 22
21 20 39 23
21 17 40 22
21 17 40 23
21 17 40 27
21 17 40 32
21 18 40 22
21 18 40 23
21 18 40 27
21 18 40 32
21 19 40 22
21 19 40 23
21 19 40 27
21 19 40 32
21 20 40 22
21 20 40 23
21 20 40 27
21 20 40 32
21 22 40 27
21 22 40 32
21 23 40 27
21 23 40 32
21 27 40 32
21 17 41 22
21 18 41 22
21 19 41 22
21 20 41 22
21 17 42 22
21 17 42 27
21 18 42 22
21 18 42 27
21 19 42 22
21 19 42 27
21 20 42 22
21 20 42 27
21 22 42 27
21 17 43 22
21 18 43 22
21 19 43 22
21 20 43 22
21 17 44 22
21 18 44 22
21 19 44 22
21 20 44 22
21 17 45 22
21 18 45 22
21 19 45 22
21 20 45 22
21 17 46 22
21 18 46 22
21 19 46 22
21 20 46 22
21 17 47 22
21 18 47 22
21 19 47 22
21 20 47 22
21 17 48 22
21 18 48 22
21 19 48 22
21 20 48 22
21 4 49 9
21 4 49 11
21 4 49 17
21 4 49 18
21 4 49 19
21 4 49 20
21 4 49 22
21 4 49 27
21 4 49 35
21 5 49 9
21 5 49 11
21 5 49 17
21 5 49 18
21 5 49 19
21 5 49 20
21 5 49 22
21 5 49 27
21 5 49 35
21 6 49 9
21 6 49 11
21 6 49 17
21 6 49 18
21 6 49 19
21 6 49 20
21 6 49 22
21 6 49 27
21 6 49 35
21 7 49 9
21 7 49 11
21 7 49 17
21 7 49 18
21 7 49 19
21 7 49 20
21 7 49 22
21 7 49 27
21 7 49 35
21 9 49 11
21 9 49 17
21 9 49 18
21 9 49 19
21 9 49 20
21 9 49 22
21 9 49 27
21 9 49 35
21 11 49 17
21 11 49 18
21 11 49 19
21 11 49 20
21 11 49 22
21 11 49 27
21 11 49 35
21 17 49 22
21 17 49 27
21 17 49 35
21 18 49 22
21 18 49 27
21 18 49 35
21 19 49 22
21 19 49 27
21 19 49 35
21 20 49 22
21 20 49 27
21 20 49 35
21 22 49 27
21 22 49 35
21 27 49 35
21 4 50 9
21 4 50 11
21 4 50 17
21 4 50 18
21 4 50 19
21 4 50 20
21 4 50 22
21 4 50 27
21 5 50 9
21 5 50 11
21 5 50 17
21 5 50 18
21 5 50 19
21 5 50 20
21 5 50 22
21 5 50 27
21 6 50 9
21 6 50 11
21 6 50 17
21 6 50 18
21 6 50 19
21 6 50 20
21 6 50 22
21 6 50 27
21 7 50 9
21 7 50 11
21 7 50 17
21 7 50 18
21 7 50 19
21 7 50 20
21 7 50 22
21 7 50 27
21 9 50 11
21 9 50 17
21 9 50 18
21 9 50 19
21 9 50 20
21 9 50 22
21 9 50 27
21 11 50 17
21 11 50 18
21 11 50 19
21 11 50 20
21 11 50 22
21 11 50 27
21 17 50 22
21 17 50 27
21 18 50 22
21 18 50 27
21 19 50 22
21 19 50 27
21 20 50 22
21 20 50 27
21 22 50 27
21 20 51 22
21 4 52 7
21 4 52 9
21 4 52 11
21 4 52 17
21 4 52 18
21 4 52 20
21 4 52 22
21 4 52 27
21 4 52 35
21 5 52 7
21 5 52 9
21 5 52 11
21 5 52 17
21 5 52 18
21 5 52 20
21 5 52 22
21 5 52 27
21 5 52 35
21 7 52 9
21 7 52 11
21 7 52 17
21 7 52 18
21 7 52 20
21 7 52 22
21 7 52 27
21 7 52 35
21 9 52 11
21 9 52 17
21 9 52 18
21 9 52 20
21 9 52 22
21 9 52 27
21 9 52 35
21 11 52 17
21 11 52 18
21 11 52 20
21 11 52 22
21 11 52 27
21 11 52 35
21 17 52 20
21 17 52 22
21 17 52 27
21 17 52 35
21 18 52 20
21 18 52 22
21 18 52 27
21 18 52 35
21 20 52 22
21 20 52 27
21 20 52 35
21 22 52 27
21 22 52 35
21 27 52 35
21 20 53 22
21 4 54 7
21 4 54 9
21 4 54 11
21 4 54 17
21 4 54 18
21 4 54 20
21 4 54 22
21 5 54 7
21 5 54 9
21 5 54 11
21 5 54 17
21 5 54 18
21 5 54 20
21 5 54 22
21 7 54 9
21 7 54 11
21 7 54 17
21 7 54 18
21 7 54 20
21 7 54 22
21 9 54 11
21 9 54 17
21 9 54 18
21 9 54 20
21 9 54 22
21 11 54 17
21 11 54 18
21 11 54 20
21 11 54 22
21 17 54 20
21 17 54 22
21 18 54 20
21 18 54 22
21 20 54 22
21 4 55 7
21 5 55 7
21 20 55 22
21 4 56 7
21 5 56 7
21 20 56 22
21 4 57 7
21 5 57 7
21 20 57 22
21 4 58 7
21 5 58 7
21 20 58 22
21 4 59 7
21 5 59 7
21 20 59 22
21 4 60 7
21 4 60 9
21 4 60 11
21 4 60 17
21 4 60 18
21 4 60 20
21 4 60 22
21 4 60 27
21 4 60 35
21 5 60 7
21 5 60 9
21 5 60 11
21 5 60 17
21 5 60 18
21 5 60 20
21 5 60 22
21 5 60 27
21 5 60 35
21 7 60 9
21 7 60 11
21 7 60 17
21 7 60 18
21 7 60 20
21 7 60 22
21 7 60 27
21 7 60 35
21 9 60 11
21 9 60 17
21 9 60 18
21 9 60 20
21 9 60 22
21 9 60 27
21 9 60 35
21 11 60 17
21 11 60 18
21 11 60 20
21 11 60 22
21 11 60 27
21 11 60 35
21 17 60 20
21 17 60 22
21 17 60 27
21 17 60 35
21 18 60 20
21 18 60 22
21 18 60 27
21 18 60 35
21 20 60 22
21 20 60 27
21 20 60 35
21 22 60 27
21 22 60 35
21 27 60 35
21 20 61 22
21 20 62 22
21 20 63 22
21 20 64 22
21 11 65 20
21 11 65 22
21 20 65 22
21 4 68 22
21 4 68 27
21 5 68 22
21 5 68 27
21 22 68 27
21 27 69 35
21 4 77 27
21 5 77 27
21 4 97 27
22 9 25 17
22 9 25 18
22 9 25 19
22 9 25 20
22 10 25 17
22 10 25 18
22 10 25 19
22 10 25 20
22 11 25 17
22 11 25 18
22 11 25 19
22 11 25 20
22 9 27 11
22 9 27 17
22 9 27 18
22 9 27 19
22 9 27 20
22 11 27 17
22 11 27 18
22 11 27 19
22 11 27 20
22 9 49 11
22 9 49 17
22 9 49 18
22 9 49 19
22 9 49 20
22 11 49 17
22 11 49 18
22 11 49 19
22 11 49 20
22 9 50 11
22 9 50 17
22 9 50 18
22 9 50 19
22 9 50 20
22 11 50 17
22 11 50 18
22 11 50 19
22 11 50 20
22 4 52 7
22 5 52 7
22 9 52 11
22 9 52 17
22 9 52 18
22 9 52 20
22 11 52 17
22 11 52 18
22 11 52 20
22 17 52 20
22 18 52 20
22 4 54 7
22 5 54 7
22 9 54 11
22 9 54 17
22 9 54 18
22 9 54 20
22 11 54 17
22 11 54 18
22 11 54 20
22 17 54 20
22 18 54 20
22 4 55 7
22 5 55 7
22 4 56 7
22 5 56 7
22 4 57 7
22 5 57 7
22 4 58 7
22 5 58 7
22 4 59 7
22 5 59 7
22 4 60 7
22 5 60 7
22 9 60 11
22 9 60 17
22 9 60 18
22 9 60 20
22 11 60 17
22 11 60 18
22 11 60 20
22 17 60 20
22 18 60 20
22 11 65 20
23 9 27 11
23 9 49 11
23 9 50 11
23 4 52 7
23 5 52 7
23 9 52 11
23 17 52 20
23 18 52 20
23 4 54 7
23 5 54 7
23 9 54 11
23 17 54 20
23 18 54 20
23 4 55 7
23 5 55 7
23 4 56 7
23 5 56 7
23 4 57 7
23 5 57 7
23 4 58 7
23 5 58 7
23 4 59 7
23 5 59 7
23 4 60 7
23 5 60 7
23 9 60 11
23 17 60 20
23 18 60 20
24 9 27 11
24 9 49 11
24 9 50 11
24 4 52 7
24 5 52 7
24 9 52 11
24 17 52 20
24 18 52 20
24 4 54 7
24 5 54 7
24 9 54 11
24 17 54 20
24 18 54 20
24 4 55 7
24 5 55 7
24 4 56 7
24 5 56 7
24 4 57 7
24 5 57 7
24 4 58 7
24 5 58 7
24 4 59 7
24 5 59 7
24 4 60 7
24 5 60 7
24 9 60 11
24 17 60 20
24 18 60 20
25 9 27 11
25 9 27 17
25 9 27 18
25 9 27 19
25 9 27 20
25 9 27 21
25 9 27 22
25 9 27 23
25 9 27 24
25 9 27 25
25 9 27 26
25 9 27 27
25 11 27 17
25 11 27 18
25 11 27 19
25 11 27 20
25 11 27 21
25 11 27 22
25 11 27 23
25 11 27 24
25 11 27 25
25 11 27 26
25 11 27 27
25 17 40 27
25 17 40 32
25 18 40 27
25 18 40 32
25 19 40 27
25 19 40 32
25 20 40 27
25 20 40 32
25 21 40 27
25 21 40 32
25 22 40 27
25 22 40 32
25 23 40 27
25 23 40 32
25 27 40 32
25 17 42 27
25 18 42 27
25 19 42 27
25 20 42 27
25 21 42 27
25 22 42 27
25 9 49 11
25 9 49 17
25 9 49 18
25 9 49 19
25 9 49 20
25 9 49 21
25 9 49 22
25 9 49 27
25 11 49 17
25 11 49 18
25 11 49 19
25 11 49 20
25 11 49 21
25 11 49 22
25 11 49 27
25 17 49 27
25 18 49 27
25 19 49 27
25 20 49 27
25 21 49 27
25 22 49 27
25 9 50 11
25 9 50 17
25 9 50 18
25 9 50 19
25 9 50 20
25 9 50 21
25 9 50 22
25 9 50 27
25 11 50 17
25 11 50 18
25 11 50 19
25 11 50 20
25 11 50 21
25 11 50 22
25 11 50 27
25 17 50 27
25 18 50 27
25 19 50 27
25 20 50 27
25 21 50 27
25 22 50 27
25 4 52 7
25 5 52 7
25 9 52 11
25 9 52 17
25 9 52 18
25 9 52 20
25 9 52 21
25 9 52 22
25 9 52 27
25 11 52 17
25 11 52 18
25 11 52 20
25 11 52 21
25 11 52 22
25 11 52 27
25 17 52 20
25 17 52 21
25 17 52 22
25 17 52 27
25 18 52 20
25 18 52 21
25 18 52 22
25 18 52 27
25 20 52 27
25 21 52 27
25 22 52 27
25 4 54 7
25 5 54 7
25 9 54 11
25 9 54 17
25 9 54 18
25 9 54 20
25 9 54 21
25 9 54 22
25 11 54 17
25 11 54 18
25 11 54 20
25 11 54 21
25 11 54 22
25 17 54 20
25 17 54 21
25 17 54 22
25 18 54 20
25 18 54 21
25 18 54 22
25 4 55 7
25 5 55 7
25 4 56 7
25 5 56 7
25 4 57 7
25 5 57 7
25 4 58 7
25 5 58 7
25 4 59 7
25 5 59 7
25 4 60 7
25 5 60 7
25 9 60 11
25 9 60 17
25 9 60 18
25 9 60 20
25 9 60 21
25 9 60 22
25 9 60 27
25 11 60 17
25 11 60 18
25 11 60 20
25 11 60 21
25 11 60 22
25 11 60 27
25 17 60 20
25 17 60 21
25 17 60 22
25 17 60 27
25 18 60 20
25 18 60 21
25 18 60 22
25 18 60 27
25 20 60 27
25 21 60 27
25 22 60 27
25 11 65 20
25 11 65 21
25 11 65 22
25 21 68 27
25 22 68 27
25 21 77 27
25 21 81 27
26 17 40 27
26 17 40 32
26 18 40 27
26 18 40 32
26 19 40 27
26 19 40 32
26 20 40 27
26 20 40 32
26 21 40 27
26 21 40 32
26 22 40 27
26 22 40 32
26 23 40 27
26 23 40 32
26 27 40 32
26 17 42 27
26 18 42 27
26 19 42 27
26 20 42 27
26 21 42 27
26 22 42 27
26 17 49 27
26 17 49 34
26 17 49 35
26 18 49 27
26 18 49 34
26 18 49 35
26 19 49 27
26 19 49 34
26 19 49 35
26 20 49 27
26 20 49 34
26 20 49 35
26 21 49 27
26 21 49 34
26 21 49 35
26 22 49 27
26 22 49 34
26 22 49 35
26 27 49 34
26 27 49 35
26 17 50 27
26 18 50 27
26 19 50 27
26 20 50 27
26 21 50 27
26 22 50 27
26 4 52 7
26 5 52 7
26 17 52 20
26 17 52 21
26 17 52 22
26 17 52 27
26 17 52 35
26 18 52 20
26 18 52 21
26 18 52 22
26 18 52 27
26 18 52 35
26 20 52 27
26 20 52 35
26 21 52 27
26 21 52 35
26 22 52 27
26 22 52 35
26 27 52 35
26 4 54 7
26 5 54 7
26 17 54 20
26 17 54 21
26 17 54 22
26 18 54 20
26 18 54 21
26 18 54 22
26 4 55 7
26 5 55 7
26 4 56 7
26 5 56 7
26 4 57 7
26 5 57 7
26 4 58 7
26 5 58 7
26 4 59 7
26 5 59 7
26 4 60 7
26 5 60 7
26 17 60 20
26 17 60 21
26 17 60 22
26 17 60 27
26 17 60 35
26 18 60 20
26 18 60 21
26 18 60 22
26 18 60 27
26 18 60 35
26 20 60 27
26 20 60 35
26 21 60 27
26 21 60 35
26 22 60 27
26 22 60 35
26 27 60 35
26 21 68 27
26 22 68 27
26 27 69 35
26 21 77 27
26 21 81 27
27 17 40 27
27 18 40 27
27 19 40 27
27 20 40 27
27 21 40 27
27 22 40 27
27 23 40 27
27 17 42 27
27 18 42 27
27 19 42 27
27 20 42 27
27 21 42 27
27 22 42 27
27 4 49 9
27 4 49 11
27 4 49 17
27 4 49 18
27 4 49 19
27 4 49 20
27 4 49 21
27 4 49 22
27 4 49 27
27 5 49 9
27 5 49 11
27 5 49 17
27 5 49 18
27 5 49 19
27 5 49 20
27 5 49 21
27 5 49 22
27 5 49 27
27 6 49 9
27 6 49 11
27 6 49 17
27 6 49 18
27 6 49 19
27 6 49 20
27 6 49 21
27 6 49 22
27 6 49 27
27 7 49 9
27 7 49 11
27 7 49 17
27 7 49 18
27 7 49 19
27 7 49 20
27 7 49 21
27 7 49 22
27 7 49 27
27 9 49 11
27 9 49 17
27 9 49 18
27 9 49 19
27 9 49 20
27 9 49 21
27 9 49 22
27 9 49 27
27 11 49 17
27 11 49 18
27 11 49 19
27 11 49 20
27 11 49 21
27 11 49 22
27 11 49 27
27 17 49 27
27 18 49 27
27 19 49 27
27 20 49 27
27 21 49 27
27 22 49 27
27 4 50 9
27 4 50 11
27 4 50 17
27 4 50 18
27 4 50 19
27 4 50 20
27 4 50 21
27 4 50 22
27 4 50 27
27 5 50 9
27 5 50 11
27 5 50 17
27 5 50 18
27 5 50 19
27 5 50 20
27 5 50 21
27 5 50 22
27 5 50 27
27 6 50 9
27 6 50 11
27 6 50 17
27 6 50 18
27 6 50 19
27 6 50 20
27 6 50 21
27 6 50 22
27 6 50 27
27 7 50 9
27 7 50 11
27 7 50 17
27 7 50 18
27 7 50 19
27 7 50 20
27 7 50 21
27 7 50 22
27 7 50 27
27 9 50 11
27 9 50 17
27 9 50 18
27 9 50 19
27 9 50 20
27 9 50 21
27 9 50 22
27 9 50 27
27 11 50 17
27 11 50 18
27 11 50 19
27 11 50 20
27 11 50 21
27 11 50 22
27 11 50 27
27 17 50 27
27 18 50 27
27 19 50 27
27 20 50 27
27 21 50 27
27 22 50 27
27 4 52 7
27 4 52 9
27 4 52 11
27 4 52 17
27 4 52 18
27 4 52 20
27 4 52 21
27 4 52 22
27 4 52 27
27 5 52 7
27 5 52 9
27 5 52 11
27 5 52 17
27 5 52 18
27 5 52 20
27 5 52 21
27 5 52 22
27 5 52 27
27 7 52 9
27 7 52 11
27 7 52 17
27 7 52 18
27 7 52 20
27 7 52 21
27 7 52 22
27 7 52 27
27 9 52 11
27 9 52 17
27 9 52 18
27 9 52 20
27 9 52 21
27 9 52 22
27 9 52 27
27 11 52 17
27 11 52 18
27 11 52 20
27 11 52 21
27 11 52 22
27 11 52 27
27 17 52 20
27 17 52 21
27 17 52 22
27 17 52 27
27 18 52 20
27 18 52 21
27 18 52 22
27 18 52 27
27 20 52 27
27 21 52 27
27 22 52 27
27 4 54 7
27 4 54 9
27 4 54 11
27 4 54 17
27 4 54 18
27 4 54 20
27 4 54 21
27 4 54 22
27 5 54 7
27 5 54 9
27 5 54 11
27 5 54 17
27 5 54 18
27 5 54 20
27 5 54 21
27 5 54 22
27 7 54 9
27 7 54 11
27 7 54 17
27 7 54 18
27 7 54 20
27 7 54 21
27 7 54 22
27 9 54 11
27 9 54 17
27 9 54 18
27 9 54 20
27 9 54 21
27 9 54 22
27 11 54 17
27 11 54 18
27 11 54 20
27 11 54 21
27 11 54 22
27 17 54 20
27 17 54 21
27 17 54 22
27 18 54 20
27 18 54 21
27 18 54 22
27 4 55 7
27 5 55 7
27 4 56 7
27 5 56 7
27 4 57 7
27 5 57 7
27 4 58 7
27 5 58 7
27 4 59 7
27 5 59 7
27 4 60 7
27 4 60 9
27 4 60 11
27 4 60 17
27 4 60 18
27 4 60 20
27 4 60 21
27 4 60 22
27 4 60 27
27 5 60 7
27 5 60 9
27 5 60 11
27 5 60 17
27 5 60 18
27 5 60 20
27 5 60 21
27 5 60 22
27 5 60 27
27 7 60 9
27 7 60 11
27 7 60 17
27 7 60 18
27 7 60 20
27 7 60 21
27 7 60 22
27 7 60 27
27 9 60 11
27 9 60 17
27 9 60 18
27 9 60 20
27 9 60 21
27 9 60 22
27 9 60 27
27 11 60 17
27 11 60 18
27 11 60 20
27 11 60 21
27 11 60 22
27 11 60 27
27 17 60 20
27 17 60 21
27 17 60 22
27 17 60 27
27 18 60 20
27 18 60 21
27 18 60 22
27 18 60 27
27 20 60 27
27 21 60 27
27 22 60 27
27 11 65 20
27 11 65 21
27 11 65 22
27 4 68 21
27 4 68 22
27 4 68 27
27 5 68 21
27 5 68 22
27 5 68 27
27 21 68 27
27 22 68 27
27 4 77 21
27 4 77 27
27 5 77 21
27 5 77 27
27 21 77 27
27 21 81 27
27 4 97 27
28 4 52 7
28 5 52 7
28 17 52 20
28 17 52 21
28 17 52 22
28 18 52 20
28 18 52 21
28 18 52 22
28 4 54 7
28 5 54 7
28 17 54 20
28 17 54 21
28 17 54 22
28 18 54 20
28 18 54 21
28 18 54 22
28 4 55 7
28 5 55 7
28 4 56 7
28 5 56 7
28 4 57 7
28 5 57 7
28 4 58 7
28 5 58 7
28 4 59 7
28 5 59 7
28 4 60 7
28 5 60 7
28 17 60 20
28 17 60 21
28 17 60 22
28 18 60 20
28 18 60 21
28 18 60 22
29 4 52 7
29 5 52 7
29 17 52 20
29 17 52 21
29 17 52 22
29 18 52 20
29 18 52 21
29 18 52 22
29 4 54 7
29 5 54 7
29 17 54 20
29 17 54 21
29 17 54 22
29 18 54 20
29 18 54 21
29 18 54 22
29 4 55 7
29 5 55 7
29 4 56 7
29 5 56 7
29 4 57 7
29 5 57 7
29 4 58 7
29 5 58 7
29 4 59 7
29 5 59 7
29 4 60 7
29 5 60 7
29 17 60 20
29 17 60 21
29 17 60 22
29 18 60 20
29 18 60 21
29 18 60 22
30 4 52 7
30 5 52 7
30 17 52 20
30 17 52 21
30 17 52 22
30 18 52 20
30 18 52 21
30 18 52 22
30 4 54 7
30 5 54 7
30 17 54 20
30 17 54 21
30 17 54 22
30 18 54 20
30 18 54 21
30 18 54 22
30 4 55 7
30 5 55 7
30 4 56 7
30 5 56 7
30 4 57 7
30 5 57 7
30 4 58 7
30 5 58 7
30 4 59 7
30 5 59 7
30 4 60 7
30 5 60 7
30 17 60 20
30 17 60 21
30 17 60 22
30 18 60 20
30 18 60 21
30 18 60 22
31 4 52 7
31 5 52 7
31 17 52 20
31 17 52 21
31 17 52 22
31 18 52 20
31 18 52 21
31 18 52 22
31 4 54 7
31 5 54 7
31 17 54 20
31 17 54 21
31 17 54 22
31 18 54 20
31 18 54 21
31 18 54 22
31 4 55 7
31 5 55 7
31 4 56 7
31 5 56 7
31 4 57 7
31 5 57 7
31 4 58 7
31 5 58 7
31 4 59 7
31 5 59 7
31 4 60 7
31 5 60 7
31 17 60 20
31 17 60 21
31 17 60 22
31 18 60 20
31 18 60 21
31 18 60 22
32 4 52 7
32 5 52 7
32 17 52 20
32 17 52 21
32 17 52 22
32 18 52 20
32 18 52 21
32 18 52 22
32 4 54 7
32 5 54 7
32 17 54 20
32 17 54 21
32 17 54 22
32 18 54 20
32 18 54 21
32 18 54 22
32 4 55 7
32 5 55 7
32 4 56 7
32 5 56 7
32 4 57 7
32 5 57 7
32 4 58 7
32 5 58 7
32 4 59 7
32 5 59 7
32 4 60 7
32 5 60 7
32 17 60 20
32 17 60 21
32 17 60 22
32 18 60 20
32 18 60 21
32 18 60 22
33 4 52 7
33 5 52 7
33 17 52 20
33 17 52 21
33 17 52 22
33 18 52 20
33 18 52 21
33 18 52 22
33 4 54 7
33 5 54 7
33 17 54 20
33 17 54 21
33 17 54 22
33 18 54 20
33 18 54 21
33 18 54 22
33 4 55 7
33 5 55 7
33 4 56 7
33 5 56 7
33 4 57 7
33 5 57 7
33 4 58 7
33 5 58 7
33 4 59 7
33 5 59 7
33 4 60 7
33 5 60 7
33 17 60 20
33 17 60 21
33 17 60 22
33 18 60 20
33 18 60 21
33 18 60 22
34 4 52 7
34 5 52 7
34 17 52 20
34 17 52 21
34 17 52 22
34 18 52 20
34 18 52 21
34 18 52 22
34 4 54 7
34 5 54 7
34 17 54 20
34 17 54 21
34 17 54 22
34 18 54 20
34 18 54 21
34 18 54 22
34 4 55 7
34 5 55 7
34 4 56 7
34 5 56 7
34 4 57 7
34 5 57 7
34 4 58 7
34 5 58 7
34 4 59 7
34 5 59 7
34 4 60 7
34 5 60 7
34 17 60 20
34 17 60 21
34 17 60 22
34 18 60 20
34 18 60 21
34 18 60 22
35 4 52 7
35 5 52 7
35 17 52 20
35 17 52 21
35 17 52 22
35 18 52 20
35 18 52 21
35 18 52 22
35 4 54 7
35 5 54 7
35 17 54 20
35 17 54 21
35 17 54 22
35 18 54 20
35 18 54 21
35 18 54 22
35 4 55 7
35 5 55 7
35 4 56 7
35 5 56 7
35 4 57 7
35 5 57 7
35 4 58 7
35 5 58 7
35 4 59 7
35 5 59 7
35 4 60 7
35 5 60 7
35 17 60 20
35 17 60 21
35 17 60 22
35 18 60 20
35 18 60 21
35 18 60 22
36 4 52 7
36 5 52 7
36 17 52 20
36 17 52 21
36 17 52 22
36 18 52 20
36 18 52 21
36 18 52 22
36 4 54 7
36 5 54 7
36 17 54 20
36 17 54 21
36 17 54 22
36 18 54 20
36 18 54 21
36 18 54 22
36 4 55 7
36 5 55 7
36 4 56 7
36 5 56 7
36 4 57 7
36 5 57 7
36 4 58 7
36 5 58 7
36 4 59 7
36 5 59 7
36 4 60 7
36 5 60 7
36 17 60 20
36 17 60 21
36 17 60 22
36 18 60 20
36 18 60 21
36 18 60 22
37 4 52 7
37 5 52 7
37 17 52 20
37 17 52 21
37 17 52 22
37 18 52 20
37 18 52 21
37 18 52 22
37 4 54 7
37 5 54 7
37 17 54 20
37 17 54 21
37 17 54 22
37 18 54 20
37 18 54 21
37 18 54 22
37 4 55 7
37 5 55 7
37 4 56 7
37 5 56 7
37 4 57 7
37 5 57 7
37 4 58 7
37 5 58 7
37 4 59 7
37 5 59 7
37 4 60 7
37 5 60 7
37 17 60 20
37 17 60 21
37 17 60 22
37 18 60 20
37 18 60 21
37 18 60 22
38 4 52 7
38 5 52 7
38 17 52 20
38 17 52 21
38 17 52 22
38 18 52 20
38 18 52 21
38 18 52 22
38 4 54 7
38 5 54 7
38 17 54 20
38 17 54 21
38 17 54 22
38 18 54 20
38 18 54 21
38 18 54 22
38 4 55 7
38 5 55 7
38 4 56 7
38 5 56 7
38 4 57 7
38 5 57 7
38 4 58 7
38 5 58 7
38 4 59 7
38 5 59 7
38 4 60 7
38 5 60 7
38 17 60 20
38 17 60 21
38 17 60 22
38 18 60 20
38 18 60 21
38 18 60 22
39 4 52 7
39 5 52 7
39 17 52 20
39 17 52 21
39 17 52 22
39 18 52 20
39 18 52 21
39 18 52 22
39 4 54 7
39 5 54 7
39 17 54 20
39 17 54 21
39 17 54 22
39 18 54 20
39 18 54 21
39 18 54 22
39 4 55 7
39 5 55 7
39 4 56 7
39 5 56 7
39 4 57 7
39 5 57 7
39 4 58 7
39 5 58 7
39 4 59 7
39 5 59 7
39 4 60 7
39 5 60 7
39 17 60 20
39 17 60 21
39 17 60 22
39 18 60 20
39 18 60 21
39 18 60 22
40 17 42 27
40 18 42 27
40 19 42 27
40 20 42 27
40 21 42 27
40 22 42 27
40 17 49 27
40 18 49 27
40 19 49 27
40 20 49 27
40 21 49 27
40 22 49 27
40 17 50 27
40 18 50 27
40 19 50 27
40 20 50 27
40 21 50 27
40 22 50 27
40 4 52 7
40 5 52 7
40 17 52 20
40 17 52 21
40 17 52 22
40 17 52 27
40 18 52 20
40 18 52 21
40 18 52 22
40 18 52 27
40 20 52 27
40 21 52 27
40 22 52 27
40 4 54 7
40 5 54 7
40 17 54 20
40 17 54 21
40 17 54 22
40 18 54 20
40 18 54 21
40 18 54 22
40 4 55 7
40 5 55 7
40 4 56 7
40 5 56 7
40 4 57 7
40 5 57 7
40 4 58 7
40 5 58 7
40 4 59 7
40 5 59 7
40 4 60 7
40 5 60 7
40 17 60 20
40 17 60 21
40 17 60 22
40 17 60 27
40 18 60 20
40 18 60 21
40 18 60 22
40 18 60 27
40 20 60 27
40 21 60 27
40 22 60 27
40 21 68 27
40 22 68 27
40 21 77 27
40 21 81 27
41 4 52 7
41 5 52 7
41 17 52 20
41 17 52 21
41 17 52 22
41 18 52 20
41 18 52 21
41 18 52 22
41 4 54 7
41 5 54 7
41 17 54 20
41 17 54 21
41 17 54 22
41 18 54 20
41 18 54 21
41 18 54 22
41 4 55 7
41 5 55 7
41 4 56 7
41 5 56 7
41 4 57 7
41 5 57 7
41 4 58 7
41 5 58 7
41 4 59 7
41 5 59 7
41 4 60 7
41 5 60 7
41 17 60 20
41 17 60 21
41 17 60 22
41 18 60 20
41 18 60 21
41 18 60 22
42 17 49 27
42 17 49 32
42 18 49 27
42 18 49 32
42 19 49 27
42 19 49 32
42 20 49 27
42 20 49 32
42 21 49 27
42 21 49 32
42 22 49 27
42 22 49 32
42 27 49 32
42 17 50 27
42 18 50 27
42 19 50 27
42 20 50 27
42 21 50 27
42 22 50 27
42 4 52 7
42 5 52 7
42 17 52 20
42 17 52 21
42 17 52 22
42 17 52 27
42 17 52 32
42 18 52 20
42 18 52 21
42 18 52 22
42 18 52 27
42 18 52 32
42 20 52 27
42 20 52 32
42 21 52 27
42 21 52 32
42 22 52 27
42 22 52 32
42 27 52 32
42 4 54 7
42 5 54 7
42 17 54 20
42 17 54 21
42 17 54 22
42 18 54 20
42 18 54 21
42 18 54 22
42 4 55 7
42 5 55 7
42 4 56 7
42 5 56 7
42 4 57 7
42 5 57 7
42 4 58 7
42 5 58 7
42 4 59 7
42 5 59 7
42 4 60 7
42 5 60 7
42 17 60 20
42 17 60 21
42 17 60 22
42 17 60 27
42 17 60 32
42 18 60 20
42 18 60 21
42 18 60 22
42 18 60 27
42 18 60 32
42 20 60 27
42 20 60 32
42 21 60 27
42 21 60 32
42 22 60 27
42 22 60 32
42 27 60 32
42 21 68 27
42 22 68 27
42 27 69 32
42 21 77 27
42 21 77 32
42 27 77 32
42 21 81 27
42 21 81 32
42 27 81 32
43 4 52 7
43 5 52 7
43 17 52 20
43 17 52 21
43 17 52 22
43 18 52 20
43 18 52 21
43 18 52 22
43 4 54 7
43 5 54 7
43 17 54 20
43 17 54 21
43 17 54 22
43 18 54 20
43 18 54 21
43 18 54 22
43 4 55 7
43 5 55 7
43 4 56 7
43 5 56 7
43 4 57 7
43 5 57 7
43 4 58 7
43 5 58 7
43 4 59 7
43 5 59 7
43 4 60 7
43 5 60 7
43 17 60 20
43 17 60 21
43 17 60 22
43 18 60 20
43 18 60 21
43 18 60 22
44 4 52 7
44 5 52 7
44 17 52 20
44 17 52 21
44 17 52 22
44 18 52 20
44 18 52 21
44 18 52 22
44 4 54 7
44 5 54 7
44 17 54 20
44 17 54 21
44 17 54 22
44 18 54 20
44 18 54 21
44 18 54 22
44 4 55 7
44 5 55 7
44 4 56 7
44 5 56 7
44 4 57 7
44 5 57 7
44 4 58 7
44 5 58 7
44 4 59 7
44 5 59 7
44 4 60 7
44 5 60 7
44 17 60 20
44 17 60 21
44 17 60 22
44 18 60 20
44 18 60 21
44 18 60 22
45 4 52 7
45 5 52 7
45 17 52 20
45 17 52 21
45 17 52 22
45 18 52 20
45 18 52 21
45 18 52 22
45 4 54 7
45 5 54 7
45 17 54 20
45 17 54 21
45 17 54 22
45 18 54 20
45 18 54 21
45 18 54 22
45 4 55 7
45 5 55 7
45 4 56 7
45 5 56 7
45 4 57 7
45 5 57 7
45 4 58 7
45 5 58 7
45 4 59 7
45 5 59 7
45 4 60 7
45 5 60 7
45 17 60 20
45 17 60 21
45 17 60 22
45 18 60 20
45 18 60 21
45 18 60 22
46 4 52 7
46 5 52 7
46 17 52 20
46 17 52 21
46 17 52 22
46 18 52 20
46 18 52 21
46 18 52 22
46 4 54 7
46 5 54 7
46 17 54 20
46 17 54 21
46 17 54 22
46 18 54 20
46 18 54 21
46 18 54 22
46 4 55 7
46 5 55 7
46 4 56 7
46 5 56 7
46 4 57 7
46 5 57 7
46 4 58 7
46 5 58 7
46 4 59 7
46 5 59 7
46 4 60 7
46 5 60 7
46 17 60 20
46 17 60 21
46 17 60 22
46 18 60 20
46 18 60 21
46 18 60 22
47 4 52 7
47 5 52 7
47 17 52 20
47 17 52 21
47 17 52 22
47 18 52 20
47 18 52 21
47 18 52 22
47 4 54 7
47 5 54 7
47 17 54 20
47 17 54 21
47 17 54 22
47 18 54 20
47 18 54 21
47 18 54 22
47 4 55 7
47 5 55 7
47 4 56 7
47 5 56 7
47 4 57 7
47 5 57 7
47 4 58 7
47 5 58 7
47 4 59 7
47 5 59 7
47 4 60 7
47 5 60 7
47 17 60 20
47 17 60 21
47 17 60 22
47 18 60 20
47 18 60 21
47 18 60 22
48 4 52 7
48 5 52 7
48 17 52 20
48 17 52 21
48 17 52 22
48 18 52 20
48 18 52 21
48 18 52 22
48 4 54 7
48 5 54 7
48 17 54 20
48 17 54 21
48 17 54 22
48 18 54 20
48 18 54 21
48 18 54 22
48 4 55 7
48 5 55 7
48 4 56 7
48 5 56 7
48 4 57 7
48 5 57 7
48 4 58 7
48 5 58 7
48 4 59 7
48 5 59 7
48 4 60 7
48 5 60 7
48 17 60 20
48 17 60 21
48 17 60 22
48 18 60 20
48 18 60 21
48 18 60 22
49 3 52 7
49 3 52 9
49 3 52 11
49 3 52 17
49 3 52 18
49 3 52 20
49 3 52 21
49 3 52 22
49 3 52 27
49 3 52 32
49 3 52 35
49 4 52 7
49 4 52 9
49 4 52 11
49 4 52 17
49 4 52 18
49 4 52 20
49 4 52 21
49 4 52 22
49 4 52 27
49 4 52 32
49 4 52 35
49 5 52 7
49 5 52 9
49 5 52 11
49 5 52 17
49 5 52 18
49 5 52 20
49 5 52 21
49 5 52 22
49 5 52 27
49 5 52 32
49 5 52 35
49 7 52 9
49 7 52 11
49 7 52 17
49 7 52 18
49 7 52 20
49 7 52 21
49 7 52 22
49 7 52 27
49 7 52 32
49 7 52 35
49 9 52 11
49 9 52 17
49 9 52 18
49 9 52 20
49 9 52 21
49 9 52 22
49 9 52 27
49 9 52 32
49 9 52 35
49 11 52 17
49 11 52 18
49 11 52 20
49 11 52 21
49 11 52 22
49 11 52 27
49 11 52 32
49 11 52 35
49 17 52 20
49 17 52 21
49 17 52 22
49 17 52 27
49 17 52 32
49 17 52 35
49 18 52 20
49 18 52 21
49 18 52 22
49 18 52 27
49 18 52 32
49 18 52 35
49 20 52 27
49 20 52 32
49 20 52 35
49 21 52 27
49 21 52 32
49 21 52 35
49 22 52 27
49 22 52 32
49 22 52 35
49 27 52 32
49 27 52 35
49 32 52 35
49 3 54 7
49 3 54 9
49 3 54 11
49 3 54 17
49 3 54 18
49 3 54 20
49 3 54 21
49 3 54 22
49 4 54 7
49 4 54 9
49 4 54 11
49 4 54 17
49 4 54 18
49 4 54 20
49 4 54 21
49 4 54 22
49 5 54 7
49 5 54 9
49 5 54 11
49 5 54 17
49 5 54 18
49 5 54 20
49 5 54 21
49 5 54 22
49 7 54 9
49 7 54 11
49 7 54 17
49 7 54 18
49 7 54 20
49 7 54 21
49 7 54 22
49 9 54 11
49 9 54 17
49 9 54 18
49 9 54 20
49 9 54 21
49 9 54 22
49 11 54 17
49 11 54 18
49 11 54 20
49 11 54 21
49 11 54 22
49 17 54 20
49 17 54 21
49 17 54 22
49 18 54 20
49 18 54 21
49 18 54 22
49 3 55 7
49 4 55 7
49 5 55 7
49 3 56 7
49 4 56 7
49 5 56 7
49 3 57 7
49 4 57 7
49 5 57 7
49 3 58 7
49 4 58 7
49 5 58 7
49 3 59 7
49 4 59 7
49 5 59 7
49 3 60 7
49 3 60 9
49 3 60 11
49 3 60 17
49 3 60 18
49 3 60 20
49 3 60 21
49 3 60 22
49 3 60 27
49 3 60 32
49 3 60 35
49 4 60 7
49 4 60 9
49 4 60 11
49 4 60 17
49 4 60 18
49 4 60 20
49 4 60 21
49 4 60 22
49 4 60 27
49 4 60 32
49 4 60 35
49 5 60 7
49 5 60 9
49 5 60 11
49 5 60 17
49 5 60 18
49 5 60 20
49 5 60 21
49 5 60 22
49 5 60 27
49 5 60 32
49 5 60 35
49 7 60 9
49 7 60 11
49 7 60 17
49 7 60 18
49 7 60 20
49 7 60 21
49 7 60 22
49 7 60 27
49 7 60 32
49 7 60 35
49 9 60 11
49 9 60 17
49 9 60 18
49 9 60 20
49 9 60 21
49 9 60 22
49 9 60 27
49 9 60 32
49 9 60 35
49 11 60 17
49 11 60 18
49 11 60 20
49 11 60 21
49 11 60 22
49 11 60 27
49 11 60 32
49 11 60 35
49 17 60 20
49 17 60 21
49 17 60 22
49 17 60 27
49 17 60 32
49 17 60 35
49 18 60 20
49 18 60 21
49 18 60 22
49 18 60 27
49 18 60 32
49 18 60 35
49 20 60 27
49 20 60 32
49 20 60 35
49 21 60 27
49 21 60 32
49 21 60 35
49 22 60 27
49 22 60 32
49 22 60 35
49 27 60 32
49 27 60 35
49 32 60 35
49 11 65 20
49 11 65 21
49 11 65 22
49 3 68 21
49 3 68 22
49 3 68 27
49 4 68 21
49 4 68 22
49 4 68 27
49 5 68 21
49 5 68 22
49 5 68 27
49 21 68 27
49 22 68 27
49 27 69 32
49 27 69 35
49 32 69 35
49 4 77 21
49 4 77 27
49 4 77 32
49 5 77 21
49 5 77 27
49 5 77 32
49 21 77 27
49 21 77 32
49 27 77 32
49 21 81 27
49 21 81 32
49 27 81 32
49 4 97 27
50 3 52 7
50 3 52 9
50 3 52 11
50 3 52 17
50 3 52 18
50 3 52 20
50 3 52 21
50 3 52 22
50 3 52 27
50 4 52 7
50 4 52 9
50 4 52 11
50 4 52 17
50 4 52 18
50 4 52 20
50 4 52 21
50 4 52 22
50 4 52 27
50 5 52 7
50 5 52 9
50 5 52 11
50 5 52 17
50 5 52 18
50 5 52 20
50 5 52 21
50 5 52 22
50 5 52 27
50 7 52 9
50 7 52 11
50 7 52 17
50 7 52 18
50 7 52 20
50 7 52 21
50 7 52 22
50 7 52 27
50 9 52 11
50 9 52 17
50 9 52 18
50 9 52 20
50 9 52 21
50 9 52 22
50 9 52 27
50 11 52 17
50 11 52 18
50 11 52 20
50 11 52 21
50 11 52 22
50 11 52 27
50 17 52 20
50 17 52 21
50 17 52 22
50 17 52 27
50 18 52 20
50 18 52 21
50 18 52 22
50 18 52 27
50 20 52 27
50 21 52 27
50 22 52 27
50 3 54 7
50 3 54 9
50 3 54 11
50 3 54 17
50 3 54 18
50 3 54 20
50 3 54 21
50 3 54 22
50 4 54 7
50 4 54 9
50 4 54 11
50 4 54 17
50 4 54 18
50 4 54 20
50 4 54 21
50 4 54 22
50 5 54 7
50 5 54 9
50 5 54 11
50 5 54 17
50 5 54 18
50 5 54 20
50 5 54 21
50 5 54 22
50 7 54 9
50 7 54 11
50 7 54 17
50 7 54 18
50 7 54 20
50 7 54 21
50 7 54 22
50 9 54 11
50 9 54 17
50 9 54 18
50 9 54 20
50 9 54 21
50 9 54 22
50 11 54 17
50 11 54 18
50 11 54 20
50 11 54 21
50 11 54 22
50 17 54 20
50 17 54 21
50 17 54 22
50 18 54 20
50 18 54 21
50 18 54 22
50 3 55 7
50 4 55 7
50 5 55 7
50 3 56 7
50 4 56 7
50 5 56 7
50 3 57 7
50 4 57 7
50 5 57 7
50 3 58 7
50 4 58 7
50 5 58 7
50 3 59 7
50 4 59 7
50 5 59 7
50 3 60 7
50 3 60 9
50 3 60 11
50 3 60 17
50 3 60 18
50 3 60 20
50 3 60 21
50 3 60 22
50 3 60 27
50 4 60 7
50 4 60 9
50 4 60 11
50 4 60 17
50 4 60 18
50 4 60 20
50 4 60 21
50 4 60 22
50 4 60 27
50 5 60 7
50 5 60 9
50 5 60 11
50 5 60 17
50 5 60 18
50 5 60 20
50 5 60 21
50 5 60 22
50 5 60 27
50 7 60 9
50 7 60 11
50 7 60 17
50 7 60 18
50 7 60 20
50 7 60 21
50 7 60 22
50 7 60 27
50 9 60 11
50 9 60 17
50 9 60 18
50 9 60 20
50 9 60 21
50 9 60 22
50 9 60 27
50 11 60 17
50 11 60 18
50 11 60 20
50 11 60 21
50 11 60 22
50 11 60 27
50 17 60 20
50 17 60 21
50 17 60 22
50 17 60 27
50 18 60 20
50 18 60 21
50 18 60 22
50 18 60 27
50 20 60 27
50 21 60 27
50 22 60 27
50 11 65 20
50 11 65 21
50 11 65 22
50 3 68 21
50 3 68 22
50 3 68 27
50 4 68 21
50 4 68 22
50 4 68 27
50 5 68 21
50 5 68 22
50 5 68 27
50 21 68 27
50 22 68 27
50 4 77 21
50 4 77 27
50 5 77 21
50 5 77 27
50 21 77 27
50 21 81 27
50 4 97 27
52 3 54 7
52 3 54 9
52 3 54 11
52 3 54 17
52 3 54 18
52 3 54 20
52 3 54 21
52 3 54 22
52 4 54 7
52 4 54 9
52 4 54 11
52 4 54 17
52 4 54 18
52 4 54 20
52 4 54 21
52 4 54 22
52 5 54 7
52 5 54 9
52 5 54 11
52 5 54 17
52 5 54 18
52 5 54 20
52 5 54 21
52 5 54 22
52 7 54 9
52 7 54 11
52 7 54 17
52 7 54 18
52 7 54 20
52 7 54 21
52 7 54 22
52 9 54 11
52 9 54 17
52 9 54 18
52 9 54 20
52 9 54 21
52 9 54 22
52 11 54 17
52 11 54 18
52 11 54 20
52 11 54 21
52 11 54 22
52 17 54 20
52 17 54 21
52 17 54 22
52 18 54 20
52 18 54 21
52 18 54 22
52 3 55 7
52 4 55 7
52 5 55 7
52 3 56 7
52 4 56 7
52 5 56 7
52 3 57 7
52 4 57 7
52 5 57 7
52 3 58 7
52 4 58 7
52 5 58 7
52 3 59 7
52 4 59 7
52 5 59 7
52 3 60 7
52 3 60 9
52 3 60 11
52 3 60 17
52 3 60 18
52 3 60 20
52 3 60 21
52 3 60 22
52 3 60 27
52 3 60 32
52 3 60 35
52 3 60 36
52 4 60 7
52 4 60 9
52 4 60 11
52 4 60 17
52 4 60 18
52 4 60 20
52 4 60 21
52 4 60 22
52 4 60 27
52 4 60 32
52 4 60 35
52 4 60 36
52 5 60 7
52 5 60 9
52 5 60 11
52 5 60 17
52 5 60 18
52 5 60 20
52 5 60 21
52 5 60 22
52 5 60 27
52 5 60 32
52 5 60 35
52 5 60 36
52 7 60 9
52 7 60 11
52 7 60 17
52 7 60 18
52 7 60 20
52 7 60 21
52 7 60 22
52 7 60 27
52 7 60 32
52 7 60 35
52 7 60 36
52 9 60 11
52 9 60 17
52 9 60 18
52 9 60 20
52 9 60 21
52 9 60 22
52 9 60 27
52 9 60 32
52 9 60 35
52 9 60 36
52 11 60 17
52 11 60 18
52 11 60 20
52 11 60 21
52 11 60 22
52 11 60 27
52 11 60 32
52 11 60 35
52 11 60 36
52 17 60 20
52 17 60 21
52 17 60 22
52 17 60 27
52 17 60 32
52 17 60 35
52 17 60 36
52 18 60 20
52 18 60 21
52 18 60 22
52 18 60 27
52 18 60 32
52 18 60 35
52 18 60 36
52 20 60 27
52 20 60 32
52 20 60 35
52 20 60 36
52 21 60 27
52 21 60 32
52 21 60 35
52 21 60 36
52 22 60 27
52 22 60 32
52 22 60 35
52 22 60 36
52 27 60 32
52 27 60 35
52 27 60 36
52 32 60 35
52 32 60 36
52 11 65 20
52 11 65 21
52 11 65 22
52 3 68 21
52 3 68 22
52 3 68 27
52 4 68 21
52 4 68 22
52 4 68 27
52 5 68 21
52 5 68 22
52 5 68 27
52 21 68 27
52 22 68 27
52 27 69 32
52 27 69 35
52 27 69 36
52 32 69 35
52 32 69 36
52 4 77 21
52 4 77 27
52 4 77 32
52 4 77 36
52 5 77 21
52 5 77 27
52 5 77 32
52 5 77 36
52 21 77 27
52 21 77 32
52 21 77 36
52 27 77 32
52 27 77 36
52 32 77 36
52 21 81 27
52 21 81 32
52 27 81 32
52 4 97 27
54 3 60 9
54 3 60 11
54 3 60 17
54 3 60 18
54 3 60 20
54 3 60 21
54 3 60 22
54 3 60 24
54 4 60 9
54 4 60 11
54 4 60 17
54 4 60 18
54 4 60 20
54 4 60 21
54 4 60 22
54 4 60 24
54 5 60 9
54 5 60 11
54 5 60 17
54 5 60 18
54 5 60 20
54 5 60 21
54 5 60 22
54 5 60 24
54 6 60 9
54 6 60 11
54 6 60 17
54 6 60 18
54 6 60 20
54 6 60 21
54 6 60 22
54 6 60 24
54 7 60 9
54 7 60 11
54 7 60 17
54 7 60 18
54 7 60 20
54 7 60 21
54 7 60 22
54 7 60 24
54 9 60 11
54 9 60 17
54 9 60 18
54 9 60 20
54 9 60 21
54 9 60 22
54 9 60 24
54 11 60 17
54 11 60 18
54 11 60 20
54 11 60 21
54 11 60 22
54 11 60 24
54 17 60 20
54 17 60 21
54 17 60 22
54 17 60 24
54 18 60 20
54 18 60 21
54 18 60 22
54 18 60 24
54 20 60 24
54 21 60 24
54 22 60 24
54 11 65 20
54 11 65 21
54 11 65 22
54 3 68 21
54 3 68 22
54 3 68 24
54 4 68 21
54 4 68 22
54 4 68 24
54 5 68 21
54 5 68 22
54 5 68 24
54 6 68 21
54 6 68 22
54 6 68 24
54 21 68 24
54 22 68 24
54 4 77 21
54 4 77 24
54 5 77 21
54 5 77 24
54 6 77 21
54 6 77 24
54 21 77 24
54 21 81 24
54 6 94 24
60 11 65 20
60 11 65 21
60 11 65 22
60 3 68 21
60 3 68 22
60 3 68 24
60 3 68 27
60 4 68 21
60 4 68 22
60 4 68 24
60 4 68 27
60 5 68 21
60 5 68 22
60 5 68 24
60 5 68 27
60 6 68 21
60 6 68 22
60 6 68 24
60 6 68 27
60 21 68 24
60 21 68 27
60 22 68 24
60 22 68 27
60 24 68 27
60 27 69 32
60 27 69 35
60 27 69 36
60 32 69 35
60 32 69 36
60 4 77 21
60 4 77 24
60 4 77 27
60 4 77 32
60 4 77 36
60 5 77 21
60 5 77 24
60 5 77 27
60 5 77 32
60 5 77 36
60 6 77 21
60 6 77 24
60 6 77 27
60 6 77 32
60 6 77 36
60 21 77 24
60 21 77 27
60 21 77 32
60 21 77 36
60 24 77 27
60 24 77 32
60 24 77 36
60 27 77 32
60 27 77 36
60 32 77 36
60 21 81 24
60 21 81 27
60 21 81 32
60 24 81 27
60 24 81 32
60 27 81 32
60 6 94 24
60 4 97 27
68 4 77 21
68 4 77 24
68 4 77 27
68 5 77 21
68 5 77 24
68 5 77 27
68 6 77 21
68 6 77 24
68 6 77 27
68 21 77 24
68 21 77 27
68 24 77 27
68 21 81 24
68 21 81 27
68 24 81 27
68 6 94 24
68 4 97 27
69 27 77 32
69 27 77 36
69 32 77 36
69 27 81 32
77 21 81 24
77 21 81 27
77 21 81 32
77 24 81 27
77 24 81 32
77 27 81 32
77 6 94 24
77 4 97 27
