96 90
000000000000000000000000000000000000000000000000000000000000000000000000000000000000000000
000000000000000000000000000000000000000000000000000000000000000000000000000000000000000000
000000000000000000000000000000000000000000000000000000000000000000000000000000000000000000
000000000000000000000000000000000000000000000000000000000000000000000000000000000000000000
000000000000000000000000000000000000000000000000000000000000000000000000000000000000000000
000000000000000000000000000000000000000000000000000000000000000000000000000000000000000000
000000000000000000000000000000000000000000000000000000000000000111111111111111111111000000
000000000000000000000000000000000000000000000000000000000000000100000000000000000001000000
000000000000000000000000000000000000000000000000000000000000000100000000000000000001000000
000111111111111000000000000000000000000000000000000000000000000100000000000000000001000000
000100000000001000000000000000000000000000000000000000000000000100000000000000000001000000
000100000000001000000000000000000000000000000000000000000000000100000000000000000001000000
000100000000001000000000000000000000000000000000000000000000000100000000000000000001000000
000100000000001000000000000000000000000000000000000000000000000100000000000000000001000000
000100000000001000000000000000000000000111111111111111110000000100000000000000000001000000
000100000000001000000000000000000000000100000000000000010000000100000000000000000001000000
000100111111111111111111111111111111111111111111111111111111111111111111111111100001000000
000100100000001000000000000000000000000100000000000000010000000100000000000000100001000000
000100100000001000000000000000000000000100000000000000010000000100000000000000100001000000
000111111111111111111111111111100000000100000000000000010000000100000000000000100001000000
000000100000000000000000011000100000000100000000000000010000000100000000000000100001000000
000000100000000000000000011000100000000100000000000000010000000100000000000000100001000000
000000100000000000000000011000100000000100000000000000010000000100000000000000100001000000
000000100000000000000000011000100000000100000000000000010000000100000000000000100001000000
000000100000000000000000011000100000000100000000000000010000000100000000000000100001000000
000000100000000000000000011000100000000100000000000000010000000100000000000000100001000000
000000100000000000000000011000100000000100000000000000010000000100000000000000100001000000
000000100000000000000000011000100000000100000000000000010000000100000000000000100001000000
000000100000000000000000011000100000000100000000000000010000000100000000000000100001000000
000000111111111111111111111000100000000100000000000000010000000100000000000000100001000000
000000100001111111111111111111111111000100000000000000010000000100000000000000100001000000
000000100001000000000000010000100001000100000000000000010000000100000000000000100001000000
000000100001000000000000010000100001000100001111111111111111111111111111111111110001000000
000000100001000000000000010000100001000100001000000000010000000100000011000000110001000000
000000100001000000000000010000100001000100001000000000010000000100000011000000110001000000
000000100001000000000000010000100001000100001000000000010000000100000011000000110001000000
000000100001000000000000010000100001000100001000000000010000000100000011111111110001000000
000000100001000000000000010000100001000100001000000000010000000100000001000000100001000000
000000100001000000000000010000100001000100001000000000010000000100000001000000100001000000
000000100001000000000000010000100001000111111111111111110000000100000001000000100001000000
000000100001000000000000010000100001000000001000000000000000000111111111111111111111000000
000000100001000000000000010000100001000000001000000000000000000000000001000000100000000000
000000100001111111111111111111111111111111111111111111111111111111000001000000100000000000
000000100000100000000000010000100000000000001000000001111111111111111111111000100000000000
000000100000100000000000010000100000000000001000000001000000000001000001001000100000000000
000000100000100000000000010000100000000000001000000001000000000001000001001000100000000000
000000100000100000000000010000100000000000001000000001000000000001000001001000100000000000
000000100000100000000000010000100000000000001000000001000000000001000001001000100000000000
000000100000100000000000010000100000000000001000000001000000000001000001001000100000000000
000000100000100000000000010000100000000000001000000001000000000001000001001000100000000000
000000100000100000000000010000100000000000001000000001000000000001000001001000100000000000
000000100000100000000000010000100000000000001000000001000000000001000001011111100000000000
000000100000100000000000010000100000000000001000000001000000000001000001011000100000000000
000000100000100000000000010000100000000000001000000001000000000001000001011000100000000000
000000100000100000000000010000100000000000001000000001000000000001000001011000100000000000
000000100000100000000000010000100000000000001000000001000000000001000001011000100000000000
000000100000100000000000010000100000000000001000000001000000000001000001011000100000000000
000000100000100000000000010000100000000000001111111111111111111111111111011000100000000000
000000100000100000000000010000100000000000000000000001000000000001000000011000100000000000
000000111111111111111111111111111111111111111111111111111111111111111111111111100000000000
000000000000100000000000010000100000000000000000000001000000000001000000011000100000000000
000000000000100000000000010000100000000000000000000001000000000001000000011000100000000000
000000000000100000000000010000100000000000000000000001000000000001000000011000100000000000
000000000000100000000000010000100000000000000000000001000000000001000000011000100000000000
000000000000100000000000010000100000000000000000000001111111111111111111111000100000000000
000000000000100000000000010000100000000000000000000000000000000001000000010000100000000000
000000000000100000000000010000100000000000000000000000000000000001000000010000100000000000
000000000000100000000000010000100000000000000000000000000000000001000000010000100000000000
000000000000100000000000010000100000000000000000000000000000000001000000010000100000000000
000000000000100000000000010000100000000000000000000000000000000001000000010000100000000000
000000000000100000000000010000100000000000000000000000000000000001000000010000100000000000
000000000000100000000000010000100000000000000000000000000000000001000000010000100000000000
000000000000100000000000010000100000000000000000000000000000000001000000010000100000000000
000000000000100000000000010000100000000000000000000000000000000001000000010000100000000000
000000000000100000000000010000100000000000000000000000000000000001000000010000100000000000
000000000000100000000000010000100000000000000000000000000000000001000000010000100000000000
000000000000100000000000010000100000000000000000000000000000000001000000010000100000000000
000000000000111111111111111111111111111111111111111111111111111111000000010000100000000000
000000000000000000000000010000100000000000000000000000000000000000000000010000100000000000
000000000000000000000000010000100000000000000000000000000000000000000000010000100000000000
000000000000000000000000010000100000000000000000000000000000000000000000010000100000000000
000000000000000000000000010000100000001111111111111111111111111111111111111000100000000000
000000000000000000000000010000100000001000000000000000000000000000000000011000100000000000
000000000000000000000000010000100000001000000000000000000000000000000000011000100000000000
000000000000000000000000010000100000001000000000000000000000000000000000011000100000000000
000000000000000000000000010000100000001000000000000000000000000000000000011000100000000000
000000000000000000000000010000100000001000000000000000000000000000000000011000100000000000
000000000000000000000000010000100000001000000000000000000000000000000000011000100000000000
000000000000000000000000010000100000001000000000000000000000000000000000011000100000000000
000000000000000000000000010000100000001000000000000000000000000000000000011000100000000000
000000000000000000000000010000100000001000000000000000000000000000000000011000100000000000
000000000000000000000000010000100000001111111111111111111111111111111111111000100000000000
000000000000000000000000011111100000000000000000000000000000000000000000010000100000000000
000000000000000000000000000000000000000000000000000000000000000000000000010000100000000000
000000000000000000000000000000000000000000000000000000000000000000000000010000100000000000
000000000000000000000000000000000000000000000000000000000000000000000000011111100000000000
93
7 64 41 84
10 4 20 15
15 40 17 56
15 40 40 56
17 7 20 15
17 56 33 64
17 56 33 79
17 64 33 79
17 40 40 56
17 64 41 79
17 7 60 79
20 7 30 26
20 7 30 27
20 26 31 31
20 27 31 31
20 26 43 31
20 7 60 26
20 7 60 31
20 26 60 31
20 26 78 31
20 26 93 31
30 12 43 26
30 7 60 26
31 12 43 26
31 12 43 31
31 12 43 36
31 26 43 31
31 26 43 36
31 31 43 36
31 26 60 31
31 26 78 31
31 26 93 31
33 71 37 79
33 71 37 80
33 72 37 79
33 72 37 80
33 45 40 56
33 64 41 72
33 64 41 79
33 72 41 79
33 45 58 72
37 72 41 79
43 45 58 54
43 45 58 66
43 54 58 66
43 13 60 26
43 13 60 31
43 13 60 54
43 13 60 66
43 26 60 31
43 26 60 54
43 26 60 66
43 31 60 54
43 31 60 66
43 54 60 66
43 54 65 66
43 13 78 26
43 13 78 31
43 13 78 66
43 26 78 31
43 26 78 66
43 31 78 66
43 26 93 31
44 54 58 66
44 54 58 72
44 66 58 72
44 54 60 66
44 54 60 75
44 66 60 75
44 54 65 66
44 54 65 75
44 66 65 75
52 74 60 79
52 75 60 79
52 74 96 79
58 54 60 66
58 54 65 66
60 54 65 66
60 54 65 74
60 54 65 75
60 66 65 74
60 66 65 75
60 13 78 26
60 13 78 31
60 13 78 66
60 26 78 31
60 26 78 66
60 31 78 66
60 26 93 31
60 74 96 79
78 26 93 31
82 39 92 74
82 39 92 75
