42 55
0000000000000000000000000000000000000000000000000000000
0000000000000000000000000000000000000000000000000000000
0000000000000000000000000000000000000000000000000000000
0000000000000000000000000000000000000000000000000000000
0000000000000000000000000000000000000000000000000000000
0000001111111111111111111111111111111111100000000000000
0000001000000000000000000000000000000000100000000000000
0000001000000000000000000000000000000000100000000000000
0000001000000000000000000000000000000000100000000000000
0000001000000000000000000000000000000000100000000000000
0000001000000000000000000000000000000000100000000000000
0000001000000000000000000000000000000000100000000000000
0000001000000000000000000000000000000000100000000000000
0000001011111111111111111111111110000000100000000000000
0000001010000000001100000000000010000000100000000000000
0000001010000000001100000000000010000000100000000000000
0000001010000000001100000000000010000000100000000000000
0000001010000000001100000000000010000000100000000000000
0000001010000000001100000000000010000000100000000000000
0000001010000000001100000000000010000000100000000000000
0000001010000000001100000000000010000000100000000000000
0000001010000000001111111111111110000000100000000000000
0000001010000000001000000000000000000000100000000000000
0000001010000000001000000000000000000000100000000000000
0000001010000000001000000000000000000000100000000000000
0000001111111111111111111111111111111111100000000000000
0000000011111111111000000000000000000000000000000000000
0000000000000000000000111111111111111110000000000000000
0000000000000000000000100000000000000010000000000000000
0000000000000000000000100000000000000010000000000000000
0000000000000000000000100000000000000010000000000000000
0000000000000000000000100000000000000010000000000000000
0000000000000000000000100000000000000010000000000000000
0000000000000000000000100000000000000010000000000000000
0000000000000000000000100000000000000010000000000000000
0000000000000000000000100000000000000010000000000000000
0000000000000000000000100000000000000010000000000000000
0000000000000000000000100000000000000010000000000000000
0000000000000000000000100000000000000010000000000000000
0000000000000000000000111111111111111110000000000000000
0000000000000000000000000000000000000000000000000000000
0000000000000000000000000000000000000000000000000000000
6
6 7 26 41
14 19 22 33
14 20 22 33
14 9 26 19
14 9 27 19
28 23 40 39
