82 88
0000000000000000000000000000000000000000000000000000000000001111111111111111000000000000
0000000011111111111111111111111111111111111111111110000000001000000000000001000000000000
0000000010000000000000000000000000000000000000000010000000001011111111111111111110000000
0000000010000000000000000000000000000000000000000010000000001010000000000001000010000000
0000000010111111111111111111111111111111111111111111111111111111111100000001000010000000
0000000010100000000000000010011111111111111111111111111111111111000100000001000010000000
0000000010100000000000000010010000000000100001000010000000001011000100000001000010000000
0000000010111111111111111111111111111111111111000010000000001011000100000001000010000000
0000000010000000000000000010010000000000100000000010000000001011000100000001000010000000
0000000010000000000000000010010000000000100000000010000000001011000100000001000010000000
0000000010000000000000000010010000000000100000000010000000001011000100000001000010000000
0000000010000000000000000011111111111111111111111111111111111111000100000001000010000000
0000000010000000000000000111111100000000100000000010000000001011000100000001000010000000
0000000010000000000000000100010100000000100000000010000000001111111111111111000010000000
0000000010000000000000000100010100000000100000000010000000000011000100000000000010000000
0000000010000000000000000100010100000000100000000010000000000011000100000000000010000000
0000000010000000000000000100010100000000100000000010000000000011000100000000000010000000
0000000010000000000000000100010101111111111111111111111111111111111111111111111111100000
0000000010000000000000000100010101000000100000000010000000000011000100000000000010100000
0000000010000000000000000100010101000000100000000010000000000011000100000000000010100000
0000000010000000000000000100010101000000100000000010000000000011000100000000000010100000
0000000010000000000000000100010101000000100000000010000000000011000100000000000010100000
0000000010000000000000000100010101000000100000000010000000000011000100000000000010100000
0000000010000000000000000100010101000000100000000010000000000011000100000000000010100000
0000000010000000000000000100010101000000100000000010000000000011000100000000000010100000
0000000010000000000000000100010101000000100000000010000000000011000100000000000010100000
0000000010000000000000000100010101000000100000000010000000000011000100000000000010100000
0000000010000000000000000100010101000000100000000010000000000011000100000000000010100000
0011111111111111111111110100010101000000100000000010000000000011000100000000000010100000
0010000010000000000000010100010101000000100000000010000000000011000100000000000010100000
0010000010000000000000010100010101000000100000000010000000000011000100000000000010100000
0010000010000001111111111111111111111111111111111111111111111111111111111111111111100000
0010000010000001000000010110010101100000100001000010000000000011000110000000000011100000
0011111111111111111111110110010111111111111111111111111111111111110110000000000011100000
0000000010000001000000000110010111111000100001000010000000000011010110000000000011100000
0000000010000001000000000110010111101000100001000010000000000011010110000000000011100000
0000000010000001000000000110010111101000100001000010000000000011010110000000000011100000
0000000010000001000000000110010111101000100001000010000000000011010110000000000011100000
0000000010000001000000000110010111101000100001000010000000000011010110000000000011100000
0000000010000001000000000110010111101000100001000010000000000011010110000000000011100000
0000000010000001000000000110010111101000100001000010000000000011111111111111111111100000
0000000010000001000000000110010111111111111111111111111111111111110110000000000001100000
0000000010000001000000000110010101101000100001000010000000000001000110000000000001100000
0000000010000001000000000110010101101000100001000010000000000001000110000000000001100000
0000000010000001000000000110010101101000100001000010000000000001000110000000000001100000
0000000010000001000000000110010101101000100001000010000000000001000110000000000001100000
0000000010000001000000000110010101101000100001000010000000000001000110000000000001100000
0000000010000001000000000110010101111111111111111111111111111111111111111111111111100000
0000000010000001000000000110010100100000100001000010000000000001000110000000000001000000
0111111111111111111111111111111111111111111111111111111111111111111110000000000001000000
0100000010000001000000000110010100100000100001000010000000000001001110000000000001000000
0100000010000001000000000110010100100000100001000010000000000001001110000000000001000000
0100000010000001000000011111111111111111111111111111111111000001001110000000000001000000
0100000010000001000000111111111111111111111111111010000001000001001110000000000001000000
0100000010000001000000110110010100100000100001001010000001000001001110000000000001000000
0100000010000001000000110110010100100000100001001010000001000001001110000000000001000000
0100000010000001000000110110010100100000100001001010000001000001001110000000000001000000
0100000010000001000000110110010100100000100001001010000001000001001110000000000001000000
0100000010000001000000110110010100100000100001001010000001000001001110000000000001000000
0100000010000001000000110110011111111111111111111111111111111111001110000000000001000000
0100000010000001000000110110000100100000100001001010000001000000001110000000000001000000
0100000010000001000000111111111111111111111111111010000001000000001110000000000001000000
0100000010000001000000010110000100100000100001000010000001001111111111111111111101000000
0100000010000001000000011111111111111111111111111111111111001000001110000000000101000000
0100000010000001000000000110000100100000100001111111111111111111111110000000000101000000
0100000010000001000000000111111100100000111111111111111111111111111100000000000101000000
0100000010000001000000000010000000100000000000000010000000001111111111111111111101000000
0100000010000001000000000010000000100000000000000010000000000000001000000000000001000000
0100000010000001000000000010000000100000000000000010000000000000001000000000000001000000
0100000010000001000000000010000000100000000000000010000000000000001000000000000001000000
0100000010000001000000000010000000100000000000000010000000000000001000000000000001000000
0100000010000001000000000010000000100000000000000010000000000000001000000000000001000000
0100000010000001000000000010000000100000000000000010000000000000001000000000000001000000
0100000011111111111111111111111111111111111111111110000000000000001000000000000001000000
0100000000000001000000000000000000000000000000000000000000000000001000000000000001000000
0100000000000001111111111111111111111111111111111111111111111111111111111111111111000000
0100000000000000000000000000000000000000000000000000000000000000001000000000000000000000
0111111111111111111111111111111111111111111111111111111111111111111000000000000000000000
0000000000000000000000000000000000000000000000000000000000000000000000000000000000000000
0000000000000000000000000000000000000000000000000000000000000000000000000000000000000000
0000000000000000000000000000000000000000000000000000000000000000000000000000000000000000
0000000000000000000000000000000000000000000000000000000000000000000000000000000000000000
1428
1 61 14 76
2 9 50 51
2 9 74 51
3 63 14 76
3 63 18 81
3 63 32 81
3 63 41 81
5 11 8 27
5 11 8 30
5 11 8 41
5 11 8 46
5 27 8 30
5 27 8 41
5 27 8 46
5 30 8 41
5 30 8 46
5 41 8 46
5 27 12 30
5 27 12 41
5 27 12 51
5 27 12 61
5 27 12 63
5 27 12 64
5 30 12 41
5 30 12 51
5 30 12 61
5 30 12 63
5 30 12 64
5 41 12 51
5 41 12 61
5 41 12 63
5 41 12 64
5 51 12 61
5 51 12 63
5 51 12 64
5 61 12 63
5 61 12 64
5 27 13 30
5 61 14 63
5 61 14 64
5 61 14 68
5 63 14 68
5 64 14 68
5 41 18 51
5 41 18 63
5 41 18 64
5 41 18 68
5 51 18 63
5 51 18 64
5 51 18 68
5 63 18 68
5 64 18 68
5 30 32 41
5 30 32 51
5 30 32 63
5 30 32 64
5 30 32 68
5 41 32 51
5 41 32 63
5 41 32 64
5 41 32 68
5 51 32 63
5 51 32 64
5 51 32 68
5 63 32 68
5 64 32 68
5 41 34 51
5 41 34 63
5 41 34 64
5 51 34 63
5 51 34 64
5 63 41 68
5 64 41 68
5 41 42 51
5 41 42 63
5 41 42 64
5 51 42 63
5 51 42 64
5 41 48 51
5 41 48 64
5 41 48 68
5 51 48 64
5 51 48 68
5 64 48 68
5 30 50 41
5 30 50 51
5 30 50 64
5 30 50 68
5 41 50 51
5 41 50 64
5 41 50 68
5 51 50 64
5 51 50 68
5 64 50 68
5 30 53 41
5 30 53 51
5 41 53 51
5 30 54 41
5 30 60 41
5 30 60 51
5 30 60 64
5 41 60 51
5 41 60 64
5 51 60 64
5 41 64 51
5 51 65 68
5 41 66 51
5 41 66 68
5 51 66 68
6 30 8 41
6 30 8 46
6 41 8 46
6 30 12 41
6 30 12 51
6 30 12 61
6 30 12 63
6 30 12 64
6 41 12 51
6 41 12 61
6 41 12 63
6 41 12 64
6 51 12 61
6 51 12 63
6 51 12 64
6 61 12 63
6 61 12 64
6 61 14 63
6 61 14 64
6 41 18 51
6 41 18 63
6 41 18 64
6 51 18 63
6 51 18 64
6 30 32 41
6 30 32 51
6 30 32 63
6 30 32 64
6 41 32 51
6 41 32 63
6 41 32 64
6 51 32 63
6 51 32 64
6 41 34 51
6 41 34 63
6 41 34 64
6 51 34 63
6 51 34 64
6 41 42 51
6 41 42 63
6 41 42 64
6 51 42 63
6 51 42 64
6 41 48 51
6 41 48 64
6 51 48 64
6 30 50 41
6 30 50 51
6 30 50 64
6 41 50 51
6 41 50 64
6 51 50 64
6 30 53 41
6 30 53 51
6 41 53 51
6 30 54 41
6 30 60 41
6 30 60 51
6 30 60 64
6 41 60 51
6 41 60 64
6 51 60 64
6 41 64 51
6 41 66 51
8 27 12 30
8 27 12 41
8 30 12 41
8 27 13 30
8 30 32 41
8 30 50 41
8 30 53 41
8 30 54 41
8 30 60 41
12 61 14 63
12 61 14 64
12 41 18 51
12 41 18 63
12 41 18 64
12 51 18 63
12 51 18 64
12 30 32 32
12 30 32 41
12 30 32 51
12 30 32 63
12 30 32 64
12 32 32 41
12 32 32 51
12 32 32 63
12 32 32 64
12 41 32 51
12 41 32 63
12 41 32 64
12 51 32 63
12 51 32 64
12 32 34 41
12 32 34 51
12 32 34 63
12 32 34 64
12 41 34 51
12 41 34 63
12 41 34 64
12 51 34 63
12 51 34 64
12 32 42 41
12 32 42 51
12 32 42 63
12 32 42 64
12 41 42 51
12 41 42 63
12 41 42 64
12 51 42 63
12 51 42 64
12 41 48 51
12 41 48 64
12 51 48 64
12 30 50 32
12 30 50 41
12 30 50 51
12 30 50 64
12 32 50 41
12 32 50 51
12 32 50 64
12 41 50 51
12 41 50 64
12 51 50 64
12 30 53 32
12 30 53 41
12 30 53 51
12 32 53 41
12 32 53 51
12 41 53 51
12 30 54 32
12 30 54 41
12 32 54 41
12 30 60 32
12 30 60 41
12 30 60 51
12 30 60 64
12 32 60 41
12 32 60 51
12 32 60 64
12 41 60 51
12 41 60 64
12 51 60 64
12 32 62 41
12 32 64 41
12 32 64 51
12 41 64 51
12 41 66 51
13 26 32 30
13 26 32 32
13 30 32 32
13 26 50 30
13 26 50 32
13 30 50 32
13 26 53 30
13 26 53 32
13 30 53 32
13 26 54 30
13 26 54 32
13 30 54 32
13 30 60 32
13 26 62 32
13 26 64 32
13 26 66 32
14 63 18 68
14 64 18 68
14 63 32 68
14 64 32 68
14 63 41 68
14 64 41 68
14 64 48 68
14 64 50 68
18 34 32 41
18 34 32 51
18 34 32 63
18 34 32 64
18 34 32 68
18 34 32 81
18 34 32 83
18 41 32 51
18 41 32 63
18 41 32 64
18 41 32 68
18 41 32 81
18 41 32 83
18 51 32 63
18 51 32 64
18 51 32 68
18 51 32 81
18 51 32 83
18 63 32 68
18 63 32 81
18 63 32 83
18 64 32 68
18 64 32 81
18 64 32 83
18 68 32 81
18 68 32 83
18 81 32 83
18 81 33 83
18 34 34 41
18 34 34 51
18 34 34 63
18 34 34 64
18 41 34 51
18 41 34 63
18 41 34 64
18 51 34 63
18 51 34 64
18 81 34 83
18 81 35 83
18 81 36 83
18 81 37 83
18 81 38 83
18 81 39 83
18 81 40 83
18 63 41 68
18 63 41 81
18 63 41 83
18 64 41 68
18 64 41 81
18 64 41 83
18 68 41 81
18 68 41 83
18 81 41 83
18 34 42 41
18 34 42 51
18 34 42 63
18 34 42 64
18 41 42 51
18 41 42 63
18 41 42 64
18 51 42 63
18 51 42 64
18 34 48 41
18 34 48 51
18 34 48 64
18 34 48 68
18 34 48 83
18 41 48 51
18 41 48 64
18 41 48 68
18 41 48 83
18 51 48 64
18 51 48 68
18 51 48 83
18 64 48 68
18 64 48 83
18 68 48 83
18 41 50 51
18 41 50 64
18 41 50 68
18 51 50 64
18 51 50 68
18 64 50 68
18 41 53 51
18 41 60 51
18 41 60 64
18 51 60 64
18 41 64 51
18 51 65 68
18 41 66 51
18 41 66 68
18 51 66 68
29 3 34 9
29 3 34 24
29 9 34 24
32 16 34 24
32 32 34 34
32 32 34 35
32 32 34 41
32 32 34 46
32 32 34 51
32 32 34 63
32 32 34 64
32 34 34 41
32 34 34 46
32 34 34 51
32 34 34 63
32 34 34 64
32 35 34 41
32 35 34 46
32 35 34 51
32 35 34 63
32 35 34 64
32 41 34 46
32 41 34 51
32 41 34 63
32 41 34 64
32 46 34 51
32 46 34 63
32 46 34 64
32 51 34 63
32 51 34 64
32 32 35 34
32 32 35 35
32 32 36 34
32 32 36 35
32 32 37 34
32 32 37 35
32 32 38 34
32 32 38 35
32 32 39 34
32 32 39 35
32 32 40 34
32 32 40 35
32 32 41 34
32 32 41 35
32 63 41 68
32 63 41 69
32 63 41 81
32 63 41 82
32 63 41 83
32 64 41 68
32 64 41 69
32 64 41 81
32 64 41 82
32 64 41 83
32 68 41 81
32 68 41 82
32 68 41 83
32 69 41 81
32 69 41 82
32 69 41 83
32 32 42 34
32 32 42 35
32 32 42 41
32 32 42 46
32 32 42 51
32 32 42 63
32 32 42 64
32 34 42 41
32 34 42 46
32 34 42 51
32 34 42 63
32 34 42 64
32 35 42 41
32 35 42 46
32 35 42 51
32 35 42 63
32 35 42 64
32 41 42 46
32 41 42 51
32 41 42 63
32 41 42 64
32 46 42 51
32 46 42 63
32 46 42 64
32 51 42 63
32 51 42 64
32 34 48 41
32 34 48 46
32 34 48 51
32 34 48 64
32 34 48 68
32 34 48 69
32 34 48 82
32 34 48 83
32 35 48 41
32 35 48 46
32 35 48 51
32 35 48 64
32 35 48 68
32 35 48 69
32 35 48 82
32 35 48 83
32 41 48 46
32 41 48 51
32 41 48 64
32 41 48 68
32 41 48 69
32 41 48 82
32 41 48 83
32 46 48 51
32 46 48 64
32 46 48 68
32 46 48 69
32 46 48 82
32 46 48 83
32 51 48 64
32 51 48 68
32 51 48 69
32 51 48 82
32 51 48 83
32 64 48 68
32 64 48 69
32 64 48 82
32 64 48 83
32 68 48 82
32 68 48 83
32 69 48 82
32 69 48 83
32 16 50 26
32 16 50 27
32 16 50 30
32 16 50 32
32 16 50 35
32 16 50 41
32 16 50 46
32 16 50 51
32 16 50 64
32 16 50 68
32 16 50 69
32 26 50 30
32 26 50 32
32 26 50 35
32 26 50 41
32 26 50 46
32 26 50 51
32 26 50 64
32 26 50 68
32 26 50 69
32 27 50 30
32 27 50 32
32 27 50 35
32 27 50 41
32 27 50 46
32 27 50 51
32 27 50 64
32 27 50 68
32 27 50 69
32 30 50 32
32 30 50 35
32 30 50 41
32 30 50 46
32 30 50 51
32 30 50 64
32 30 50 68
32 30 50 69
32 32 50 35
32 32 50 41
32 32 50 46
32 32 50 51
32 32 50 64
32 32 50 68
32 32 50 69
32 35 50 41
32 35 50 46
32 35 50 51
32 35 50 64
32 35 50 68
32 35 50 69
32 41 50 46
32 41 50 51
32 41 50 64
32 41 50 68
32 41 50 69
32 46 50 51
32 46 50 64
32 46 50 68
32 46 50 69
32 51 50 64
32 51 50 68
32 51 50 69
32 64 50 68
32 64 50 69
32 26 53 30
32 26 53 32
32 26 53 35
32 26 53 41
32 26 53 46
32 26 53 51
32 27 53 30
32 27 53 32
32 27 53 35
32 27 53 41
32 27 53 46
32 27 53 51
32 30 53 32
32 30 53 35
32 30 53 41
32 30 53 46
32 30 53 51
32 32 53 35
32 32 53 41
32 32 53 46
32 32 53 51
32 35 53 41
32 35 53 46
32 35 53 51
32 41 53 46
32 41 53 51
32 46 53 51
32 26 54 30
32 26 54 32
32 26 54 35
32 26 54 41
32 26 54 46
32 27 54 30
32 27 54 32
32 27 54 35
32 27 54 41
32 27 54 46
32 30 54 32
32 30 54 35
32 30 54 41
32 30 54 46
32 32 54 35
32 32 54 41
32 32 54 46
32 35 54 41
32 35 54 46
32 41 54 46
32 30 60 32
32 30 60 35
32 30 60 41
32 30 60 46
32 30 60 51
32 30 60 64
32 32 60 35
32 32 60 41
32 32 60 46
32 32 60 51
32 32 60 64
32 35 60 41
32 35 60 46
32 35 60 51
32 35 60 64
32 41 60 46
32 41 60 51
32 41 60 64
32 46 60 51
32 46 60 64
32 51 60 64
32 26 62 32
32 26 62 35
32 26 62 41
32 26 62 46
32 27 62 32
32 27 62 35
32 27 62 41
32 27 62 46
32 32 62 35
32 32 62 41
32 32 62 46
32 35 62 41
32 35 62 46
32 41 62 46
32 26 64 32
32 26 64 35
32 26 64 41
32 26 64 46
32 26 64 51
32 27 64 32
32 27 64 35
32 27 64 41
32 27 64 46
32 27 64 51
32 32 64 35
32 32 64 41
32 32 64 46
32 32 64 51
32 35 64 41
32 35 64 46
32 35 64 51
32 41 64 46
32 41 64 51
32 46 64 51
32 46 65 51
32 46 65 68
32 46 65 69
32 51 65 68
32 51 65 69
32 26 66 32
32 27 66 32
32 41 66 46
32 41 66 51
32 41 66 68
32 46 66 51
32 46 66 68
32 51 66 68
32 16 74 27
32 16 74 35
32 16 74 51
32 27 74 35
32 27 74 51
32 35 74 51
32 16 76 82
34 63 41 66
34 64 41 66
34 32 42 37
34 32 42 41
34 32 42 46
34 32 42 51
34 32 42 63
34 32 42 64
34 32 42 66
34 33 42 37
34 33 42 41
34 33 42 46
34 33 42 51
34 33 42 63
34 33 42 64
34 33 42 66
34 34 42 37
34 34 42 41
34 34 42 46
34 34 42 51
34 34 42 63
34 34 42 64
34 34 42 66
34 35 42 37
34 35 42 41
34 35 42 46
34 35 42 51
34 35 42 63
34 35 42 64
34 35 42 66
34 37 42 41
34 37 42 46
34 37 42 51
34 37 42 63
34 37 42 64
34 37 42 66
34 41 42 46
34 41 42 51
34 41 42 63
34 41 42 64
34 41 42 66
34 46 42 51
34 46 42 63
34 46 42 64
34 46 42 66
34 51 42 63
34 51 42 64
34 51 42 66
34 63 42 66
34 64 42 66
34 34 48 37
34 34 48 41
34 34 48 46
34 34 48 51
34 34 48 64
34 35 48 37
34 35 48 41
34 35 48 46
34 35 48 51
34 35 48 64
34 37 48 41
34 37 48 46
34 37 48 51
34 37 48 64
34 41 48 46
34 41 48 51
34 41 48 64
34 46 48 51
34 46 48 64
34 51 48 64
34 9 50 16
34 32 50 35
34 32 50 41
34 32 50 46
34 32 50 51
34 32 50 64
34 35 50 41
34 35 50 46
34 35 50 51
34 35 50 64
34 41 50 46
34 41 50 51
34 41 50 64
34 46 50 51
34 46 50 64
34 51 50 64
34 32 53 35
34 32 53 41
34 32 53 46
34 32 53 51
34 35 53 41
34 35 53 46
34 35 53 51
34 41 53 46
34 41 53 51
34 46 53 51
34 32 54 35
34 32 54 41
34 32 54 46
34 35 54 41
34 35 54 46
34 41 54 46
34 32 60 35
34 32 60 41
34 32 60 46
34 32 60 51
34 32 60 64
34 35 60 41
34 35 60 46
34 35 60 51
34 35 60 64
34 41 60 46
34 41 60 51
34 41 60 64
34 46 60 51
34 46 60 64
34 51 60 64
34 32 62 35
34 32 62 41
34 32 62 46
34 35 62 41
34 35 62 46
34 41 62 46
34 32 64 35
34 32 64 41
34 32 64 46
34 32 64 51
34 35 64 41
34 35 64 46
34 35 64 51
34 41 64 46
34 41 64 51
34 46 64 51
34 46 65 51
34 41 66 46
34 41 66 51
34 46 66 51
34 9 74 16
34 35 74 51
35 32 42 37
35 33 42 37
35 34 42 37
35 35 42 37
35 34 48 37
35 35 48 37
35 32 50 35
35 32 53 35
35 32 54 35
35 32 60 35
35 32 62 35
35 32 64 35
36 32 50 35
36 32 53 35
36 32 54 35
36 32 60 35
36 32 62 35
36 32 64 35
37 32 50 35
37 32 53 35
37 32 54 35
37 32 60 35
37 32 62 35
37 32 64 35
38 32 50 35
38 32 53 35
38 32 54 35
38 32 60 35
38 32 62 35
38 32 64 35
39 32 50 35
39 32 53 35
39 32 54 35
39 32 60 35
39 32 62 35
39 32 64 35
40 32 50 35
40 32 53 35
40 32 54 35
40 32 60 35
40 32 62 35
40 32 64 35
41 64 48 68
41 64 48 69
41 64 48 82
41 64 48 83
41 68 48 82
41 68 48 83
41 69 48 82
41 69 48 83
41 32 50 35
41 64 50 68
41 64 50 69
41 32 53 35
41 32 54 35
41 32 60 35
41 32 62 35
41 32 64 35
42 34 48 37
42 34 48 41
42 34 48 46
42 34 48 51
42 34 48 64
42 35 48 37
42 35 48 41
42 35 48 46
42 35 48 51
42 35 48 64
42 37 48 41
42 37 48 46
42 37 48 51
42 37 48 64
42 41 48 46
42 41 48 51
42 41 48 64
42 46 48 51
42 46 48 64
42 51 48 64
42 32 50 35
42 32 50 41
42 32 50 46
42 32 50 51
42 32 50 64
42 35 50 41
42 35 50 46
42 35 50 51
42 35 50 64
42 41 50 46
42 41 50 51
42 41 50 64
42 46 50 51
42 46 50 64
42 51 50 64
42 32 53 35
42 32 53 41
42 32 53 46
42 32 53 51
42 35 53 41
42 35 53 46
42 35 53 51
42 41 53 46
42 41 53 51
42 46 53 51
42 32 54 35
42 32 54 41
42 32 54 46
42 35 54 41
42 35 54 46
42 41 54 46
42 32 60 35
42 32 60 41
42 32 60 46
42 32 60 51
42 32 60 64
42 35 60 41
42 35 60 46
42 35 60 51
42 35 60 64
42 41 60 46
42 41 60 51
42 41 60 64
42 46 60 51
42 46 60 64
42 51 60 64
42 32 62 35
42 32 62 41
42 32 62 46
42 35 62 41
42 35 62 46
42 41 62 46
42 32 64 35
42 32 64 41
42 32 64 46
42 32 64 51
42 35 64 41
42 35 64 46
42 35 64 51
42 41 64 46
42 41 64 51
42 46 64 51
42 46 65 51
42 41 66 46
42 41 66 51
42 46 66 51
42 35 74 51
48 35 50 41
48 35 50 46
48 35 50 51
48 35 50 64
48 35 50 68
48 35 50 69
48 41 50 46
48 41 50 51
48 41 50 64
48 41 50 68
48 41 50 69
48 46 50 51
48 46 50 64
48 46 50 68
48 46 50 69
48 51 50 64
48 51 50 68
48 51 50 69
48 64 50 68
48 64 50 69
48 35 53 41
48 35 53 46
48 35 53 51
48 41 53 46
48 41 53 51
48 46 53 51
48 35 54 41
48 35 54 46
48 41 54 46
48 35 60 41
48 35 60 46
48 35 60 51
48 35 60 64
48 41 60 46
48 41 60 51
48 41 60 64
48 46 60 51
48 46 60 64
48 51 60 64
48 35 62 41
48 35 62 46
48 41 62 46
48 35 64 41
48 35 64 46
48 35 64 51
48 41 64 46
48 41 64 51
48 46 64 51
48 46 65 51
48 46 65 68
48 46 65 69
48 51 65 68
48 51 65 69
48 41 66 46
48 41 66 51
48 41 66 68
48 46 66 51
48 46 66 68
48 51 66 68
48 35 74 51
50 26 53 30
50 26 53 32
50 26 53 35
50 26 53 41
50 26 53 46
50 26 53 51
50 27 53 30
50 27 53 32
50 27 53 35
50 27 53 41
50 27 53 46
50 27 53 51
50 30 53 32
50 30 53 35
50 30 53 41
50 30 53 46
50 30 53 51
50 32 53 35
50 32 53 41
50 32 53 46
50 32 53 51
50 35 53 41
50 35 53 46
50 35 53 51
50 41 53 46
50 41 53 51
50 46 53 51
50 26 54 30
50 26 54 32
50 26 54 35
50 26 54 41
50 26 54 46
50 27 54 30
50 27 54 32
50 27 54 35
50 27 54 41
50 27 54 46
50 30 54 32
50 30 54 35
50 30 54 41
50 30 54 46
50 32 54 35
50 32 54 41
50 32 54 46
50 35 54 41
50 35 54 46
50 41 54 46
50 30 60 32
50 30 60 35
50 30 60 41
50 30 60 46
50 30 60 51
50 30 60 64
50 32 60 35
50 32 60 41
50 32 60 46
50 32 60 51
50 32 60 64
50 35 60 41
50 35 60 46
50 35 60 51
50 35 60 64
50 41 60 46
50 41 60 51
50 41 60 64
50 46 60 51
50 46 60 64
50 51 60 64
50 26 62 32
50 26 62 35
50 26 62 41
50 26 62 46
50 27 62 32
50 27 62 35
50 27 62 41
50 27 62 46
50 32 62 35
50 32 62 41
50 32 62 46
50 35 62 41
50 35 62 46
50 41 62 46
50 26 64 32
50 26 64 35
50 26 64 41
50 26 64 46
50 26 64 51
50 27 64 32
50 27 64 35
50 27 64 41
50 27 64 46
50 27 64 51
50 32 64 35
50 32 64 41
50 32 64 46
50 32 64 51
50 35 64 41
50 35 64 46
50 35 64 51
50 41 64 46
50 41 64 51
50 46 64 51
50 46 65 51
50 46 65 67
50 46 65 68
50 46 65 69
50 51 65 67
50 51 65 68
50 51 65 69
50 26 66 32
50 27 66 32
50 41 66 46
50 41 66 51
50 41 66 67
50 41 66 68
50 46 66 51
50 46 66 67
50 46 66 68
50 51 66 67
50 51 66 68
50 9 74 16
50 9 74 27
50 9 74 35
50 9 74 51
50 16 74 27
50 16 74 35
50 16 74 51
50 27 74 35
50 27 74 51
50 35 74 51
50 16 76 67
50 2 78 67
53 30 60 32
53 30 60 35
53 30 60 41
53 30 60 46
53 30 60 49
53 30 60 51
53 30 60 58
53 32 60 35
53 32 60 41
53 32 60 46
53 32 60 49
53 32 60 51
53 32 60 58
53 35 60 41
53 35 60 46
53 35 60 49
53 35 60 51
53 35 60 58
53 41 60 46
53 41 60 49
53 41 60 51
53 41 60 58
53 46 60 49
53 46 60 51
53 46 60 58
53 49 60 51
53 49 60 58
53 51 60 58
53 24 62 26
53 24 62 27
53 24 62 32
53 24 62 35
53 24 62 41
53 24 62 46
53 24 62 49
53 26 62 32
53 26 62 35
53 26 62 41
53 26 62 46
53 26 62 49
53 27 62 32
53 27 62 35
53 27 62 41
53 27 62 46
53 27 62 49
53 32 62 35
53 32 62 41
53 32 62 46
53 32 62 49
53 35 62 41
53 35 62 46
53 35 62 49
53 41 62 46
53 41 62 49
53 46 62 49
53 24 64 26
53 24 64 27
53 24 64 32
53 24 64 35
53 24 64 41
53 24 64 46
53 24 64 51
53 24 64 58
53 26 64 32
53 26 64 35
53 26 64 41
53 26 64 46
53 26 64 51
53 26 64 58
53 27 64 32
53 27 64 35
53 27 64 41
53 27 64 46
53 27 64 51
53 27 64 58
53 32 64 35
53 32 64 41
53 32 64 46
53 32 64 51
53 32 64 58
53 35 64 41
53 35 64 46
53 35 64 51
53 35 64 58
53 41 64 46
53 41 64 51
53 41 64 58
53 46 64 51
53 46 64 58
53 51 64 58
53 46 65 51
53 46 65 58
53 51 65 58
53 26 66 32
53 27 66 32
53 41 66 46
53 41 66 51
53 41 66 58
53 46 66 51
53 46 66 58
53 51 66 58
53 27 74 35
53 27 74 51
53 35 74 51
54 30 60 32
54 30 60 35
54 30 60 41
54 30 60 46
54 30 60 49
54 32 60 35
54 32 60 41
54 32 60 46
54 32 60 49
54 35 60 41
54 35 60 46
54 35 60 49
54 41 60 46
54 41 60 49
54 46 60 49
54 23 62 26
54 23 62 27
54 23 62 32
54 23 62 35
54 23 62 41
54 23 62 46
54 23 62 49
54 24 62 26
54 24 62 27
54 24 62 32
54 24 62 35
54 24 62 41
54 24 62 46
54 24 62 49
54 26 62 32
54 26 62 35
54 26 62 41
54 26 62 46
54 26 62 49
54 27 62 32
54 27 62 35
54 27 62 41
54 27 62 46
54 27 62 49
54 32 62 35
54 32 62 41
54 32 62 46
54 32 62 49
54 35 62 41
54 35 62 46
54 35 62 49
54 41 62 46
54 41 62 49
54 46 62 49
54 24 64 26
54 24 64 27
54 24 64 32
54 24 64 35
54 24 64 41
54 24 64 46
54 26 64 32
54 26 64 35
54 26 64 41
54 26 64 46
54 27 64 32
54 27 64 35
54 27 64 41
54 27 64 46
54 32 64 35
54 32 64 41
54 32 64 46
54 35 64 41
54 35 64 46
54 41 64 46
54 26 66 32
54 27 66 32
54 41 66 46
54 27 74 35
60 32 62 35
60 32 62 41
60 32 62 46
60 32 62 49
60 35 62 41
60 35 62 46
60 35 62 49
60 41 62 46
60 41 62 49
60 46 62 49
60 32 64 35
60 32 64 41
60 32 64 46
60 32 64 51
60 32 64 58
60 35 64 41
60 35 64 46
60 35 64 51
60 35 64 58
60 41 64 46
60 41 64 51
60 41 64 58
60 46 64 51
60 46 64 58
60 51 64 58
60 46 65 51
60 46 65 58
60 51 65 58
60 41 66 46
60 41 66 51
60 41 66 58
60 46 66 51
60 46 66 58
60 51 66 58
60 35 74 51
62 24 64 26
62 24 64 27
62 24 64 32
62 24 64 35
62 24 64 41
62 24 64 46
62 26 64 32
62 26 64 35
62 26 64 41
62 26 64 46
62 27 64 32
62 27 64 35
62 27 64 41
62 27 64 46
62 32 64 35
62 32 64 41
62 32 64 46
62 35 64 41
62 35 64 46
62 41 64 46
62 26 66 32
62 27 66 32
62 41 66 46
62 27 74 35
63 61 65 67
63 61 65 68
63 61 65 69
63 61 66 67
63 61 66 68
63 61 67 67
63 61 67 68
63 61 67 80
63 67 67 80
63 68 67 80
64 26 66 32
64 27 66 32
64 41 66 46
64 41 66 47
64 41 66 48
64 41 66 49
64 41 66 50
64 41 66 51
64 41 66 52
64 41 66 53
64 41 66 54
64 41 66 55
64 41 66 56
64 41 66 57
64 41 66 58
64 27 74 35
64 27 74 51
64 35 74 51
