95 48
000000000000000000000000000000000000000000000000
000000000000000000000000000000000000000000000000
000000000000000000000000000000000000000000000000
000000000000000000000000000000000000000000000000
000000000000001111111111111100000000000000000000
000011111111111111111111111111111111111111111111
000010000000001000000000000100000000000000000001
000010000000001000000000000100000000000000000001
000010000000001000000000000100000000000000000001
000011111111111111111111111111111111100000000001
000010000000001000000000000100000000100000000001
000010000000001000000000000100000000100000000001
000010000000001000000000000100000000100000000001
000010000000001000000000000100000000100000000001
000010000000001000000000000100000000100000000001
000010000000001000000000000100000000100000000001
000010000000001000000000000100000000100000000001
000010000000001000000000000100000000100000000001
000010000000001000000000000100000000100000000001
000010000000001000000000000100000000100000000001
000010000000001000000000000100000000100000000001
000010000000001000000000000100000000100000000001
000010000000001000000000000100000000100000000001
000010000000001000000000000100000000100000000001
000010000000001000000000000100000000100000000001
000010000000001000000000000100000000100000000001
000010000000001000000000000100000000100000000001
000010000000001011111111000100000000100000000001
000010000000001010000001000100000000100000000001
000010000000001010000001000100000000100000000001
000010000000001010000001000100000000100000000001
000011111111111111111111111111111111111111111111
000010000000001010000001000100000000100000001111
000010000000001010000001000100000000100000001001
000010000000001010000001000100000000100000001001
000010000000001010000001000100000000100000001001
000010000000001010000001000100000000100000001001
000010000000001010000001000100000000100000001001
000010000000001010000001000100000000100000001001
000010000000001010000001000100000000100000001001
000010000000001010000001000100000000100000001001
000010000000001010000001000100000000100000001001
000010000000001010000001000100000000100000001111
000010000000001010000001000100000000100000000000
000010000000001010000001000100000000100000000000
000010000000001010000001000100000000100000000000
000010000000001010000001000100000000100000000000
000011111111111111111111111111111111100000000000
000011000000001010000001000100000001100000000000
000011000000001010000001000100000001100000000000
000011000000001010000001000100000001100000000000
000011000000001010000001000100000001100000000000
000011000000001010000001000100000001100000000000
000011000000001010000001000100000001100000000000
000011000000001010000001000100000001100000000000
000011000000001010000001000100000001100000000000
000011000000001010000001000100000001100000000000
000011111111111111111111111111111111100000000000
000001000000001010000001000100000001000000000000
000001000000001010000001000100000001000000000000
000001000000001010000001000100000001000000000000
000001000000001010000001000100000001000000000000
000001000000001010000001000100000001000000000000
000001000000001010000001000100000001000000000000
000001000000001010000001000100000001000000000000
000001000000001010000001000100000001000000000000
000001000000001010000001000100000001000000000000
000001000000001010000001000111111111111111111111
000001000000001010000001000110000001000000000001
000001000000001010000001000110000001000000000001
000001000000001010000001000110000001000000000001
000001000000001010000001000110000001000000000001
000001000000001010000001000110000001000000000001
000001000000001111111111111110000001000000000001
000001000000000010000001000010000001000000000001
000001000000000010000001000010000001000000000001
000001000000000010000001000011111111111111111111
000001000000000010000001000000000001000000000000
000001000000000010000001000000000001000000000000
000001000000000010000001000000000001000000000000
000001000000000010000001000000000001000000000000
000001000000000010000001000000000001000000000000
000001000000000010000001000000000001000000000000
000001000000000010000001000000000001000000000000
000001000000000010000001000000000001000000000000
000001000000000010000001000000000001000000000000
000001000000000010000001000000000001000000000000
000001000000000010000001000000000001000000000000
000001000000000010000001000000000001000000000000
000001000000000010000001000000000001000000000000
000001000000000010000001000000000001000000000000
000001000000000010000001000000000001000000000000
000001000000000010000001000000000001000000000000
000001111111111111111111111111111111000000000000
000000000000000000000000000000000000000000000000
140
5 15 10 28
5 15 32 28
5 15 48 28
5 15 58 28
5 15 74 28
6 5 10 15
6 5 10 28
6 15 10 28
6 5 32 15
6 5 32 28
6 5 32 48
6 15 32 28
6 15 32 48
6 28 32 48
6 5 48 15
6 5 48 28
6 15 48 28
6 5 58 15
6 5 58 28
6 15 58 28
6 15 74 28
10 5 32 15
10 5 32 28
10 5 32 37
10 15 32 28
10 15 32 37
10 28 32 37
10 5 48 15
10 5 48 28
10 5 48 37
10 15 48 28
10 15 48 37
10 28 48 37
10 5 58 15
10 5 58 28
10 5 58 37
10 15 58 28
10 15 58 37
10 28 58 37
10 15 74 28
28 17 32 24
28 17 48 24
28 17 58 24
28 17 74 24
28 17 94 24
32 45 43 48
32 5 48 15
32 5 48 17
32 5 48 24
32 5 48 28
32 5 48 37
32 15 48 17
32 15 48 24
32 15 48 28
32 15 48 37
32 17 48 24
32 17 48 28
32 17 48 37
32 24 48 28
32 24 48 37
32 28 48 37
32 5 58 15
32 5 58 17
32 5 58 24
32 5 58 28
32 5 58 37
32 15 58 17
32 15 58 24
32 15 58 28
32 15 58 37
32 17 58 24
32 17 58 28
32 17 58 37
32 24 58 28
32 24 58 37
32 28 58 37
32 15 74 17
32 15 74 24
32 15 74 28
32 17 74 24
32 17 74 28
32 24 74 28
32 17 94 24
33 45 43 48
48 5 58 15
48 5 58 17
48 5 58 24
48 5 58 28
48 5 58 36
48 5 58 37
48 6 58 15
48 6 58 17
48 6 58 24
48 6 58 28
48 6 58 36
48 6 58 37
48 15 58 17
48 15 58 24
48 15 58 28
48 15 58 36
48 15 58 37
48 17 58 24
48 17 58 28
48 17 58 36
48 17 58 37
48 24 58 28
48 24 58 36
48 24 58 37
48 28 58 36
48 28 58 37
48 28 68 36
48 15 74 17
48 15 74 24
48 15 74 28
48 17 74 24
48 17 74 28
48 24 74 28
48 6 94 17
48 6 94 24
48 6 94 36
48 17 94 24
48 17 94 36
48 24 94 36
58 28 68 36
58 15 74 17
58 15 74 24
58 15 74 28
58 17 74 24
58 17 74 28
58 24 74 28
58 6 94 17
58 6 94 24
58 6 94 36
58 17 94 24
58 17 94 36
58 24 94 36
68 29 77 36
68 29 77 48
68 36 77 48
74 17 94 24
