51 67
0000000000000000000000000000000000000000000000000000000000000000000
0000000000000000000000000000000000000000000000000000000000000000000
0000000000000000000000000000000000000000000000000000000000000000000
0000000000000000111110000000000000000000000000000000000000000000000
0000000000000000100010000000000000000000000000000000000000000000000
0000000000000000100010000000000000000000000000000000000000000000000
0000000000000000100010000000000000000000000000000000000000000000000
0000000000000000100010000000000000000000000000000000000000000000000
0000000000000000100010000000000000000000000000000000000000000000000
0000000000011111111111111111111111111111110000000000000000000000000
0000000000010000100010000000000000000000011111111111111111000000000
0000000000010000100010000000000000000000011000000000000001000000000
0000000000010000100010001111111111111111111111111110000001000000000
0000000000010000100010001000000000000000011000000010000001000000000
0000000000010000100010001000000000000000011000000010000001000000000
0000000000010000100010001000000000000000011000000010000001000000000
0000000000010000100010001000000000000000011000000010000001000000000
1111111111111111111111111111111111111111111111111111111111111111000
1000000000010000100010001000000000000000011000000010000001000001000
1000000000010000100010001000000000000000011000000010000001000001000
1000000000010000100010001111111111111111111111111110000001000001000
1000000000010000100010000000000000000000011000000000000001000001000
1000000000010000100010000000000000000000011000000000000001000001000
1000000000010000100010000000000000000000011000000000000001000001000
1000000000010000100010000000000000000000011000000000000001000001000
1000000000010000100010000000000000000000011000000000000001000001000
1111111111111111111111111111111111111111111111111111111111111111000
0000000000010000100010111111111111111111111111111111111111111111000
0000000000010000100010100000000000000000011000000000000001000001000
0000000000010000100010100000000000000000011000000000000001000001000
0000000000010000100010100000000000000000011000000000000001000001000
0000000000010000100010100000000000000000011000000000000001000001000
0000000000010000100010100000000000000000011000000000000001000001000
0000000000011111111111111111111111111111111111000000000001000001000
0000000000011000100010100000000000000000011001000000000001000001000
0000000000011000100010100000000000000000011001000000000001000001000
0000000000011111111111111111111111111111111001000000000001000001000
0000000000001000000000111111111111111111111111111111111111111111000
0000000000001000000000000000000000000000001111111111111111000000000
0000000000001000000000000000000000000000000001000000000000000000000
0000000000001111111111111111111111111111111111000000000000000000000
0000000000000000000000000000000000000000000000000000000000000000000
0000000000000000000000000000000000000000000000000000000000000000000
0000000001111111111111111000000000000000000000000000000000000000000
0000000001000000000000001000000000000000000000000000000000000000000
0000000001000000000000001000000000000000000000000000000000000000000
0000000001000000000000001000000000000000000000000000000000000000000
0000000001000000000000001000000000000000000000000000000000000000000
0000000001000000000000001000000000000000000000000000000000000000000
0000000001111111111111111000000000000000000000000000000000000000000
0000000000000000000000000000000000000000000000000000000000000000000
188
4 17 10 21
4 17 18 21
4 17 27 21
4 17 34 21
4 17 37 21
10 12 18 17
10 12 18 21
10 12 18 42
10 17 18 21
10 17 18 42
10 21 18 42
10 12 27 17
10 12 27 21
10 12 27 42
10 17 27 21
10 17 27 42
10 21 27 42
10 12 34 17
10 12 34 21
10 12 34 42
10 17 34 21
10 17 34 42
10 21 34 42
10 12 37 17
10 12 37 21
10 12 37 42
10 17 37 21
10 17 37 42
10 21 37 42
11 42 18 58
11 43 18 58
11 42 27 58
11 43 27 58
11 42 28 58
11 43 28 58
11 42 38 58
11 43 38 58
11 43 39 58
13 25 18 42
13 25 18 43
13 25 18 51
13 42 18 51
13 43 18 51
13 25 21 42
13 25 21 43
13 25 21 51
13 42 21 51
13 43 21 51
18 25 21 42
18 25 21 43
18 25 21 51
18 42 21 51
18 43 21 51
18 1 27 12
18 1 27 17
18 1 27 21
18 1 27 42
18 1 27 43
18 1 27 58
18 1 27 64
18 12 27 17
18 12 27 21
18 12 27 42
18 12 27 43
18 12 27 58
18 12 27 64
18 17 27 21
18 17 27 42
18 17 27 43
18 17 27 58
18 17 27 64
18 21 27 42
18 21 27 43
18 21 27 58
18 21 27 64
18 42 27 58
18 42 27 64
18 43 27 58
18 43 27 64
18 58 27 64
18 42 28 58
18 42 28 64
18 43 28 58
18 43 28 64
18 58 28 64
18 12 34 17
18 12 34 21
18 12 34 42
18 12 34 43
18 17 34 21
18 17 34 42
18 17 34 43
18 21 34 42
18 21 34 43
18 12 37 17
18 12 37 21
18 12 37 42
18 12 37 43
18 17 37 21
18 17 37 42
18 17 37 43
18 21 37 42
18 21 37 43
18 42 38 58
18 42 38 64
18 43 38 58
18 43 38 64
18 58 38 64
18 43 39 58
27 12 34 17
27 12 34 21
27 12 34 23
27 12 34 42
27 12 34 43
27 17 34 21
27 17 34 23
27 17 34 42
27 17 34 43
27 21 34 23
27 21 34 42
27 21 34 43
27 23 34 42
27 23 34 43
27 12 37 17
27 12 37 21
27 12 37 23
27 12 37 42
27 12 37 43
27 17 37 21
27 17 37 23
27 17 37 42
27 17 37 43
27 21 37 23
27 21 37 42
27 21 37 43
27 23 37 42
27 23 37 43
27 23 38 42
27 23 38 43
27 23 38 58
27 23 38 64
27 42 38 58
27 42 38 64
27 43 38 58
27 43 38 64
27 58 38 64
27 43 39 58
28 23 34 42
28 23 34 43
28 23 37 42
28 23 37 43
28 23 38 42
28 23 38 43
28 23 38 58
28 23 38 64
28 42 38 58
28 42 38 64
28 43 38 58
28 43 38 64
28 58 38 64
28 43 39 58
34 12 37 17
34 12 37 21
34 12 37 23
34 12 37 42
34 12 37 43
34 13 37 17
34 13 37 21
34 13 37 23
34 13 37 42
34 13 37 43
34 17 37 21
34 17 37 23
34 17 37 42
34 17 37 43
34 21 37 23
34 21 37 42
34 21 37 43
34 23 37 42
34 23 37 43
34 23 38 42
34 23 38 43
34 23 38 46
34 42 38 46
34 43 38 46
34 43 39 46
34 13 41 46
44 10 50 25
