96 25
0000000000000000000000000
0000000000000000000000000
0000000000000000000000000
0000000000000000000000000
0000000000000000000000000
0000000000000000000000000
0000000000000000000000000
0000000000000000000000000
0000000000000000000000000
0000000000000000000000000
0000000000000000000000000
0000000000000000000000000
0000000000000000000000000
0000000000000000000000000
0000000000000000000000000
0000000000000000000000000
0011110000000000000000000
0010010000000000000000000
0010010000000000000000000
0010010000000000000000000
0010010000000000000000000
0010010000000000000000000
0010010000000000000000000
0010010000000000000000000
0010010000000000000000000
0010010000000000000000000
0010010000000000000000000
0010010000000000000000000
0010010000000000000000000
0010010000000000000000000
0010010000000000000000000
0010010000000000000000000
0010010000000000000000000
0010010000000000000000000
0010010000000000000000000
0010010000000000000000000
0010010000000000000000000
0010010000000000000000000
0010010000000000000000000
0010010000000000000000000
0010010000000000000000000
0010010000000000000000000
0010010000000000000000000
0010010000000000000000000
0010010000000000000000000
0010010000000000000000000
0010010000000000000000000
0010010000000000000000000
0010011100000000000000000
0010010100000000000000000
0010010100000000000000000
0010010100000000000000000
0010111111111111111000000
0010110100000000001000000
0010110100000000001000000
0010110100000000001000000
0010110100000000001000000
0010110100000000001000000
0010110100000000001000000
0010110100000000001000000
0010111111111111111000000
0010010100000000000000000
1111111111111111110000000
1010010100000000010000000
1010011100011111111111100
1010010000010000010000100
1010010000010000010000100
1010010000011111111111100
1010010000000000010000000
1010010000000000010000000
1010010000000000010000000
1010010000000000010000000
1010010000000000010000000
1010010000000000010000000
1010010000000000010000000
1010010000000000010000000
1010010000000000010000000
1010010000000000010000000
1010010000000000010000000
1010010000000000010000000
1010010000000000010000000
1010010000000000010000000
1010010000000000010000000
1010010000000000010000000
1010010000000000010000000
1010010000000000010000000
1010010000000000010000000
1010010000000000010000000
1010010000000000010000000
1010010000000000010000000
1010010000000000010000000
1010010000000000010000000
1010010000000000010000000
1010010000000000010000000
1111111111111111110000000
0011110000000000000000000
27
17 3 63 6
17 3 95 6
17 3 96 6
49 6 53 8
49 6 61 8
49 6 63 8
49 6 65 8
53 5 61 8
53 5 61 19
53 6 61 8
53 6 61 19
53 8 61 19
53 6 63 8
53 6 65 8
61 6 63 8
61 6 65 8
63 6 65 8
63 1 95 3
63 1 95 6
63 1 95 18
63 3 95 6
63 3 95 18
63 6 95 18
63 3 96 6
65 12 68 18
65 12 68 23
65 18 68 23
