90 29
00000000000000000000000000000
00000000000000000000000000000
00000000000000000000000000000
00000000000000000000000000000
00000000000000000000000000000
00000000000000000000000000000
00000000000000000000000000000
00000000000000000000000000000
00000000000000000000000000000
00000000000000000000000000000
00000000000000000000000000000
00000000001111111111111000000
00000000001000000000001000000
00000000001000000000001000000
00000000001000000000001000000
00000000001000000000001000000
00000000001000000000001000000
00000000001000000000001000000
00000000001000000000001000000
00000000001000000000001000000
00000000001000000000001000000
00000000001000000000001000000
00000000001000000000001000000
00000000001000000000001000000
00000000001000000000001000000
00000000001000000000001000000
00000000001000000000001000000
00000000001000000000001000000
00000000001000000000001000000
00000000001000000000001000000
00000000001000000000001000000
11111111111111111100001000000
10000100001000010100001000000
10000100001111111111111000000
10000100000000010100000000000
10000100000000010100000000000
10000100000000010100000000000
10000100000000010100000000000
10000100000000010100000000000
10000100000000010100000000000
10000100000000010100000000000
10000100000000010100000000000
10000100000000010100000000000
10000100000000010100000000000
10000100000000010100000000000
10000100000000010100000000000
10000100000000010100000000000
10000100000000010100000000000
10000100000000010100000000000
10000100000000010100000000000
10000100000000010100000000000
10000100000000010100000000000
10000100000000010100000000000
10000100000000010100000000000
10000100000000010100000000000
10000100000000010100000000000
10000100000000010100000000000
10000100000000010100000000000
11111111111111111100000000000
00000100000000010000000000000
00000100000000010000000000000
00000100000000010000000000000
00000100000000010000000000000
00000100000000010000000000000
00000100000000010000000000000
00000100000000010000000000000
00000100000000010000000000000
00000100000000010000000000000
00000100000000010000000000000
00000100000000010000000000000
00000100000000010000000000000
00000100000000010000000000000
00000100000000010000000000000
00000100000000010000000000000
00000100000000010000000000000
00000100000000010000000000000
00000100000000010000000000000
00000100000000010000000000000
00000100000000010000000000000
00000100000000010000000000000
00000100000000010000000000000
00000100000000010000000000000
00000111111111110000000111110
00000000000000000000000100010
00000000000000000000000100010
00000000000000000000000100010
00000000000000000000000100010
00000000000000000000000111110
00000000000000000000000000000
00000000000000000000000000000
14
12 11 34 23
32 11 34 16
32 11 34 18
32 16 34 18
32 1 59 6
32 1 59 16
32 1 59 18
32 6 59 16
32 6 59 18
32 16 59 18
32 6 83 16
34 16 59 18
59 6 83 16
83 24 88 28
