99 93
001111111000011110000000000000000000000000000000000000000000000000000000000000000000000000000
001000001000010010000000000000000000000000000000000000000000000000000000000000000000000000000
001000001000010010000000000000000000000000000000000000000000000000000000000000000000000000000
001000001000010010000000000000000000000000000000000000000000000000000000000000000000000000000
001000001000010010000000000000000000000000000000000000000000000000000000000000000000000000000
001000001000010010000000000000000000000000000000000000000000000000000000000000000000000000000
001000001000010010000000000000000000000000011111111111111111111111110000000000000000000000000
001000001000011111111111111111111111111111111111111111111111111111111111111100000000000000000
001000001000011010011111111111111111111111111111111111111111100001111111111111111110000000000
001000001000011010010000000000000000000000010000000000000000100001010000000100000010000000000
001000001000011010010000000000000000000000010000000000000000100001010000000100000010000000000
001000001000011010010000000000000000000000010000000000000000100001010000000100000010000000000
001000001000011010010000000000000000000000010000000000000000100001010000000100000010000000000
001000001000011010010000000000000000000000010000000000000000100001010000000100000010000000000
001000001000011010010111111111111111110000010000000000000000100001010000000100000010000000000
001000001000011010010100000000000000010000010000000000000000100001010000000100000010000000000
001000001000011010010100000000000000010000010000000000000000100001010000000100000010000000000
001000001000011010010100000000000000010000010000000000000000100001010000000100000010000000000
001000001000011010010100000000000000010000010000000000000000100001010000000100000010000000000
001000001000011010010100000111111111111111111000000000000000100001010000000100000010000000000
001000001000011010010100000100000000010000011000000000000000100001010000000100000010000000000
001111111000011010010100000100000000010000011000000000000000100001010000000100000010000000000
000000000000011010010100000100000000010000011000000000000000100001010000000100000010000000000
000000000000011010010100000100000000010000011000000000000000100001010000000100000010000000000
000000000000011010010100000100000000111111111111110000000000100001010000000100000010000000000
000000000000011010010100000100000000110000011000010000000000100001010000000100000010000000000
000000000000011010010100000100000000110000011000010000000000100001010000000100000010000000000
000000000000011110010100000100000000110000011000010000000000100001010000000100000010000000000
000000000000001000010100000100000111111111111111111111111111111111111111111111111111111110000
000000000000001000010100000100000100111111111111110000000000100001010000000100000010000010000
000000000111111111111111111111111111111111111000000000000000100001010000000100000010000010000
000000000100001000010100000100000100010000011000000000000000100001010000000100000010000010000
000000000100001000010100000100000100010000011000000000000000100001010000000100000010000010000
000000000100001000010100000100000100010000011000000000000000100001010000000100000010000010000
000000000100001000010100000100000100010000011000000000000000100001010000000100000010000010000
000000000100001000010100000100000100010000011000000000000000100001010000000100000010000010000
000000000100001000010100000100000100010000011111111111111111111111110000000100000010000010000
000000000100001000010100000100000100010000011000000000000000100001000000000100000010000010000
000000000100001000010100000100000100010000011000000000000000100001000000000100000010000010000
000000000100001000010100000100000100010000011000000000000000100001000000000100000010000010000
000000000100001000010100000100000100010000011000000000011111111111111111100100000010000010000
000000000100001000010100000100000100010000011011111111111111111111111111111111111111111111100
000000000100001000010100000100000100010000011010000000010000100001000000100100000010000010100
000000000100001000010100000100000100010000011010000000010000100001000000100100000010000010100
000000000100001000010100000100000100010000011010000000010000100001000000100100000010000010100
000000000100001000010100000100000100010000011010000000010000100001000000100100000010000010100
000000000100001000010100000100000100010000011010000000010000100001000000100100000010000010100
000000000100001000010100000100000100010000011010000000010000100001000000100100000010000010100
000000000100001000011111111111111111111111111111111111111111100001000000100100000010000010100
000000000100001000000100000100000100010000011010000000010000000001000000100100000010000010100
000000000100001000000100000100000100010000011010000000010000000001000000100100000010000010100
000000000100001000000100000100000100010000011010000000010000000001000000100100000010000010100
000000000100001000000100000100000100010000011010000000010000000001000000100100000010000010100
000000000100001000000100000100000100010000011010000000010000000001000000100100000010000010100
000000000100001000000100000100000100010000011010000000011111111111111111100100000010000010100
000000000100001000000100000100000100010000011010000000000000000001111111111111111110000010100
000000000100001000000100000100000100010000011010000000000000000000000000000100000000000010100
000000000100001000000100000100000100010000011010001111100000000000000000000100000000000010100
000000000100001000000100000100000100010000011010001000100000000000000000000100000000000010100
000000000100001000000100000100000100010000011010001000100000000000000000000100000000000010100
000000000100001000000100000100000100010000011010001000100000000000000000000100000000000010100
000000000100001000000100000100000100010000011010001000100000000000000000000100000000000010100
000000000100001000000100000100000100010000011010001000100000000000000000000100000000000010100
000000000100001000000100000100000100010000011010001000100000000000000000000100000000000010100
000000000100001000000100000100000100010000011010001000100000000000000000000100000000000010100
000000000100001000000100000100000100010000011010001000100000000000000000000100000000000010100
000000000100001000000111111111111111110000011010001000100000000000000000000100000000000010100
000000000100001000000000000100000100000000011010001000100000000000000000000100000000000010100
000000000100001000000000000100000100000000011010001000100000000000000000000100000000000010100
000000000100001000000000000100001111111111111111111111100000000000000000000100000000000010100
000000000100001000000000000100001100000000011010001001100000000000000000000100000000000010100
000000000100001000000000000100001100000000011010001001100000000000000000000100000000000010100
000000000100001000000000000100001100000000011010001001100000000000000000000100000000000010100
000000000100001000000000000100001100000000011010001001100000000000000000000100000000000010100
000000000100001000000000000100001111111111111111111111111111111111111111111111111111111110100
000000000100001111111111111111111111111111111111111111111111111111111111111100000000000000100
000000000100000000000000000100001000000000011010001001100000000000000000000000000000000000100
000000000100000000000000000100001000000000011010001001100000000000000000000000000000000000100
000000000100000000000000000100001000000000011010001001100000000000000000000000000000000000100
000000000100000000000000000100001000000000011010001111100000000000000000000000000000000000100
000000000100000000000000000100001000000000011010000001000000000000000000000000000000000000100
000000000100000000000000000100001000000000011010000001000000000000000000000000000000000000100
000000000100000000000000000100001000000000011010000001000000000000000000000000000000000000100
000000000100000000000000000100001000000000011010000001000000000000000000000000000000000000100
000000000100000000000000000100001000000000011010000001000000000000000000000000000000000000100
000000000100000000000000000100001000000000011010000001000000000000000000000000000000000000100
000000000100000000000000000100001000000000011010000001000000000000000000000000000000000000100
000000000100000000000000000100001000000000011010000001000000000000000000000000000000000000100
000000000100000000000000000100001000000000011010000001000000000000000000000000000000000000100
000000000100000000000000000100001000000000011010000001000000000000000000000000000000000000100
000000000100000000000000000111111111111111111111111111000000000000000000000000000000000000100
000000000111111111111111111111111111111111110010000000000000000000000000000000000000000000100
000000000000000000000000000000000000000000000010000000000001111111111111111111111111000000100
000000000000000000000000000000000000000000000011111111111111111111111111111111111111111111100
000000000000000000000000000000000000000000000000000000000001000000000000000000000001000000000
000000000000000000000000000000000000000000000000000000000001000000000000000000000001000000000
000000000000000000000000000000000000000000000000000000000001000000000000000000000001000000000
000000000000000000000000000000000000000000000000000000000001000000000000000000000001000000000
000000000000000000000000000000000000000000000000000000000001111111111111111111111111000000000
378
1 14 8 17
1 3 22 9
1 14 28 17
7 44 29 61
7 44 29 66
7 44 29 68
7 61 29 66
7 61 29 68
7 66 29 68
7 44 37 61
7 44 37 66
7 44 37 68
7 61 37 66
7 61 37 68
7 66 37 68
7 61 41 66
7 61 42 66
7 44 49 61
8 14 28 17
8 15 28 17
8 44 29 61
8 44 29 66
8 44 29 68
8 44 29 76
8 61 29 66
8 61 29 68
8 61 29 76
8 66 29 68
8 66 29 76
8 68 29 76
8 15 31 20
8 15 31 44
8 20 31 44
8 44 37 61
8 44 37 66
8 44 37 68
8 61 37 66
8 61 37 68
8 66 37 68
8 61 41 66
8 61 42 66
8 61 42 76
8 66 42 76
8 20 49 44
8 20 49 61
8 44 49 61
8 66 56 76
8 44 75 76
8 15 76 44
8 15 76 76
8 44 76 76
9 44 29 61
9 66 29 68
9 66 29 76
9 66 29 83
9 68 29 76
9 68 29 83
9 76 29 83
9 20 31 44
9 44 37 61
9 66 37 68
9 66 42 76
9 66 42 83
9 76 42 83
9 20 49 44
9 20 49 61
9 44 49 61
9 66 56 76
9 66 56 83
9 76 56 83
15 22 31 38
15 22 49 38
15 22 67 38
20 38 25 44
20 38 25 45
20 38 29 44
20 38 29 45
20 38 30 44
20 38 30 45
20 28 31 38
20 28 31 44
20 28 31 45
20 38 31 44
20 38 31 45
20 28 49 38
20 28 49 44
20 28 49 45
20 38 49 44
20 38 49 45
20 28 67 38
20 28 76 44
20 28 76 45
20 28 91 44
20 28 91 45
20 28 92 44
25 37 29 44
25 37 29 45
25 37 29 50
25 38 29 44
25 38 29 45
25 38 29 50
25 44 29 50
25 45 29 50
25 37 30 44
25 37 30 45
25 37 30 50
25 38 30 44
25 38 30 45
25 38 30 50
25 44 30 50
25 45 30 50
25 37 31 44
25 37 31 45
25 38 31 44
25 38 31 45
25 38 49 44
25 38 49 45
29 34 31 37
29 34 31 38
29 34 31 39
29 34 31 40
29 34 31 41
29 34 31 42
29 34 31 43
29 34 31 44
29 34 31 45
29 44 37 61
29 44 37 66
29 44 37 68
29 45 37 61
29 45 37 66
29 45 37 68
29 61 37 66
29 61 37 68
29 66 37 68
29 61 41 66
29 61 42 66
29 61 42 76
29 61 42 83
29 61 42 89
29 66 42 76
29 66 42 83
29 66 42 89
29 76 42 83
29 76 42 89
29 83 42 89
29 34 49 38
29 34 49 44
29 34 49 45
29 34 49 61
29 38 49 44
29 38 49 45
29 38 49 61
29 44 49 61
29 45 49 61
29 66 56 76
29 66 56 83
29 76 56 83
29 34 67 38
29 34 70 44
29 34 70 45
29 34 75 44
29 34 75 45
29 34 75 76
29 34 75 89
29 44 75 76
29 44 75 89
29 45 75 76
29 45 75 89
29 76 75 89
29 34 76 44
29 34 76 45
29 34 76 76
29 44 76 76
29 45 76 76
30 38 49 44
30 38 49 45
31 20 49 22
31 20 49 28
31 20 49 34
31 20 49 38
31 20 49 44
31 20 49 45
31 22 49 28
31 22 49 34
31 22 49 38
31 22 49 44
31 22 49 45
31 28 49 34
31 28 49 38
31 28 49 44
31 28 49 45
31 34 49 38
31 34 49 44
31 34 49 45
31 38 49 44
31 38 49 45
31 22 67 28
31 22 67 34
31 22 67 38
31 28 67 34
31 28 67 38
31 34 67 38
31 34 70 44
31 34 70 45
31 34 75 44
31 34 75 45
31 15 76 28
31 15 76 34
31 15 76 44
31 15 76 45
31 28 76 34
31 28 76 44
31 28 76 45
31 34 76 44
31 34 76 45
31 28 91 44
31 28 91 45
31 10 92 28
31 10 92 44
31 28 92 44
37 61 41 66
37 61 42 66
37 44 49 61
37 45 49 61
41 56 49 61
41 56 55 66
41 56 55 73
41 66 55 73
41 66 56 73
42 47 49 56
42 47 49 61
42 56 49 61
42 56 55 66
42 56 55 73
42 66 55 73
42 66 56 73
42 66 56 76
42 66 56 83
42 73 56 76
42 73 56 83
42 76 56 83
42 47 75 76
42 47 75 89
42 76 75 89
42 47 76 76
42 47 94 91
49 22 67 28
49 22 67 34
49 22 67 38
49 28 67 34
49 28 67 38
49 34 67 38
49 34 70 44
49 34 70 45
49 34 70 47
49 44 70 47
49 45 70 47
49 34 75 44
49 34 75 45
49 34 75 47
49 44 75 47
49 45 75 47
49 28 76 34
49 28 76 44
49 28 76 45
49 28 76 47
49 34 76 44
49 34 76 45
49 34 76 47
49 44 76 47
49 45 76 47
49 28 91 44
49 28 91 45
49 28 91 47
49 44 91 47
49 45 91 47
49 28 92 44
58 51 70 55
58 51 75 55
58 51 76 55
58 51 80 55
67 28 76 34
70 33 75 44
70 33 75 45
70 33 75 47
70 33 75 51
70 33 75 54
70 33 75 55
70 34 75 44
70 34 75 45
70 34 75 47
70 34 75 51
70 34 75 54
70 34 75 55
70 44 75 47
70 44 75 51
70 44 75 54
70 44 75 55
70 45 75 47
70 45 75 51
70 45 75 54
70 45 75 55
70 47 75 51
70 47 75 54
70 47 75 55
70 51 75 54
70 51 75 55
70 33 76 44
70 33 76 45
70 33 76 47
70 33 76 51
70 33 76 54
70 33 76 55
70 34 76 44
70 34 76 45
70 34 76 47
70 34 76 51
70 34 76 54
70 34 76 55
70 44 76 47
70 44 76 51
70 44 76 54
70 44 76 55
70 45 76 47
70 45 76 51
70 45 76 54
70 45 76 55
70 47 76 51
70 47 76 54
70 47 76 55
70 51 76 54
70 51 76 55
70 51 80 54
70 51 80 55
70 33 91 44
70 33 91 45
70 33 91 47
70 33 91 54
70 44 91 47
70 44 91 54
70 45 91 47
70 45 91 54
70 47 91 54
70 33 92 44
75 51 80 54
75 51 80 55
75 33 91 44
75 33 91 45
75 33 91 47
75 33 91 54
75 44 91 47
75 44 91 54
75 45 91 47
75 45 91 54
75 47 91 54
75 33 92 44
76 51 80 54
76 51 80 55
76 28 91 33
76 28 91 44
76 28 91 45
76 28 91 47
76 28 91 54
76 33 91 44
76 33 91 45
76 33 91 47
76 33 91 54
76 44 91 47
76 44 91 54
76 45 91 47
76 45 91 54
76 47 91 54
76 28 92 33
76 28 92 44
76 33 92 44
93 60 99 84
94 60 99 84
