65 40
0000000000000000000000000000000000000000
0000000000000000000000000000000000000000
1111111111111111111111111111110000000000
1010000000000000000000000000110000000000
1010000000000000000000000000110000000000
1010000000000000011111111111111100000000
1010000000000111111111111111111111111000
1010000000000100010000000000110100001000
1010000000000100010000000000110100001000
1010000000000100011110000000110100001000
1010000000000100011010000000110100001000
1010000000000100011010000000110100001000
1010000000000100011010000000110100001000
1010000000000100011010000000110100001000
1010000000000100011010000000110100001000
1010000000000100011010000000110100001000
1010000000000100011010000000110100001000
1010000000000100011010000000110100001000
1010000000000100011010000000110100001000
1010000000000100011010000000110100001000
1010000000000100011010000000110100001000
1010000000000100011110000000110100001000
1010000000000100010000000000110100001000
1010001111111111111111111111111100001000
1010001000000100010000000000111100001000
1010001000000100010000000000111100001000
1010001000000100010000000000111100001000
1010001000000100011111111111111100001000
1010001000000100000000000000111000001000
1010001000000100000000000000111000001000
1010001000000100000000000000111000001000
1010001000000100000000000000111000001000
1010001000011111111111111111111000001000
1010001000010100000000000001111000001000
1010001000010100000000000001111000001000
1010001000010100000000000001111000001000
1010001000010100000000000001111000001000
1010001000010100000000000001111000001000
1010001000010100000000000001111000001000
1010001000010100000000000001111000001000
1010001000011111111111111111111000001000
1010001000000100000000000000111000001000
1010001000000100000000000000111000001000
1010001000000100000000000000111000001000
1010001000000100000000000000111000001000
1010001111111111111111111111111000001000
1010000000000100000000000000110000001000
1010000000000100000000000000110000001000
1010000000000100000000000000110000001000
1010000000000100000000000000110000001000
1010000000000111111111111111111111111000
1010000000000000000000000000110000000000
1010000000000000000000000000110000000000
1010000000000111111111000000110000000000
1010000000000100000001000000110000000000
1010000000000100000001000000110000000000
1010000000000100000001000000110000000000
1010000000000111111111000000110000000000
1010000000000000000000000000110000000000
1010000000000000000000000000110000000000
1010000000000000000000000000110000000000
1010000000000000000000000000110000000000
1111111111111111111111111111110000000000
0011111111111111111111111111110000000000
0000000000000000000000000000000000000000
97
3 1 63 3
3 1 63 29
3 1 63 30
3 3 63 29
3 3 63 30
3 3 64 29
3 3 64 30
6 18 24 29
6 18 24 30
6 18 24 32
6 29 24 32
6 30 24 32
6 29 25 32
6 30 25 32
6 29 26 32
6 30 26 32
6 29 27 32
6 30 27 32
6 18 28 29
6 18 28 30
6 18 28 32
6 29 28 32
6 30 28 32
7 14 24 18
7 14 24 29
7 14 24 30
7 14 24 32
7 18 24 29
7 18 24 30
7 18 24 32
7 29 24 32
7 30 24 32
7 29 25 32
7 30 25 32
7 29 26 32
7 30 26 32
7 29 27 32
7 30 27 32
7 18 28 29
7 18 28 30
7 18 28 32
7 29 28 32
7 30 28 32
7 14 33 29
7 14 33 30
7 14 41 29
7 14 41 30
7 14 46 29
7 14 46 30
7 14 51 29
7 14 51 30
7 14 51 37
7 29 51 37
7 30 51 37
10 18 22 21
10 19 22 21
24 18 28 29
24 18 28 30
24 18 28 31
24 18 28 32
24 14 33 29
24 14 33 30
24 14 33 31
24 14 41 29
24 14 41 30
24 14 41 31
24 7 46 14
24 7 46 29
24 7 46 30
24 7 46 31
24 14 46 29
24 14 46 30
24 14 46 31
24 14 51 29
24 14 51 30
33 12 41 14
33 12 41 28
33 12 41 29
33 12 41 30
33 12 41 31
33 14 41 28
33 14 41 29
33 14 41 30
33 14 41 31
33 14 46 29
33 14 46 30
33 14 46 31
33 14 51 29
33 14 51 30
41 14 46 29
41 14 46 30
41 14 46 31
41 14 51 29
41 14 51 30
46 14 51 29
46 14 51 30
54 14 58 22
