10 8
11111110
11111110
11111110
11111111
11111111
11110111
11111111
11111110
11111110
11111110
168
1 1 7 6
1 1 7 7
1 2 7 6
1 2 7 7
1 3 7 6
1 3 7 7
1 4 7 6
1 4 7 7
1 1 8 6
1 1 8 7
1 2 8 6
1 2 8 7
1 3 8 6
1 3 8 7
1 4 8 6
1 4 8 7
1 1 9 6
1 1 9 7
1 2 9 6
1 2 9 7
1 3 9 6
1 3 9 7
1 4 9 6
1 4 9 7
1 1 10 6
1 1 10 7
1 2 10 6
1 2 10 7
1 3 10 6
1 3 10 7
1 4 10 6
1 4 10 7
2 1 7 6
2 1 7 7
2 2 7 6
2 2 7 7
2 3 7 6
2 3 7 7
2 4 7 6
2 4 7 7
2 1 8 6
2 1 8 7
2 2 8 6
2 2 8 7
2 3 8 6
2 3 8 7
2 4 8 6
2 4 8 7
2 1 9 6
2 1 9 7
2 2 9 6
2 2 9 7
2 3 9 6
2 3 9 7
2 4 9 6
2 4 9 7
2 1 10 6
2 1 10 7
2 2 10 6
2 2 10 7
2 3 10 6
2 3 10 7
2 4 10 6
2 4 10 7
3 1 7 6
3 1 7 7
3 2 7 6
3 2 7 7
3 3 7 6
3 3 7 7
3 4 7 6
3 4 7 7
3 1 8 6
3 1 8 7
3 2 8 6
3 2 8 7
3 3 8 6
3 3 8 7
3 4 8 6
3 4 8 7
3 1 9 6
3 1 9 7
3 2 9 6
3 2 9 7
3 3 9 6
3 3 9 7
3 4 9 6
3 4 9 7
3 1 10 6
3 1 10 7
3 2 10 6
3 2 10 7
3 3 10 6
3 3 10 7
3 4 10 6
3 4 10 7
4 1 7 6
4 1 7 7
4 1 7 8
4 2 7 6
4 2 7 7
4 2 7 8
4 3 7 6
4 3 7 7
4 3 7 8
4 4 7 6
4 4 7 7
4 4 7 8
4 1 8 6
4 1 8 7
4 2 8 6
4 2 8 7
4 3 8 6
4 3 8 7
4 4 8 6
4 4 8 7
4 1 9 6
4 1 9 7
4 2 9 6
4 2 9 7
4 3 9 6
4 3 9 7
4 4 9 6
4 4 9 7
4 1 10 6
4 1 10 7
4 2 10 6
4 2 10 7
4 3 10 6
4 3 10 7
4 4 10 6
4 4 10 7
5 1 7 6
5 1 7 7
5 1 7 8
5 2 7 6
5 2 7 7
5 2 7 8
5 3 7 6
5 3 7 7
5 3 7 8
5 4 7 6
5 4 7 7
5 4 7 8
5 1 8 6
5 1 8 7
5 2 8 6
5 2 8 7
5 3 8 6
5 3 8 7
5 4 8 6
5 4 8 7
5 1 9 6
5 1 9 7
5 2 9 6
5 2 9 7
5 3 9 6
5 3 9 7
5 4 9 6
5 4 9 7
5 1 10 6
5 1 10 7
5 2 10 6
5 2 10 7
5 3 10 6
5 3 10 7
5 4 10 6
5 4 10 7
