9 9
111111110
101111111
101110011
101111111
101110111
101111111
111111111
001111111
000000000
67
1 3 4 8
1 4 4 8
1 5 4 8
1 3 6 8
1 4 6 8
1 5 6 8
1 1 7 3
1 1 7 4
1 1 7 5
1 1 7 8
1 3 7 8
1 4 7 8
1 5 7 8
1 3 8 8
1 4 8 8
1 5 8 8
2 3 4 8
2 3 4 9
2 4 4 8
2 4 4 9
2 5 4 8
2 5 4 9
2 3 6 8
2 3 6 9
2 4 6 8
2 4 6 9
2 5 6 8
2 5 6 9
2 3 7 8
2 3 7 9
2 4 7 8
2 4 7 9
2 5 7 8
2 5 7 9
2 3 8 8
2 3 8 9
2 4 8 8
2 4 8 9
2 5 8 8
2 5 8 9
4 3 6 7
4 3 6 8
4 3 6 9
4 4 6 7
4 4 6 8
4 4 6 9
4 5 6 7
4 5 6 8
4 5 6 9
4 3 7 7
4 3 7 8
4 3 7 9
4 4 7 7
4 4 7 8
4 4 7 9
4 5 7 7
4 5 7 8
4 5 7 9
4 3 8 7
4 3 8 8
4 3 8 9
4 4 8 7
4 4 8 8
4 4 8 9
4 5 8 7
4 5 8 8
4 5 8 9
