10 10
0011111110
0011111110
0010111110
0011111111
1111110111
1011111111
1011110110
1011111110
1111111100
0001111100
122
1 3 4 5
1 3 4 6
1 3 4 7
1 3 4 8
1 3 4 9
1 3 5 5
1 3 5 6
1 3 6 5
1 3 6 6
1 3 6 8
1 3 6 9
1 5 6 8
1 5 6 9
1 6 6 8
1 6 6 9
1 3 7 5
1 3 7 6
1 3 8 5
1 3 8 6
1 3 8 8
1 3 8 9
1 5 8 8
1 5 8 9
1 6 8 8
1 6 8 9
1 3 9 5
1 3 9 6
1 3 9 8
1 5 9 8
1 6 9 8
1 5 10 8
1 6 10 8
2 3 4 5
2 3 4 6
2 3 4 7
2 3 4 8
2 3 4 9
2 3 5 5
2 3 5 6
2 3 6 5
2 3 6 6
2 3 6 8
2 3 6 9
2 5 6 8
2 5 6 9
2 6 6 8
2 6 6 9
2 3 7 5
2 3 7 6
2 3 8 5
2 3 8 6
2 3 8 8
2 3 8 9
2 5 8 8
2 5 8 9
2 6 8 8
2 6 8 9
2 3 9 5
2 3 9 6
2 3 9 8
2 5 9 8
2 6 9 8
2 5 10 8
2 6 10 8
3 5 6 8
3 5 6 9
3 6 6 8
3 6 6 9
3 5 8 8
3 5 8 9
3 6 8 8
3 6 8 9
3 5 9 8
3 6 9 8
3 5 10 8
3 6 10 8
4 3 6 8
4 3 6 9
4 3 6 10
4 4 6 8
4 4 6 9
4 4 6 10
4 5 6 8
4 5 6 9
4 5 6 10
4 6 6 8
4 6 6 9
4 6 6 10
4 3 8 8
4 3 8 9
4 4 8 8
4 4 8 9
4 5 8 8
4 5 8 9
4 6 8 8
4 6 8 9
4 3 9 8
4 4 9 8
4 5 9 8
4 6 9 8
4 4 10 8
4 5 10 8
4 6 10 8
5 1 9 3
5 1 9 4
5 1 9 5
5 1 9 6
6 3 8 8
6 3 8 9
6 4 8 8
6 4 8 9
6 5 8 8
6 5 8 9
6 6 8 8
6 6 8 9
6 3 9 8
6 4 9 8
6 5 9 8
6 6 9 8
6 4 10 8
6 5 10 8
6 6 10 8
