10 10
1111111000
1111111100
1100111100
1111111110
1111111110
1111111010
1100111010
1111111010
1111101110
0111111110
109
1 1 4 5
1 1 4 6
1 1 4 7
1 2 4 5
1 2 4 6
1 2 4 7
1 1 5 5
1 1 5 6
1 1 5 7
1 2 5 5
1 2 5 6
1 2 5 7
1 1 6 5
1 1 6 6
1 1 6 7
1 2 6 5
1 2 6 6
1 2 6 7
1 1 8 5
1 1 8 6
1 1 8 7
1 2 8 5
1 2 8 6
1 2 8 7
1 1 9 5
1 2 9 5
1 2 10 5
1 2 10 7
1 5 10 7
2 1 4 5
2 1 4 6
2 1 4 7
2 1 4 8
2 2 4 5
2 2 4 6
2 2 4 7
2 2 4 8
2 1 5 5
2 1 5 6
2 1 5 7
2 1 5 8
2 2 5 5
2 2 5 6
2 2 5 7
2 2 5 8
2 1 6 5
2 1 6 6
2 1 6 7
2 2 6 5
2 2 6 6
2 2 6 7
2 1 8 5
2 1 8 6
2 1 8 7
2 2 8 5
2 2 8 6
2 2 8 7
2 1 9 5
2 2 9 5
2 2 10 5
2 2 10 7
2 5 10 7
3 5 10 7
4 1 8 5
4 1 8 6
4 1 8 7
4 2 8 5
4 2 8 6
4 2 8 7
4 1 9 5
4 2 9 5
4 7 9 9
4 2 10 5
4 2 10 7
4 2 10 9
4 5 10 7
4 5 10 9
4 7 10 9
5 1 8 5
5 1 8 6
5 1 8 7
5 2 8 5
5 2 8 6
5 2 8 7
5 1 9 5
5 2 9 5
5 7 9 9
5 2 10 5
5 2 10 7
5 2 10 9
5 5 10 7
5 5 10 9
5 7 10 9
6 1 8 5
6 1 8 6
6 1 8 7
6 2 8 5
6 2 8 6
6 2 8 7
6 1 9 5
6 2 9 5
6 2 10 5
6 2 10 7
6 5 10 7
7 5 10 7
8 2 10 7
8 3 10 7
8 4 10 7
8 5 10 7
