8 10
0000000000
0111100000
1111111111
1111110101
1111111111
1110110111
1111110000
1111110000
54
2 2 7 5
2 3 7 5
2 2 8 5
2 3 8 5
3 1 5 8
3 1 5 10
3 2 5 8
3 2 5 10
3 3 5 8
3 3 5 10
3 4 5 8
3 4 5 10
3 5 5 8
3 5 5 10
3 6 5 8
3 6 5 10
3 8 5 10
3 8 6 10
3 1 7 5
3 1 7 6
3 2 7 5
3 2 7 6
3 3 7 5
3 3 7 6
3 1 8 5
3 1 8 6
3 2 8 5
3 2 8 6
3 3 8 5
3 3 8 6
4 1 7 5
4 1 7 6
4 2 7 5
4 2 7 6
4 3 7 5
4 3 7 6
4 1 8 5
4 1 8 6
4 2 8 5
4 2 8 6
4 3 8 5
4 3 8 6
5 1 7 5
5 1 7 6
5 2 7 5
5 2 7 6
5 3 7 5
5 3 7 6
5 1 8 5
5 1 8 6
5 2 8 5
5 2 8 6
5 3 8 5
5 3 8 6
