10 8
00111111
00111111
00111111
00110101
00110101
00111111
00111111
00111101
00010111
00011111
57
1 3 6 6
1 3 6 8
1 4 6 6
1 4 6 8
1 6 6 8
1 3 7 6
1 3 7 8
1 4 7 6
1 4 7 8
1 6 7 8
1 3 8 6
1 4 8 6
1 6 9 8
1 4 10 6
1 4 10 8
1 6 10 8
2 3 6 6
2 3 6 8
2 4 6 6
2 4 6 8
2 6 6 8
2 3 7 6
2 3 7 8
2 4 7 6
2 4 7 8
2 6 7 8
2 3 8 6
2 4 8 6
2 6 9 8
2 4 10 6
2 4 10 8
2 6 10 8
3 3 6 6
3 3 6 8
3 4 6 6
3 4 6 8
3 6 6 8
3 3 7 6
3 3 7 8
3 4 7 6
3 4 7 8
3 6 7 8
3 3 8 6
3 4 8 6
3 6 9 8
3 4 10 6
3 4 10 8
3 6 10 8
6 6 9 8
6 4 10 6
6 4 10 8
6 6 10 8
7 6 9 8
7 4 10 6
7 4 10 8
7 6 10 8
8 4 10 6
