7 10
0111111100
0111111110
0110011111
0111111111
0111010111
0111111111
0001111111
58
1 2 4 6
1 2 4 7
1 2 4 8
1 3 4 6
1 3 4 7
1 3 4 8
1 2 6 6
1 2 6 8
1 3 6 6
1 3 6 8
1 6 6 8
1 6 7 8
2 2 4 6
2 2 4 7
2 2 4 8
2 2 4 9
2 3 4 6
2 3 4 7
2 3 4 8
2 3 4 9
2 2 6 6
2 2 6 8
2 2 6 9
2 3 6 6
2 3 6 8
2 3 6 9
2 6 6 8
2 6 6 9
2 6 7 8
2 6 7 9
3 6 6 8
3 6 6 9
3 6 6 10
3 6 7 8
3 6 7 9
3 6 7 10
4 2 6 6
4 2 6 8
4 2 6 9
4 2 6 10
4 3 6 6
4 3 6 8
4 3 6 9
4 3 6 10
4 4 6 6
4 4 6 8
4 4 6 9
4 4 6 10
4 6 6 8
4 6 6 9
4 6 6 10
4 4 7 6
4 4 7 8
4 4 7 9
4 4 7 10
4 6 7 8
4 6 7 9
4 6 7 10
