9 10
0111111111
0111110001
0111111111
0101111101
0101010101
0111111111
0100011111
0111111111
0111111111
64
1 2 3 10
1 3 3 10
1 4 3 10
1 5 3 10
1 6 3 10
1 2 6 4
1 2 6 6
1 2 6 10
1 4 6 6
1 4 6 10
1 6 6 10
1 6 7 10
1 2 8 6
1 2 8 10
1 6 8 10
1 2 9 6
1 2 9 10
1 6 9 10
2 2 6 4
2 2 6 6
2 4 6 6
2 2 8 6
2 2 9 6
3 2 6 4
3 2 6 6
3 2 6 8
3 2 6 10
3 4 6 6
3 4 6 8
3 4 6 10
3 6 6 8
3 6 6 10
3 8 6 10
3 6 7 8
3 6 7 10
3 8 7 10
3 2 8 6
3 2 8 8
3 2 8 10
3 6 8 8
3 6 8 10
3 8 8 10
3 2 9 6
3 2 9 8
3 2 9 10
3 6 9 8
3 6 9 10
3 8 9 10
4 4 6 6
4 4 6 8
4 6 6 8
4 6 7 8
4 6 8 8
4 6 9 8
6 2 8 6
6 2 8 7
6 2 8 8
6 2 8 9
6 2 8 10
6 2 9 6
6 2 9 7
6 2 9 8
6 2 9 9
6 2 9 10
