9 7
1111111
1111111
1111111
1111111
1101011
1111111
0111111
0100001
0111111
58
1 1 6 4
1 1 6 6
1 1 6 7
1 2 6 4
1 2 6 6
1 2 6 7
1 4 6 6
1 4 6 7
1 2 7 4
1 2 7 6
1 2 7 7
1 4 7 6
1 4 7 7
1 2 9 7
2 1 6 4
2 1 6 6
2 1 6 7
2 2 6 4
2 2 6 6
2 2 6 7
2 4 6 6
2 4 6 7
2 2 7 4
2 2 7 6
2 2 7 7
2 4 7 6
2 4 7 7
2 2 9 7
3 1 6 4
3 1 6 6
3 1 6 7
3 2 6 4
3 2 6 6
3 2 6 7
3 4 6 6
3 4 6 7
3 2 7 4
3 2 7 6
3 2 7 7
3 4 7 6
3 4 7 7
3 2 9 7
4 1 6 4
4 1 6 6
4 1 6 7
4 2 6 4
4 2 6 6
4 2 6 7
4 4 6 6
4 4 6 7
4 2 7 4
4 2 7 6
4 2 7 7
4 4 7 6
4 4 7 7
4 2 9 7
6 2 9 7
7 2 9 7
