8 9
111111000
111111000
111111000
111111000
111111110
101011010
111111110
111111000
54
1 1 7 3
1 1 7 5
1 1 7 6
1 3 7 5
1 3 7 6
1 1 8 3
1 1 8 5
1 1 8 6
1 3 8 5
1 3 8 6
2 1 7 3
2 1 7 5
2 1 7 6
2 3 7 5
2 3 7 6
2 1 8 3
2 1 8 5
2 1 8 6
2 3 8 5
2 3 8 6
3 1 7 3
3 1 7 5
3 1 7 6
3 3 7 5
3 3 7 6
3 1 8 3
3 1 8 5
3 1 8 6
3 3 8 5
3 3 8 6
4 1 7 3
4 1 7 5
4 1 7 6
4 3 7 5
4 3 7 6
4 1 8 3
4 1 8 5
4 1 8 6
4 3 8 5
4 3 8 6
5 1 7 3
5 1 7 5
5 1 7 6
5 1 7 8
5 3 7 5
5 3 7 6
5 3 7 8
5 5 7 8
5 6 7 8
5 1 8 3
5 1 8 5
5 1 8 6
5 3 8 5
5 3 8 6
