9 8
01111111
01111111
01111011
11111111
11110011
11110011
11111111
01111111
00000000
54
1 2 4 7
1 2 4 8
1 3 4 7
1 3 4 8
1 4 4 7
1 4 4 8
1 5 4 7
1 5 4 8
1 2 7 7
1 2 7 8
1 3 7 7
1 3 7 8
1 4 7 7
1 4 7 8
1 2 8 7
1 2 8 8
1 3 8 7
1 3 8 8
1 4 8 7
1 4 8 8
2 2 4 7
2 2 4 8
2 3 4 7
2 3 4 8
2 4 4 7
2 4 4 8
2 5 4 7
2 5 4 8
2 2 7 7
2 2 7 8
2 3 7 7
2 3 7 8
2 4 7 7
2 4 7 8
2 2 8 7
2 2 8 8
2 3 8 7
2 3 8 8
2 4 8 7
2 4 8 8
4 1 7 7
4 1 7 8
4 2 7 7
4 2 7 8
4 3 7 7
4 3 7 8
4 4 7 7
4 4 7 8
4 2 8 7
4 2 8 8
4 3 8 7
4 3 8 8
4 4 8 7
4 4 8 8
