10 9
000000000
000011110
000010010
011111110
011111111
011111111
111111111
111111011
111111111
011111111
78
2 5 4 8
2 5 5 8
2 5 6 8
2 5 7 8
2 5 9 8
2 5 10 8
4 2 9 8
4 3 9 8
4 4 9 8
4 5 9 8
4 6 9 8
4 2 10 8
4 3 10 8
4 4 10 8
4 5 10 8
4 6 10 8
5 2 9 8
5 2 9 9
5 3 9 8
5 3 9 9
5 4 9 8
5 4 9 9
5 5 9 8
5 5 9 9
5 6 9 8
5 6 9 9
5 2 10 8
5 2 10 9
5 3 10 8
5 3 10 9
5 4 10 8
5 4 10 9
5 5 10 8
5 5 10 9
5 6 10 8
5 6 10 9
6 2 9 8
6 2 9 9
6 3 9 8
6 3 9 9
6 4 9 8
6 4 9 9
6 5 9 8
6 5 9 9
6 6 9 8
6 6 9 9
6 2 10 8
6 2 10 9
6 3 10 8
6 3 10 9
6 4 10 8
6 4 10 9
6 5 10 8
6 5 10 9
6 6 10 8
6 6 10 9
7 1 9 8
7 1 9 9
7 2 9 8
7 2 9 9
7 3 9 8
7 3 9 9
7 4 9 8
7 4 9 9
7 5 9 8
7 5 9 9
7 6 9 8
7 6 9 9
7 2 10 8
7 2 10 9
7 3 10 8
7 3 10 9
7 4 10 8
7 4 10 9
7 5 10 8
7 5 10 9
7 6 10 8
7 6 10 9
