9 9
011111111
011111111
111101111
111111101
111111111
100111101
100101101
100101111
111111000
58
1 2 4 6
1 2 4 7
1 3 4 6
1 3 4 7
1 4 4 6
1 4 4 7
1 2 5 6
1 2 5 7
1 2 5 9
1 3 5 6
1 3 5 7
1 3 5 9
1 4 5 6
1 4 5 7
1 4 5 9
1 6 5 9
1 7 5 9
1 4 6 6
1 4 6 7
1 6 8 9
1 7 8 9
1 4 9 6
2 2 4 6
2 2 4 7
2 3 4 6
2 3 4 7
2 4 4 6
2 4 4 7
2 2 5 6
2 2 5 7
2 2 5 9
2 3 5 6
2 3 5 7
2 3 5 9
2 4 5 6
2 4 5 7
2 4 5 9
2 6 5 9
2 7 5 9
2 4 6 6
2 4 6 7
2 6 8 9
2 7 8 9
2 4 9 6
3 6 5 9
3 7 5 9
3 6 8 9
3 7 8 9
3 1 9 4
4 1 9 4
4 1 9 6
4 4 9 6
5 6 8 9
5 7 8 9
5 1 9 4
5 1 9 6
5 4 9 6
6 4 9 6
