10 9
000000000
011111110
011111110
011111110
011100110
011111110
011111110
011111110
000000000
000000000
54
2 2 6 7
2 2 6 8
2 3 6 7
2 3 6 8
2 4 6 7
2 4 6 8
2 2 7 7
2 2 7 8
2 3 7 7
2 3 7 8
2 4 7 7
2 4 7 8
2 2 8 7
2 2 8 8
2 3 8 7
2 3 8 8
2 4 8 7
2 4 8 8
3 2 6 7
3 2 6 8
3 3 6 7
3 3 6 8
3 4 6 7
3 4 6 8
3 2 7 7
3 2 7 8
3 3 7 7
3 3 7 8
3 4 7 7
3 4 7 8
3 2 8 7
3 2 8 8
3 3 8 7
3 3 8 8
3 4 8 7
3 4 8 8
4 2 6 7
4 2 6 8
4 3 6 7
4 3 6 8
4 4 6 7
4 4 6 8
4 2 7 7
4 2 7 8
4 3 7 7
4 3 7 8
4 4 7 7
4 4 7 8
4 2 8 7
4 2 8 8
4 3 8 7
4 3 8 8
4 4 8 7
4 4 8 8
