10 9
001111111
111111111
111001111
111111111
111111111
111001111
111111111
111001001
111111111
111111111
138
1 3 4 6
1 3 4 7
1 3 4 8
1 3 4 9
1 3 5 6
1 3 5 7
1 3 5 8
1 3 5 9
1 3 7 6
1 3 7 7
1 3 7 8
1 3 7 9
1 3 9 6
1 3 9 9
1 6 9 9
1 3 10 6
1 3 10 9
1 6 10 9
2 1 4 6
2 1 4 7
2 1 4 8
2 1 4 9
2 2 4 6
2 2 4 7
2 2 4 8
2 2 4 9
2 3 4 6
2 3 4 7
2 3 4 8
2 3 4 9
2 1 5 6
2 1 5 7
2 1 5 8
2 1 5 9
2 2 5 6
2 2 5 7
2 2 5 8
2 2 5 9
2 3 5 6
2 3 5 7
2 3 5 8
2 3 5 9
2 1 7 6
2 1 7 7
2 1 7 8
2 1 7 9
2 2 7 6
2 2 7 7
2 2 7 8
2 2 7 9
2 3 7 6
2 3 7 7
2 3 7 8
2 3 7 9
2 1 9 6
2 1 9 9
2 2 9 6
2 2 9 9
2 3 9 6
2 3 9 9
2 6 9 9
2 1 10 6
2 1 10 9
2 2 10 6
2 2 10 9
2 3 10 6
2 3 10 9
2 6 10 9
3 6 9 9
3 6 10 9
4 1 7 6
4 1 7 7
4 1 7 8
4 1 7 9
4 2 7 6
4 2 7 7
4 2 7 8
4 2 7 9
4 3 7 6
4 3 7 7
4 3 7 8
4 3 7 9
4 1 9 6
4 1 9 9
4 2 9 6
4 2 9 9
4 3 9 6
4 3 9 9
4 6 9 9
4 1 10 6
4 1 10 9
4 2 10 6
4 2 10 9
4 3 10 6
4 3 10 9
4 6 10 9
5 1 7 6
5 1 7 7
5 1 7 8
5 1 7 9
5 2 7 6
5 2 7 7
5 2 7 8
5 2 7 9
5 3 7 6
5 3 7 7
5 3 7 8
5 3 7 9
5 1 9 6
5 1 9 9
5 2 9 6
5 2 9 9
5 3 9 6
5 3 9 9
5 6 9 9
5 1 10 6
5 1 10 9
5 2 10 6
5 2 10 9
5 3 10 6
5 3 10 9
5 6 10 9
6 6 9 9
6 6 10 9
7 1 9 6
7 1 9 9
7 2 9 6
7 2 9 9
7 3 9 6
7 3 9 9
7 6 9 9
7 1 10 6
7 1 10 9
7 2 10 6
7 2 10 9
7 3 10 6
7 3 10 9
7 6 10 9
