9 8
00001110
00111111
00111111
11111011
10111111
10111111
10111011
10111011
11111111
54
1 5 5 7
1 5 6 7
1 5 9 7
2 3 5 7
2 3 5 8
2 4 5 7
2 4 5 8
2 5 5 7
2 5 5 8
2 3 6 7
2 3 6 8
2 4 6 7
2 4 6 8
2 5 6 7
2 5 6 8
2 3 9 7
2 3 9 8
2 4 9 7
2 4 9 8
2 5 9 7
2 5 9 8
3 3 5 7
3 3 5 8
3 4 5 7
3 4 5 8
3 5 5 7
3 5 5 8
3 3 6 7
3 3 6 8
3 4 6 7
3 4 6 8
3 5 6 7
3 5 6 8
3 3 9 7
3 3 9 8
3 4 9 7
3 4 9 8
3 5 9 7
3 5 9 8
4 1 9 3
4 1 9 4
4 1 9 5
5 3 9 7
5 3 9 8
5 4 9 7
5 4 9 8
5 5 9 7
5 5 9 8
6 3 9 7
6 3 9 8
6 4 9 7
6 4 9 8
6 5 9 7
6 5 9 8
