9 9
111111100
101111100
111111111
111111111
001111111
001011101
001111111
001111111
000000111
67
1 1 3 3
1 1 3 4
1 1 3 5
1 1 3 6
1 1 3 7
1 1 4 3
1 1 4 4
1 1 4 5
1 1 4 6
1 1 4 7
1 3 7 5
1 3 7 6
1 3 7 7
1 3 8 5
1 3 8 6
1 3 8 7
2 3 7 5
2 3 7 6
2 3 7 7
2 3 8 5
2 3 8 6
2 3 8 7
3 3 7 5
3 3 7 6
3 3 7 7
3 3 7 9
3 5 7 9
3 6 7 9
3 7 7 9
3 3 8 5
3 3 8 6
3 3 8 7
3 3 8 9
3 5 8 9
3 6 8 9
3 7 8 9
3 7 9 9
4 3 7 5
4 3 7 6
4 3 7 7
4 3 7 9
4 5 7 9
4 6 7 9
4 7 7 9
4 3 8 5
4 3 8 6
4 3 8 7
4 3 8 9
4 5 8 9
4 6 8 9
4 7 8 9
4 7 9 9
5 3 7 5
5 3 7 6
5 3 7 7
5 3 7 9
5 5 7 9
5 6 7 9
5 7 7 9
5 3 8 5
5 3 8 6
5 3 8 7
5 3 8 9
5 5 8 9
5 6 8 9
5 7 8 9
5 7 9 9
