8 8
01111110
01111110
11111111
11111111
11110111
11111111
11111111
01111111
102
1 2 6 6
1 2 6 7
1 3 6 6
1 3 6 7
1 4 6 6
1 4 6 7
1 2 7 6
1 2 7 7
1 3 7 6
1 3 7 7
1 4 7 6
1 4 7 7
1 2 8 6
1 2 8 7
1 3 8 6
1 3 8 7
1 4 8 6
1 4 8 7
2 2 6 6
2 2 6 7
2 3 6 6
2 3 6 7
2 4 6 6
2 4 6 7
2 2 7 6
2 2 7 7
2 3 7 6
2 3 7 7
2 4 7 6
2 4 7 7
2 2 8 6
2 2 8 7
2 3 8 6
2 3 8 7
2 4 8 6
2 4 8 7
3 1 6 6
3 1 6 7
3 1 6 8
3 2 6 6
3 2 6 7
3 2 6 8
3 3 6 6
3 3 6 7
3 3 6 8
3 4 6 6
3 4 6 7
3 4 6 8
3 1 7 6
3 1 7 7
3 1 7 8
3 2 7 6
3 2 7 7
3 2 7 8
3 3 7 6
3 3 7 7
3 3 7 8
3 4 7 6
3 4 7 7
3 4 7 8
3 2 8 6
3 2 8 7
3 2 8 8
3 3 8 6
3 3 8 7
3 3 8 8
3 4 8 6
3 4 8 7
3 4 8 8
4 1 6 6
4 1 6 7
4 1 6 8
4 2 6 6
4 2 6 7
4 2 6 8
4 3 6 6
4 3 6 7
4 3 6 8
4 4 6 6
4 4 6 7
4 4 6 8
4 1 7 6
4 1 7 7
4 1 7 8
4 2 7 6
4 2 7 7
4 2 7 8
4 3 7 6
4 3 7 7
4 3 7 8
4 4 7 6
4 4 7 7
4 4 7 8
4 2 8 6
4 2 8 7
4 2 8 8
4 3 8 6
4 3 8 7
4 3 8 8
4 4 8 6
4 4 8 7
4 4 8 8
