8 9
011111111
011010011
011110011
011111111
011010111
011111111
011111111
000000000
52
1 2 3 5
1 3 3 5
1 2 4 5
1 2 4 8
1 2 4 9
1 3 4 5
1 3 4 8
1 3 4 9
1 5 4 8
1 5 4 9
1 2 6 5
1 2 6 8
1 2 6 9
1 3 6 5
1 3 6 8
1 3 6 9
1 5 6 8
1 5 6 9
1 2 7 5
1 2 7 8
1 2 7 9
1 3 7 5
1 3 7 8
1 3 7 9
1 5 7 8
1 5 7 9
3 2 6 5
3 3 6 5
3 2 7 5
3 3 7 5
4 2 6 5
4 2 6 7
4 2 6 8
4 2 6 9
4 3 6 5
4 3 6 7
4 3 6 8
4 3 6 9
4 5 6 7
4 5 6 8
4 5 6 9
4 2 7 5
4 2 7 7
4 2 7 8
4 2 7 9
4 3 7 5
4 3 7 7
4 3 7 8
4 3 7 9
4 5 7 7
4 5 7 8
4 5 7 9
