8 9
111111111
111111111
101010111
101010101
111111111
111111111
111111111
111111111
84
1 1 5 3
1 1 5 5
1 1 5 7
1 1 5 9
1 3 5 5
1 3 5 7
1 3 5 9
1 5 5 7
1 5 5 9
1 7 5 9
1 1 6 3
1 1 6 5
1 1 6 7
1 1 6 9
1 3 6 5
1 3 6 7
1 3 6 9
1 5 6 7
1 5 6 9
1 7 6 9
1 1 7 3
1 1 7 5
1 1 7 7
1 1 7 9
1 3 7 5
1 3 7 7
1 3 7 9
1 5 7 7
1 5 7 9
1 7 7 9
1 1 8 3
1 1 8 5
1 1 8 7
1 1 8 9
1 3 8 5
1 3 8 7
1 3 8 9
1 5 8 7
1 5 8 9
1 7 8 9
2 1 5 3
2 1 5 5
2 1 5 7
2 1 5 9
2 3 5 5
2 3 5 7
2 3 5 9
2 5 5 7
2 5 5 9
2 7 5 9
2 1 6 3
2 1 6 5
2 1 6 7
2 1 6 9
2 3 6 5
2 3 6 7
2 3 6 9
2 5 6 7
2 5 6 9
2 7 6 9
2 1 7 3
2 1 7 5
2 1 7 7
2 1 7 9
2 3 7 5
2 3 7 7
2 3 7 9
2 5 7 7
2 5 7 9
2 7 7 9
2 1 8 3
2 1 8 5
2 1 8 7
2 1 8 9
2 3 8 5
2 3 8 7
2 3 8 9
2 5 8 7
2 5 8 9
2 7 8 9
3 7 5 9
3 7 6 9
3 7 7 9
3 7 8 9
