10 9
000000000
111111111
101111101
111110101
111111111
111111111
111111111
111100111
111111111
111111111
145
2 1 4 3
2 1 4 4
2 1 4 5
2 1 5 3
2 1 5 4
2 1 5 5
2 1 5 7
2 1 5 9
2 3 5 7
2 3 5 9
2 4 5 7
2 4 5 9
2 5 5 7
2 5 5 9
2 7 5 9
2 1 6 3
2 1 6 4
2 1 6 5
2 1 6 7
2 1 6 9
2 3 6 7
2 3 6 9
2 4 6 7
2 4 6 9
2 5 6 7
2 5 6 9
2 7 6 9
2 1 7 3
2 1 7 4
2 1 7 5
2 1 7 7
2 1 7 9
2 3 7 7
2 3 7 9
2 4 7 7
2 4 7 9
2 5 7 7
2 5 7 9
2 7 7 9
2 1 8 3
2 1 8 4
2 7 8 9
2 1 9 3
2 1 9 4
2 1 9 7
2 1 9 9
2 3 9 7
2 3 9 9
2 4 9 7
2 4 9 9
2 7 9 9
2 1 10 3
2 1 10 4
2 1 10 7
2 1 10 9
2 3 10 7
2 3 10 9
2 4 10 7
2 4 10 9
2 7 10 9
3 3 5 7
3 4 5 7
3 5 5 7
3 3 6 7
3 4 6 7
3 5 6 7
3 3 7 7
3 4 7 7
3 5 7 7
3 3 9 7
3 4 9 7
3 3 10 7
3 4 10 7
5 1 9 7
5 1 9 8
5 1 9 9
5 2 9 7
5 2 9 8
5 2 9 9
5 3 9 7
5 3 9 8
5 3 9 9
5 4 9 7
5 4 9 8
5 4 9 9
5 1 10 7
5 1 10 8
5 1 10 9
5 2 10 7
5 2 10 8
5 2 10 9
5 3 10 7
5 3 10 8
5 3 10 9
5 4 10 7
5 4 10 8
5 4 10 9
6 1 9 7
6 1 9 8
6 1 9 9
6 2 9 7
6 2 9 8
6 2 9 9
6 3 9 7
6 3 9 8
6 3 9 9
6 4 9 7
6 4 9 8
6 4 9 9
6 1 10 7
6 1 10 8
6 1 10 9
6 2 10 7
6 2 10 8
6 2 10 9
6 3 10 7
6 3 10 8
6 3 10 9
6 4 10 7
6 4 10 8
6 4 10 9
7 1 9 7
7 1 9 8
7 1 9 9
7 2 9 7
7 2 9 8
7 2 9 9
7 3 9 7
7 3 9 8
7 3 9 9
7 4 9 7
7 4 9 8
7 4 9 9
7 1 10 7
7 1 10 8
7 1 10 9
7 2 10 7
7 2 10 8
7 2 10 9
7 3 10 7
7 3 10 8
7 3 10 9
7 4 10 7
7 4 10 8
7 4 10 9
