10 10
0000000000
1111110000
1111111110
1111111110
1111010110
1111110110
1111110110
0111111110
0111111110
0000000000
74
2 1 6 6
2 2 6 6
2 3 6 6
2 4 6 6
2 1 7 6
2 2 7 6
2 3 7 6
2 4 7 6
2 2 8 6
2 3 8 6
2 4 8 6
2 2 9 6
2 3 9 6
2 4 9 6
3 1 6 6
3 2 6 6
3 3 6 6
3 4 6 6
3 1 7 6
3 2 7 6
3 3 7 6
3 4 7 6
3 2 8 6
3 2 8 8
3 2 8 9
3 3 8 6
3 3 8 8
3 3 8 9
3 4 8 6
3 4 8 8
3 4 8 9
3 6 8 8
3 6 8 9
3 2 9 6
3 2 9 8
3 2 9 9
3 3 9 6
3 3 9 8
3 3 9 9
3 4 9 6
3 4 9 8
3 4 9 9
3 6 9 8
3 6 9 9
4 1 6 6
4 2 6 6
4 3 6 6
4 4 6 6
4 1 7 6
4 2 7 6
4 3 7 6
4 4 7 6
4 2 8 6
4 2 8 8
4 2 8 9
4 3 8 6
4 3 8 8
4 3 8 9
4 4 8 6
4 4 8 8
4 4 8 9
4 6 8 8
4 6 8 9
4 2 9 6
4 2 9 8
4 2 9 9
4 3 9 6
4 3 9 8
4 3 9 9
4 4 9 6
4 4 9 8
4 4 9 9
4 6 9 8
4 6 9 9
