6 9
000011111
111111111
111111011
110111111
111111111
111111111
62
1 5 4 8
1 5 4 9
1 6 4 8
1 6 4 9
1 5 5 8
1 5 5 9
1 6 5 8
1 6 5 9
1 5 6 8
1 5 6 9
1 6 6 8
1 6 6 9
2 4 4 8
2 4 4 9
2 5 4 8
2 5 4 9
2 6 4 8
2 6 4 9
2 1 5 4
2 1 5 5
2 1 5 6
2 1 5 8
2 1 5 9
2 2 5 4
2 2 5 5
2 2 5 6
2 2 5 8
2 2 5 9
2 4 5 8
2 4 5 9
2 5 5 8
2 5 5 9
2 6 5 8
2 6 5 9
2 1 6 4
2 1 6 5
2 1 6 6
2 1 6 8
2 1 6 9
2 2 6 4
2 2 6 5
2 2 6 6
2 2 6 8
2 2 6 9
2 4 6 8
2 4 6 9
2 5 6 8
2 5 6 9
2 6 6 8
2 6 6 9
3 1 5 4
3 1 5 5
3 1 5 6
3 2 5 4
3 2 5 5
3 2 5 6
3 1 6 4
3 1 6 5
3 1 6 6
3 2 6 4
3 2 6 5
3 2 6 6
