10 10
0111111100
0111111110
1111001110
1111111110
1111111110
1111111110
1111111111
1011111111
1111100001
0000111111
86
1 2 4 7
1 2 4 8
1 3 4 7
1 3 4 8
1 4 4 7
1 4 4 8
1 2 5 7
1 2 5 8
1 3 5 7
1 3 5 8
1 4 5 7
1 4 5 8
1 2 6 7
1 2 6 8
1 3 6 7
1 3 6 8
1 4 6 7
1 4 6 8
1 2 7 7
1 2 7 8
1 3 7 7
1 3 7 8
1 4 7 7
1 4 7 8
1 3 8 7
1 3 8 8
1 4 8 7
1 4 8 8
2 2 4 7
2 2 4 8
2 2 4 9
2 3 4 7
2 3 4 8
2 3 4 9
2 4 4 7
2 4 4 8
2 4 4 9
2 2 5 7
2 2 5 8
2 2 5 9
2 3 5 7
2 3 5 8
2 3 5 9
2 4 5 7
2 4 5 8
2 4 5 9
2 2 6 7
2 2 6 8
2 2 6 9
2 3 6 7
2 3 6 8
2 3 6 9
2 4 6 7
2 4 6 8
2 4 6 9
2 2 7 7
2 2 7 8
2 2 7 9
2 3 7 7
2 3 7 8
2 3 7 9
2 4 7 7
2 4 7 8
2 4 7 9
2 3 8 7
2 3 8 8
2 3 8 9
2 4 8 7
2 4 8 8
2 4 8 9
3 1 9 3
3 1 9 4
4 1 9 3
4 1 9 4
4 1 9 5
5 1 9 3
5 1 9 4
5 1 9 5
6 1 9 3
6 1 9 4
6 1 9 5
7 1 9 3
7 1 9 4
7 1 9 5
7 5 10 10
8 5 10 10
