7 10
1111111111
1011111111
1111111111
1111111001
1111111111
1111111111
1111111111
82
1 1 3 3
1 1 3 4
1 1 3 5
1 1 3 6
1 1 3 7
1 1 3 8
1 1 3 9
1 1 3 10
1 1 4 3
1 1 4 4
1 1 4 5
1 1 4 6
1 1 4 7
1 1 5 3
1 1 5 4
1 1 5 5
1 1 5 6
1 1 5 7
1 1 5 10
1 3 5 10
1 4 5 10
1 5 5 10
1 6 5 10
1 7 5 10
1 1 6 3
1 1 6 4
1 1 6 5
1 1 6 6
1 1 6 7
1 1 6 10
1 3 6 10
1 4 6 10
1 5 6 10
1 6 6 10
1 7 6 10
1 1 7 3
1 1 7 4
1 1 7 5
1 1 7 6
1 1 7 7
1 1 7 10
1 3 7 10
1 4 7 10
1 5 7 10
1 6 7 10
1 7 7 10
2 3 5 10
2 4 5 10
2 5 5 10
2 6 5 10
2 7 5 10
2 3 6 10
2 4 6 10
2 5 6 10
2 6 6 10
2 7 6 10
2 3 7 10
2 4 7 10
2 5 7 10
2 6 7 10
2 7 7 10
3 1 5 10
3 2 5 10
3 3 5 10
3 4 5 10
3 5 5 10
3 6 5 10
3 7 5 10
3 1 6 10
3 2 6 10
3 3 6 10
3 4 6 10
3 5 6 10
3 6 6 10
3 7 6 10
3 1 7 10
3 2 7 10
3 3 7 10
3 4 7 10
3 5 7 10
3 6 7 10
3 7 7 10
