7 8
01111110
11111110
11111110
11111110
11101110
11111110
11111110
66
1 2 6 5
1 2 6 6
1 2 6 7
1 3 6 5
1 3 6 6
1 3 6 7
1 2 7 5
1 2 7 6
1 2 7 7
1 3 7 5
1 3 7 6
1 3 7 7
2 1 6 5
2 1 6 6
2 1 6 7
2 2 6 5
2 2 6 6
2 2 6 7
2 3 6 5
2 3 6 6
2 3 6 7
2 1 7 5
2 1 7 6
2 1 7 7
2 2 7 5
2 2 7 6
2 2 7 7
2 3 7 5
2 3 7 6
2 3 7 7
3 1 6 5
3 1 6 6
3 1 6 7
3 2 6 5
3 2 6 6
3 2 6 7
3 3 6 5
3 3 6 6
3 3 6 7
3 1 7 5
3 1 7 6
3 1 7 7
3 2 7 5
3 2 7 6
3 2 7 7
3 3 7 5
3 3 7 6
3 3 7 7
4 1 6 5
4 1 6 6
4 1 6 7
4 2 6 5
4 2 6 6
4 2 6 7
4 3 6 5
4 3 6 6
4 3 6 7
4 1 7 5
4 1 7 6
4 1 7 7
4 2 7 5
4 2 7 6
4 2 7 7
4 3 7 5
4 3 7 6
4 3 7 7
