8 9
000011100
111111110
101110110
111111110
111111110
111111110
111101100
111111100
67
1 5 4 7
1 5 5 7
1 5 6 7
2 1 4 3
2 1 4 4
2 1 4 5
2 1 4 7
2 1 4 8
2 3 4 7
2 3 4 8
2 4 4 7
2 4 4 8
2 5 4 7
2 5 4 8
2 1 5 3
2 1 5 4
2 1 5 5
2 1 5 7
2 1 5 8
2 3 5 7
2 3 5 8
2 4 5 7
2 4 5 8
2 5 5 7
2 5 5 8
2 1 6 3
2 1 6 4
2 1 6 5
2 1 6 7
2 1 6 8
2 3 6 7
2 3 6 8
2 4 6 7
2 4 6 8
2 5 6 7
2 5 6 8
2 1 7 3
2 1 7 4
2 1 8 3
2 1 8 4
2 1 8 7
2 3 8 7
2 4 8 7
4 1 8 6
4 1 8 7
4 2 8 6
4 2 8 7
4 3 8 6
4 3 8 7
4 4 8 6
4 4 8 7
5 1 8 6
5 1 8 7
5 2 8 6
5 2 8 7
5 3 8 6
5 3 8 7
5 4 8 6
5 4 8 7
6 1 8 6
6 1 8 7
6 2 8 6
6 2 8 7
6 3 8 6
6 3 8 7
6 4 8 6
6 4 8 7
