8 10
0001111111
0111111111
0101111111
0101011111
0111111111
1111111111
1101111111
1111111111
99
1 4 5 6
1 4 5 7
1 4 5 8
1 4 5 9
1 4 5 10
1 4 6 6
1 4 6 7
1 4 6 8
1 4 6 9
1 4 6 10
1 4 7 6
1 4 7 7
1 4 7 8
1 4 7 9
1 4 7 10
1 4 8 6
1 4 8 7
1 4 8 8
1 4 8 9
1 4 8 10
2 2 5 4
2 2 5 6
2 2 5 7
2 2 5 8
2 2 5 9
2 2 5 10
2 4 5 6
2 4 5 7
2 4 5 8
2 4 5 9
2 4 5 10
2 2 6 4
2 2 6 6
2 2 6 7
2 2 6 8
2 2 6 9
2 2 6 10
2 4 6 6
2 4 6 7
2 4 6 8
2 4 6 9
2 4 6 10
2 4 7 6
2 4 7 7
2 4 7 8
2 4 7 9
2 4 7 10
2 2 8 4
2 2 8 6
2 2 8 7
2 2 8 8
2 2 8 9
2 2 8 10
2 4 8 6
2 4 8 7
2 4 8 8
2 4 8 9
2 4 8 10
3 4 5 6
3 4 5 7
3 4 5 8
3 4 5 9
3 4 5 10
3 4 6 6
3 4 6 7
3 4 6 8
3 4 6 9
3 4 6 10
3 4 7 6
3 4 7 7
3 4 7 8
3 4 7 9
3 4 7 10
3 4 8 6
3 4 8 7
3 4 8 8
3 4 8 9
3 4 8 10
5 2 8 4
5 2 8 5
5 2 8 6
5 2 8 7
5 2 8 8
5 2 8 9
5 2 8 10
6 1 8 4
6 1 8 5
6 1 8 6
6 1 8 7
6 1 8 8
6 1 8 9
6 1 8 10
6 2 8 4
6 2 8 5
6 2 8 6
6 2 8 7
6 2 8 8
6 2 8 9
6 2 8 10
