9 9
001111111
111111111
101001111
101111111
101011111
111111111
111111111
100011111
111111111
58
1 3 4 6
1 3 4 7
1 3 4 8
1 3 4 9
1 3 6 6
1 3 6 7
1 3 6 8
1 3 6 9
1 3 7 6
1 3 7 7
1 3 7 8
1 3 7 9
2 3 4 6
2 3 4 7
2 3 4 8
2 3 4 9
2 1 6 3
2 1 6 6
2 1 6 7
2 1 6 8
2 1 6 9
2 3 6 6
2 3 6 7
2 3 6 8
2 3 6 9
2 1 7 3
2 1 7 6
2 1 7 7
2 1 7 8
2 1 7 9
2 3 7 6
2 3 7 7
2 3 7 8
2 3 7 9
2 1 9 6
2 1 9 7
2 1 9 8
2 1 9 9
4 3 6 5
4 3 6 6
4 3 6 7
4 3 6 8
4 3 6 9
4 3 7 5
4 3 7 6
4 3 7 7
4 3 7 8
4 3 7 9
6 1 9 5
6 1 9 6
6 1 9 7
6 1 9 8
6 1 9 9
7 1 9 5
7 1 9 6
7 1 9 7
7 1 9 8
7 1 9 9
