10 9
000000000
111111100
101111111
101010111
101111111
101011111
111111111
101111111
111111111
001111111
87
2 3 5 5
2 3 5 7
2 5 5 7
2 5 6 7
2 1 7 3
2 1 7 5
2 1 7 7
2 3 7 5
2 3 7 7
2 5 7 7
2 3 8 5
2 3 8 7
2 5 8 7
2 1 9 3
2 1 9 5
2 1 9 7
2 3 9 5
2 3 9 7
2 5 9 7
2 3 10 5
2 3 10 7
2 5 10 7
3 3 5 5
3 3 5 7
3 3 5 8
3 3 5 9
3 5 5 7
3 5 5 8
3 5 5 9
3 5 6 7
3 5 6 8
3 5 6 9
3 3 7 5
3 3 7 7
3 3 7 8
3 3 7 9
3 5 7 7
3 5 7 8
3 5 7 9
3 3 8 5
3 3 8 7
3 3 8 8
3 3 8 9
3 5 8 7
3 5 8 8
3 5 8 9
3 3 9 5
3 3 9 7
3 3 9 8
3 3 9 9
3 5 9 7
3 5 9 8
3 5 9 9
3 3 10 5
3 3 10 7
3 3 10 8
3 3 10 9
3 5 10 7
3 5 10 8
3 5 10 9
5 3 7 5
5 3 7 6
5 3 7 7
5 3 7 8
5 3 7 9
5 3 8 5
5 3 8 6
5 3 8 7
5 3 8 8
5 3 8 9
5 3 9 5
5 3 9 6
5 3 9 7
5 3 9 8
5 3 9 9
5 3 10 5
5 3 10 6
5 3 10 7
5 3 10 8
5 3 10 9
7 1 9 3
7 1 9 4
7 1 9 5
7 1 9 6
7 1 9 7
7 1 9 8
7 1 9 9
