10 10
1111111100
1111000100
1111011100
1111111100
1111111100
1111111111
1111010101
1111111111
1111000100
1111111100
70
1 1 4 8
1 2 4 8
1 3 4 8
1 4 4 8
1 1 5 8
1 2 5 8
1 3 5 8
1 4 5 8
1 1 6 8
1 2 6 8
1 3 6 8
1 4 6 8
1 1 8 8
1 2 8 8
1 3 8 8
1 4 8 8
1 1 10 8
1 2 10 8
1 3 10 8
1 4 10 8
3 6 8 8
4 1 8 6
4 1 8 8
4 2 8 6
4 2 8 8
4 3 8 6
4 3 8 8
4 4 8 6
4 4 8 8
4 6 8 8
4 1 10 8
4 2 10 8
4 3 10 8
4 4 10 8
5 1 8 6
5 1 8 8
5 2 8 6
5 2 8 8
5 3 8 6
5 3 8 8
5 4 8 6
5 4 8 8
5 6 8 8
5 1 10 8
5 2 10 8
5 3 10 8
5 4 10 8
6 1 8 6
6 1 8 8
6 1 8 10
6 2 8 6
6 2 8 8
6 2 8 10
6 3 8 6
6 3 8 8
6 3 8 10
6 4 8 6
6 4 8 8
6 4 8 10
6 6 8 8
6 6 8 10
6 8 8 10
6 1 10 8
6 2 10 8
6 3 10 8
6 4 10 8
8 1 10 8
8 2 10 8
8 3 10 8
8 4 10 8
