10 8
11111111
11111101
11111111
11111111
11111111
10111111
10111111
10111110
11111110
11100000
54
1 1 3 8
1 2 3 8
1 3 3 8
1 4 3 8
1 5 3 8
1 6 3 8
1 1 4 8
1 2 4 8
1 3 4 8
1 4 4 8
1 5 4 8
1 6 4 8
1 1 5 8
1 2 5 8
1 3 5 8
1 4 5 8
1 5 5 8
1 6 5 8
1 3 6 8
1 4 6 8
1 5 6 8
1 6 6 8
1 3 7 8
1 4 7 8
1 5 7 8
1 6 7 8
1 1 9 3
1 1 9 4
1 1 9 5
1 1 9 6
1 1 10 3
2 1 9 3
2 1 9 4
2 1 9 5
2 1 9 6
2 1 10 3
3 1 9 3
3 1 9 4
3 1 9 5
3 1 9 6
3 1 9 7
3 1 10 3
4 1 9 3
4 1 9 4
4 1 9 5
4 1 9 6
4 1 9 7
4 1 10 3
5 1 9 3
5 1 9 4
5 1 9 5
5 1 9 6
5 1 9 7
5 1 10 3
