10 9
111000000
111111110
111111110
111101110
101111110
111111100
111111100
111101100
101101100
111111100
98
1 1 6 3
1 1 7 3
1 1 8 3
1 1 10 3
2 3 5 6
2 3 5 7
2 3 5 8
2 4 5 6
2 4 5 7
2 4 5 8
2 1 6 3
2 1 6 4
2 1 6 6
2 1 6 7
2 3 6 6
2 3 6 7
2 4 6 6
2 4 6 7
2 1 7 3
2 1 7 4
2 1 7 6
2 1 7 7
2 3 7 6
2 3 7 7
2 4 7 6
2 4 7 7
2 1 8 3
2 1 8 4
2 1 10 3
2 1 10 4
2 1 10 6
2 1 10 7
2 3 10 6
2 3 10 7
2 4 10 6
2 4 10 7
3 3 5 6
3 3 5 7
3 3 5 8
3 4 5 6
3 4 5 7
3 4 5 8
3 1 6 3
3 1 6 4
3 1 6 6
3 1 6 7
3 3 6 6
3 3 6 7
3 4 6 6
3 4 6 7
3 1 7 3
3 1 7 4
3 1 7 6
3 1 7 7
3 3 7 6
3 3 7 7
3 4 7 6
3 4 7 7
3 1 8 3
3 1 8 4
3 1 10 3
3 1 10 4
3 1 10 6
3 1 10 7
3 3 10 6
3 3 10 7
3 4 10 6
3 4 10 7
4 1 6 3
4 1 6 4
4 1 7 3
4 1 7 4
4 1 8 3
4 1 8 4
4 1 10 3
4 1 10 4
5 3 10 6
5 3 10 7
5 4 10 6
5 4 10 7
6 1 10 3
6 1 10 4
6 1 10 6
6 1 10 7
6 3 10 6
6 3 10 7
6 4 10 6
6 4 10 7
7 1 10 3
7 1 10 4
7 1 10 6
7 1 10 7
7 3 10 6
7 3 10 7
7 4 10 6
7 4 10 7
8 1 10 3
8 1 10 4
