9 10
0111111110
0100111110
1111111110
1111111110
1110110110
1111111110
0111111110
0111111110
0000111100
134
1 2 3 5
1 2 3 6
1 2 3 7
1 2 3 8
1 2 3 9
1 2 4 5
1 2 4 6
1 2 4 7
1 2 4 8
1 2 4 9
1 2 6 5
1 2 6 6
1 2 6 8
1 2 6 9
1 5 6 8
1 5 6 9
1 6 6 8
1 6 6 9
1 2 7 5
1 2 7 6
1 2 7 8
1 2 7 9
1 5 7 8
1 5 7 9
1 6 7 8
1 6 7 9
1 2 8 5
1 2 8 6
1 2 8 8
1 2 8 9
1 5 8 8
1 5 8 9
1 6 8 8
1 6 8 9
1 5 9 8
1 6 9 8
2 5 6 8
2 5 6 9
2 6 6 8
2 6 6 9
2 5 7 8
2 5 7 9
2 6 7 8
2 6 7 9
2 5 8 8
2 5 8 9
2 6 8 8
2 6 8 9
2 5 9 8
2 6 9 8
3 1 6 5
3 1 6 6
3 1 6 8
3 1 6 9
3 2 6 5
3 2 6 6
3 2 6 8
3 2 6 9
3 3 6 5
3 3 6 6
3 3 6 8
3 3 6 9
3 5 6 8
3 5 6 9
3 6 6 8
3 6 6 9
3 2 7 5
3 2 7 6
3 2 7 8
3 2 7 9
3 3 7 5
3 3 7 6
3 3 7 8
3 3 7 9
3 5 7 8
3 5 7 9
3 6 7 8
3 6 7 9
3 2 8 5
3 2 8 6
3 2 8 8
3 2 8 9
3 3 8 5
3 3 8 6
3 3 8 8
3 3 8 9
3 5 8 8
3 5 8 9
3 6 8 8
3 6 8 9
3 5 9 8
3 6 9 8
4 1 6 5
4 1 6 6
4 1 6 8
4 1 6 9
4 2 6 5
4 2 6 6
4 2 6 8
4 2 6 9
4 3 6 5
4 3 6 6
4 3 6 8
4 3 6 9
4 5 6 8
4 5 6 9
4 6 6 8
4 6 6 9
4 2 7 5
4 2 7 6
4 2 7 8
4 2 7 9
4 3 7 5
4 3 7 6
4 3 7 8
4 3 7 9
4 5 7 8
4 5 7 9
4 6 7 8
4 6 7 9
4 2 8 5
4 2 8 6
4 2 8 8
4 2 8 9
4 3 8 5
4 3 8 6
4 3 8 8
4 3 8 9
4 5 8 8
4 5 8 9
4 6 8 8
4 6 8 9
4 5 9 8
4 6 9 8
