10 8
00000000
11100111
10100101
11111111
11111111
11111111
11111111
11111111
11110111
11111111
74
2 1 4 3
2 6 4 8
2 1 5 3
2 6 5 8
2 1 6 3
2 6 6 8
2 1 7 3
2 6 7 8
2 1 8 3
2 6 8 8
2 1 9 3
2 6 9 8
2 1 10 3
2 6 10 8
4 1 10 6
4 1 10 7
4 1 10 8
4 2 10 6
4 2 10 7
4 2 10 8
4 3 10 6
4 3 10 7
4 3 10 8
4 4 10 6
4 4 10 7
4 4 10 8
5 1 10 6
5 1 10 7
5 1 10 8
5 2 10 6
5 2 10 7
5 2 10 8
5 3 10 6
5 3 10 7
5 3 10 8
5 4 10 6
5 4 10 7
5 4 10 8
6 1 10 6
6 1 10 7
6 1 10 8
6 2 10 6
6 2 10 7
6 2 10 8
6 3 10 6
6 3 10 7
6 3 10 8
6 4 10 6
6 4 10 7
6 4 10 8
7 1 10 6
7 1 10 7
7 1 10 8
7 2 10 6
7 2 10 7
7 2 10 8
7 3 10 6
7 3 10 7
7 3 10 8
7 4 10 6
7 4 10 7
7 4 10 8
8 1 10 6
8 1 10 7
8 1 10 8
8 2 10 6
8 2 10 7
8 2 10 8
8 3 10 6
8 3 10 7
8 3 10 8
8 4 10 6
8 4 10 7
8 4 10 8
