9 10
1111111111
1010111111
1011111111
1010111011
1111111111
1111111111
1010111111
1111111110
0000111110
145
1 3 3 5
1 3 3 6
1 3 3 7
1 3 3 8
1 3 3 9
1 3 3 10
1 1 5 3
1 1 5 5
1 1 5 6
1 1 5 7
1 1 5 9
1 1 5 10
1 3 5 5
1 3 5 6
1 3 5 7
1 3 5 9
1 3 5 10
1 5 5 9
1 5 5 10
1 6 5 9
1 6 5 10
1 7 5 9
1 7 5 10
1 1 6 3
1 1 6 5
1 1 6 6
1 1 6 7
1 1 6 9
1 1 6 10
1 3 6 5
1 3 6 6
1 3 6 7
1 3 6 9
1 3 6 10
1 5 6 9
1 5 6 10
1 6 6 9
1 6 6 10
1 7 6 9
1 7 6 10
1 5 7 9
1 5 7 10
1 6 7 9
1 6 7 10
1 7 7 9
1 7 7 10
1 1 8 3
1 1 8 5
1 1 8 6
1 1 8 7
1 1 8 9
1 3 8 5
1 3 8 6
1 3 8 7
1 3 8 9
1 5 8 9
1 6 8 9
1 7 8 9
1 5 9 9
1 6 9 9
1 7 9 9
2 5 5 9
2 5 5 10
2 6 5 9
2 6 5 10
2 7 5 9
2 7 5 10
2 5 6 9
2 5 6 10
2 6 6 9
2 6 6 10
2 7 6 9
2 7 6 10
2 5 7 9
2 5 7 10
2 6 7 9
2 6 7 10
2 7 7 9
2 7 7 10
2 5 8 9
2 6 8 9
2 7 8 9
2 5 9 9
2 6 9 9
2 7 9 9
3 3 5 5
3 3 5 6
3 3 5 7
3 3 5 9
3 3 5 10
3 5 5 9
3 5 5 10
3 6 5 9
3 6 5 10
3 7 5 9
3 7 5 10
3 3 6 5
3 3 6 6
3 3 6 7
3 3 6 9
3 3 6 10
3 5 6 9
3 5 6 10
3 6 6 9
3 6 6 10
3 7 6 9
3 7 6 10
3 5 7 9
3 5 7 10
3 6 7 9
3 6 7 10
3 7 7 9
3 7 7 10
3 3 8 5
3 3 8 6
3 3 8 7
3 3 8 9
3 5 8 9
3 6 8 9
3 7 8 9
3 5 9 9
3 6 9 9
3 7 9 9
5 1 8 3
5 1 8 5
5 1 8 6
5 1 8 7
5 1 8 8
5 1 8 9
5 3 8 5
5 3 8 6
5 3 8 7
5 3 8 8
5 3 8 9
6 1 8 3
6 1 8 5
6 1 8 6
6 1 8 7
6 1 8 8
6 1 8 9
6 3 8 5
6 3 8 6
6 3 8 7
6 3 8 8
6 3 8 9
