9 8
11111111
10011011
11111111
01111011
01111111
01111111
01011011
01111111
00011111
78
1 1 3 4
1 1 3 5
1 1 3 7
1 1 3 8
1 4 3 7
1 4 3 8
1 5 3 7
1 5 3 8
1 4 5 7
1 4 5 8
1 5 5 7
1 5 5 8
1 4 6 7
1 4 6 8
1 5 6 7
1 5 6 8
1 4 8 7
1 4 8 8
1 5 8 7
1 5 8 8
1 4 9 7
1 4 9 8
1 5 9 7
1 5 9 8
3 2 5 7
3 2 5 8
3 3 5 7
3 3 5 8
3 4 5 7
3 4 5 8
3 5 5 7
3 5 5 8
3 2 6 7
3 2 6 8
3 3 6 7
3 3 6 8
3 4 6 7
3 4 6 8
3 5 6 7
3 5 6 8
3 2 8 4
3 2 8 5
3 2 8 7
3 2 8 8
3 4 8 7
3 4 8 8
3 5 8 7
3 5 8 8
3 4 9 7
3 4 9 8
3 5 9 7
3 5 9 8
4 2 8 4
4 2 8 5
5 2 8 4
5 2 8 5
5 2 8 7
5 2 8 8
5 4 8 7
5 4 8 8
5 5 8 7
5 5 8 8
5 4 9 7
5 4 9 8
5 5 9 7
5 5 9 8
6 2 8 4
6 2 8 5
6 2 8 7
6 2 8 8
6 4 8 7
6 4 8 8
6 5 8 7
6 5 8 8
6 4 9 7
6 4 9 8
6 5 9 7
6 5 9 8
