9 8
00000000
11111110
11110110
11111110
11111110
11010110
11111110
11010000
11110000
52
2 1 4 6
2 1 4 7
2 2 4 6
2 2 4 7
2 3 4 6
2 3 4 7
2 4 4 6
2 4 4 7
2 1 5 6
2 1 5 7
2 2 5 6
2 2 5 7
2 3 5 6
2 3 5 7
2 4 5 6
2 4 5 7
2 1 7 4
2 1 7 6
2 1 7 7
2 2 7 4
2 2 7 6
2 2 7 7
2 4 7 6
2 4 7 7
2 1 9 4
2 2 9 4
3 1 7 4
3 2 7 4
3 1 9 4
3 2 9 4
4 1 7 4
4 1 7 6
4 1 7 7
4 2 7 4
4 2 7 6
4 2 7 7
4 4 7 6
4 4 7 7
4 1 9 4
4 2 9 4
5 1 7 4
5 1 7 6
5 1 7 7
5 2 7 4
5 2 7 6
5 2 7 7
5 4 7 6
5 4 7 7
5 1 9 4
5 2 9 4
7 1 9 4
7 2 9 4
