7 10
0000011110
1111111111
1111111111
1001111011
1111111111
0001101110
0001111110
52
1 6 5 9
1 7 5 9
1 7 6 9
1 7 7 9
2 1 5 4
2 1 5 5
2 1 5 6
2 1 5 7
2 1 5 9
2 1 5 10
2 4 5 9
2 4 5 10
2 5 5 9
2 5 5 10
2 6 5 9
2 6 5 10
2 7 5 9
2 7 5 10
2 7 6 9
2 4 7 7
2 4 7 9
2 5 7 7
2 5 7 9
2 7 7 9
3 1 5 4
3 1 5 5
3 1 5 6
3 1 5 7
3 1 5 9
3 1 5 10
3 4 5 9
3 4 5 10
3 5 5 9
3 5 5 10
3 6 5 9
3 6 5 10
3 7 5 9
3 7 5 10
3 7 6 9
3 4 7 7
3 4 7 9
3 5 7 7
3 5 7 9
3 7 7 9
4 4 7 7
4 5 7 7
5 4 7 7
5 4 7 8
5 4 7 9
5 5 7 7
5 5 7 8
5 5 7 9
