8 10
0011111110
0011111010
0011111010
0011111111
1111111111
1011101111
1111111111
0000000000
55
1 3 4 9
1 4 4 9
1 5 4 9
1 6 4 9
1 7 4 9
1 3 5 9
1 4 5 9
1 5 5 9
1 6 5 9
1 7 5 9
1 7 6 9
1 3 7 7
1 3 7 9
1 4 7 7
1 4 7 9
1 5 7 7
1 5 7 9
1 7 7 9
2 3 7 7
2 4 7 7
2 5 7 7
3 3 7 7
3 4 7 7
3 5 7 7
4 3 7 7
4 3 7 8
4 3 7 9
4 3 7 10
4 4 7 7
4 4 7 8
4 4 7 9
4 4 7 10
4 5 7 7
4 5 7 8
4 5 7 9
4 5 7 10
5 1 7 3
5 1 7 4
5 1 7 5
5 1 7 7
5 1 7 8
5 1 7 9
5 1 7 10
5 3 7 7
5 3 7 8
5 3 7 9
5 3 7 10
5 4 7 7
5 4 7 8
5 4 7 9
5 4 7 10
5 5 7 7
5 5 7 8
5 5 7 9
5 5 7 10
