9 9
000000000
011110000
011111111
011111111
011111111
010110111
011111111
011111100
000000000
52
2 2 7 4
2 2 7 5
2 2 8 4
2 2 8 5
3 2 7 4
3 2 7 5
3 2 7 7
3 2 7 8
3 2 7 9
3 4 7 7
3 4 7 8
3 4 7 9
3 5 7 7
3 5 7 8
3 5 7 9
3 2 8 4
3 2 8 5
3 2 8 7
3 4 8 7
3 5 8 7
4 2 7 4
4 2 7 5
4 2 7 7
4 2 7 8
4 2 7 9
4 4 7 7
4 4 7 8
4 4 7 9
4 5 7 7
4 5 7 8
4 5 7 9
4 2 8 4
4 2 8 5
4 2 8 7
4 4 8 7
4 5 8 7
5 2 7 4
5 2 7 5
5 2 7 7
5 2 7 8
5 2 7 9
5 4 7 7
5 4 7 8
5 4 7 9
5 5 7 7
5 5 7 8
5 5 7 9
5 2 8 4
5 2 8 5
5 2 8 7
5 4 8 7
5 5 8 7
