7 8
11111111
11111111
11101011
11111111
11111111
10111111
11111111
85
1 1 4 5
1 1 4 7
1 1 4 8
1 2 4 5
1 2 4 7
1 2 4 8
1 3 4 5
1 3 4 7
1 3 4 8
1 5 4 7
1 5 4 8
1 1 5 5
1 1 5 7
1 1 5 8
1 2 5 5
1 2 5 7
1 2 5 8
1 3 5 5
1 3 5 7
1 3 5 8
1 5 5 7
1 5 5 8
1 3 6 5
1 3 6 7
1 3 6 8
1 5 6 7
1 5 6 8
1 1 7 3
1 1 7 5
1 1 7 7
1 1 7 8
1 3 7 5
1 3 7 7
1 3 7 8
1 5 7 7
1 5 7 8
2 1 4 5
2 1 4 7
2 1 4 8
2 2 4 5
2 2 4 7
2 2 4 8
2 3 4 5
2 3 4 7
2 3 4 8
2 5 4 7
2 5 4 8
2 1 5 5
2 1 5 7
2 1 5 8
2 2 5 5
2 2 5 7
2 2 5 8
2 3 5 5
2 3 5 7
2 3 5 8
2 5 5 7
2 5 5 8
2 3 6 5
2 3 6 7
2 3 6 8
2 5 6 7
2 5 6 8
2 1 7 3
2 1 7 5
2 1 7 7
2 1 7 8
2 3 7 5
2 3 7 7
2 3 7 8
2 5 7 7
2 5 7 8
3 1 7 3
4 1 7 3
4 1 7 4
4 1 7 5
4 1 7 6
4 1 7 7
4 1 7 8
5 1 7 3
5 1 7 4
5 1 7 5
5 1 7 6
5 1 7 7
5 1 7 8
