9 8
00111100
00101100
11111111
10101101
11111111
11111111
11111111
11111111
11111111
57
1 3 3 5
1 3 3 6
1 3 5 5
1 3 5 6
1 3 6 5
1 3 6 6
1 3 7 5
1 3 7 6
1 3 8 5
1 3 8 6
1 3 9 5
1 3 9 6
3 1 5 3
3 1 5 5
3 1 5 6
3 1 5 8
3 3 5 5
3 3 5 6
3 3 5 8
3 5 5 8
3 6 5 8
3 1 6 3
3 1 6 5
3 1 6 6
3 1 6 8
3 3 6 5
3 3 6 6
3 3 6 8
3 5 6 8
3 6 6 8
3 1 7 3
3 1 7 5
3 1 7 6
3 1 7 8
3 3 7 5
3 3 7 6
3 3 7 8
3 5 7 8
3 6 7 8
3 1 8 3
3 1 8 5
3 1 8 6
3 1 8 8
3 3 8 5
3 3 8 6
3 3 8 8
3 5 8 8
3 6 8 8
3 1 9 3
3 1 9 5
3 1 9 6
3 1 9 8
3 3 9 5
3 3 9 6
3 3 9 8
3 5 9 8
3 6 9 8
