10 8
11111111
11111111
11111011
11111111
11011111
11011101
11011111
11111111
11110111
00111111
100
1 1 4 7
1 1 4 8
1 2 4 7
1 2 4 8
1 3 4 7
1 3 4 8
1 4 4 7
1 4 4 8
1 5 4 7
1 5 4 8
1 4 5 7
1 4 5 8
1 5 5 7
1 5 5 8
1 4 7 8
1 5 7 8
1 1 8 4
1 1 8 5
1 1 8 8
1 2 8 4
1 2 8 5
1 2 8 8
1 4 8 8
1 5 8 8
1 1 9 4
1 2 9 4
1 4 10 8
2 1 4 7
2 1 4 8
2 2 4 7
2 2 4 8
2 3 4 7
2 3 4 8
2 4 4 7
2 4 4 8
2 5 4 7
2 5 4 8
2 4 5 7
2 4 5 8
2 5 5 7
2 5 5 8
2 4 7 8
2 5 7 8
2 1 8 4
2 1 8 5
2 1 8 8
2 2 8 4
2 2 8 5
2 2 8 8
2 4 8 8
2 5 8 8
2 1 9 4
2 2 9 4
2 4 10 8
3 1 8 4
3 1 8 5
3 2 8 4
3 2 8 5
3 1 9 4
3 2 9 4
4 4 7 8
4 5 7 8
4 6 7 8
4 1 8 4
4 1 8 5
4 1 8 6
4 1 8 8
4 2 8 4
4 2 8 5
4 2 8 6
4 2 8 8
4 4 8 8
4 5 8 8
4 6 8 8
4 1 9 4
4 2 9 4
4 6 9 8
4 4 10 6
4 4 10 8
4 6 10 8
5 4 7 8
5 5 7 8
5 6 7 8
5 4 8 8
5 5 8 8
5 6 8 8
5 6 9 8
5 4 10 6
5 4 10 8
5 6 10 8
6 4 10 6
7 4 10 6
7 4 10 7
7 4 10 8
8 3 10 6
8 3 10 7
8 3 10 8
8 4 10 6
8 4 10 7
8 4 10 8
