7 10
1111111111
1111111101
1111111111
1110110101
1111111111
1111111101
1111111111
139
1 1 3 10
1 2 3 10
1 3 3 10
1 4 3 10
1 5 3 10
1 6 3 10
1 7 3 10
1 8 3 10
1 1 5 5
1 1 5 6
1 1 5 8
1 1 5 10
1 2 5 5
1 2 5 6
1 2 5 8
1 2 5 10
1 3 5 5
1 3 5 6
1 3 5 8
1 3 5 10
1 5 5 8
1 5 5 10
1 6 5 8
1 6 5 10
1 8 5 10
1 1 6 5
1 1 6 6
1 1 6 8
1 2 6 5
1 2 6 6
1 2 6 8
1 3 6 5
1 3 6 6
1 3 6 8
1 5 6 8
1 6 6 8
1 1 7 5
1 1 7 6
1 1 7 8
1 1 7 10
1 2 7 5
1 2 7 6
1 2 7 8
1 2 7 10
1 3 7 5
1 3 7 6
1 3 7 8
1 3 7 10
1 5 7 8
1 5 7 10
1 6 7 8
1 6 7 10
1 8 7 10
2 1 5 5
2 1 5 6
2 1 5 8
2 2 5 5
2 2 5 6
2 2 5 8
2 3 5 5
2 3 5 6
2 3 5 8
2 5 5 8
2 6 5 8
2 1 6 5
2 1 6 6
2 1 6 8
2 2 6 5
2 2 6 6
2 2 6 8
2 3 6 5
2 3 6 6
2 3 6 8
2 5 6 8
2 6 6 8
2 1 7 5
2 1 7 6
2 1 7 8
2 2 7 5
2 2 7 6
2 2 7 8
2 3 7 5
2 3 7 6
2 3 7 8
2 5 7 8
2 6 7 8
3 1 5 5
3 1 5 6
3 1 5 8
3 1 5 10
3 2 5 5
3 2 5 6
3 2 5 8
3 2 5 10
3 3 5 5
3 3 5 6
3 3 5 8
3 3 5 10
3 5 5 8
3 5 5 10
3 6 5 8
3 6 5 10
3 8 5 10
3 1 6 5
3 1 6 6
3 1 6 8
3 2 6 5
3 2 6 6
3 2 6 8
3 3 6 5
3 3 6 6
3 3 6 8
3 5 6 8
3 6 6 8
3 1 7 5
3 1 7 6
3 1 7 8
3 1 7 10
3 2 7 5
3 2 7 6
3 2 7 8
3 2 7 10
3 3 7 5
3 3 7 6
3 3 7 8
3 3 7 10
3 5 7 8
3 5 7 10
3 6 7 8
3 6 7 10
3 8 7 10
5 1 7 10
5 2 7 10
5 3 7 10
5 4 7 10
5 5 7 10
5 6 7 10
5 7 7 10
5 8 7 10
