8 10
0111111110
0100111110
0100111111
0111111111
1111110011
1110110011
1111111111
1111111110
59
1 2 4 5
1 2 4 6
1 2 4 7
1 2 4 8
1 2 4 9
1 2 5 5
1 2 5 6
1 2 7 5
1 2 7 6
1 2 7 9
1 5 7 9
1 6 7 9
1 2 8 5
1 2 8 6
1 2 8 9
1 5 8 9
1 6 8 9
2 5 7 9
2 6 7 9
2 5 8 9
2 6 8 9
3 5 7 9
3 5 7 10
3 6 7 9
3 6 7 10
3 5 8 9
3 6 8 9
4 2 7 5
4 2 7 6
4 2 7 9
4 2 7 10
4 3 7 5
4 3 7 6
4 3 7 9
4 3 7 10
4 5 7 9
4 5 7 10
4 6 7 9
4 6 7 10
4 2 8 5
4 2 8 6
4 2 8 9
4 3 8 5
4 3 8 6
4 3 8 9
4 5 8 9
4 6 8 9
5 1 7 5
5 1 7 6
5 2 7 5
5 2 7 6
5 3 7 5
5 3 7 6
5 1 8 5
5 1 8 6
5 2 8 5
5 2 8 6
5 3 8 5
5 3 8 6
