7 9
111111111
111111111
110011011
111111011
111111111
111111111
000000000
56
1 1 4 5
1 1 4 6
1 2 4 5
1 2 4 6
1 1 5 5
1 1 5 6
1 1 5 8
1 1 5 9
1 2 5 5
1 2 5 6
1 2 5 8
1 2 5 9
1 5 5 8
1 5 5 9
1 6 5 8
1 6 5 9
1 1 6 5
1 1 6 6
1 1 6 8
1 1 6 9
1 2 6 5
1 2 6 6
1 2 6 8
1 2 6 9
1 5 6 8
1 5 6 9
1 6 6 8
1 6 6 9
2 1 4 5
2 1 4 6
2 2 4 5
2 2 4 6
2 1 5 5
2 1 5 6
2 1 5 8
2 1 5 9
2 2 5 5
2 2 5 6
2 2 5 8
2 2 5 9
2 5 5 8
2 5 5 9
2 6 5 8
2 6 5 9
2 1 6 5
2 1 6 6
2 1 6 8
2 1 6 9
2 2 6 5
2 2 6 6
2 2 6 8
2 2 6 9
2 5 6 8
2 5 6 9
2 6 6 8
2 6 6 9
