8 9
111111111
111111111
111010111
111111111
111111111
111000111
101000111
111111111
90
1 1 4 5
1 1 4 7
1 1 4 8
1 1 4 9
1 2 4 5
1 2 4 7
1 2 4 8
1 2 4 9
1 3 4 5
1 3 4 7
1 3 4 8
1 3 4 9
1 5 4 7
1 5 4 8
1 5 4 9
1 1 5 5
1 1 5 7
1 1 5 8
1 1 5 9
1 2 5 5
1 2 5 7
1 2 5 8
1 2 5 9
1 3 5 5
1 3 5 7
1 3 5 8
1 3 5 9
1 5 5 7
1 5 5 8
1 5 5 9
1 1 8 3
1 1 8 7
1 1 8 8
1 1 8 9
1 3 8 7
1 3 8 8
1 3 8 9
2 1 4 5
2 1 4 7
2 1 4 8
2 1 4 9
2 2 4 5
2 2 4 7
2 2 4 8
2 2 4 9
2 3 4 5
2 3 4 7
2 3 4 8
2 3 4 9
2 5 4 7
2 5 4 8
2 5 4 9
2 1 5 5
2 1 5 7
2 1 5 8
2 1 5 9
2 2 5 5
2 2 5 7
2 2 5 8
2 2 5 9
2 3 5 5
2 3 5 7
2 3 5 8
2 3 5 9
2 5 5 7
2 5 5 8
2 5 5 9
2 1 8 3
2 1 8 7
2 1 8 8
2 1 8 9
2 3 8 7
2 3 8 8
2 3 8 9
3 1 8 3
4 1 8 3
4 1 8 7
4 1 8 8
4 1 8 9
4 3 8 7
4 3 8 8
4 3 8 9
5 1 8 3
5 1 8 7
5 1 8 8
5 1 8 9
5 3 8 7
5 3 8 8
5 3 8 9
6 1 8 3
