10 9
001111110
001111111
111111111
111011011
111111111
111111111
111111111
110011111
111111011
111111111
171
1 3 5 5
1 3 5 6
1 3 5 8
1 5 5 8
1 6 5 8
1 3 6 5
1 3 6 6
1 3 6 8
1 5 6 8
1 6 6 8
1 3 7 5
1 3 7 6
1 3 7 8
1 5 7 8
1 6 7 8
1 5 8 8
1 6 8 8
1 5 10 8
1 6 10 8
2 3 5 5
2 3 5 6
2 3 5 8
2 3 5 9
2 5 5 8
2 5 5 9
2 6 5 8
2 6 5 9
2 3 6 5
2 3 6 6
2 3 6 8
2 3 6 9
2 5 6 8
2 5 6 9
2 6 6 8
2 6 6 9
2 3 7 5
2 3 7 6
2 3 7 8
2 3 7 9
2 5 7 8
2 5 7 9
2 6 7 8
2 6 7 9
2 5 8 8
2 5 8 9
2 6 8 8
2 6 8 9
2 5 10 8
2 5 10 9
2 6 10 8
2 6 10 9
3 1 5 5
3 1 5 6
3 1 5 8
3 1 5 9
3 2 5 5
3 2 5 6
3 2 5 8
3 2 5 9
3 3 5 5
3 3 5 6
3 3 5 8
3 3 5 9
3 5 5 8
3 5 5 9
3 6 5 8
3 6 5 9
3 1 6 5
3 1 6 6
3 1 6 8
3 1 6 9
3 2 6 5
3 2 6 6
3 2 6 8
3 2 6 9
3 3 6 5
3 3 6 6
3 3 6 8
3 3 6 9
3 5 6 8
3 5 6 9
3 6 6 8
3 6 6 9
3 1 7 5
3 1 7 6
3 1 7 8
3 1 7 9
3 2 7 5
3 2 7 6
3 2 7 8
3 2 7 9
3 3 7 5
3 3 7 6
3 3 7 8
3 3 7 9
3 5 7 8
3 5 7 9
3 6 7 8
3 6 7 9
3 5 8 8
3 5 8 9
3 6 8 8
3 6 8 9
3 1 9 5
3 1 9 6
3 2 9 5
3 2 9 6
3 1 10 5
3 1 10 6
3 1 10 8
3 1 10 9
3 2 10 5
3 2 10 6
3 2 10 8
3 2 10 9
3 5 10 8
3 5 10 9
3 6 10 8
3 6 10 9
5 1 9 5
5 1 9 6
5 2 9 5
5 2 9 6
5 1 10 5
5 1 10 6
5 1 10 8
5 1 10 9
5 2 10 5
5 2 10 6
5 2 10 8
5 2 10 9
5 5 10 8
5 5 10 9
5 6 10 8
5 6 10 9
6 1 9 5
6 1 9 6
6 2 9 5
6 2 9 6
6 1 10 5
6 1 10 6
6 1 10 8
6 1 10 9
6 2 10 5
6 2 10 6
6 2 10 8
6 2 10 9
6 5 10 8
6 5 10 9
6 6 10 8
6 6 10 9
7 1 9 5
7 1 9 6
7 2 9 5
7 2 9 6
7 1 10 5
7 1 10 6
7 1 10 8
7 1 10 9
7 2 10 5
7 2 10 6
7 2 10 8
7 2 10 9
7 5 10 8
7 5 10 9
7 6 10 8
7 6 10 9
8 5 10 8
8 5 10 9
8 6 10 8
8 6 10 9
