10 10
0001111100
0001011111
0001111101
0011111111
1111111111
1111011101
1111111111
0111111111
0111111111
0011111111
155
1 4 3 6
1 4 3 7
1 4 3 8
1 4 4 6
1 4 4 7
1 4 4 8
1 4 5 6
1 4 5 7
1 4 5 8
1 4 7 6
1 4 7 7
1 4 7 8
1 4 8 6
1 4 8 7
1 4 8 8
1 4 9 6
1 4 9 7
1 4 9 8
1 4 10 6
1 4 10 7
1 4 10 8
2 6 4 10
2 7 4 10
2 8 4 10
2 6 5 10
2 7 5 10
2 8 5 10
2 6 7 10
2 7 7 10
2 8 7 10
2 6 8 10
2 7 8 10
2 8 8 10
2 6 9 10
2 7 9 10
2 8 9 10
2 6 10 10
2 7 10 10
2 8 10 10
3 4 7 6
3 4 7 7
3 4 7 8
3 4 8 6
3 4 8 7
3 4 8 8
3 4 9 6
3 4 9 7
3 4 9 8
3 4 10 6
3 4 10 7
3 4 10 8
4 3 7 6
4 3 7 7
4 3 7 8
4 3 7 10
4 4 7 6
4 4 7 7
4 4 7 8
4 4 7 10
4 6 7 10
4 7 7 10
4 8 7 10
4 3 8 6
4 3 8 7
4 3 8 8
4 3 8 10
4 4 8 6
4 4 8 7
4 4 8 8
4 4 8 10
4 6 8 10
4 7 8 10
4 8 8 10
4 3 9 6
4 3 9 7
4 3 9 8
4 3 9 10
4 4 9 6
4 4 9 7
4 4 9 8
4 4 9 10
4 6 9 10
4 7 9 10
4 8 9 10
4 3 10 6
4 3 10 7
4 3 10 8
4 3 10 10
4 4 10 6
4 4 10 7
4 4 10 8
4 4 10 10
4 6 10 10
4 7 10 10
4 8 10 10
5 1 7 6
5 1 7 7
5 1 7 8
5 1 7 10
5 2 7 6
5 2 7 7
5 2 7 8
5 2 7 10
5 3 7 6
5 3 7 7
5 3 7 8
5 3 7 10
5 4 7 6
5 4 7 7
5 4 7 8
5 4 7 10
5 6 7 10
5 7 7 10
5 8 7 10
5 2 8 6
5 2 8 7
5 2 8 8
5 2 8 10
5 3 8 6
5 3 8 7
5 3 8 8
5 3 8 10
5 4 8 6
5 4 8 7
5 4 8 8
5 4 8 10
5 6 8 10
5 7 8 10
5 8 8 10
5 2 9 6
5 2 9 7
5 2 9 8
5 2 9 10
5 3 9 6
5 3 9 7
5 3 9 8
5 3 9 10
5 4 9 6
5 4 9 7
5 4 9 8
5 4 9 10
5 6 9 10
5 7 9 10
5 8 9 10
5 3 10 6
5 3 10 7
5 3 10 8
5 3 10 10
5 4 10 6
5 4 10 7
5 4 10 8
5 4 10 10
5 6 10 10
5 7 10 10
5 8 10 10
