9 9
111111111
111111111
111110101
111110101
111111111
111111111
111111111
111111111
000000000
88
1 1 5 7
1 1 5 9
1 2 5 7
1 2 5 9
1 3 5 7
1 3 5 9
1 4 5 7
1 4 5 9
1 5 5 7
1 5 5 9
1 7 5 9
1 1 6 7
1 1 6 9
1 2 6 7
1 2 6 9
1 3 6 7
1 3 6 9
1 4 6 7
1 4 6 9
1 5 6 7
1 5 6 9
1 7 6 9
1 1 7 7
1 1 7 9
1 2 7 7
1 2 7 9
1 3 7 7
1 3 7 9
1 4 7 7
1 4 7 9
1 5 7 7
1 5 7 9
1 7 7 9
1 1 8 7
1 1 8 9
1 2 8 7
1 2 8 9
1 3 8 7
1 3 8 9
1 4 8 7
1 4 8 9
1 5 8 7
1 5 8 9
1 7 8 9
2 1 5 7
2 1 5 9
2 2 5 7
2 2 5 9
2 3 5 7
2 3 5 9
2 4 5 7
2 4 5 9
2 5 5 7
2 5 5 9
2 7 5 9
2 1 6 7
2 1 6 9
2 2 6 7
2 2 6 9
2 3 6 7
2 3 6 9
2 4 6 7
2 4 6 9
2 5 6 7
2 5 6 9
2 7 6 9
2 1 7 7
2 1 7 9
2 2 7 7
2 2 7 9
2 3 7 7
2 3 7 9
2 4 7 7
2 4 7 9
2 5 7 7
2 5 7 9
2 7 7 9
2 1 8 7
2 1 8 9
2 2 8 7
2 2 8 9
2 3 8 7
2 3 8 9
2 4 8 7
2 4 8 9
2 5 8 7
2 5 8 9
2 7 8 9
