10 7
0000000
0011111
0010111
1111111
1111111
1010111
1111111
1111111
0010111
0011111
55
2 3 4 5
2 3 4 6
2 3 4 7
2 3 5 5
2 3 5 6
2 3 5 7
2 3 7 5
2 3 7 6
2 3 7 7
2 3 8 5
2 3 8 6
2 3 8 7
2 3 10 5
2 3 10 6
2 3 10 7
4 1 7 3
4 1 7 5
4 1 7 6
4 1 7 7
4 3 7 5
4 3 7 6
4 3 7 7
4 1 8 3
4 1 8 5
4 1 8 6
4 1 8 7
4 3 8 5
4 3 8 6
4 3 8 7
4 3 10 5
4 3 10 6
4 3 10 7
5 1 7 3
5 1 7 5
5 1 7 6
5 1 7 7
5 3 7 5
5 3 7 6
5 3 7 7
5 1 8 3
5 1 8 5
5 1 8 6
5 1 8 7
5 3 8 5
5 3 8 6
5 3 8 7
5 3 10 5
5 3 10 6
5 3 10 7
7 3 10 5
7 3 10 6
7 3 10 7
8 3 10 5
8 3 10 6
8 3 10 7
