10 10
0001110000
0001010000
1111111000
1111111000
1101111000
1111111100
1111101100
1111111111
1001111001
1111111111
92
1 4 3 6
1 4 4 6
1 4 5 6
1 4 6 6
3 1 6 4
3 1 6 5
3 1 6 6
3 1 6 7
3 2 6 4
3 2 6 5
3 2 6 6
3 2 6 7
3 1 7 4
3 1 7 5
3 2 7 4
3 2 7 5
3 1 8 4
3 1 8 5
3 1 8 7
3 2 8 4
3 2 8 5
3 2 8 7
3 4 8 7
3 5 8 7
3 4 9 7
3 5 9 7
3 1 10 4
3 1 10 5
3 1 10 7
3 4 10 7
3 5 10 7
4 1 6 4
4 1 6 5
4 1 6 6
4 1 6 7
4 2 6 4
4 2 6 5
4 2 6 6
4 2 6 7
4 1 7 4
4 1 7 5
4 2 7 4
4 2 7 5
4 1 8 4
4 1 8 5
4 1 8 7
4 2 8 4
4 2 8 5
4 2 8 7
4 4 8 7
4 5 8 7
4 4 9 7
4 5 9 7
4 1 10 4
4 1 10 5
4 1 10 7
4 4 10 7
4 5 10 7
5 4 8 7
5 5 8 7
5 4 9 7
5 5 9 7
5 4 10 7
5 5 10 7
6 1 8 7
6 1 8 8
6 2 8 7
6 2 8 8
6 3 8 7
6 3 8 8
6 4 8 7
6 4 8 8
6 5 8 7
6 5 8 8
6 4 9 7
6 5 9 7
6 1 10 4
6 1 10 5
6 1 10 7
6 4 10 7
6 5 10 7
7 1 10 4
7 1 10 5
8 1 10 4
8 1 10 5
8 1 10 6
8 1 10 7
8 1 10 10
8 4 10 10
8 5 10 10
8 6 10 10
8 7 10 10
