9 8
01111111
01111011
01101011
11111111
11101111
11111110
01111010
01111110
01111110
68
1 2 4 5
1 2 4 7
1 2 4 8
1 3 4 5
1 3 4 7
1 3 4 8
1 5 4 7
1 5 4 8
1 5 5 7
1 5 5 8
1 2 6 5
1 2 6 7
1 3 6 5
1 3 6 7
1 5 6 7
1 2 7 5
1 3 7 5
1 2 8 5
1 2 8 7
1 3 8 5
1 3 8 7
1 5 8 7
1 2 9 5
1 2 9 7
1 3 9 5
1 3 9 7
1 5 9 7
2 2 4 5
2 3 4 5
2 2 6 5
2 3 6 5
2 2 7 5
2 3 7 5
2 2 8 5
2 3 8 5
2 2 9 5
2 3 9 5
4 1 6 5
4 1 6 6
4 1 6 7
4 2 6 5
4 2 6 6
4 2 6 7
4 3 6 5
4 3 6 6
4 3 6 7
4 2 7 5
4 3 7 5
4 2 8 5
4 2 8 7
4 3 8 5
4 3 8 7
4 5 8 7
4 2 9 5
4 2 9 7
4 3 9 5
4 3 9 7
4 5 9 7
5 5 8 7
5 5 9 7
6 2 8 7
6 3 8 7
6 4 8 7
6 5 8 7
6 2 9 7
6 3 9 7
6 4 9 7
6 5 9 7
