9 9
000000000
000000000
111111111
111111111
111101111
111101111
111111111
111111111
011111000
70
3 1 7 6
3 1 7 7
3 1 7 8
3 1 7 9
3 2 7 6
3 2 7 7
3 2 7 8
3 2 7 9
3 3 7 6
3 3 7 7
3 3 7 8
3 3 7 9
3 4 7 6
3 4 7 7
3 4 7 8
3 4 7 9
3 1 8 6
3 1 8 7
3 1 8 8
3 1 8 9
3 2 8 6
3 2 8 7
3 2 8 8
3 2 8 9
3 3 8 6
3 3 8 7
3 3 8 8
3 3 8 9
3 4 8 6
3 4 8 7
3 4 8 8
3 4 8 9
3 2 9 6
3 3 9 6
3 4 9 6
4 1 7 6
4 1 7 7
4 1 7 8
4 1 7 9
4 2 7 6
4 2 7 7
4 2 7 8
4 2 7 9
4 3 7 6
4 3 7 7
4 3 7 8
4 3 7 9
4 4 7 6
4 4 7 7
4 4 7 8
4 4 7 9
4 1 8 6
4 1 8 7
4 1 8 8
4 1 8 9
4 2 8 6
4 2 8 7
4 2 8 8
4 2 8 9
4 3 8 6
4 3 8 7
4 3 8 8
4 3 8 9
4 4 8 6
4 4 8 7
4 4 8 8
4 4 8 9
4 2 9 6
4 3 9 6
4 4 9 6
