10 9
001111000
111111000
111111100
111111100
111111110
111111110
101101110
101101110
111111110
001111000
57
1 3 9 6
1 4 9 6
1 3 10 6
1 4 10 6
2 1 9 3
2 1 9 4
2 1 9 6
2 3 9 6
2 4 9 6
2 3 10 6
2 4 10 6
3 1 9 3
3 1 9 4
3 1 9 6
3 1 9 7
3 3 9 6
3 3 9 7
3 4 9 6
3 4 9 7
3 3 10 6
3 4 10 6
4 1 9 3
4 1 9 4
4 1 9 6
4 1 9 7
4 3 9 6
4 3 9 7
4 4 9 6
4 4 9 7
4 3 10 6
4 4 10 6
5 1 9 3
5 1 9 4
5 1 9 6
5 1 9 7
5 1 9 8
5 3 9 6
5 3 9 7
5 3 9 8
5 4 9 6
5 4 9 7
5 4 9 8
5 3 10 6
5 4 10 6
6 1 9 3
6 1 9 4
6 1 9 6
6 1 9 7
6 1 9 8
6 3 9 6
6 3 9 7
6 3 9 8
6 4 9 6
6 4 9 7
6 4 9 8
6 3 10 6
6 4 10 6
