10 7
1111111
1111111
1111111
1101011
1101111
1101011
1111111
1111110
0111110
0111110
68
1 4 5 6
1 4 5 7
1 1 7 4
1 1 7 6
1 1 7 7
1 2 7 4
1 2 7 6
1 2 7 7
1 4 7 6
1 4 7 7
1 1 8 4
1 1 8 6
1 2 8 4
1 2 8 6
1 4 8 6
1 2 9 4
1 2 9 6
1 4 9 6
1 2 10 4
1 2 10 6
1 4 10 6
2 4 5 6
2 4 5 7
2 1 7 4
2 1 7 6
2 1 7 7
2 2 7 4
2 2 7 6
2 2 7 7
2 4 7 6
2 4 7 7
2 1 8 4
2 1 8 6
2 2 8 4
2 2 8 6
2 4 8 6
2 2 9 4
2 2 9 6
2 4 9 6
2 2 10 4
2 2 10 6
2 4 10 6
3 4 5 6
3 4 5 7
3 1 7 4
3 1 7 6
3 1 7 7
3 2 7 4
3 2 7 6
3 2 7 7
3 4 7 6
3 4 7 7
3 1 8 4
3 1 8 6
3 2 8 4
3 2 8 6
3 4 8 6
3 2 9 4
3 2 9 6
3 4 9 6
3 2 10 4
3 2 10 6
3 4 10 6
5 4 7 6
5 4 7 7
5 4 8 6
5 4 9 6
5 4 10 6
