6 8
11111111
11111111
11110111
11111111
11111111
11111100
56
1 1 4 6
1 1 4 7
1 1 4 8
1 2 4 6
1 2 4 7
1 2 4 8
1 3 4 6
1 3 4 7
1 3 4 8
1 4 4 6
1 4 4 7
1 4 4 8
1 1 5 6
1 1 5 7
1 1 5 8
1 2 5 6
1 2 5 7
1 2 5 8
1 3 5 6
1 3 5 7
1 3 5 8
1 4 5 6
1 4 5 7
1 4 5 8
1 1 6 6
1 2 6 6
1 3 6 6
1 4 6 6
2 1 4 6
2 1 4 7
2 1 4 8
2 2 4 6
2 2 4 7
2 2 4 8
2 3 4 6
2 3 4 7
2 3 4 8
2 4 4 6
2 4 4 7
2 4 4 8
2 1 5 6
2 1 5 7
2 1 5 8
2 2 5 6
2 2 5 7
2 2 5 8
2 3 5 6
2 3 5 7
2 3 5 8
2 4 5 6
2 4 5 7
2 4 5 8
2 1 6 6
2 2 6 6
2 3 6 6
2 4 6 6
