10 9
001111111
011111101
011111111
010010101
011111111
011011111
011111111
011111111
011111111
000000000
90
1 3 3 9
1 4 3 9
1 5 3 9
1 6 3 9
1 7 3 9
1 5 5 7
1 5 5 9
1 7 5 9
1 5 6 7
1 5 6 9
1 7 6 9
1 5 7 7
1 5 7 9
1 7 7 9
1 5 8 7
1 5 8 9
1 7 8 9
1 5 9 7
1 5 9 9
1 7 9 9
2 2 5 5
2 2 5 7
2 5 5 7
2 5 6 7
2 2 7 5
2 2 7 7
2 5 7 7
2 2 8 5
2 2 8 7
2 5 8 7
2 2 9 5
2 2 9 7
2 5 9 7
3 2 5 5
3 2 5 7
3 2 5 9
3 5 5 7
3 5 5 9
3 7 5 9
3 5 6 7
3 5 6 9
3 7 6 9
3 2 7 5
3 2 7 7
3 2 7 9
3 5 7 7
3 5 7 9
3 7 7 9
3 2 8 5
3 2 8 7
3 2 8 9
3 5 8 7
3 5 8 9
3 7 8 9
3 2 9 5
3 2 9 7
3 2 9 9
3 5 9 7
3 5 9 9
3 7 9 9
5 2 7 5
5 2 7 6
5 2 7 7
5 2 7 8
5 2 7 9
5 3 7 5
5 3 7 6
5 3 7 7
5 3 7 8
5 3 7 9
5 2 8 5
5 2 8 6
5 2 8 7
5 2 8 8
5 2 8 9
5 3 8 5
5 3 8 6
5 3 8 7
5 3 8 8
5 3 8 9
5 2 9 5
5 2 9 6
5 2 9 7
5 2 9 8
5 2 9 9
5 3 9 5
5 3 9 6
5 3 9 7
5 3 9 8
5 3 9 9
