7 9
111111100
111111100
111111111
110111101
111111101
111111101
111111111
78
1 1 5 4
1 1 5 5
1 1 5 6
1 1 5 7
1 2 5 4
1 2 5 5
1 2 5 6
1 2 5 7
1 1 6 4
1 1 6 5
1 1 6 6
1 1 6 7
1 2 6 4
1 2 6 5
1 2 6 6
1 2 6 7
1 1 7 4
1 1 7 5
1 1 7 6
1 1 7 7
1 2 7 4
1 2 7 5
1 2 7 6
1 2 7 7
2 1 5 4
2 1 5 5
2 1 5 6
2 1 5 7
2 2 5 4
2 2 5 5
2 2 5 6
2 2 5 7
2 1 6 4
2 1 6 5
2 1 6 6
2 1 6 7
2 2 6 4
2 2 6 5
2 2 6 6
2 2 6 7
2 1 7 4
2 1 7 5
2 1 7 6
2 1 7 7
2 2 7 4
2 2 7 5
2 2 7 6
2 2 7 7
3 1 5 4
3 1 5 5
3 1 5 6
3 1 5 7
3 2 5 4
3 2 5 5
3 2 5 6
3 2 5 7
3 1 6 4
3 1 6 5
3 1 6 6
3 1 6 7
3 2 6 4
3 2 6 5
3 2 6 6
3 2 6 7
3 1 7 4
3 1 7 5
3 1 7 6
3 1 7 7
3 1 7 9
3 2 7 4
3 2 7 5
3 2 7 6
3 2 7 7
3 2 7 9
3 4 7 9
3 5 7 9
3 6 7 9
3 7 7 9
