9 8
00111111
00100101
00111111
01111110
01111110
11111111
11011011
11111111
11111111
54
1 3 3 6
1 3 3 8
1 6 3 8
1 3 4 6
1 3 5 6
1 3 6 6
3 4 8 7
3 5 8 7
3 4 9 7
3 5 9 7
4 2 8 4
4 2 8 5
4 2 8 7
4 4 8 7
4 5 8 7
4 2 9 4
4 2 9 5
4 2 9 7
4 4 9 7
4 5 9 7
5 2 8 4
5 2 8 5
5 2 8 7
5 4 8 7
5 5 8 7
5 2 9 4
5 2 9 5
5 2 9 7
5 4 9 7
5 5 9 7
6 1 8 4
6 1 8 5
6 1 8 7
6 1 8 8
6 2 8 4
6 2 8 5
6 2 8 7
6 2 8 8
6 4 8 7
6 4 8 8
6 5 8 7
6 5 8 8
6 1 9 4
6 1 9 5
6 1 9 7
6 1 9 8
6 2 9 4
6 2 9 5
6 2 9 7
6 2 9 8
6 4 9 7
6 4 9 8
6 5 9 7
6 5 9 8
