8 8
11111000
11101000
11111111
11111111
11111011
11111011
11111111
11111111
58
1 1 3 5
1 2 3 5
1 3 3 5
1 1 4 5
1 2 4 5
1 3 4 5
1 1 5 5
1 2 5 5
1 3 5 5
1 1 6 5
1 2 6 5
1 3 6 5
1 1 7 5
1 2 7 5
1 3 7 5
1 1 8 5
1 2 8 5
1 3 8 5
3 1 7 7
3 1 7 8
3 2 7 7
3 2 7 8
3 3 7 7
3 3 7 8
3 4 7 7
3 4 7 8
3 5 7 7
3 5 7 8
3 1 8 7
3 1 8 8
3 2 8 7
3 2 8 8
3 3 8 7
3 3 8 8
3 4 8 7
3 4 8 8
3 5 8 7
3 5 8 8
4 1 7 7
4 1 7 8
4 2 7 7
4 2 7 8
4 3 7 7
4 3 7 8
4 4 7 7
4 4 7 8
4 5 7 7
4 5 7 8
4 1 8 7
4 1 8 8
4 2 8 7
4 2 8 8
4 3 8 7
4 3 8 8
4 4 8 7
4 4 8 8
4 5 8 7
4 5 8 8
