7 8
11111111
10111011
11111111
11111111
01111011
01111111
01111111
66
1 1 3 3
1 1 3 4
1 1 3 5
1 1 3 7
1 1 3 8
1 3 3 7
1 3 3 8
1 4 3 7
1 4 3 8
1 5 3 7
1 5 3 8
1 1 4 3
1 1 4 4
1 1 4 5
1 1 4 7
1 1 4 8
1 3 4 7
1 3 4 8
1 4 4 7
1 4 4 8
1 5 4 7
1 5 4 8
1 3 6 7
1 3 6 8
1 4 6 7
1 4 6 8
1 5 6 7
1 5 6 8
1 3 7 7
1 3 7 8
1 4 7 7
1 4 7 8
1 5 7 7
1 5 7 8
3 2 6 7
3 2 6 8
3 3 6 7
3 3 6 8
3 4 6 7
3 4 6 8
3 5 6 7
3 5 6 8
3 2 7 7
3 2 7 8
3 3 7 7
3 3 7 8
3 4 7 7
3 4 7 8
3 5 7 7
3 5 7 8
4 2 6 7
4 2 6 8
4 3 6 7
4 3 6 8
4 4 6 7
4 4 6 8
4 5 6 7
4 5 6 8
4 2 7 7
4 2 7 8
4 3 7 7
4 3 7 8
4 4 7 7
4 4 7 8
4 5 7 7
4 5 7 8
