9 8
01111110
01101110
11111111
11111111
11100111
11111111
11111111
10000001
11111111
60
1 2 3 5
1 2 3 6
1 2 3 7
1 3 3 5
1 3 3 6
1 3 3 7
1 2 4 5
1 2 4 6
1 2 4 7
1 3 4 5
1 3 4 6
1 3 4 7
1 2 6 6
1 2 6 7
1 3 6 6
1 3 6 7
1 2 7 6
1 2 7 7
1 3 7 6
1 3 7 7
3 1 6 6
3 1 6 7
3 1 6 8
3 2 6 6
3 2 6 7
3 2 6 8
3 3 6 6
3 3 6 7
3 3 6 8
3 1 7 6
3 1 7 7
3 1 7 8
3 2 7 6
3 2 7 7
3 2 7 8
3 3 7 6
3 3 7 7
3 3 7 8
3 1 9 8
4 1 6 6
4 1 6 7
4 1 6 8
4 2 6 6
4 2 6 7
4 2 6 8
4 3 6 6
4 3 6 7
4 3 6 8
4 1 7 6
4 1 7 7
4 1 7 8
4 2 7 6
4 2 7 7
4 2 7 8
4 3 7 6
4 3 7 7
4 3 7 8
4 1 9 8
6 1 9 8
7 1 9 8
