8 9
000111111
011111111
010101011
011111111
011111111
011111111
011111011
011111111
90
1 4 4 6
1 4 4 8
1 4 4 9
1 6 4 8
1 6 4 9
1 4 5 6
1 4 5 8
1 4 5 9
1 6 5 8
1 6 5 9
1 4 6 6
1 4 6 8
1 4 6 9
1 6 6 8
1 6 6 9
1 4 7 6
1 4 8 6
1 4 8 8
1 4 8 9
1 6 8 8
1 6 8 9
2 2 4 4
2 2 4 6
2 2 4 8
2 2 4 9
2 4 4 6
2 4 4 8
2 4 4 9
2 6 4 8
2 6 4 9
2 2 5 4
2 2 5 6
2 2 5 8
2 2 5 9
2 4 5 6
2 4 5 8
2 4 5 9
2 6 5 8
2 6 5 9
2 2 6 4
2 2 6 6
2 2 6 8
2 2 6 9
2 4 6 6
2 4 6 8
2 4 6 9
2 6 6 8
2 6 6 9
2 2 7 4
2 2 7 6
2 4 7 6
2 2 8 4
2 2 8 6
2 2 8 8
2 2 8 9
2 4 8 6
2 4 8 8
2 4 8 9
2 6 8 8
2 6 8 9
4 2 8 8
4 2 8 9
4 3 8 8
4 3 8 9
4 4 8 8
4 4 8 9
4 5 8 8
4 5 8 9
4 6 8 8
4 6 8 9
5 2 8 8
5 2 8 9
5 3 8 8
5 3 8 9
5 4 8 8
5 4 8 9
5 5 8 8
5 5 8 9
5 6 8 8
5 6 8 9
6 2 8 8
6 2 8 9
6 3 8 8
6 3 8 9
6 4 8 8
6 4 8 9
6 5 8 8
6 5 8 9
6 6 8 8
6 6 8 9
