10 10
0011111110
0010000010
0111110010
0110110010
0111111110
0110111110
0111111110
0110110010
0111110010
0011111110
47
1 3 5 9
1 3 7 9
1 3 10 9
3 2 5 5
3 2 5 6
3 3 5 5
3 3 5 6
3 2 7 5
3 2 7 6
3 3 7 5
3 3 7 6
3 2 9 5
3 2 9 6
3 3 9 5
3 3 9 6
3 3 10 5
3 3 10 6
5 2 7 5
5 2 7 6
5 2 7 7
5 2 7 8
5 2 7 9
5 3 7 5
5 3 7 6
5 3 7 7
5 3 7 8
5 3 7 9
5 2 9 5
5 2 9 6
5 3 9 5
5 3 9 6
5 3 10 5
5 3 10 6
5 3 10 9
5 5 10 9
5 6 10 9
6 5 10 9
6 6 10 9
7 2 9 5
7 2 9 6
7 3 9 5
7 3 9 6
7 3 10 5
7 3 10 6
7 3 10 9
7 5 10 9
7 6 10 9
