10 8
00111111
00111111
00110111
01111111
01110111
11111111
11111111
10010111
11111111
00000000
77
1 3 4 6
1 3 4 7
1 3 4 8
1 4 4 6
1 4 4 7
1 4 4 8
1 3 6 6
1 3 6 7
1 3 6 8
1 4 6 6
1 4 6 7
1 4 6 8
1 3 7 6
1 3 7 7
1 3 7 8
1 4 7 6
1 4 7 7
1 4 7 8
1 4 9 6
1 4 9 7
1 4 9 8
2 3 4 6
2 3 4 7
2 3 4 8
2 4 4 6
2 4 4 7
2 4 4 8
2 3 6 6
2 3 6 7
2 3 6 8
2 4 6 6
2 4 6 7
2 4 6 8
2 3 7 6
2 3 7 7
2 3 7 8
2 4 7 6
2 4 7 7
2 4 7 8
2 4 9 6
2 4 9 7
2 4 9 8
4 2 6 6
4 2 6 7
4 2 6 8
4 3 6 6
4 3 6 7
4 3 6 8
4 4 6 6
4 4 6 7
4 4 6 8
4 2 7 6
4 2 7 7
4 2 7 8
4 3 7 6
4 3 7 7
4 3 7 8
4 4 7 6
4 4 7 7
4 4 7 8
4 4 9 6
4 4 9 7
4 4 9 8
6 1 9 4
6 1 9 6
6 1 9 7
6 1 9 8
6 4 9 6
6 4 9 7
6 4 9 8
7 1 9 4
7 1 9 6
7 1 9 7
7 1 9 8
7 4 9 6
7 4 9 7
7 4 9 8
