10 10
0000000000
0000000000
1111111100
1011111100
1011101100
1111111110
1011111110
1111111110
1111111100
0011111000
82
3 1 6 3
3 1 6 4
3 1 6 5
3 1 6 7
3 1 6 8
3 3 6 7
3 3 6 8
3 4 6 7
3 4 6 8
3 5 6 7
3 5 6 8
3 3 7 7
3 3 7 8
3 4 7 7
3 4 7 8
3 5 7 7
3 5 7 8
3 1 8 3
3 1 8 4
3 1 8 5
3 1 8 7
3 1 8 8
3 3 8 7
3 3 8 8
3 4 8 7
3 4 8 8
3 5 8 7
3 5 8 8
3 1 9 3
3 1 9 4
3 1 9 5
3 1 9 7
3 1 9 8
3 3 9 7
3 3 9 8
3 4 9 7
3 4 9 8
3 5 9 7
3 5 9 8
3 3 10 7
3 4 10 7
3 5 10 7
4 3 6 7
4 3 6 8
4 4 6 7
4 4 6 8
4 5 6 7
4 5 6 8
4 3 7 7
4 3 7 8
4 4 7 7
4 4 7 8
4 5 7 7
4 5 7 8
4 3 8 7
4 3 8 8
4 4 8 7
4 4 8 8
4 5 8 7
4 5 8 8
4 3 9 7
4 3 9 8
4 4 9 7
4 4 9 8
4 5 9 7
4 5 9 8
4 3 10 7
4 4 10 7
4 5 10 7
6 1 8 3
6 1 8 4
6 1 8 5
6 1 8 6
6 1 8 7
6 1 8 8
6 1 8 9
6 1 9 3
6 1 9 4
6 1 9 5
6 1 9 6
6 1 9 7
6 1 9 8
