10 9
111111100
111111111
110100101
111111101
111110101
111111101
110011101
110010101
110010101
111111111
50
1 1 4 4
1 1 4 7
1 2 4 4
1 2 4 7
1 4 4 7
1 1 5 4
1 2 5 4
1 1 6 4
1 1 6 7
1 2 6 4
1 2 6 7
1 4 6 7
1 1 10 7
1 2 10 7
2 1 4 4
2 1 4 7
2 2 4 4
2 2 4 7
2 4 4 7
2 1 5 4
2 2 5 4
2 1 6 4
2 1 6 7
2 2 6 4
2 2 6 7
2 4 6 7
2 1 10 7
2 1 10 9
2 2 10 7
2 2 10 9
2 7 10 9
4 1 6 7
4 2 6 7
4 3 6 7
4 4 6 7
4 5 6 7
4 5 7 7
4 1 10 5
4 1 10 7
4 2 10 5
4 2 10 7
4 5 10 7
5 1 10 5
5 2 10 5
6 1 10 5
6 1 10 7
6 2 10 5
6 2 10 7
6 5 10 7
7 5 10 7
