9 9
001111111
011111111
011101111
011111111
011111111
011111111
000101001
000101111
000111111
82
1 3 4 6
1 3 4 7
1 3 4 8
1 3 4 9
1 4 4 6
1 4 4 7
1 4 4 8
1 4 4 9
1 3 5 6
1 3 5 7
1 3 5 8
1 3 5 9
1 4 5 6
1 4 5 7
1 4 5 8
1 4 5 9
1 3 6 6
1 3 6 7
1 3 6 8
1 3 6 9
1 4 6 6
1 4 6 7
1 4 6 8
1 4 6 9
1 6 8 9
1 4 9 6
1 4 9 9
1 6 9 9
2 2 4 6
2 2 4 7
2 2 4 8
2 2 4 9
2 3 4 6
2 3 4 7
2 3 4 8
2 3 4 9
2 4 4 6
2 4 4 7
2 4 4 8
2 4 4 9
2 2 5 6
2 2 5 7
2 2 5 8
2 2 5 9
2 3 5 6
2 3 5 7
2 3 5 8
2 3 5 9
2 4 5 6
2 4 5 7
2 4 5 8
2 4 5 9
2 2 6 6
2 2 6 7
2 2 6 8
2 2 6 9
2 3 6 6
2 3 6 7
2 3 6 8
2 3 6 9
2 4 6 6
2 4 6 7
2 4 6 8
2 4 6 9
2 6 8 9
2 4 9 6
2 4 9 9
2 6 9 9
3 6 8 9
3 6 9 9
4 6 8 9
4 4 9 6
4 4 9 9
4 6 9 9
5 6 8 9
5 4 9 6
5 4 9 9
5 6 9 9
6 6 8 9
6 4 9 6
6 4 9 9
6 6 9 9
