9 10
1111111111
1111111011
1111011011
1111111111
1111011011
1111011111
1111111111
1111111000
0000000000
108
1 1 4 6
1 1 4 7
1 1 4 9
1 1 4 10
1 2 4 6
1 2 4 7
1 2 4 9
1 2 4 10
1 3 4 6
1 3 4 7
1 3 4 9
1 3 4 10
1 4 4 6
1 4 4 7
1 4 4 9
1 4 4 10
1 6 4 9
1 6 4 10
1 7 4 9
1 7 4 10
1 6 6 9
1 6 6 10
1 7 6 9
1 7 6 10
1 1 7 6
1 1 7 7
1 1 7 9
1 1 7 10
1 2 7 6
1 2 7 7
1 2 7 9
1 2 7 10
1 3 7 6
1 3 7 7
1 3 7 9
1 3 7 10
1 4 7 6
1 4 7 7
1 4 7 9
1 4 7 10
1 6 7 9
1 6 7 10
1 7 7 9
1 7 7 10
1 1 8 6
1 1 8 7
1 2 8 6
1 2 8 7
1 3 8 6
1 3 8 7
1 4 8 6
1 4 8 7
2 1 4 6
2 1 4 7
2 2 4 6
2 2 4 7
2 3 4 6
2 3 4 7
2 4 4 6
2 4 4 7
2 1 7 6
2 1 7 7
2 2 7 6
2 2 7 7
2 3 7 6
2 3 7 7
2 4 7 6
2 4 7 7
2 1 8 6
2 1 8 7
2 2 8 6
2 2 8 7
2 3 8 6
2 3 8 7
2 4 8 6
2 4 8 7
4 6 6 9
4 6 6 10
4 7 6 9
4 7 6 10
4 1 7 6
4 1 7 7
4 1 7 9
4 1 7 10
4 2 7 6
4 2 7 7
4 2 7 9
4 2 7 10
4 3 7 6
4 3 7 7
4 3 7 9
4 3 7 10
4 4 7 6
4 4 7 7
4 4 7 9
4 4 7 10
4 6 7 9
4 6 7 10
4 7 7 9
4 7 7 10
4 1 8 6
4 1 8 7
4 2 8 6
4 2 8 7
4 3 8 6
4 3 8 7
4 4 8 6
4 4 8 7
