9 8
01111111
01000001
11111111
11111111
11011111
11010111
11111111
11111111
00011111
63
1 2 3 8
1 2 4 8
1 2 7 8
1 2 8 8
3 1 7 4
3 1 7 6
3 1 7 7
3 1 7 8
3 2 7 4
3 2 7 6
3 2 7 7
3 2 7 8
3 4 7 6
3 4 7 7
3 4 7 8
3 1 8 4
3 1 8 6
3 1 8 7
3 1 8 8
3 2 8 4
3 2 8 6
3 2 8 7
3 2 8 8
3 4 8 6
3 4 8 7
3 4 8 8
3 4 9 6
3 4 9 7
3 4 9 8
4 1 7 4
4 1 7 6
4 1 7 7
4 1 7 8
4 2 7 4
4 2 7 6
4 2 7 7
4 2 7 8
4 4 7 6
4 4 7 7
4 4 7 8
4 1 8 4
4 1 8 6
4 1 8 7
4 1 8 8
4 2 8 4
4 2 8 6
4 2 8 7
4 2 8 8
4 4 8 6
4 4 8 7
4 4 8 8
4 4 9 6
4 4 9 7
4 4 9 8
5 4 7 6
5 4 7 7
5 4 7 8
5 4 8 6
5 4 8 7
5 4 8 8
5 4 9 6
5 4 9 7
5 4 9 8
