10 10
0011111111
0011101111
0011111111
0011111101
0011101101
0011101101
0011101111
0011111111
0011111111
0011111000
93
1 3 3 7
1 3 3 8
1 3 3 9
1 3 3 10
1 4 3 7
1 4 3 8
1 4 3 9
1 4 3 10
1 5 3 7
1 5 3 8
1 5 3 9
1 5 3 10
1 3 4 7
1 3 4 8
1 4 4 7
1 4 4 8
1 5 4 7
1 5 4 8
1 7 7 10
1 8 7 10
1 3 8 7
1 3 8 8
1 3 8 10
1 4 8 7
1 4 8 8
1 4 8 10
1 5 8 7
1 5 8 8
1 5 8 10
1 7 8 10
1 8 8 10
1 3 9 7
1 3 9 8
1 3 9 10
1 4 9 7
1 4 9 8
1 4 9 10
1 5 9 7
1 5 9 8
1 5 9 10
1 7 9 10
1 8 9 10
1 3 10 7
1 4 10 7
1 5 10 7
2 7 7 10
2 8 7 10
2 7 8 10
2 8 8 10
2 7 9 10
2 8 9 10
3 7 7 10
3 8 7 10
3 3 8 7
3 3 8 8
3 3 8 10
3 4 8 7
3 4 8 8
3 4 8 10
3 5 8 7
3 5 8 8
3 5 8 10
3 7 8 10
3 8 8 10
3 3 9 7
3 3 9 8
3 3 9 10
3 4 9 7
3 4 9 8
3 4 9 10
3 5 9 7
3 5 9 8
3 5 9 10
3 7 9 10
3 8 9 10
3 3 10 7
3 4 10 7
3 5 10 7
4 3 8 7
4 3 8 8
4 4 8 7
4 4 8 8
4 5 8 7
4 5 8 8
4 3 9 7
4 3 9 8
4 4 9 7
4 4 9 8
4 5 9 7
4 5 9 8
4 3 10 7
4 4 10 7
4 5 10 7
